log_avg_ept_score,log_avg_succ_req,log_avg_blk_req,log_avg_BP_req,log_avg_entropy
42,521,479,0.479,2.3016676645278933
70,535,465,0.465,2.301655873298645
46,523,477,0.477,2.301655264854431
18,509,491,0.491,2.3016504330635073
48,524,476,0.476,2.3016098799705507
-6,497,503,0.503,2.3016001226902008
4,502,498,0.498,2.301601275444031
16,508,492,0.492,2.301590363740921
64,532,468,0.468,2.3015011303424835
32,516,484,0.484,2.3014755308628083
42,521,479,0.479,2.3014603683948516
56,528,472,0.472,2.3014604132175447
36,518,482,0.482,2.3013147387504578
64,532,468,0.468,2.3012955305576326
62,531,469,0.469,2.301301119565964
56,528,472,0.472,2.301267106771469
90,545,455,0.455,2.301122701406479
54,527,473,0.473,2.3010951051712034
34,517,483,0.483,2.301077712059021
-16,492,508,0.508,2.301074363231659
78,539,461,0.461,2.300871679067612
14,507,493,0.493,2.300843816280365
94,547,453,0.453,2.3007933375835417
74,537,463,0.463,2.300765354156494
32,516,484,0.484,2.300558110952377
74,537,463,0.463,2.300463346004486
58,529,471,0.471,2.3004413752555846
24,512,488,0.488,2.300442361116409
46,523,477,0.477,2.3000678369998933
32,516,484,0.484,2.3000044729709623
34,517,483,0.483,2.300001479625702
42,521,479,0.479,2.2999988834857943
40,520,480,0.48,2.2994986634254455
82,541,459,0.459,2.2993948214054107
22,511,489,0.489,2.299295231342316
90,545,455,0.455,2.2992945103645326
58,529,471,0.471,2.298466678142548
52,526,474,0.474,2.2985080542564393
68,534,466,0.466,2.2982765421867373
90,545,455,0.455,2.298089236497879
2,501,499,0.499,2.2969681622982026
84,542,458,0.458,2.2972905089855193
84,542,458,0.458,2.296798870563507
42,521,479,0.479,2.296710016965866
74,537,463,0.463,2.2955053882598877
40,520,480,0.48,2.295297998666763
106,553,447,0.447,2.2949997143745424
72,536,464,0.464,2.2944544236660005
80,540,460,0.46,2.2928738925457
110,555,445,0.445,2.2928231117725373
60,530,470,0.47,2.291751715898514
88,544,456,0.456,2.291545307159424
70,535,465,0.465,2.288198218345642
50,525,475,0.475,2.287939995765686
-2,499,501,0.501,2.28673840713501
80,540,460,0.46,2.285878855228424
138,569,431,0.431,2.2810558722019194
58,529,471,0.471,2.2811093039512635
84,542,458,0.458,2.278564743280411
158,579,421,0.421,2.275648713350296
152,576,424,0.424,2.2700876281261446
122,561,439,0.439,2.26841708612442
94,547,453,0.453,2.2664890515804292
84,542,458,0.458,2.2631245934963227
200,600,400,0.4,2.249856452345848
194,597,403,0.403,2.249507238864899
198,599,401,0.401,2.2433835837841034
204,602,398,0.398,2.235512479662895
144,572,428,0.428,2.213389855504036
196,598,402,0.402,2.210075221657753
116,558,442,0.442,2.199928138256073
216,608,392,0.392,2.187522557735443
270,635,365,0.365,2.1562507079839706
308,654,346,0.346,2.150750823497772
362,681,319,0.319,2.111007395744324
338,669,331,0.331,2.0977085287570953
342,671,329,0.329,2.023492920398712
364,682,318,0.318,2.015952933549881
354,677,323,0.323,1.9435563677549361
396,698,302,0.302,1.9342145717144013
504,752,248,0.248,1.8139625057578086
438,719,281,0.281,1.7953851766586304
520,760,240,0.24,1.7076525700688363
518,759,241,0.241,1.6879610671401024
586,793,207,0.207,1.556193301141262
560,780,220,0.22,1.5276771713495254
582,791,209,0.209,1.4347102575302124
566,783,217,0.217,1.4054847696423531
584,792,208,0.208,1.2807565062642097
618,809,191,0.191,1.2829012956619263
648,824,176,0.176,1.1516751191020012
724,862,138,0.138,1.1419810178875922
704,852,148,0.148,1.0815279482603073
650,825,175,0.175,1.0952976064682007
674,837,163,0.163,1.036097219288349
640,820,180,0.18,1.0235995677113534
718,859,141,0.141,0.9843048777580261
742,871,129,0.129,1.0056085041165352
684,842,158,0.158,0.9915297702550888
710,855,145,0.145,0.9771452283859253
686,843,157,0.157,0.9991529366374016
652,826,174,0.174,1.038047037243843
666,833,167,0.167,1.0202944847345352
644,822,178,0.178,1.021843969464302
594,797,203,0.203,1.0318142952919007
662,831,169,0.169,1.0230578181147576
666,833,167,0.167,1.0169541575312615
616,808,192,0.192,1.0323986864089967
710,855,145,0.145,0.9932911866903305
666,833,167,0.167,1.001608529150486
658,829,171,0.171,0.9624248451590538
670,835,165,0.165,0.9678254148364067
720,860,140,0.14,0.9569756647348404
722,861,139,0.139,0.925188514918089
650,825,175,0.175,0.8883767214119435
736,868,132,0.132,0.8733123896121979
632,816,184,0.184,0.8887231148183345
768,884,116,0.116,0.8502270660251379
748,874,126,0.126,0.811531363248825
662,831,169,0.169,0.8087630916237831
698,849,151,0.151,0.8458389490842819
750,875,125,0.125,0.7986516867130995
766,883,117,0.117,0.7595086146742106
706,853,147,0.147,0.7582380264252424
726,863,137,0.137,0.720338208347559
726,863,137,0.137,0.7058096886277199
718,859,141,0.141,0.7009808620326221
698,849,151,0.151,0.6773546383678913
682,841,159,0.159,0.6949861697405577
724,862,138,0.138,0.6756001013591886
736,868,132,0.132,0.6310733693167567
732,866,134,0.134,0.6327522172927856
728,864,136,0.136,0.6506886650547385
666,833,167,0.167,0.6555177434161306
734,867,133,0.133,0.6394805024862289
732,866,134,0.134,0.6251291881427169
744,872,128,0.128,0.6221500295624137
708,854,146,0.146,0.6104071262404323
716,858,142,0.142,0.6130113174542785
690,845,155,0.155,0.6422507892102003
694,847,153,0.153,0.6137226928472519
676,838,162,0.162,0.6286174968630075
716,858,142,0.142,0.6052395169734954
714,857,143,0.143,0.5914344100579619
674,837,163,0.163,0.6339646730870009
708,854,146,0.146,0.5846717013418674
768,884,116,0.116,0.5557376306504012
782,891,109,0.109,0.5405316811725497
702,851,149,0.149,0.5580262267813086
698,849,151,0.151,0.5724855356514454
786,893,107,0.107,0.5050426095575095
680,840,160,0.16,0.5777920306771993
738,869,131,0.131,0.4918121942281723
726,863,137,0.137,0.5838835051245987
714,857,143,0.143,0.5068986545205116
714,857,143,0.143,0.5042728018760682
786,893,107,0.107,0.4406463237963617
746,873,127,0.127,0.47268363448232414
778,889,111,0.111,0.40475136472657325
706,853,147,0.147,0.480037729844451
632,816,184,0.184,0.5031859168037772
728,864,136,0.136,0.4577670368477702
754,877,123,0.123,0.4302805711701512
768,884,116,0.116,0.47489392913877965
766,883,117,0.117,0.4269838696680963
766,883,117,0.117,0.46505154147557914
760,880,120,0.12,0.4807461635321379
706,853,147,0.147,0.4707632812038064
760,880,120,0.12,0.4392987258806825
796,898,102,0.102,0.40371604191884397
800,900,100,0.1,0.40771189353987575
728,864,136,0.136,0.4692308727130294
658,829,171,0.171,0.4728124746158719
676,838,162,0.162,0.49282884708046915
732,866,134,0.134,0.453115011818707
744,872,128,0.128,0.4391490681692958
732,866,134,0.134,0.40440520164370536
768,884,116,0.116,0.4042398866005242
704,852,148,0.148,0.4475424095578492
704,852,148,0.148,0.433971799839288
718,859,141,0.141,0.43149808387458327
806,903,97,0.097,0.4311261265613139
724,862,138,0.138,0.43923998015746474
708,854,146,0.146,0.4407542427778244
694,847,153,0.153,0.452874231595546
758,879,121,0.121,0.44213878088817
712,856,144,0.144,0.4850154701769352
692,846,154,0.154,0.5072587376087904
700,850,150,0.15,0.4706142257004976
758,879,121,0.121,0.4858269507139921
762,881,119,0.119,0.44378973814472555
700,850,150,0.15,0.4702136070728302
720,860,140,0.14,0.47101216780394317
790,895,105,0.105,0.4253664857074618
716,858,142,0.142,0.4128171388208866
700,850,150,0.15,0.4617025339156389
702,851,149,0.149,0.4583306930586696
752,876,124,0.124,0.46653344336897135
758,879,121,0.121,0.421369692157954
770,885,115,0.115,0.39519384763017296
716,858,142,0.142,0.43835153325647114
696,848,152,0.152,0.42110954991728067
708,854,146,0.146,0.4323046473525465
774,887,113,0.113,0.38382195015624165
744,872,128,0.128,0.4094615305401385
760,880,120,0.12,0.3923846992999315
726,863,137,0.137,0.392832850009203
748,874,126,0.126,0.4151896371841431
762,881,119,0.119,0.36496939572412523
670,835,165,0.165,0.42060284048505125
748,874,126,0.126,0.36800575820542875
694,847,153,0.153,0.43100313272699714
722,861,139,0.139,0.40913931883871557
760,880,120,0.12,0.408889576356858
798,899,101,0.101,0.4042426745519042
728,864,136,0.136,0.4205515056066215
642,821,179,0.179,0.4725972334854305
740,870,130,0.13,0.40149946833960715
714,857,143,0.143,0.41510894626006484
742,871,129,0.129,0.38586287013068793
714,857,143,0.143,0.42165058698132635
776,888,112,0.112,0.36214381859079003
690,845,155,0.155,0.4518165654018521
724,862,138,0.138,0.41382634972035887
710,855,145,0.145,0.37833947805687784
698,849,151,0.151,0.39963450996950267
732,866,134,0.134,0.3801020058058202
792,896,104,0.104,0.3538112440370023
748,874,126,0.126,0.37305855927988885
736,868,132,0.132,0.36759103203192356
752,876,124,0.124,0.35372043285146354
710,855,145,0.145,0.37876920190081
694,847,153,0.153,0.37607013165112585
746,873,127,0.127,0.3680648318976164
802,901,99,0.099,0.34098596703633666
742,871,129,0.129,0.3824781355559826
736,868,132,0.132,0.3501406943202019
720,860,140,0.14,0.3901988245397806
680,840,160,0.16,0.40143163596093656
796,898,102,0.102,0.34548204370960595
684,842,158,0.158,0.3750751861259341
728,864,136,0.136,0.38856250519678
716,858,142,0.142,0.43775334242358804
724,862,138,0.138,0.3804863541461527
742,871,129,0.129,0.3845053657442331
680,840,160,0.16,0.38491951489448545
752,876,124,0.124,0.33179053590632973
716,858,142,0.142,0.4056683507822454
774,887,113,0.113,0.3405828943643719
662,831,169,0.169,0.4062812007330358
792,896,104,0.104,0.3958122079744935
756,878,122,0.122,0.3526319000367075
780,890,110,0.11,0.3352033267505467
734,867,133,0.133,0.366409768614918
742,871,129,0.129,0.36377520438469946
780,890,110,0.11,0.3383667652308941
732,866,134,0.134,0.35204170237481597
710,855,145,0.145,0.360239485565573
734,867,133,0.133,0.31367039738968017
814,907,93,0.093,0.3312616266310215
744,872,128,0.128,0.3404606951866299
782,891,109,0.109,0.3624936847861391
738,869,131,0.131,0.3803919924441725
754,877,123,0.123,0.357105689028278
756,878,122,0.122,0.36083149824105204
714,857,143,0.143,0.3521272783577442
784,892,108,0.108,0.3620541391260922
736,868,132,0.132,0.41371561005711555
728,864,136,0.136,0.4050000867322087
790,895,105,0.105,0.3854528494924307
662,831,169,0.169,0.4587890964150429
712,856,144,0.144,0.43109565831534563
710,855,145,0.145,0.39925261595100164
664,832,168,0.168,0.4450077611282468
778,889,111,0.111,0.39182866996899246
734,867,133,0.133,0.4051243523173034
794,897,103,0.103,0.4020493801254779
664,832,168,0.168,0.4420481871068478
708,854,146,0.146,0.39863442970439794
748,874,126,0.126,0.41365647177398207
710,855,145,0.145,0.4024438042268157
784,892,108,0.108,0.3470967062972486
754,877,123,0.123,0.39982059882581233
790,895,105,0.105,0.35819607054255903
776,888,112,0.112,0.3163219070136547
658,829,171,0.171,0.3914408538378775
738,869,131,0.131,0.3390250970199704
762,881,119,0.119,0.3259675040561706
792,896,104,0.104,0.3318171735107899
700,850,150,0.15,0.4052715231068432
770,885,115,0.115,0.3405078533552587
720,860,140,0.14,0.36394546837359665
760,880,120,0.12,0.35783835949935017
724,862,138,0.138,0.38612571282312275
750,875,125,0.125,0.3447177347764373
756,878,122,0.122,0.3835941771236248
730,865,135,0.135,0.3559458618601784
796,898,102,0.102,0.34823847040347755
718,859,141,0.141,0.38001967251859603
726,863,137,0.137,0.4071992048919201
766,883,117,0.117,0.35178366821073
764,882,118,0.118,0.3721014153473079
732,866,134,0.134,0.3468117085695267
736,868,132,0.132,0.34526421179622413
702,851,149,0.149,0.3783476522155106
812,906,94,0.094,0.31998540185764435
706,853,147,0.147,0.3802470599785447
708,854,146,0.146,0.3728943201880902
706,853,147,0.147,0.35942383350245655
734,867,133,0.133,0.3175545513629913
770,885,115,0.115,0.36753542051836846
742,871,129,0.129,0.36714555671066046
770,885,115,0.115,0.33566697633638976
798,899,101,0.101,0.33873192872852087
696,848,152,0.152,0.3462109274948016
688,844,156,0.156,0.35317184241488575
736,868,132,0.132,0.31060236821323634
778,889,111,0.111,0.31418655229359865
754,877,123,0.123,0.30943650169111786
730,865,135,0.135,0.3512748460080475
770,885,115,0.115,0.270403584998101
730,865,135,0.135,0.29670716276578607
736,868,132,0.132,0.3195751726962626
748,874,126,0.126,0.3009764469843358
816,908,92,0.092,0.25530332561396063
750,875,125,0.125,0.3128567123846151
758,879,121,0.121,0.29298158375173805
802,901,99,0.099,0.2644581872560084
772,886,114,0.114,0.3097247876692563
790,895,105,0.105,0.2860885648112744
704,852,148,0.148,0.29535870512388646
828,914,86,0.086,0.24383264147210867
806,903,97,0.097,0.25708284486457705
764,882,118,0.118,0.26886983001511544
744,872,128,0.128,0.2891676786262542
802,901,99,0.099,0.2577827294878662
794,897,103,0.103,0.22940146785974502
768,884,116,0.116,0.2643199151707813
722,861,139,0.139,0.2928096958193928
746,873,127,0.127,0.25987018046155574
718,859,141,0.141,0.30706881363131106
740,870,130,0.13,0.27524865233991297
700,850,150,0.15,0.33762052523065356
748,874,126,0.126,0.3112236307542771
730,865,135,0.135,0.285204668931663
754,877,123,0.123,0.3352066991683096
718,859,141,0.141,0.338806543815881
742,871,129,0.129,0.3408651475086808
720,860,140,0.14,0.32152525989338754
728,864,136,0.136,0.32136328759323807
732,866,134,0.134,0.2941418659631163
762,881,119,0.119,0.28448003171756864
644,822,178,0.178,0.3111621987307444
762,881,119,0.119,0.2896535822805017
672,836,164,0.164,0.3210369903612882
792,896,104,0.104,0.27622453904524447
686,843,157,0.157,0.3237609531804919
738,869,131,0.131,0.2978081621052697
704,852,148,0.148,0.3151404717043042
794,897,103,0.103,0.2789978941362351
774,887,113,0.113,0.2765136407669634
784,892,108,0.108,0.27048326712846754
748,874,126,0.126,0.2778182629905641
702,851,149,0.149,0.2693753228606656
762,881,119,0.119,0.27180285242106766
716,858,142,0.142,0.2607755090538412
718,859,141,0.141,0.22878201742097734
702,851,149,0.149,0.23677875830885023
812,906,94,0.094,0.23916144030727446
726,863,137,0.137,0.260817572386004
742,871,129,0.129,0.25549933791486545
740,870,130,0.13,0.25618633708171545
760,880,120,0.12,0.23865357789525296
738,869,131,0.131,0.24907133696600794
744,872,128,0.128,0.242364662819542
776,888,112,0.112,0.25078236496821044
770,885,115,0.115,0.239720638057217
788,894,106,0.106,0.22452871909830718
720,860,140,0.14,0.2582221962898038
754,877,123,0.123,0.23498730489239097
684,842,158,0.158,0.28171437508426606
724,862,138,0.138,0.25483616343699395
790,895,105,0.105,0.22683404552703723
704,852,148,0.148,0.24907515286374837
760,880,120,0.12,0.2541477102264762
832,916,84,0.084,0.2495229306090623
726,863,137,0.137,0.24332751009427012
798,899,101,0.101,0.1910223484528251
700,850,150,0.15,0.2562045997828245
714,857,143,0.143,0.2400824976246804
656,828,172,0.172,0.24594939418509604
712,856,144,0.144,0.24936300360038877
752,876,124,0.124,0.23109164270199836
734,867,133,0.133,0.2699772023241967
808,904,96,0.096,0.22239009613916277
762,881,119,0.119,0.24695302871987224
740,870,130,0.13,0.2678891922105104
724,862,138,0.138,0.2755368094118312
748,874,126,0.126,0.2407163368538022
812,906,94,0.094,0.2387330087656155
742,871,129,0.129,0.23159763590618967
762,881,119,0.119,0.2175238183028996
752,876,124,0.124,0.1980441036419943
760,880,120,0.12,0.2074686770751141
814,907,93,0.093,0.20775939372740687
774,887,113,0.113,0.23473084964137525
730,865,135,0.135,0.24793696803506463
738,869,131,0.131,0.24997770292311908
790,895,105,0.105,0.22808849794603883
706,853,147,0.147,0.2586277223788202
766,883,117,0.117,0.2538505900874734
782,891,109,0.109,0.23622791104763746
810,905,95,0.095,0.21855850722640752
794,897,103,0.103,0.20327155765891075
766,883,117,0.117,0.21328159743361175
740,870,130,0.13,0.24561522696726024
788,894,106,0.106,0.22042411049362273
780,890,110,0.11,0.214079489588039
798,899,101,0.101,0.19989852141111625
756,878,122,0.122,0.2009431817047298
790,895,105,0.105,0.20603797042556107
718,859,141,0.141,0.23063267690874636
804,902,98,0.098,0.20418477442243602
740,870,130,0.13,0.20264453069493174
734,867,133,0.133,0.21931460880953818
730,865,135,0.135,0.23244025871157648
704,852,148,0.148,0.25335554342437533
794,897,103,0.103,0.21111319817136973
750,875,125,0.125,0.2258472125194967
684,842,158,0.158,0.22561982870846986
728,864,136,0.136,0.23286090850271285
798,899,101,0.101,0.20790311934240163
818,909,91,0.091,0.1960425457395613
748,874,126,0.126,0.21312709773518146
704,852,148,0.148,0.23407339466735722
748,874,126,0.126,0.21714178906660528
770,885,115,0.115,0.21641574702970684
798,899,101,0.101,0.2006308611817658
798,899,101,0.101,0.19023505998577456
748,874,126,0.126,0.23271327145956458
790,895,105,0.105,0.1820703114529606
800,900,100,0.1,0.17404062573984266
700,850,150,0.15,0.18721929299086332
790,895,105,0.105,0.15478617821633817
716,858,142,0.142,0.1933394990619272
760,880,120,0.12,0.19186866279738024
758,879,121,0.121,0.1882530006817542
732,866,134,0.134,0.20346138580981643
744,872,128,0.128,0.1875751600842923
724,862,138,0.138,0.23526421305211262
794,897,103,0.103,0.17126090326393023
754,877,123,0.123,0.20668688101228327
772,886,114,0.114,0.203836483317893
790,895,105,0.105,0.1823435184075497
778,889,111,0.111,0.17635605587996542
786,893,107,0.107,0.16772764527983963
730,865,135,0.135,0.1899081506851362
772,886,114,0.114,0.17780784812010825
690,845,155,0.155,0.2280492495772196
704,852,148,0.148,0.1782212098822929
794,897,103,0.103,0.18865316964918746
842,921,79,0.079,0.14174191140849143
706,853,147,0.147,0.19359689071401953
784,892,108,0.108,0.163765261487104
746,873,127,0.127,0.19628246894851326
748,874,126,0.126,0.20128112980071455
750,875,125,0.125,0.17551518583204598
686,843,157,0.157,0.19405234024766832
792,896,104,0.104,0.17372247353056447
704,852,148,0.148,0.1967199649256654
782,891,109,0.109,0.1880390443550423
810,905,95,0.095,0.1998820929718495
746,873,127,0.127,0.18057182126725094
766,883,117,0.117,0.17291339412145318
706,853,147,0.147,0.1604194008819759
728,864,136,0.136,0.17544186205836013
756,878,122,0.122,0.1703621650435962
776,888,112,0.112,0.1544607969741337
680,840,160,0.16,0.18712520394905005
712,856,144,0.144,0.17919467550516127
818,909,91,0.091,0.14227442063763737
764,882,118,0.118,0.17764174549933523
766,883,117,0.117,0.17627036168053747
742,871,129,0.129,0.15875761818606407
728,864,136,0.136,0.1826809091217583
736,868,132,0.132,0.19116128657665105
676,838,162,0.162,0.2081123727040831
794,897,103,0.103,0.14049870705977083
772,886,114,0.114,0.17996563399140722
752,876,124,0.124,0.17235120388492942
794,897,103,0.103,0.1930004138094373
754,877,123,0.123,0.16816378043591976
756,878,122,0.122,0.15834329885896295
774,887,113,0.113,0.18560060287918895
736,868,132,0.132,0.18750926140835508
788,894,106,0.106,0.16555076977517455
774,887,113,0.113,0.17897593448497354
704,852,148,0.148,0.16887064093723894
756,878,122,0.122,0.17613302158750593
752,876,124,0.124,0.15969568521995098
766,883,117,0.117,0.15522991009801626
716,858,142,0.142,0.19394232777226716
822,911,89,0.089,0.14735564923100172
762,881,119,0.119,0.18858766837231816
770,885,115,0.115,0.16125149913551287
780,890,110,0.11,0.15894671238027513
718,859,141,0.141,0.18132376163918526
744,872,128,0.128,0.18373175634723157
802,901,99,0.099,0.1762888981765136
708,854,146,0.146,0.20261404850706458
792,896,104,0.104,0.16661865552933885
822,911,89,0.089,0.15406774048897204
830,915,85,0.085,0.15440001207124443
774,887,113,0.113,0.16276803637726697
746,873,127,0.127,0.17717845717072486
758,879,121,0.121,0.16326057541742922
728,864,136,0.136,0.18083047438925132
794,897,103,0.103,0.17485143679520115
800,900,100,0.1,0.16430294267181306
788,894,106,0.106,0.13609729149658234
764,882,118,0.118,0.18477590702008456
746,873,127,0.127,0.17978338855877518
802,901,99,0.099,0.15130041449220152
794,897,103,0.103,0.15960059369308874
768,884,116,0.116,0.1619035327625461
822,911,89,0.089,0.18725969402329065
754,877,123,0.123,0.1703801827225834
768,884,116,0.116,0.18082359030540102
788,894,106,0.106,0.1551308795553632
746,873,127,0.127,0.16680055119935422
806,903,97,0.097,0.16699615071108564
774,887,113,0.113,0.16634820677759127
754,877,123,0.123,0.16943657437339424
770,885,115,0.115,0.16858872320502996
730,865,135,0.135,0.1570239232461754
806,903,97,0.097,0.15211873530317097
764,882,118,0.118,0.19339293237496166
780,890,110,0.11,0.15606994374934585
720,860,140,0.14,0.18619000152032822
790,895,105,0.105,0.17386292071267961
750,875,125,0.125,0.17126654411759226
772,886,114,0.114,0.17169947201153263
778,889,111,0.111,0.17583771106880158
770,885,115,0.115,0.1609251454817131
758,879,121,0.121,0.1661049710093066
730,865,135,0.135,0.18438422161526977
750,875,125,0.125,0.14556749145453796
798,899,101,0.101,0.16687610669527203
762,881,119,0.119,0.19530024228058757
794,897,103,0.103,0.17926671755989082
678,839,161,0.161,0.19732335911737756
760,880,120,0.12,0.18369752833247185
734,867,133,0.133,0.20024091699998825
706,853,147,0.147,0.19332224189303815
684,842,158,0.158,0.19568267660029232
842,921,79,0.079,0.1849757367866114
770,885,115,0.115,0.17822557002212852
718,859,141,0.141,0.1933921202942729
738,869,131,0.131,0.18112696895282715
760,880,120,0.12,0.17591011381940916
732,866,134,0.134,0.22673106514383107
744,872,128,0.128,0.1872457173811272
700,850,150,0.15,0.20409619013033808
820,910,90,0.09,0.14996618786640464
718,859,141,0.141,0.18133541707787662
736,868,132,0.132,0.1898088800497353
830,915,85,0.085,0.16070821061916649
724,862,138,0.138,0.1667876512520015
762,881,119,0.119,0.18654678094852717
712,856,144,0.144,0.1853755069016479
774,887,113,0.113,0.17395956955989822
778,889,111,0.111,0.17305100959702394
812,906,94,0.094,0.18091837073583156
714,857,143,0.143,0.16959744212310762
750,875,125,0.125,0.16505222457333002
722,861,139,0.139,0.1609534865845926
794,897,103,0.103,0.1815223348736763
782,891,109,0.109,0.17191945842187853
736,868,132,0.132,0.17203690379485487
752,876,124,0.124,0.18477372784726323
740,870,130,0.13,0.16712019918486476
772,886,114,0.114,0.17413452773727475
774,887,113,0.113,0.15374518474005164
758,879,121,0.121,0.1661868194914423
722,861,139,0.139,0.19341278228443115
818,909,91,0.091,0.15699631011858584
718,859,141,0.141,0.1689553084317595
802,901,99,0.099,0.13930048921285196
800,900,100,0.1,0.14819226687215267
770,885,115,0.115,0.15157258699368686
708,854,146,0.146,0.20259088463615627
782,891,109,0.109,0.1445688564358279
738,869,131,0.131,0.15095164241176098
724,862,138,0.138,0.15219636702630668
784,892,108,0.108,0.15377642246196047
726,863,137,0.137,0.16538446854590438
692,846,154,0.154,0.17920146230235695
746,873,127,0.127,0.17621911866497247
734,867,133,0.133,0.15222418529214338
734,867,133,0.133,0.16819634259678423
768,884,116,0.116,0.15350222713779657
710,855,145,0.145,0.16349466367531568
732,866,134,0.134,0.17811750346655025
750,875,125,0.125,0.14934101449535228
738,869,131,0.131,0.16389935002475978
820,910,90,0.09,0.163613633999601
744,872,128,0.128,0.16265552419237791
720,860,140,0.14,0.17087570599839091
758,879,121,0.121,0.16914419141644613
782,891,109,0.109,0.12802903773821891
722,861,139,0.139,0.16918096978170796
792,896,104,0.104,0.14412390712904743
714,857,143,0.143,0.16511541461874732
696,848,152,0.152,0.16808937213232275
762,881,119,0.119,0.18062855930346997
776,888,112,0.112,0.1470547248162329
786,893,107,0.107,0.17143267320119776
758,879,121,0.121,0.1670894955941476
738,869,131,0.131,0.16132743196561933
756,878,122,0.122,0.160426220882684
760,880,120,0.12,0.17425740678329021
678,839,161,0.161,0.18400634737219662
776,888,112,0.112,0.17064018065296113
798,899,101,0.101,0.14123570163547994
774,887,113,0.113,0.14359262506943196
782,891,109,0.109,0.15634526567556895
768,884,116,0.116,0.16231284350063652
718,859,141,0.141,0.1830085920896381
786,893,107,0.107,0.14795962686289568
780,890,110,0.11,0.1474519828618504
804,902,98,0.098,0.15141875907499344
772,886,114,0.114,0.14780230782553552
754,877,123,0.123,0.15805029650463256
748,874,126,0.126,0.15847317283949816
724,862,138,0.138,0.1638079241188243
772,886,114,0.114,0.1278125740112737
732,866,134,0.134,0.15885854696854948
774,887,113,0.113,0.14278332784515804
762,881,119,0.119,0.14903353681904263
738,869,131,0.131,0.16096687363972886
824,912,88,0.088,0.13483989217039197
778,889,111,0.111,0.14714938511932268
798,899,101,0.101,0.13470564877893776
744,872,128,0.128,0.16976021812460385
798,899,101,0.101,0.14183635740960016
724,862,138,0.138,0.16411801522225142
744,872,128,0.128,0.1511162449165713
796,898,102,0.102,0.12247201928496361
734,867,133,0.133,0.17434520072396845
650,825,175,0.175,0.18360913066612555
798,899,101,0.101,0.1358733645034954
716,858,142,0.142,0.1465779035249725
740,870,130,0.13,0.14838087945990264
796,898,102,0.102,0.14440597924077883
768,884,116,0.116,0.1345630302876234
822,911,89,0.089,0.13740129288798197
760,880,120,0.12,0.15903096931613983
802,901,99,0.099,0.13377752214064823
716,858,142,0.142,0.15639775579515844
732,866,134,0.134,0.14253175259847195
778,889,111,0.111,0.11831677621067502
718,859,141,0.141,0.14369469760189532
770,885,115,0.115,0.13836588152078913
764,882,118,0.118,0.15067160604987292
724,862,138,0.138,0.17565543932653963
760,880,120,0.12,0.1417231069584377
762,881,119,0.119,0.14217204180452972
786,893,107,0.107,0.14306952546723187
754,877,123,0.123,0.1479807435190305
780,890,110,0.11,0.12578711635270157
730,865,135,0.135,0.1557659940486774
856,928,72,0.072,0.11951324864383787
770,885,115,0.115,0.14794609880261123
830,915,85,0.085,0.11848075882624835
740,870,130,0.13,0.14006441417336463
764,882,118,0.118,0.13153574355365708
694,847,153,0.153,0.14056658816197887
790,895,105,0.105,0.1385949924327433
774,887,113,0.113,0.12768988034594805
778,889,111,0.111,0.11188211821974255
720,860,140,0.14,0.16140718994522468
754,877,123,0.123,0.13079934504178528
748,874,126,0.126,0.14101325135212392
760,880,120,0.12,0.14389794451696797
694,847,153,0.153,0.14901075493451207
794,897,103,0.103,0.15060461691580712
820,910,90,0.09,0.1367044346546754
732,866,134,0.134,0.156989094119519
702,851,149,0.149,0.17319178334018215
748,874,126,0.126,0.15827120384108276
718,859,141,0.141,0.16135599740128964
778,889,111,0.111,0.13709683408914133
732,866,134,0.134,0.1455040244255215
728,864,136,0.136,0.13737379551213236
754,877,123,0.123,0.16915034387120978
748,874,126,0.126,0.16508131228853018
712,856,144,0.144,0.15262758959131315
732,866,134,0.134,0.14197340228315442
732,866,134,0.134,0.15578355160169302
700,850,150,0.15,0.17070062552113086
698,849,151,0.151,0.18388725367933512
814,907,93,0.093,0.15200300993630664
748,874,126,0.126,0.16077811272721737
786,893,107,0.107,0.1291505016607698
774,887,113,0.113,0.14905548487696796
736,868,132,0.132,0.1628859954397194
756,878,122,0.122,0.14039465330168605
736,868,132,0.132,0.14408005490503273
708,854,146,0.146,0.1526122305560857
780,890,110,0.11,0.1473734435464721
752,876,124,0.124,0.1465530795296654
744,872,128,0.128,0.145157846884802
778,889,111,0.111,0.15134761040471495
784,892,108,0.108,0.14318047117837704
772,886,114,0.114,0.14529341154219583
766,883,117,0.117,0.1379730377132073
772,886,114,0.114,0.16035078164283187
708,854,146,0.146,0.14718287340877578
688,844,156,0.156,0.14192447454715149
700,850,150,0.15,0.15517854770552367
760,880,120,0.12,0.13649751798436047
744,872,128,0.128,0.13883628019830213
738,869,131,0.131,0.15129091869387776
734,867,133,0.133,0.13893350314488634
762,881,119,0.119,0.13758482657559215
726,863,137,0.137,0.13049850907921792
720,860,140,0.14,0.1540307012484409
800,900,100,0.1,0.14092714093765243
734,867,133,0.133,0.1599746817331761
708,854,146,0.146,0.14908852603752165
778,889,111,0.111,0.13526777011947708
734,867,133,0.133,0.12861922367988154
810,905,95,0.095,0.13175134440371766
698,849,151,0.151,0.1738425357558299
750,875,125,0.125,0.13454029993060976
778,889,111,0.111,0.12862892660452052
738,869,131,0.131,0.15698335732799024
724,862,138,0.138,0.13721187864942477
762,881,119,0.119,0.1390649361088872
772,886,114,0.114,0.14386919943150134
772,886,114,0.114,0.14978842341154813
698,849,151,0.151,0.155369225832168
720,860,140,0.14,0.159224165271502
734,867,133,0.133,0.1463888604347594
768,884,116,0.116,0.1257363126669079
718,859,141,0.141,0.1585207800641656
756,878,122,0.122,0.14168747047614305
794,897,103,0.103,0.12418498820997774
766,883,117,0.117,0.13220585303287954
820,910,90,0.09,0.12394013647641987
734,867,133,0.133,0.12967382488865406
780,890,110,0.11,0.12741637969994918
734,867,133,0.133,0.12264841194823384
772,886,114,0.114,0.13112039993982763
832,916,84,0.084,0.1165132622688543
844,922,78,0.078,0.11223872796958312
706,853,147,0.147,0.1356950644850731
720,860,140,0.14,0.11320138747058808
744,872,128,0.128,0.11230973633658141
660,830,170,0.17,0.1427291505234316
790,895,105,0.105,0.12622605177992954
794,897,103,0.103,0.12793683277396486
734,867,133,0.133,0.15459015802433715
712,856,144,0.144,0.15824407614022493
770,885,115,0.115,0.12805237420182675
778,889,111,0.111,0.13209044986218213
748,874,126,0.126,0.1489203179795295
756,878,122,0.122,0.14486540398281067
728,864,136,0.136,0.1412890694765374
794,897,103,0.103,0.1327463280414231
736,868,132,0.132,0.12183260547486134
710,855,145,0.145,0.15784671825589613
684,842,158,0.158,0.14729672295041382
808,904,96,0.096,0.11751618104218506
742,871,129,0.129,0.13138690684782342
718,859,141,0.141,0.13856993479235097
770,885,115,0.115,0.134427747302223
710,855,145,0.145,0.13774521522829308
800,900,100,0.1,0.13106165897473693
766,883,117,0.117,0.12135218416526913
758,879,121,0.121,0.12225871064467356
774,887,113,0.113,0.13066445350740105
744,872,128,0.128,0.13218821330578068
728,864,136,0.136,0.13358812570199372
758,879,121,0.121,0.1214053922793828
764,882,118,0.118,0.1259927946785465
744,872,128,0.128,0.12928201393038036
744,872,128,0.128,0.150447015279904
738,869,131,0.131,0.13647577669145539
728,864,136,0.136,0.13291733103292064
790,895,105,0.105,0.12781743701640516
740,870,130,0.13,0.14949007315561175
722,861,139,0.139,0.13758415325917303
686,843,157,0.157,0.1358420974323526
810,905,95,0.095,0.10542952037788927
760,880,120,0.12,0.12194640860334038
744,872,128,0.128,0.13592568340711295
776,888,112,0.112,0.11916214312519878
768,884,116,0.116,0.13885103137232363
724,862,138,0.138,0.12147370774135925
786,893,107,0.107,0.13933399709127844
824,912,88,0.088,0.11608693840075285
720,860,140,0.14,0.1342637626848591
828,914,86,0.086,0.10983421551436186
712,856,144,0.144,0.14762332605430856
778,889,111,0.111,0.1103705132836476
750,875,125,0.125,0.12642190909700002
770,885,115,0.115,0.10709320893418044
782,891,109,0.109,0.11437646824121475
734,867,133,0.133,0.13894723835913464
764,882,118,0.118,0.11001924669626169
748,874,126,0.126,0.12291627796459943
742,871,129,0.129,0.12826298933196814
772,886,114,0.114,0.13222254277858883
792,896,104,0.104,0.11264573746616952
798,899,101,0.101,0.11837684154952877
772,886,114,0.114,0.11894072007248178
804,902,98,0.098,0.1086529840438161
730,865,135,0.135,0.12726986738247797
668,834,166,0.166,0.14853893647249788
812,906,94,0.094,0.11417724746582099
738,869,131,0.131,0.12814359111431986
764,882,118,0.118,0.11815910646156408
694,847,153,0.153,0.14142399308551104
818,909,91,0.091,0.11247010207315906
736,868,132,0.132,0.13982294238824397
780,890,110,0.11,0.12359054420515894
742,871,129,0.129,0.12341825324762612
752,876,124,0.124,0.11844753079814836
776,888,112,0.112,0.12716231257095933
792,896,104,0.104,0.1089811858118046
788,894,106,0.106,0.1161260847725207
734,867,133,0.133,0.11196644753252621
748,874,126,0.126,0.1310441413144581
770,885,115,0.115,0.10978070045262575
770,885,115,0.115,0.11584055805625394
710,855,145,0.145,0.13482291670236737
736,868,132,0.132,0.1343140751691535
776,888,112,0.112,0.11190870640939102
818,909,91,0.091,0.11535480898385868
756,878,122,0.122,0.14028043387830258
784,892,108,0.108,0.11751492227474228
814,907,93,0.093,0.10941257909010164
750,875,125,0.125,0.12117976191733032
764,882,118,0.118,0.12408042949158699
730,865,135,0.135,0.11995314586954191
784,892,108,0.108,0.12481970407022164
758,879,121,0.121,0.11484632482938469
710,855,145,0.145,0.11477492127683946
780,890,110,0.11,0.09122850335622207
708,854,146,0.146,0.11464604740589857
756,878,122,0.122,0.10093791174679063
710,855,145,0.145,0.12343170933146029
728,864,136,0.136,0.12940723848342894
790,895,105,0.105,0.11926628953032195
758,879,121,0.121,0.10043936908291652
762,881,119,0.119,0.10295295052125585
718,859,141,0.141,0.13136278379336
786,893,107,0.107,0.11797894490556791
742,871,129,0.129,0.11473702375497669
742,871,129,0.129,0.1202928805667907
768,884,116,0.116,0.11863884910568595
694,847,153,0.153,0.1252479056115262
816,908,92,0.092,0.10351501002092846
800,900,100,0.1,0.11068463043356315
806,903,97,0.097,0.10874613289162517
772,886,114,0.114,0.11590675847115926
806,903,97,0.097,0.10240674109617248
808,904,96,0.096,0.10461415239656344
774,887,113,0.113,0.11040464566834271
766,883,117,0.117,0.10494429690344259
746,873,127,0.127,0.10658814422413707
786,893,107,0.107,0.10429529852990527
786,893,107,0.107,0.107079752383288
758,879,121,0.121,0.10944371284544469
822,911,89,0.089,0.10449865386821329
826,913,87,0.087,0.11164691738714463
778,889,111,0.111,0.09636924543604254
740,870,130,0.13,0.11334410970052704
864,932,68,0.068,0.08967258632229641
728,864,136,0.136,0.11673656327556818
704,852,148,0.148,0.11702920541819185
752,876,124,0.124,0.10382861858420074
716,858,142,0.142,0.12041524974862114
712,856,144,0.144,0.12673222995596006
756,878,122,0.122,0.11307776596676558
730,865,135,0.135,0.12219565977156162
734,867,133,0.133,0.11987052211677655
750,875,125,0.125,0.13884166789287702
762,881,119,0.119,0.1133963548578322
772,886,114,0.114,0.11902650956623256
710,855,145,0.145,0.11993764520250261
748,874,126,0.126,0.11219637086102739
664,832,168,0.168,0.1378864608630538
804,902,98,0.098,0.11457299476029584
738,869,131,0.131,0.11719043025420979
728,864,136,0.136,0.10460667914105579
792,896,104,0.104,0.11058431036956608
732,866,134,0.134,0.11640069623768795
784,892,108,0.108,0.11141406770300818
742,871,129,0.129,0.1117679043560056
742,871,129,0.129,0.10265754010388628
678,839,161,0.161,0.11977479928534013
778,889,111,0.111,0.11721740611828864
808,904,96,0.096,0.10135745227825828
704,852,148,0.148,0.12090959868766367
748,874,126,0.126,0.10571856964845211
776,888,112,0.112,0.11016138803353533
808,904,96,0.096,0.08144942882796749
776,888,112,0.112,0.09254266367270611
768,884,116,0.116,0.10745116119796876
782,891,109,0.109,0.08712884178152308
734,867,133,0.133,0.11750252146366984
760,880,120,0.12,0.09273371366003993
770,885,115,0.115,0.10426405729120597
778,889,111,0.111,0.10317249886924401
776,888,112,0.112,0.10573406957555562
782,891,109,0.109,0.09680264661484397
820,910,90,0.09,0.09899663320276886
764,882,118,0.118,0.11295684620924294
704,852,148,0.148,0.11077978499350138
730,865,135,0.135,0.1176567567619495
796,898,102,0.102,0.11522719690552913
784,892,108,0.108,0.0987604590288829
806,903,97,0.097,0.09834445788571611
752,876,124,0.124,0.1117557865944691
798,899,101,0.101,0.10300906579755247
774,887,113,0.113,0.11415079814288766
736,868,132,0.132,0.11272707960149274
758,879,121,0.121,0.11013072349433788
770,885,115,0.115,0.10034897243254819
786,893,107,0.107,0.08691848631296308
768,884,116,0.116,0.11327873185672797
798,899,101,0.101,0.11617155972402543
784,892,108,0.108,0.08687704466003925
788,894,106,0.106,0.09643655288079754
788,894,106,0.106,0.08873065611440688
736,868,132,0.132,0.10034309504134581
800,900,100,0.1,0.09525967301381752
782,891,109,0.109,0.09790458365157247
728,864,136,0.136,0.1169274625745602
712,856,144,0.144,0.10713084227312356
730,865,135,0.135,0.09871516512334347
704,852,148,0.148,0.10780461386276875
824,912,88,0.088,0.09927768216957338
800,900,100,0.1,0.0963724402175285
742,871,129,0.129,0.11086979795387014
790,895,105,0.105,0.11145217727613635
778,889,111,0.111,0.0986482714600861
756,878,122,0.122,0.10553968708170577
782,891,109,0.109,0.09783158998028375
762,881,119,0.119,0.10098401911603287
806,903,97,0.097,0.09281477035721764
756,878,122,0.122,0.08624292701110244
732,866,134,0.134,0.10159894401952624
742,871,129,0.129,0.09459850552002899
778,889,111,0.111,0.09964688711985946
704,852,148,0.148,0.10160907620820217
764,882,118,0.118,0.09183000405784697
724,862,138,0.138,0.1069377869013697
762,881,119,0.119,0.09735599342169007
754,877,123,0.123,0.09478083604085259
772,886,114,0.114,0.09290536915767006
726,863,137,0.137,0.10244161145668476
754,877,123,0.123,0.08742096893815324
742,871,129,0.129,0.09605223507108167
688,844,156,0.156,0.10782988693658263
852,926,74,0.074,0.08759125012950972
764,882,118,0.118,0.10436332571785897
770,885,115,0.115,0.09802347491960972
762,881,119,0.119,0.09408673281222582
776,888,112,0.112,0.09306996684893966
720,860,140,0.14,0.10805512985587121
778,889,111,0.111,0.11442202888708562
800,900,100,0.1,0.09788672709139064
804,902,98,0.098,0.09344222937570885
764,882,118,0.118,0.10836211514845491
736,868,132,0.132,0.11941419308446348
740,870,130,0.13,0.10353095893515274
812,906,94,0.094,0.11567258372716606
738,869,131,0.131,0.12012174513936043
728,864,136,0.136,0.12622662797616796
742,871,129,0.129,0.11369716185797006
828,914,86,0.086,0.1138149022841826
710,855,145,0.145,0.1291172145663295
794,897,103,0.103,0.09639578618272207
780,890,110,0.11,0.10509885476855561
788,894,106,0.106,0.10610726487450302
788,894,106,0.106,0.11369868894666434
738,869,131,0.131,0.11527244078461081
738,869,131,0.131,0.1121420934475027
774,887,113,0.113,0.11890080902725458
754,877,123,0.123,0.11563315932732075
756,878,122,0.122,0.1265259492760524
746,873,127,0.127,0.11727482950361445
748,874,126,0.126,0.12067164745368063
724,862,138,0.138,0.12415278987120837
776,888,112,0.112,0.12268071782868356
750,875,125,0.125,0.12183018885599449
760,880,120,0.12,0.12263726058788597
756,878,122,0.122,0.11603951889462769
794,897,103,0.103,0.1039631400089711
698,849,151,0.151,0.1405344170317985
788,894,106,0.106,0.11782079826015979
770,885,115,0.115,0.12326649646810256
764,882,118,0.118,0.1094562444393523
728,864,136,0.136,0.11692797060031444
766,883,117,0.117,0.10593869391037151
748,874,126,0.126,0.10439856346137821
740,870,130,0.13,0.12588665465731175
818,909,91,0.091,0.09874486440466716
794,897,103,0.103,0.09590535315289161
818,909,91,0.091,0.10674104891531169
758,879,121,0.121,0.10922219693427905
722,861,139,0.139,0.09508582892129197
672,836,164,0.164,0.12452056263945997
778,889,111,0.111,0.09725058479118161
820,910,90,0.09,0.09996138540795073
766,883,117,0.117,0.1113387669348158
734,867,133,0.133,0.10342399282276164
728,864,136,0.136,0.12424536378635094
770,885,115,0.115,0.11402145713055506
726,863,137,0.137,0.1122287301258184
720,860,140,0.14,0.12143477908615023
762,881,119,0.119,0.13130142012354917
694,847,153,0.153,0.14071018042787908
780,890,110,0.11,0.11670663473848253
746,873,127,0.127,0.11990019816951826
796,898,102,0.102,0.10630341020133346
764,882,118,0.118,0.10793619736097754
772,886,114,0.114,0.11026687303278596
798,899,101,0.101,0.1067830043793656
794,897,103,0.103,0.09497600275883451
826,913,87,0.087,0.07985754883894697
778,889,111,0.111,0.09243947499385104
744,872,128,0.128,0.10369471868954133
712,856,144,0.144,0.10940451800031588
748,874,126,0.126,0.10076305245724507
776,888,112,0.112,0.09540557675948366
746,873,127,0.127,0.11187325185444207
820,910,90,0.09,0.102255961203482
742,871,129,0.129,0.10944181670248508
742,871,129,0.129,0.1107226143560838
746,873,127,0.127,0.10614304115716368
766,883,117,0.117,0.12172874271916226
738,869,131,0.131,0.11316340925020632
788,894,106,0.106,0.10657453420525417
746,873,127,0.127,0.10253929861122742
708,854,146,0.146,0.11732892211945728
756,878,122,0.122,0.09390686344541609
764,882,118,0.118,0.10657072002440691
754,877,123,0.123,0.09631187340256292
726,863,137,0.137,0.09939137296378613
798,899,101,0.101,0.08755299744708464
764,882,118,0.118,0.10339188085170463
786,893,107,0.107,0.08699474143795669
688,844,156,0.156,0.11373171833460219
754,877,123,0.123,0.09411292287288234
734,867,133,0.133,0.10033912458142731
692,846,154,0.154,0.0982378532148432
712,856,144,0.144,0.10576880614319817
784,892,108,0.108,0.08302105345134624
770,885,115,0.115,0.08655871183983982
814,907,93,0.093,0.09171058955043554
794,897,103,0.103,0.08867492364766076
750,875,125,0.125,0.08527923609828576
762,881,119,0.119,0.08353480655932799
770,885,115,0.115,0.06814291856461205
746,873,127,0.127,0.08181832678127103
676,838,162,0.162,0.09418622676189989
780,890,110,0.11,0.09876068921131081
812,906,94,0.094,0.07231067087384872
782,891,109,0.109,0.08229025209427346
796,898,102,0.102,0.0702802380148787
678,839,161,0.161,0.09550962950871326
740,870,130,0.13,0.10052580423164181
780,890,110,0.11,0.07935524333058856
826,913,87,0.087,0.07273143213638104
774,887,113,0.113,0.07788633814034983
732,866,134,0.134,0.07678362821298651
772,886,114,0.114,0.07600037715258076
782,891,109,0.109,0.08567204042139928
828,914,86,0.086,0.07493912228802219
738,869,131,0.131,0.08679940907610581
772,886,114,0.114,0.05997458130866289
790,895,105,0.105,0.07184370467159897
794,897,103,0.103,0.0722668714976171
790,895,105,0.105,0.08344857442448847
770,885,115,0.115,0.06866704137204215
752,876,124,0.124,0.07028809290961363
794,897,103,0.103,0.07117671675863675
776,888,112,0.112,0.07541385246114805
742,871,129,0.129,0.07241594075236935
760,880,120,0.12,0.0789319770487491
746,873,127,0.127,0.06547746030794224
802,901,99,0.099,0.07108397563523614
742,871,129,0.129,0.07850614349800163
714,857,143,0.143,0.08444939532550051
756,878,122,0.122,0.07572863137582317
706,853,147,0.147,0.08778261098428629
760,880,120,0.12,0.07924232560954989
764,882,118,0.118,0.09278280354454183
702,851,149,0.149,0.08374390894756653
740,870,130,0.13,0.07840192072815262
736,868,132,0.132,0.08620588580402545
768,884,116,0.116,0.07010306792439223
714,857,143,0.143,0.09788498634356074
716,858,142,0.142,0.09237816243246198
794,897,103,0.103,0.06573485508793965
768,884,116,0.116,0.0834744814876467
754,877,123,0.123,0.07563424264988862
692,846,154,0.154,0.08072647541435435
780,890,110,0.11,0.07625414657196962
792,896,104,0.104,0.07576805030039395
784,892,108,0.108,0.06906819070372149
752,876,124,0.124,0.06929789837426506
762,881,119,0.119,0.0780609241889324
724,862,138,0.138,0.07487530490045902
730,865,135,0.135,0.08947962968680076
766,883,117,0.117,0.07353523431159556
778,889,111,0.111,0.068670710016042
738,869,131,0.131,0.0870718364121858
768,884,116,0.116,0.0719819642107468
814,907,93,0.093,0.07281377981230616
734,867,133,0.133,0.07441596890368965
768,884,116,0.116,0.06640425342076924
868,934,66,0.066,0.056825480781146326
790,895,105,0.105,0.07244292390398914
766,883,117,0.117,0.07240134027483873
730,865,135,0.135,0.0762615039316006
790,895,105,0.105,0.07304938045423479
740,870,130,0.13,0.09133923065732233
770,885,115,0.115,0.07182510718773119
774,887,113,0.113,0.08140003665734548
746,873,127,0.127,0.08224827907606959
752,876,124,0.124,0.08855150137841701
804,902,98,0.098,0.09540701040215208
770,885,115,0.115,0.07882078831875697
752,876,124,0.124,0.08599923870246858
718,859,141,0.141,0.09032461598934606
710,855,145,0.145,0.09251689821574836
724,862,138,0.138,0.08687970692897215
746,873,127,0.127,0.0887755083446391
750,875,125,0.125,0.08541959866718389
754,877,123,0.123,0.07949121591914445
738,869,131,0.131,0.08724864140572026
760,880,120,0.12,0.08696815572306514
774,887,113,0.113,0.090879859418259
800,900,100,0.1,0.08707911692140624
734,867,133,0.133,0.07181442346726544
754,877,123,0.123,0.08996613917744253
724,862,138,0.138,0.09246427005738951
718,859,141,0.141,0.08001586852082983
716,858,142,0.142,0.08104270644614008
786,893,107,0.107,0.07272229181451258
762,881,119,0.119,0.08640812931500841
790,895,105,0.105,0.07648202576325275
756,878,122,0.122,0.08868143044738099
720,860,140,0.14,0.08021751901274547
748,874,126,0.126,0.09045000595599413
738,869,131,0.131,0.08761478170263581
766,883,117,0.117,0.07899739161710022
782,891,109,0.109,0.0887036901586689
746,873,127,0.127,0.08816907028993591
772,886,114,0.114,0.07858277399558573
762,881,119,0.119,0.07926312743965537
720,860,140,0.14,0.09775701073044911
784,892,108,0.108,0.07653572231705766
768,884,116,0.116,0.0859164628922008
724,862,138,0.138,0.07078643151465804
738,869,131,0.131,0.08810879082372412
708,854,146,0.146,0.10090766265778803
794,897,103,0.103,0.08380137137253768
754,877,123,0.123,0.07702178910258226
754,877,123,0.123,0.08156122164428234
774,887,113,0.113,0.07612597720185295
774,887,113,0.113,0.09177235208731145
710,855,145,0.145,0.08796613586461172
744,872,128,0.128,0.0745416544964537
730,865,135,0.135,0.09838229503948241
816,908,92,0.092,0.08460630229255185
768,884,116,0.116,0.08556428926158696
792,896,104,0.104,0.07384927683137357
782,891,109,0.109,0.0809980487744324
762,881,119,0.119,0.08473279460915364
802,901,99,0.099,0.0660773996100761
748,874,126,0.126,0.0749844867499778
780,890,110,0.11,0.06107606266438961
740,870,130,0.13,0.0698880867511034
740,870,130,0.13,0.07523468896758277
772,886,114,0.114,0.07607485702831764
752,876,124,0.124,0.0832961548937019
764,882,118,0.118,0.08407145430985838
742,871,129,0.129,0.07400539834192023
802,901,99,0.099,0.07630263079586438
744,872,128,0.128,0.08119268186006229
762,881,119,0.119,0.07481144920457154
794,897,103,0.103,0.06754036029987037
740,870,130,0.13,0.07459427170478738
810,905,95,0.095,0.05740877101314254
716,858,142,0.142,0.0802161887800321
756,878,122,0.122,0.0801376831352245
766,883,117,0.117,0.08497895395942032
788,894,106,0.106,0.07239917248114944
776,888,112,0.112,0.07022367085912265
754,877,123,0.123,0.07980572251649573
734,867,133,0.133,0.09184646765457001
736,868,132,0.132,0.0810576194524765
736,868,132,0.132,0.079518813226372
818,909,91,0.091,0.07054445072286762
822,911,89,0.089,0.0737390840422595
728,864,136,0.136,0.07940334294107743
756,878,122,0.122,0.06161968428594992
744,872,128,0.128,0.07332960993866436
762,881,119,0.119,0.06938477184111252
750,875,125,0.125,0.0798671390179079
738,869,131,0.131,0.0856037872186862
828,914,86,0.086,0.08628603245224804
808,904,96,0.096,0.06966873987065628
750,875,125,0.125,0.0751250895508565
782,891,109,0.109,0.07569995769904926
678,839,161,0.161,0.10776654177217279
760,880,120,0.12,0.08778182596107945
782,891,109,0.109,0.06675881303520873
774,887,113,0.113,0.07588866750383749
760,880,120,0.12,0.07164091422734782
820,910,90,0.09,0.07004180404776707
722,861,139,0.139,0.08071270701941102
722,861,139,0.139,0.08863427010551095
756,878,122,0.122,0.08647097629937343
766,883,117,0.117,0.08455073875095695
756,878,122,0.122,0.0688883452306036
746,873,127,0.127,0.0886056805824628
804,902,98,0.098,0.06627561524114571
810,905,95,0.095,0.07893561176164075
756,878,122,0.122,0.08168709348305128
798,899,101,0.101,0.07865385757153853
776,888,112,0.112,0.08267873188760132
750,875,125,0.125,0.07586872252891771
744,872,128,0.128,0.08779505850281566
768,884,116,0.116,0.09686136216297746
736,868,132,0.132,0.09225652331695892
790,895,105,0.105,0.08509515533945523
802,901,99,0.099,0.08337109226407483
746,873,127,0.127,0.08752475211955607
734,867,133,0.133,0.09588646291615441
798,899,101,0.101,0.07407153045479208
704,852,148,0.148,0.09507384426519275
770,885,115,0.115,0.08619646951835602
754,877,123,0.123,0.08590634449431672
780,890,110,0.11,0.07564195845043287
726,863,137,0.137,0.1061818393128924
794,897,103,0.103,0.08326115179620683
734,867,133,0.133,0.09299420577590353
770,885,115,0.115,0.07883908740547485
810,905,95,0.095,0.07666313890879974
812,906,94,0.094,0.07350276171846781
764,882,118,0.118,0.08429733424214646
748,874,126,0.126,0.0838395382699091
774,887,113,0.113,0.07584999382775277
744,872,128,0.128,0.0785764608643949
728,864,136,0.136,0.08226958328904584
770,885,115,0.115,0.07561143639544025
792,896,104,0.104,0.07702220663055778
724,862,138,0.138,0.08078759822715074
742,871,129,0.129,0.0960540390247479
790,895,105,0.105,0.08607056718692184
784,892,108,0.108,0.08456906403461471
802,901,99,0.099,0.09212832020130009
768,884,116,0.116,0.09551047736406326
782,891,109,0.109,0.08393067581159994
790,895,105,0.105,0.07270401485706679
800,900,100,0.1,0.07749532385217026
846,923,77,0.077,0.07234368222470948
822,911,89,0.089,0.06627192647103221
762,881,119,0.119,0.07817336009978317
714,857,143,0.143,0.08176794577133842
768,884,116,0.116,0.0696899889750639
760,880,120,0.12,0.07644881983962841
820,910,90,0.09,0.07608466894272715
810,905,95,0.095,0.07811198657751084
778,889,111,0.111,0.08285160050634295
780,890,110,0.11,0.08876447116676718
744,872,128,0.128,0.08385193580412306
790,895,105,0.105,0.0867058115103282
730,865,135,0.135,0.10199092723499052
700,850,150,0.15,0.09424215530464426
794,897,103,0.103,0.09325876699341461
774,887,113,0.113,0.08498133911332116
788,894,106,0.106,0.09729740487015806
798,899,101,0.101,0.07825323462439701
770,885,115,0.115,0.08490367235778831
760,880,120,0.12,0.07363797126011923
780,890,110,0.11,0.08443619145918638
706,853,147,0.147,0.08616134794102982
792,896,104,0.104,0.07464326023031026
730,865,135,0.135,0.09459162428532727
774,887,113,0.113,0.07954815034638159
762,881,119,0.119,0.07620310321357102
746,873,127,0.127,0.10103851402550935
820,910,90,0.09,0.10056188984634355
688,844,156,0.156,0.10335402586241253
774,887,113,0.113,0.08182305430946872
724,862,138,0.138,0.09705350092565641
748,874,126,0.126,0.0884905914729461
770,885,115,0.115,0.09398279867228121
788,894,106,0.106,0.09256404648255556
742,871,129,0.129,0.09858924198895692
764,882,118,0.118,0.08696254820213653
742,871,129,0.129,0.10356745715113357
720,860,140,0.14,0.07667476489255205
824,912,88,0.088,0.07794673868734389
776,888,112,0.112,0.08237762264697812
754,877,123,0.123,0.09377512038219721
722,861,139,0.139,0.10481939231976867
770,885,115,0.115,0.0906948995955754
814,907,93,0.093,0.08262017365591601
748,874,126,0.126,0.09987751217233017
794,897,103,0.103,0.08144808377837762
776,888,112,0.112,0.08930792113509961
758,879,121,0.121,0.08634906315128318
744,872,128,0.128,0.10387209047004581
754,877,123,0.123,0.09787241874751634
812,906,94,0.094,0.07737473449786193
730,865,135,0.135,0.10448556728172116
750,875,125,0.125,0.09785507642198354
738,869,131,0.131,0.11124786899704486
732,866,134,0.134,0.11452314436621965
736,868,132,0.132,0.09931780573446304
764,882,118,0.118,0.10470870679151267
754,877,123,0.123,0.10042616202449427
702,851,149,0.149,0.11814469263982028
734,867,133,0.133,0.10625888309255242
762,881,119,0.119,0.1035102307102643
702,851,149,0.149,0.12151156694721431
772,886,114,0.114,0.09897412346862257
778,889,111,0.111,0.1082427244791761
726,863,137,0.137,0.11500952053256333
762,881,119,0.119,0.10819481083145364
740,870,130,0.13,0.13327515865117312
796,898,102,0.102,0.09574518593819811
776,888,112,0.112,0.08418366780690849
764,882,118,0.118,0.10452515618829057
758,879,121,0.121,0.09710783959878609
772,886,114,0.114,0.08383666365593671
760,880,120,0.12,0.09550937384087592
746,873,127,0.127,0.10587608669651673
792,896,104,0.104,0.09528665319737047
788,894,106,0.106,0.10482533855270594
790,895,105,0.105,0.10202961746416986
796,898,102,0.102,0.09603010706976056
780,890,110,0.11,0.10348029267275706
840,920,80,0.08,0.09361225722450763
728,864,136,0.136,0.11148552682064473
796,898,102,0.102,0.11129417760344222
820,910,90,0.09,0.09663918180624023
756,878,122,0.122,0.10151942945923656
806,903,97,0.097,0.09427099023712798
692,846,154,0.154,0.12032065984746441
778,889,111,0.111,0.11003053201828152
714,857,143,0.143,0.10727613025717438
770,885,115,0.115,0.1096685764794238
798,899,101,0.101,0.10604779059626163
740,870,130,0.13,0.11229837636556476
820,910,90,0.09,0.1087126318514347
790,895,105,0.105,0.11119424292165786
766,883,117,0.117,0.12012041694950312
758,879,121,0.121,0.09980080523714423
778,889,111,0.111,0.09933447080478072
722,861,139,0.139,0.1209708681772463
766,883,117,0.117,0.11587980085238814
784,892,108,0.108,0.10192599359247834
810,905,95,0.095,0.09901053332025185
808,904,96,0.096,0.10233996058255435
772,886,114,0.114,0.09664051754400134
804,902,98,0.098,0.10936232478311285
720,860,140,0.14,0.1130575671568513
690,845,155,0.155,0.10130790679622441
748,874,126,0.126,0.11060306661599316
708,854,146,0.146,0.1274053454818204
752,876,124,0.124,0.12980749794468283
796,898,102,0.102,0.12222273362241685
820,910,90,0.09,0.11368262614030392
694,847,153,0.153,0.14467618366982787
776,888,112,0.112,0.11082054838491603
766,883,117,0.117,0.12420233469456435
780,890,110,0.11,0.12256121408566832
746,873,127,0.127,0.12723125775437802
756,878,122,0.122,0.11741883439943195
792,896,104,0.104,0.11039081331901253
788,894,106,0.106,0.11723494180385023
788,894,106,0.106,0.10639399066171609
748,874,126,0.126,0.12008625878114253
784,892,108,0.108,0.09808483248297126
818,909,91,0.091,0.10866696155630053
786,893,107,0.107,0.11706230040243827
796,898,102,0.102,0.10193644985835999
760,880,120,0.12,0.11359558021090925
736,868,132,0.132,0.11098846021527424
740,870,130,0.13,0.12263376095239073
670,835,165,0.165,0.12685124697629363
790,895,105,0.105,0.1175636741775088
768,884,116,0.116,0.10699176237545907
716,858,142,0.142,0.14292296790983527
812,906,94,0.094,0.11153821060433984
744,872,128,0.128,0.1250957021974027
754,877,123,0.123,0.150987707500346
824,912,88,0.088,0.12562704622279852
694,847,153,0.153,0.13373198842862621
746,873,127,0.127,0.12021325961407274
756,878,122,0.122,0.1172936012565624
804,902,98,0.098,0.10971456948993727
686,843,157,0.157,0.12597123473510147
724,862,138,0.138,0.12105332026351243
742,871,129,0.129,0.12399098660377786
768,884,116,0.116,0.12603418062068522
748,874,126,0.126,0.1260509087657556
792,896,104,0.104,0.1383522960599512
806,903,97,0.097,0.12907143845409155
808,904,96,0.096,0.11231395362224429
780,890,110,0.11,0.1389469380788505
794,897,103,0.103,0.12453709421120585
796,898,102,0.102,0.1168939562914893
804,902,98,0.098,0.11798076751362532
790,895,105,0.105,0.13661536376737057
750,875,125,0.125,0.14438406212255359
746,873,127,0.127,0.1256840670723468
770,885,115,0.115,0.1455604784656316
798,899,101,0.101,0.13543567656259983
734,867,133,0.133,0.1321115602152422
730,865,135,0.135,0.1545717250397429
724,862,138,0.138,0.1609093530550599
724,862,138,0.138,0.16143455094657838
796,898,102,0.102,0.1573449866771698
770,885,115,0.115,0.16853909487836063
772,886,114,0.114,0.14106863233074546
762,881,119,0.119,0.15883021389506757
778,889,111,0.111,0.13853886336740107
710,855,145,0.145,0.15666674725525082
726,863,137,0.137,0.16136657614447175
764,882,118,0.118,0.14896028224937619
766,883,117,0.117,0.14193884519673883
754,877,123,0.123,0.1399609917048365
754,877,123,0.123,0.13520344026386738
760,880,120,0.12,0.12196408997755498
722,861,139,0.139,0.14371273710485546
754,877,123,0.123,0.15053470457531512
820,910,90,0.09,0.14639667974598705
810,905,95,0.095,0.14835862367833033
746,873,127,0.127,0.13955540911573916
762,881,119,0.119,0.1573377550803125
726,863,137,0.137,0.15275297286361456
756,878,122,0.122,0.15001257538422944
762,881,119,0.119,0.1390839268732816
732,866,134,0.134,0.1555239286776632
760,880,120,0.12,0.14719117616768926
788,894,106,0.106,0.13879534163232893
790,895,105,0.105,0.15140365424007177
744,872,128,0.128,0.14689065636415036
702,851,149,0.149,0.15427787009999155
762,881,119,0.119,0.12777638644725084
852,926,74,0.074,0.12397052965499461
786,893,107,0.107,0.1426078477203846
712,856,144,0.144,0.16895497082080693
722,861,139,0.139,0.15559070975519718
768,884,116,0.116,0.14016861758287996
798,899,101,0.101,0.13027449531294405
772,886,114,0.114,0.13402137503772973
704,852,148,0.148,0.16796520546264945
772,886,114,0.114,0.12620530322380363
774,887,113,0.113,0.1079123840695247
708,854,146,0.146,0.12899244799930604
824,912,88,0.088,0.10697177161183208
758,879,121,0.121,0.14043322351761162
760,880,120,0.12,0.11290202469332143
824,912,88,0.088,0.12174201988428832
748,874,126,0.126,0.12078047829447314
742,871,129,0.129,0.13169626199267806
738,869,131,0.131,0.14243933142349124
818,909,91,0.091,0.1212777377134189
748,874,126,0.126,0.12333528151735663
802,901,99,0.099,0.13114875283464789
736,868,132,0.132,0.10683606672007591
756,878,122,0.122,0.11869119104463607
758,879,121,0.121,0.12995169065706433
772,886,114,0.114,0.10768498352449388
806,903,97,0.097,0.1265930259320885
768,884,116,0.116,0.11541667791176588
774,887,113,0.113,0.11832037378754466
750,875,125,0.125,0.10509713072702288
752,876,124,0.124,0.11487108319438993
766,883,117,0.117,0.109506373135373
786,893,107,0.107,0.10746193157415837
754,877,123,0.123,0.12376169487833977
806,903,97,0.097,0.12058940076176076
786,893,107,0.107,0.11576303906179965
810,905,95,0.095,0.10733090316876769
816,908,92,0.092,0.1275140656074509
786,893,107,0.107,0.11599105062894523
748,874,126,0.126,0.12526518977805973
788,894,106,0.106,0.13532702725753187
764,882,118,0.118,0.12135567617416382
756,878,122,0.122,0.11891747891437263
716,858,142,0.142,0.12463523419387638
760,880,120,0.12,0.11305100816115737
780,890,110,0.11,0.11419276721123606
692,846,154,0.154,0.1301661244891584
774,887,113,0.113,0.11943222021684051
826,913,87,0.087,0.12303863148950041
798,899,101,0.101,0.1157459876537323
758,879,121,0.121,0.11810178393591195
710,855,145,0.145,0.1249199572931975
806,903,97,0.097,0.1065245662657544
710,855,145,0.145,0.10874246395286173
756,878,122,0.122,0.12008503194712103
744,872,128,0.128,0.13146065688319505
718,859,141,0.141,0.13211585130821912
832,916,84,0.084,0.11690664841979742
768,884,116,0.116,0.11104078424349427
776,888,112,0.112,0.119905531398952
764,882,118,0.118,0.12605647580418736
770,885,115,0.115,0.11492663589678705
698,849,151,0.151,0.11089310406614095
756,878,122,0.122,0.10590565761644394
798,899,101,0.101,0.10840776015259325
776,888,112,0.112,0.12120203725714236
756,878,122,0.122,0.09877879791148007
744,872,128,0.128,0.12020133327692747
806,903,97,0.097,0.10538659509178251
748,874,126,0.126,0.11090617867279798
748,874,126,0.126,0.11698477862589061
738,869,131,0.131,0.1234631453959737
776,888,112,0.112,0.11672173075424508
722,861,139,0.139,0.1206163385603577
814,907,93,0.093,0.09537345539871603
776,888,112,0.112,0.09930491282325238
776,888,112,0.112,0.11427726504812018
750,875,125,0.125,0.12130488556157798
726,863,137,0.137,0.1292654212890193
760,880,120,0.12,0.11932308280840516
722,861,139,0.139,0.1298701756298542
748,874,126,0.126,0.11359433157136664
786,893,107,0.107,0.1150092977238819
812,906,94,0.094,0.10535195136629046
794,897,103,0.103,0.10845096906088293
790,895,105,0.105,0.10217199691478163
698,849,151,0.151,0.10725047870539128
732,866,134,0.134,0.11712397906207479
736,868,132,0.132,0.12437198599055409
798,899,101,0.101,0.09649418138805776
770,885,115,0.115,0.1150079637831077
760,880,120,0.12,0.1279609309840016
756,878,122,0.122,0.12792881933599712
756,878,122,0.122,0.10196522944420576
776,888,112,0.112,0.11435000353865325
752,876,124,0.124,0.11613887212797999
738,869,131,0.131,0.11422124237101525
758,879,121,0.121,0.122808912249282
724,862,138,0.138,0.11182474455516786
780,890,110,0.11,0.12048552546277642
746,873,127,0.127,0.12163629068993032
780,890,110,0.11,0.1168456442488823
804,902,98,0.098,0.115211185477674
818,909,91,0.091,0.1125752593036741
816,908,92,0.092,0.1058578540594317
782,891,109,0.109,0.09618099554255605
764,882,118,0.118,0.11302211437933148
762,881,119,0.119,0.10720340122422203
740,870,130,0.13,0.12595376593433322
710,855,145,0.145,0.12985326323378832
786,893,107,0.107,0.10719332452025264
722,861,139,0.139,0.11670132568757981
776,888,112,0.112,0.1040709962490946
776,888,112,0.112,0.11005765423551202
758,879,121,0.121,0.10693031987920404
766,883,117,0.117,0.1104398824153468
764,882,118,0.118,0.11304187980201096
762,881,119,0.119,0.1318141740038991
828,914,86,0.086,0.10723519895784557
754,877,123,0.123,0.11989041292387992
762,881,119,0.119,0.11809438020829112
802,901,99,0.099,0.1184333725385368
762,881,119,0.119,0.111671624770388
736,868,132,0.132,0.11374365401035175
820,910,90,0.09,0.10357596905715763
770,885,115,0.115,0.12347894860990345
780,890,110,0.11,0.11089818155299871
768,884,116,0.116,0.09887690399377606
788,894,106,0.106,0.0881087847785093
738,869,131,0.131,0.11654107602406293
818,909,91,0.091,0.11587062354572117
748,874,126,0.126,0.11314604724664241
850,925,75,0.075,0.10712610428687185
808,904,96,0.096,0.106199048737064
752,876,124,0.124,0.1111008026227355
762,881,119,0.119,0.1190931554948911
790,895,105,0.105,0.11350703251641243
766,883,117,0.117,0.11001768656261265
786,893,107,0.107,0.12362147584185004
752,876,124,0.124,0.11411956493183971
794,897,103,0.103,0.10272108671441674
744,872,128,0.128,0.1186435491386801
784,892,108,0.108,0.11299849834945053
730,865,135,0.135,0.13531628094427287
746,873,127,0.127,0.12201625968888402
774,887,113,0.113,0.11372484223172069
792,896,104,0.104,0.12230945121031254
744,872,128,0.128,0.13378577121067792
752,876,124,0.124,0.1364215863123536
758,879,121,0.121,0.13597061343304812
708,854,146,0.146,0.12350068128947168
764,882,118,0.118,0.13723678410425783
764,882,118,0.118,0.12183148309355601
730,865,135,0.135,0.13359255004581064
724,862,138,0.138,0.11727617647685111
784,892,108,0.108,0.12966109750047325
800,900,100,0.1,0.11854675610177219
690,845,155,0.155,0.11973849758598953
808,904,96,0.096,0.1095432958966121
816,908,92,0.092,0.10346262613497674
776,888,112,0.112,0.10441242406470701
804,902,98,0.098,0.10610898321447894
762,881,119,0.119,0.11030269395560026
732,866,134,0.134,0.1048452619491145
718,859,141,0.141,0.10723323748540134
754,877,123,0.123,0.11359640541207046
776,888,112,0.112,0.11094256038311869
722,861,139,0.139,0.13171103397384287
758,879,121,0.121,0.11266617595311254
722,861,139,0.139,0.1200241744145751
754,877,123,0.123,0.12385498986812309
782,891,109,0.109,0.1276835697758943
782,891,109,0.109,0.10902140692807734
798,899,101,0.101,0.119923835425172
734,867,133,0.133,0.12435995100997388
756,878,122,0.122,0.13439576414600016
730,865,135,0.135,0.1489258954450488
784,892,108,0.108,0.12567058175895363
788,894,106,0.106,0.11521885751467198
728,864,136,0.136,0.12131865112762898
778,889,111,0.111,0.12303238812834025
714,857,143,0.143,0.1123194329291582
714,857,143,0.143,0.12230813180329278
716,858,142,0.142,0.13108049166575075
780,890,110,0.11,0.11987353162700311
690,845,155,0.155,0.12934651220869273
746,873,127,0.127,0.12729049444384874
714,857,143,0.143,0.1457348070219159
766,883,117,0.117,0.1356773842368275
770,885,115,0.115,0.13910678929835557
732,866,134,0.134,0.14273413686081768
816,908,92,0.092,0.12983467794023454
766,883,117,0.117,0.1321370240189135
728,864,136,0.136,0.1386214578123763
740,870,130,0.13,0.1403278735037893
746,873,127,0.127,0.13329653439950198
740,870,130,0.13,0.1272263056728989
840,920,80,0.08,0.11187274674884976
742,871,129,0.129,0.11841671800427139
746,873,127,0.127,0.11641477417573333
762,881,119,0.119,0.12739213418774306
712,856,144,0.144,0.1122133319452405
774,887,113,0.113,0.12795888322219254
768,884,116,0.116,0.12234284638427198
804,902,98,0.098,0.12321220001392066
834,917,83,0.083,0.11270701271016151
760,880,120,0.12,0.11645063177961856
780,890,110,0.11,0.10300894984882325
770,885,115,0.115,0.11452981357835233
788,894,106,0.106,0.10546123884944245
762,881,119,0.119,0.11629816031455993
742,871,129,0.129,0.11394809374026954
828,914,86,0.086,0.11364176292810589
760,880,120,0.12,0.13127441783156246
740,870,130,0.13,0.12705796391889454
822,911,89,0.089,0.12958634549658746
770,885,115,0.115,0.1158555771149695
670,835,165,0.165,0.14858150055352598
706,853,147,0.147,0.1342854805253446
744,872,128,0.128,0.13391099407244475
786,893,107,0.107,0.12549557457491756
756,878,122,0.122,0.13722382401768118
752,876,124,0.124,0.14250767984520643
816,908,92,0.092,0.13342280869092793
756,878,122,0.122,0.12583515480719507
768,884,116,0.116,0.1335588442347944
762,881,119,0.119,0.13150539097655564
794,897,103,0.103,0.10859649711102247
768,884,116,0.116,0.12134750527516007
734,867,133,0.133,0.1306392523413524
774,887,113,0.113,0.12052901960350573
726,863,137,0.137,0.12006737664341927
790,895,105,0.105,0.1059077123804018
768,884,116,0.116,0.10736265781335533
718,859,141,0.141,0.13443182039633395
782,891,109,0.109,0.12438985410286113
750,875,125,0.125,0.13502096046414228
770,885,115,0.115,0.1262372659733519
724,862,138,0.138,0.14112438914598896
740,870,130,0.13,0.14182436266168952
770,885,115,0.115,0.13665060885809363
810,905,95,0.095,0.1270651992894709
770,885,115,0.115,0.1307911360170692
774,887,113,0.113,0.1146949320025742
802,901,99,0.099,0.10858719658851623
758,879,121,0.121,0.11774913957715034
776,888,112,0.112,0.11498348311986774
750,875,125,0.125,0.1350216664094478
744,872,128,0.128,0.12261373170278966
826,913,87,0.087,0.11885989386402071
818,909,91,0.091,0.1229387280791998
766,883,117,0.117,0.12862286063749342
742,871,129,0.129,0.1258506885683164
780,890,110,0.11,0.13672534935828298
756,878,122,0.122,0.14799891389347614
782,891,109,0.109,0.12015235932916403
780,890,110,0.11,0.1259813766553998
786,893,107,0.107,0.13937210961431265
784,892,108,0.108,0.11871002322621643
772,886,114,0.114,0.14178171414509416
718,859,141,0.141,0.13547399999573828
728,864,136,0.136,0.13291638424247504
780,890,110,0.11,0.14380877338536083
752,876,124,0.124,0.1504149394966662
782,891,109,0.109,0.14779692625440657
698,849,151,0.151,0.1460762410853058
718,859,141,0.141,0.16251255368627607
724,862,138,0.138,0.15802271819487215
784,892,108,0.108,0.15183994404971599
744,872,128,0.128,0.14005966073460877
786,893,107,0.107,0.13249385875090958
710,855,145,0.145,0.16121689480915666
764,882,118,0.118,0.13820383138768375
728,864,136,0.136,0.15576125075109304
714,857,143,0.143,0.15134620443172753
702,851,149,0.149,0.1572598821837455
760,880,120,0.12,0.13588435883633793
792,896,104,0.104,0.15276034450158477
772,886,114,0.114,0.14743426879122853
770,885,115,0.115,0.15011554888635875
744,872,128,0.128,0.15093505840748547
756,878,122,0.122,0.16356742966547608
744,872,128,0.128,0.1520691902656108
754,877,123,0.123,0.1434246104839258
812,906,94,0.094,0.13591031624376773
798,899,101,0.101,0.13232023485191166
800,900,100,0.1,0.13443104994669558
768,884,116,0.116,0.13598321168962865
754,877,123,0.123,0.12699896684847772
740,870,130,0.13,0.13812589728832245
700,850,150,0.15,0.15612328087724744
756,878,122,0.122,0.14079001323878765
770,885,115,0.115,0.1582459159893915
702,851,149,0.149,0.15399498919770122
736,868,132,0.132,0.15068365951813759
804,902,98,0.098,0.13292677216790616
778,889,111,0.111,0.14207053825445473
748,874,126,0.126,0.14131055894307792
740,870,130,0.13,0.14518899236246943
796,898,102,0.102,0.14571307558193802
750,875,125,0.125,0.13373027192056178
814,907,93,0.093,0.11776981071941554
728,864,136,0.136,0.14186621356569232
826,913,87,0.087,0.12342945324908942
740,870,130,0.13,0.13123935784958302
704,852,148,0.148,0.134213115863502
726,863,137,0.137,0.14223791213706136
756,878,122,0.122,0.1682063250876963
702,851,149,0.149,0.14867514469102025
752,876,124,0.124,0.1492553395582363
776,888,112,0.112,0.14018808304704725
792,896,104,0.104,0.13280756554193796
826,913,87,0.087,0.13118866046890618
788,894,106,0.106,0.11458693324122578
762,881,119,0.119,0.14138597440719605
814,907,93,0.093,0.12205114856548607
786,893,107,0.107,0.11944790541939437
794,897,103,0.103,0.11062650092225522
786,893,107,0.107,0.10830459782853723
774,887,113,0.113,0.12046927577070891
706,853,147,0.147,0.1335039505911991
738,869,131,0.131,0.13293447986245155
764,882,118,0.118,0.1411871373616159
702,851,149,0.149,0.15458001318946482
734,867,133,0.133,0.1362239891048521
762,881,119,0.119,0.14497276893258096
784,892,108,0.108,0.14481822807528077
772,886,114,0.114,0.13796025665290654
762,881,119,0.119,0.1611423285473138
734,867,133,0.133,0.14212045262008904
756,878,122,0.122,0.13348194441990927
746,873,127,0.127,0.13906995579693465
724,862,138,0.138,0.1356146752461791
782,891,109,0.109,0.12739647900569254
738,869,131,0.131,0.1447753443773836
692,846,154,0.154,0.13825075643137097
772,886,114,0.114,0.12060494107659907
694,847,153,0.153,0.1486117589212954
768,884,116,0.116,0.1340684203840792
764,882,118,0.118,0.12478032641671598
800,900,100,0.1,0.12294370883796364
788,894,106,0.106,0.12304395734518767
678,839,161,0.161,0.15861066156998277
788,894,106,0.106,0.11330388572532683
824,912,88,0.088,0.11497171286866069
750,875,125,0.125,0.10527321976236999
790,895,105,0.105,0.10400825024023652
788,894,106,0.106,0.09811430614348501
746,873,127,0.127,0.10712547683995217
766,883,117,0.117,0.09779561714152805
750,875,125,0.125,0.08597799961222335
792,896,104,0.104,0.08454612995265051
714,857,143,0.143,0.10329528432665393
774,887,113,0.113,0.08605488163838163
710,855,145,0.145,0.10760062186233699
744,872,128,0.128,0.10812321122456342
744,872,128,0.128,0.11824511262774468
812,906,94,0.094,0.10379704450583085
738,869,131,0.131,0.11775060746632517
748,874,126,0.126,0.12591228402778507
742,871,129,0.129,0.12180816839821637
714,857,143,0.143,0.12416072508133948
762,881,119,0.119,0.10629590348992497
766,883,117,0.117,0.10383617202937603
806,903,97,0.097,0.09343930176552386
780,890,110,0.11,0.10727611564844847
768,884,116,0.116,0.1053696214046795
798,899,101,0.101,0.1005002973601222
762,881,119,0.119,0.11273655528435483
738,869,131,0.131,0.10837794252997264
808,904,96,0.096,0.10461268135719001
752,876,124,0.124,0.11360863220784813
756,878,122,0.122,0.09913872423674912
726,863,137,0.137,0.09788980037905276
744,872,128,0.128,0.10302583212032915
770,885,115,0.115,0.11343156043859198
690,845,155,0.155,0.10436801727022976
730,865,135,0.135,0.11182439223024994
736,868,132,0.132,0.1265111720347777
748,874,126,0.126,0.11465685522835702
754,877,123,0.123,0.11860664493683726
784,892,108,0.108,0.10293808452412487
702,851,149,0.149,0.12045443739090114
802,901,99,0.099,0.11099683178775012
714,857,143,0.143,0.10591609965171665
698,849,151,0.151,0.12378103804029525
722,861,139,0.139,0.10891678716079332
758,879,121,0.121,0.11388257456198335
766,883,117,0.117,0.09706030274415389
738,869,131,0.131,0.11735347472317517
808,904,96,0.096,0.10384573568915949
748,874,126,0.126,0.10096941412519664
742,871,129,0.129,0.09996415379364043
736,868,132,0.132,0.10356732028350234
814,907,93,0.093,0.10456253378465771
708,854,146,0.146,0.11537477012630552
724,862,138,0.138,0.10961752634309233
766,883,117,0.117,0.10521278191171586
800,900,100,0.1,0.10042559872381389
746,873,127,0.127,0.09279882011981681
724,862,138,0.138,0.09385013547446579
734,867,133,0.133,0.10953445652965456
762,881,119,0.119,0.09124856433365494
718,859,141,0.141,0.09782581910211594
816,908,92,0.092,0.09337015467695892
732,866,134,0.134,0.10125654292199761
790,895,105,0.105,0.09736656811833382
756,878,122,0.122,0.10746158596780152
778,889,111,0.111,0.11489658487495034
802,901,99,0.099,0.10626401839405299
728,864,136,0.136,0.10260542437061668
766,883,117,0.117,0.10789873047126457
734,867,133,0.133,0.10273071638122201
734,867,133,0.133,0.09677873823232949
716,858,142,0.142,0.12446509142499416
748,874,126,0.126,0.12390808008611202
772,886,114,0.114,0.11363416585512459
772,886,114,0.114,0.12540803335001693
748,874,126,0.126,0.11679343747440725
820,910,90,0.09,0.10498802306782454
774,887,113,0.113,0.10067628635186703
798,899,101,0.101,0.10677052680775523
810,905,95,0.095,0.09945035992655903
788,894,106,0.106,0.08558456323575228
736,868,132,0.132,0.10305183146754279
746,873,127,0.127,0.09466621678741649
764,882,118,0.118,0.1111273631490767
730,865,135,0.135,0.11773723312653601
722,861,139,0.139,0.10468246405664831
802,901,99,0.099,0.10935832913313061
800,900,100,0.1,0.10692002664180472
688,844,156,0.156,0.12021622387738898
714,857,143,0.143,0.12570241944724694
752,876,124,0.124,0.09874050975963473
742,871,129,0.129,0.11959092292934656
742,871,129,0.129,0.10045981675200165
788,894,106,0.106,0.1117238143030554
778,889,111,0.111,0.10426626818301156
762,881,119,0.119,0.11294965331163258
762,881,119,0.119,0.09900793243525549
736,868,132,0.132,0.1194145370637998
748,874,126,0.126,0.10890447732806206
728,864,136,0.136,0.12026005632244051
760,880,120,0.12,0.10236849790625274
724,862,138,0.138,0.11150882831402123
772,886,114,0.114,0.10473287522885949
802,901,99,0.099,0.10095167962554842
746,873,127,0.127,0.10166234244965017
764,882,118,0.118,0.09825162015482783
750,875,125,0.125,0.10412497530505062
778,889,111,0.111,0.10879622626956552
768,884,116,0.116,0.09424992753472179
764,882,118,0.118,0.09815259759500623
754,877,123,0.123,0.0926016262890771
834,917,83,0.083,0.09656507831346244
770,885,115,0.115,0.10717176473326981
752,876,124,0.124,0.1111971094775945
820,910,90,0.09,0.10134989794716238
788,894,106,0.106,0.102521795227658
778,889,111,0.111,0.10407582104299218
754,877,123,0.123,0.09334053765051067
752,876,124,0.124,0.10539893109258264
724,862,138,0.138,0.11373831558972597
774,887,113,0.113,0.10455128302890808
796,898,102,0.102,0.10637326570227743
742,871,129,0.129,0.10664581687189639
778,889,111,0.111,0.11908365201205015
758,879,121,0.121,0.11765331268310547
736,868,132,0.132,0.12070322979893536
820,910,90,0.09,0.11309230311587452
798,899,101,0.101,0.10726293775904924
730,865,135,0.135,0.11418817793764174
812,906,94,0.094,0.09311702531017363
782,891,109,0.109,0.10400262039946392
790,895,105,0.105,0.09699978451337665
748,874,126,0.126,0.09853395446576178
764,882,118,0.118,0.10868976030591876
742,871,129,0.129,0.10986841607000679
726,863,137,0.137,0.10862417740374804
764,882,118,0.118,0.1048841535039246
772,886,114,0.114,0.10810324243549257
748,874,126,0.126,0.10762400269322098
760,880,120,0.12,0.11112557206489146
740,870,130,0.13,0.11110776913817971
714,857,143,0.143,0.1150952798416838
758,879,121,0.121,0.11339504658244551
782,891,109,0.109,0.10370136933540926
778,889,111,0.111,0.10306609652191401
750,875,125,0.125,0.11037080742325633
780,890,110,0.11,0.10011038813740016
772,886,114,0.114,0.0949636207530275
772,886,114,0.114,0.0948458646228537
858,929,71,0.071,0.07888028220646083
722,861,139,0.139,0.10943531118240207
748,874,126,0.126,0.09500864000385627
778,889,111,0.111,0.09628749306220562
802,901,99,0.099,0.09476867865025997
728,864,136,0.136,0.10693630659021437
752,876,124,0.124,0.1058461786787957
738,869,131,0.131,0.11101174465287476
682,841,159,0.159,0.11312663802411407
750,875,125,0.125,0.12137472053617239
720,860,140,0.14,0.13200363343022764
742,871,129,0.129,0.10631039259769022
736,868,132,0.132,0.1196386745898053
760,880,120,0.12,0.12807641246542334
758,879,121,0.121,0.11111198752373456
730,865,135,0.135,0.1137249204730615
798,899,101,0.101,0.0986095486022532
780,890,110,0.11,0.10351210827659815
736,868,132,0.132,0.10488119378313422
744,872,128,0.128,0.10568018763046712
766,883,117,0.117,0.10359151774668135
742,871,129,0.129,0.10280002586822957
794,897,103,0.103,0.11219681421853601
770,885,115,0.115,0.09870555466320366
730,865,135,0.135,0.10199031471228227
774,887,113,0.113,0.10050488662626594
770,885,115,0.115,0.09049155044555664
800,900,100,0.1,0.0924340746179223
798,899,101,0.101,0.09537270741257817
730,865,135,0.135,0.10654230633564293
730,865,135,0.135,0.1009987117163837
758,879,121,0.121,0.10592135339416564
710,855,145,0.145,0.10057203787285834
752,876,124,0.124,0.10385667058080435
782,891,109,0.109,0.10700005493219941
742,871,129,0.129,0.11776607517153025
744,872,128,0.128,0.11285240574367345
710,855,145,0.145,0.10660687573347241
788,894,106,0.106,0.10304758304357528
802,901,99,0.099,0.09604924700269475
786,893,107,0.107,0.09067492205556482
820,910,90,0.09,0.09134314167266712
774,887,113,0.113,0.08436465990915895
762,881,119,0.119,0.09211993772233837
774,887,113,0.113,0.095316725384444
808,904,96,0.096,0.0809372558388859
784,892,108,0.108,0.07755842071492225
758,879,121,0.121,0.08105321213696152
722,861,139,0.139,0.0859488887162879
768,884,116,0.116,0.08761758113419638
716,858,142,0.142,0.09699591867672279
760,880,120,0.12,0.0879637385578826
790,895,105,0.105,0.09522147221211344
660,830,170,0.17,0.10771391199249775
792,896,104,0.104,0.08520546404644846
698,849,151,0.151,0.09915113149676472
806,903,97,0.097,0.09671163654699921
806,903,97,0.097,0.09517021206021309
704,852,148,0.148,0.11598338809050619
718,859,141,0.141,0.11022765172086656
792,896,104,0.104,0.09877148303762079
716,858,142,0.142,0.11094703394081444
782,891,109,0.109,0.09941667499300093
744,872,128,0.128,0.10249743778444827
706,853,147,0.147,0.12477648962661624
770,885,115,0.115,0.09817602764163166
776,888,112,0.112,0.10656194071751088
726,863,137,0.137,0.10382704386487603
786,893,107,0.107,0.09543131356593221
718,859,141,0.141,0.10577009532414376
728,864,136,0.136,0.10408270255476236
836,918,82,0.082,0.09472217447077856
776,888,112,0.112,0.09416013198625296
744,872,128,0.128,0.10323176159709692
790,895,105,0.105,0.10359591161087155
744,872,128,0.128,0.10763715077377856
738,869,131,0.131,0.10600203253887594
806,903,97,0.097,0.10820923674851655
838,919,81,0.081,0.08091239385772496
778,889,111,0.111,0.09445763019146397
780,890,110,0.11,0.0990073249898851
754,877,123,0.123,0.10138698038831354
784,892,108,0.108,0.11238693214766682
772,886,114,0.114,0.10176183146703989
756,878,122,0.122,0.105720259077847
692,846,154,0.154,0.1175898481607437
816,908,92,0.092,0.11012420725729316
792,896,104,0.104,0.1023134916080162
750,875,125,0.125,0.10816998863779008
800,900,100,0.1,0.10288388523086905
798,899,101,0.101,0.11087454618699849
742,871,129,0.129,0.1133389818344731
728,864,136,0.136,0.10381091663613916
708,854,146,0.146,0.10434250808507205
794,897,103,0.103,0.10221732101030648
728,864,136,0.136,0.12376462063007057
788,894,106,0.106,0.10223421453498303
750,875,125,0.125,0.10751628805231303
768,884,116,0.116,0.10389707782911137
760,880,120,0.12,0.11254170264583081
730,865,135,0.135,0.10480203179409728
820,910,90,0.09,0.0813919747658074
758,879,121,0.121,0.0985014794236049
764,882,118,0.118,0.10592561570229009
762,881,119,0.119,0.10878438389115036
692,846,154,0.154,0.10793723036069423
780,890,110,0.11,0.1086582759139128
788,894,106,0.106,0.11456937963329256
682,841,159,0.159,0.14924267677776515
794,897,103,0.103,0.11707831034623087
718,859,141,0.141,0.12630996772274375
744,872,128,0.128,0.1248520159497857
778,889,111,0.111,0.11976550747640431
744,872,128,0.128,0.12305931971594691
822,911,89,0.089,0.09696897876821459
704,852,148,0.148,0.11132447536755354
760,880,120,0.12,0.11726733000297099
744,872,128,0.128,0.11719702008552849
780,890,110,0.11,0.0957241860423237
706,853,147,0.147,0.11329510302515701
770,885,115,0.115,0.11854251239448786
778,889,111,0.111,0.11556994679942727
786,893,107,0.107,0.12623428468499331
756,878,122,0.122,0.12703478262387216
732,866,134,0.134,0.13427548747137188
718,859,141,0.141,0.14076150366757065
818,909,91,0.091,0.11565416445396841
724,862,138,0.138,0.1266567480061203
812,906,94,0.094,0.11799769657105208
762,881,119,0.119,0.12629028380755336
732,866,134,0.134,0.12628529952466488
774,887,113,0.113,0.13604539687279613
766,883,117,0.117,0.11701543542183936
720,860,140,0.14,0.13190652699768543
776,888,112,0.112,0.1190554818189703
800,900,100,0.1,0.1264079021839425
776,888,112,0.112,0.12363922135904432
768,884,116,0.116,0.1296629085764289
798,899,101,0.101,0.11157081416156144
774,887,113,0.113,0.12117505079321564
738,869,131,0.131,0.1148109964709729
802,901,99,0.099,0.11386972780060023
746,873,127,0.127,0.11713601358607412
768,884,116,0.116,0.1262449019672349
714,857,143,0.143,0.131932243084535
676,838,162,0.162,0.13545121646486222
730,865,135,0.135,0.1432935987133533
698,849,151,0.151,0.14041319668106736
776,888,112,0.112,0.12164521228149533
750,875,125,0.125,0.1406786750787869
762,881,119,0.119,0.12440698629245162
728,864,136,0.136,0.14974952284712345
770,885,115,0.115,0.13759487180225552
768,884,116,0.116,0.1390882600992918
724,862,138,0.138,0.15399725741147996
794,897,103,0.103,0.13089357415400446
676,838,162,0.162,0.14484433476440609
760,880,120,0.12,0.13711681365780531
688,844,156,0.156,0.13329206452518702
720,860,140,0.14,0.12612860964704306
772,886,114,0.114,0.13652805523388087
804,902,98,0.098,0.13010059968940912
740,870,130,0.13,0.1375198088111356
788,894,106,0.106,0.13908983010053635
772,886,114,0.114,0.134343712316826
764,882,118,0.118,0.13249279827438296
738,869,131,0.131,0.16380525836907328
792,896,104,0.104,0.12228021190688014
814,907,93,0.093,0.11852903187274932
738,869,131,0.131,0.13047493838332594
738,869,131,0.131,0.12340868737176061
800,900,100,0.1,0.12762055908888578
716,858,142,0.142,0.13801620022952557
768,884,116,0.116,0.12451917666383087
764,882,118,0.118,0.11431903224810958
804,902,98,0.098,0.12798101300001144
792,896,104,0.104,0.1292488657720387
734,867,133,0.133,0.14755088732391597
754,877,123,0.123,0.1311878529191017
774,887,113,0.113,0.13211848064512013
732,866,134,0.134,0.1271200737869367
736,868,132,0.132,0.14835475519113242
726,863,137,0.137,0.14377366231009364
766,883,117,0.117,0.1500300012808293
772,886,114,0.114,0.15068014728091658
716,858,142,0.142,0.16748094372078776
722,861,139,0.139,0.1700824334435165
752,876,124,0.124,0.15170604334026574
796,898,102,0.102,0.14047681986540556
738,869,131,0.131,0.15370935963094234
754,877,123,0.123,0.13665609668381512
788,894,106,0.106,0.1270134445372969
776,888,112,0.112,0.14456371830403805
798,899,101,0.101,0.1397455007750541
822,911,89,0.089,0.13042100316099822
706,853,147,0.147,0.14028459618054331
722,861,139,0.139,0.15366717501357197
796,898,102,0.102,0.12597867236845195
744,872,128,0.128,0.15323702174052595
720,860,140,0.14,0.15746441706269979
814,907,93,0.093,0.13814663602039218
724,862,138,0.138,0.1503546834997833
772,886,114,0.114,0.13483243163023145
814,907,93,0.093,0.13479822672903538
788,894,106,0.106,0.14005116974376142
824,912,88,0.088,0.1297351489365101
746,873,127,0.127,0.14353280954807995
746,873,127,0.127,0.13876485735923053
804,902,98,0.098,0.116751558592543
790,895,105,0.105,0.13373687364906073
756,878,122,0.122,0.14033308754954488
822,911,89,0.089,0.14129441963136197
714,857,143,0.143,0.14722128128167242
810,905,95,0.095,0.13205056213587524
716,858,142,0.142,0.15377718792296946
730,865,135,0.135,0.15962486559897662
808,904,96,0.096,0.1397511791717261
770,885,115,0.115,0.15289827866479755
748,874,126,0.126,0.14112363267503678
804,902,98,0.098,0.13596296637319027
758,879,121,0.121,0.13420625172182918
756,878,122,0.122,0.15079238750226795
736,868,132,0.132,0.1539657541383058
768,884,116,0.116,0.13450593034364283
752,876,124,0.124,0.13408224130049348
714,857,143,0.143,0.13747782398574054
742,871,129,0.129,0.14271285216137766
796,898,102,0.102,0.13068868605792522
806,903,97,0.097,0.1372312314528972
774,887,113,0.113,0.12949137621186674
704,852,148,0.148,0.15178773049637675
810,905,95,0.095,0.1387421351764351
742,871,129,0.129,0.13804589924775065
762,881,119,0.119,0.12656765676289797
780,890,110,0.11,0.13094721828214825
778,889,111,0.111,0.13270912356860937
764,882,118,0.118,0.131715299224481
790,895,105,0.105,0.12437344843801111
762,881,119,0.119,0.1302584805134684
734,867,133,0.133,0.1282784814182669
784,892,108,0.108,0.12586333973519503
798,899,101,0.101,0.12991701388172805
824,912,88,0.088,0.1101203913539648
726,863,137,0.137,0.12845884520187975
718,859,141,0.141,0.14240863338764756
808,904,96,0.096,0.11878920053318143
820,910,90,0.09,0.1254928611580981
770,885,115,0.115,0.1307988365944475
754,877,123,0.123,0.1148973083049059
782,891,109,0.109,0.11214041865523905
782,891,109,0.109,0.10550074619613588
682,841,159,0.159,0.1317751459223218
752,876,124,0.124,0.11821047377958893
832,916,84,0.084,0.11763444221299142
714,857,143,0.143,0.11570811396278441
738,869,131,0.131,0.14098327646777034
668,834,166,0.166,0.14808546668663622
768,884,116,0.116,0.12549529027193784
736,868,132,0.132,0.12524330699816347
750,875,125,0.125,0.13753822942450641
764,882,118,0.118,0.13710372958518566
756,878,122,0.122,0.14424340212345124
816,908,92,0.092,0.12279966773092747
752,876,124,0.124,0.13718785131163896
808,904,96,0.096,0.13587587239779533
760,880,120,0.12,0.13627385912649334
736,868,132,0.132,0.12991006318386644
770,885,115,0.115,0.12253397005330771
736,868,132,0.132,0.13250114680640399
710,855,145,0.145,0.12816552111133933
788,894,106,0.106,0.12255699348077179
756,878,122,0.122,0.13738867065683008
798,899,101,0.101,0.13819207993149757
834,917,83,0.083,0.10474929895810783
756,878,122,0.122,0.13284982676804066
754,877,123,0.123,0.137852529165335
758,879,121,0.121,0.1398704923391342
758,879,121,0.121,0.135110799446702
740,870,130,0.13,0.12853710639849306
794,897,103,0.103,0.1296412076400593
772,886,114,0.114,0.12988765265606345
778,889,111,0.111,0.1297838306557387
780,890,110,0.11,0.11629774386808277
744,872,128,0.128,0.12494817045331001
768,884,116,0.116,0.11560414764471352
832,916,84,0.084,0.11527266382426024
796,898,102,0.102,0.11802692658733577
720,860,140,0.14,0.12475724225584417
754,877,123,0.123,0.12466643106285483
738,869,131,0.131,0.11099188515078276
772,886,114,0.114,0.1203124784026295
754,877,123,0.123,0.11856216781400145
736,868,132,0.132,0.12104479768313467
788,894,106,0.106,0.11770305297710001
762,881,119,0.119,0.12337230913713575
722,861,139,0.139,0.12724954222887755
796,898,102,0.102,0.11897377902083099
658,829,171,0.171,0.13476359970122576
692,846,154,0.154,0.13672531965654344
742,871,129,0.129,0.1502078264746815
762,881,119,0.119,0.1442916934452951
740,870,130,0.13,0.1497960086800158
764,882,118,0.118,0.12967366755381227
740,870,130,0.13,0.15047472441382706
772,886,114,0.114,0.12717093731090426
734,867,133,0.133,0.12660826759785412
772,886,114,0.114,0.10827022033277899
776,888,112,0.112,0.11911557181901299
744,872,128,0.128,0.13215612877253444
738,869,131,0.131,0.11546021398343145
812,906,94,0.094,0.11231125801522285
708,854,146,0.146,0.11828439548052848
732,866,134,0.134,0.11908140564523638
768,884,116,0.116,0.11675582017656416
788,894,106,0.106,0.1181599098816514
708,854,146,0.146,0.1281528260167688
728,864,136,0.136,0.13561414644494652
734,867,133,0.133,0.1243548061272595
756,878,122,0.122,0.12462658461555838
816,908,92,0.092,0.11743643957749009
674,837,163,0.163,0.13407073109596968
780,890,110,0.11,0.11126248929090798
730,865,135,0.135,0.12253285398148
798,899,101,0.101,0.11108535932609812
762,881,119,0.119,0.11004552369471639
696,848,152,0.152,0.11611211625137366
776,888,112,0.112,0.10860907073877751
702,851,149,0.149,0.11452811776287854
784,892,108,0.108,0.10881878134142607
766,883,117,0.117,0.112288878493011
794,897,103,0.103,0.11101833292655647
754,877,123,0.123,0.11072076169308274
782,891,109,0.109,0.10275647318828851
746,873,127,0.127,0.11249284859187901
734,867,133,0.133,0.11460160927660763
812,906,94,0.094,0.10137353326566517
714,857,143,0.143,0.10409760967735202
726,863,137,0.137,0.10786534624639899
758,879,121,0.121,0.10334954296890646
754,877,123,0.123,0.11482726235128939
742,871,129,0.129,0.11824984812643378
756,878,122,0.122,0.11518318488169461
786,893,107,0.107,0.09768988517578692
766,883,117,0.117,0.11002887917822227
754,877,123,0.123,0.10426447666436434
766,883,117,0.117,0.10718047483824193
702,851,149,0.149,0.10472346512414515
726,863,137,0.137,0.1127455876711756
730,865,135,0.135,0.10004856328759343
748,874,126,0.126,0.11670020239055157
792,896,104,0.104,0.1156828785855323
754,877,123,0.123,0.11367262809537351
722,861,139,0.139,0.11199391624890268
776,888,112,0.112,0.11469948530942202
712,856,144,0.144,0.12608479151129723
752,876,124,0.124,0.10964107397757471
684,842,158,0.158,0.12173522240109742
786,893,107,0.107,0.09990342464391141
728,864,136,0.136,0.10909030797984451
790,895,105,0.105,0.10250589684210717
786,893,107,0.107,0.1050059281475842
778,889,111,0.111,0.10200806809868664
776,888,112,0.112,0.10187199175357818
730,865,135,0.135,0.1093300091167912
788,894,106,0.106,0.10162801539199427
766,883,117,0.117,0.09390774211380631
730,865,135,0.135,0.11465910727903247
718,859,141,0.141,0.11532101971190423
834,917,83,0.083,0.08711670272890479
744,872,128,0.128,0.09772240530699491
738,869,131,0.131,0.10253830621391535
776,888,112,0.112,0.09949798527080565
738,869,131,0.131,0.0994608016461134
762,881,119,0.119,0.10294994858652354
802,901,99,0.099,0.10020745458826423
776,888,112,0.112,0.0921796457907185
864,932,68,0.068,0.08710750214662402
806,903,97,0.097,0.08197903981152922
786,893,107,0.107,0.08107514111697674
768,884,116,0.116,0.09227549685444683
762,881,119,0.119,0.089792691945564
784,892,108,0.108,0.09499417121335864
728,864,136,0.136,0.10246042988356203
784,892,108,0.108,0.09257584678381682
774,887,113,0.113,0.09876167317200452
710,855,145,0.145,0.12400443116854876
770,885,115,0.115,0.09911363849882036
770,885,115,0.115,0.09771499019302428
770,885,115,0.115,0.11422020098008215
824,912,88,0.088,0.10636127743124962
714,857,143,0.143,0.10777719647996127
704,852,148,0.148,0.10767547562904656
794,897,103,0.103,0.10774147860892117
796,898,102,0.102,0.11492076212121173
780,890,110,0.11,0.11345067577809095
760,880,120,0.12,0.1048635897487402
782,891,109,0.109,0.10667111656628549
776,888,112,0.112,0.10647010736586526
754,877,123,0.123,0.10678879108652473
796,898,102,0.102,0.09991549871489405
758,879,121,0.121,0.09544376950431616
758,879,121,0.121,0.11224617903400212
748,874,126,0.126,0.11766398760303855
718,859,141,0.141,0.11164959050808101
686,843,157,0.157,0.11496671492327004
738,869,131,0.131,0.12246908195316791
802,901,99,0.099,0.10507191453129053
744,872,128,0.128,0.127635704761371
754,877,123,0.123,0.11971891659498214
762,881,119,0.119,0.10757992500066757
800,900,100,0.1,0.10999222548492253
848,924,76,0.076,0.10145050114113838
782,891,109,0.109,0.1065315454332158
766,883,117,0.117,0.09451726846955717
744,872,128,0.128,0.10355744087137282
780,890,110,0.11,0.09906209719367326
758,879,121,0.121,0.10670352694299072
786,893,107,0.107,0.09241648755595087
800,900,100,0.1,0.0957046965053305
770,885,115,0.115,0.1150352791249752
746,873,127,0.127,0.1105150890732184
752,876,124,0.124,0.09799575424194336
696,848,152,0.152,0.11038087278930471
738,869,131,0.131,0.10519198416173459
794,897,103,0.103,0.0999525983678177
760,880,120,0.12,0.11523559000622481
728,864,136,0.136,0.12564296163292601
810,905,95,0.095,0.1279402980171144
850,925,75,0.075,0.10915732931904495
794,897,103,0.103,0.11528295168094337
788,894,106,0.106,0.10792738623730838
736,868,132,0.132,0.10840550324972718
744,872,128,0.128,0.10103568511269986
814,907,93,0.093,0.09735482231713831
786,893,107,0.107,0.09232553599309176
726,863,137,0.137,0.115626619101502
774,887,113,0.113,0.10503889446612448
722,861,139,0.139,0.11978130736015737
768,884,116,0.116,0.1124456411371939
760,880,120,0.12,0.12106545593030751
746,873,127,0.127,0.11685028288746252
756,878,122,0.122,0.13261043988727034
674,837,163,0.163,0.15092768613714724
836,918,82,0.082,0.11713070373423398
736,868,132,0.132,0.12793022858723999
702,851,149,0.149,0.1486184465326369
748,874,126,0.126,0.14044745302014053
690,845,155,0.155,0.13904003899358214
800,900,100,0.1,0.1312025718698278
738,869,131,0.131,0.1301488178241998
766,883,117,0.117,0.1218064840734005
692,846,154,0.154,0.1305715559516102
766,883,117,0.117,0.12707370129600168
768,884,116,0.116,0.12806813304312528
746,873,127,0.127,0.13922814657352864
734,867,133,0.133,0.126151739763096
752,876,124,0.124,0.12826427485235034
684,842,158,0.158,0.13838988641649486
728,864,136,0.136,0.13804283510521054
732,866,134,0.134,0.13272280451003463
776,888,112,0.112,0.12402203164249659
740,870,130,0.13,0.12394636847637594
770,885,115,0.115,0.1243314914610237
774,887,113,0.113,0.10837287394749001
760,880,120,0.12,0.11776561725512147
756,878,122,0.122,0.11462812430411577
760,880,120,0.12,0.10090968650765716
736,868,132,0.132,0.12141873393813148
746,873,127,0.127,0.12266589460056275
736,868,132,0.132,0.1222669502068311
766,883,117,0.117,0.12539605172537266
776,888,112,0.112,0.12297788483742625
706,853,147,0.147,0.11812075975164771
782,891,109,0.109,0.11783476240932941
658,829,171,0.171,0.14246166923455894
710,855,145,0.145,0.13185228351410477
750,875,125,0.125,0.1348213424514979
774,887,113,0.113,0.13704970954731108
758,879,121,0.121,0.13927040533721446
726,863,137,0.137,0.12978923817165197
828,914,86,0.086,0.10719063720107079
822,911,89,0.089,0.11970364097040147
796,898,102,0.102,0.12997822880558668
754,877,123,0.123,0.11630751663632691
804,902,98,0.098,0.11169924292340874
784,892,108,0.108,0.10131574174202979
774,887,113,0.113,0.11298933796212077
734,867,133,0.133,0.11820152284763753
794,897,103,0.103,0.1167683023181744
728,864,136,0.136,0.12479438475891948
724,862,138,0.138,0.1180758432066068
780,890,110,0.11,0.1316086009182036
780,890,110,0.11,0.1279033703673631
746,873,127,0.127,0.12706985696032644
758,879,121,0.121,0.14017801588773726
776,888,112,0.112,0.13596951242908836
732,866,134,0.134,0.12613390037138014
716,858,142,0.142,0.14995440063811838
704,852,148,0.148,0.1371787833124399
780,890,110,0.11,0.12535266334936024
762,881,119,0.119,0.13305040881596505
834,917,83,0.083,0.12435586390458048
782,891,109,0.109,0.11081767000071704
770,885,115,0.115,0.13201885637640953
754,877,123,0.123,0.1241507800379768
770,885,115,0.115,0.1154872478041798
736,868,132,0.132,0.13444024732615797
788,894,106,0.106,0.11967630402371288
704,852,148,0.148,0.1257774858623743
758,879,121,0.121,0.12345079138688743
800,900,100,0.1,0.13115334582142532
754,877,123,0.123,0.1282848053984344
846,923,77,0.077,0.11920049315690995
750,875,125,0.125,0.15052805527579038
782,891,109,0.109,0.13525974171143026
776,888,112,0.112,0.12389716218784451
744,872,128,0.128,0.13531778334081174
744,872,128,0.128,0.1399022958818823
812,906,94,0.094,0.12547479878365994
770,885,115,0.115,0.1517913745008409
774,887,113,0.113,0.14937393357977272
778,889,111,0.111,0.14906645650416614
736,868,132,0.132,0.14249569042772053
784,892,108,0.108,0.13811285924352706
756,878,122,0.122,0.14690313782915473
780,890,110,0.11,0.13853074999060483
746,873,127,0.127,0.1286659457832575
760,880,120,0.12,0.14148180423118173
720,860,140,0.14,0.15023113866150378
748,874,126,0.126,0.1574564995933324
776,888,112,0.112,0.13894070046581328
726,863,137,0.137,0.14806176897883416
720,860,140,0.14,0.15373314792104065
758,879,121,0.121,0.15845671065710484
796,898,102,0.102,0.13022749986033888
790,895,105,0.105,0.13976813890784978
690,845,155,0.155,0.1400060858046636
808,904,96,0.096,0.12514842014946043
710,855,145,0.145,0.14250817361287774
774,887,113,0.113,0.1292176894713193
796,898,102,0.102,0.12614368313737215
806,903,97,0.097,0.13036910906247795
790,895,105,0.105,0.11720076915994286
760,880,120,0.12,0.12180805482529104
788,894,106,0.106,0.12157864306494594
788,894,106,0.106,0.12252181056980044
826,913,87,0.087,0.11267390117794275
808,904,96,0.096,0.11665675020031631
782,891,109,0.109,0.12042619225010276
712,856,144,0.144,0.139348839616403
716,858,142,0.142,0.14265552381426097
770,885,115,0.115,0.13878507135808468
768,884,116,0.116,0.14032242257334293
752,876,124,0.124,0.14088906215503813
808,904,96,0.096,0.14752326185628772
756,878,122,0.122,0.1503513494320214
814,907,93,0.093,0.1477006144709885
752,876,124,0.124,0.14276362297311426
722,861,139,0.139,0.13940749035775662
756,878,122,0.122,0.12983550021238624
800,900,100,0.1,0.13855699111893774
790,895,105,0.105,0.140854977264069
776,888,112,0.112,0.13677842031233012
698,849,151,0.151,0.15248403080552816
790,895,105,0.105,0.1386778709758073
780,890,110,0.11,0.15266965753212572
718,859,141,0.141,0.15522834625467657
800,900,100,0.1,0.15190547280199826
802,901,99,0.099,0.13635987461172044
774,887,113,0.113,0.15196406752057373
750,875,125,0.125,0.1543111079186201
736,868,132,0.132,0.15599048479646443
800,900,100,0.1,0.14530935261957348
804,902,98,0.098,0.1320459178108722
780,890,110,0.11,0.13241356124915182
794,897,103,0.103,0.13664339705277234
730,865,135,0.135,0.14069126368686558
754,877,123,0.123,0.14058134308829903
724,862,138,0.138,0.1472061996869743
788,894,106,0.106,0.13644148189947009
752,876,124,0.124,0.1407444372717291
768,884,116,0.116,0.15276857973448932
804,902,98,0.098,0.15145807851105927
710,855,145,0.145,0.15834433796443045
726,863,137,0.137,0.17776823947019876
762,881,119,0.119,0.1656355425864458
744,872,128,0.128,0.14610684941895305
728,864,136,0.136,0.1530601074360311
812,906,94,0.094,0.13924536513350905
760,880,120,0.12,0.14020620918460192
734,867,133,0.133,0.14461856195516884
750,875,125,0.125,0.15409923465177416
736,868,132,0.132,0.15371811136975885
776,888,112,0.112,0.16146336729079486
732,866,134,0.134,0.1537458032220602
794,897,103,0.103,0.15676515258289875
756,878,122,0.122,0.1577469730041921
794,897,103,0.103,0.15361012253165246
776,888,112,0.112,0.13957525933533907
766,883,117,0.117,0.14437495143525303
806,903,97,0.097,0.1425043118353933
698,849,151,0.151,0.15299180351756514
776,888,112,0.112,0.14181979630328714
766,883,117,0.117,0.1397043436737731
798,899,101,0.101,0.13459422641061247
766,883,117,0.117,0.14241072584316133
778,889,111,0.111,0.14628669686056672
768,884,116,0.116,0.14014532179571687
776,888,112,0.112,0.1452663516178727
794,897,103,0.103,0.13151145243551582
728,864,136,0.136,0.13585353281721474
728,864,136,0.136,0.14947909551486374
824,912,88,0.088,0.128327903280966
842,921,79,0.079,0.13454838572070002
716,858,142,0.142,0.1448884550407529
742,871,129,0.129,0.1355836226111278
734,867,133,0.133,0.12282810969091952
762,881,119,0.119,0.1377876597903669
700,850,150,0.15,0.16825412351079286
810,905,95,0.095,0.14449829626455904
766,883,117,0.117,0.1411969107091427
748,874,126,0.126,0.15437705912441016
784,892,108,0.108,0.12795841860957444
744,872,128,0.128,0.12992585399374365
710,855,145,0.145,0.15794440270215274
754,877,123,0.123,0.1537096457388252
758,879,121,0.121,0.13417782949656248
710,855,145,0.145,0.1326654279027134
750,875,125,0.125,0.14452600337937474
760,880,120,0.12,0.12852529384195804
724,862,138,0.138,0.13578318545781076
778,889,111,0.111,0.12519352146796883
730,865,135,0.135,0.14272375512868166
702,851,149,0.149,0.13090512439329177
730,865,135,0.135,0.13518694255501032
716,858,142,0.142,0.14429221050441265
774,887,113,0.113,0.14412922361306846
780,890,110,0.11,0.12660392728820444
744,872,128,0.128,0.1446132315546274
764,882,118,0.118,0.133902318906039
742,871,129,0.129,0.12570015307888388
770,885,115,0.115,0.13125297910906375
812,906,94,0.094,0.11956460438854992
742,871,129,0.129,0.13878042253293096
810,905,95,0.095,0.123721586342901
736,868,132,0.132,0.13135193306952714
742,871,129,0.129,0.13642452766560018
728,864,136,0.136,0.143139764001593
794,897,103,0.103,0.13473163794726134
710,855,145,0.145,0.1306496668700129
752,876,124,0.124,0.14047809373401104
808,904,96,0.096,0.13215849509648978
770,885,115,0.115,0.13360221471451222
752,876,124,0.124,0.13794510821718722
772,886,114,0.114,0.12923225093446672
754,877,123,0.123,0.13212440516240895
714,857,143,0.143,0.1505569381248206
786,893,107,0.107,0.13952675658650696
746,873,127,0.127,0.14209922612272202
712,856,144,0.144,0.1398763478472829
744,872,128,0.128,0.1401858672183007
738,869,131,0.131,0.13175611322931946
724,862,138,0.138,0.142156297756359
774,887,113,0.113,0.13471955442987382
754,877,123,0.123,0.14529362820647657
802,901,99,0.099,0.13813210992515088
768,884,116,0.116,0.13250844013877214
746,873,127,0.127,0.12678768968908116
786,893,107,0.107,0.1266059653237462
782,891,109,0.109,0.11606415340863169
718,859,141,0.141,0.12799777949415148
762,881,119,0.119,0.12397834435850381
760,880,120,0.12,0.1343218540623784
800,900,100,0.1,0.127816253721714
738,869,131,0.131,0.14140939243510364
666,833,167,0.167,0.14971375886537136
732,866,134,0.134,0.1299563104081899
804,902,98,0.098,0.11526113527640701
756,878,122,0.122,0.15771298503875733
808,904,96,0.096,0.1375408318936825
760,880,120,0.12,0.13265008720941843
756,878,122,0.122,0.14274731432832777
786,893,107,0.107,0.12530031515471637
734,867,133,0.133,0.13526002264395356
694,847,153,0.153,0.13827966634370387
798,899,101,0.101,0.12566273618489504
834,917,83,0.083,0.11363379018381238
752,876,124,0.124,0.13038230252964422
780,890,110,0.11,0.12450728212483227
800,900,100,0.1,0.12666549458540977
802,901,99,0.099,0.1250006688097492
758,879,121,0.121,0.12037794838473201
716,858,142,0.142,0.12879900659248233
794,897,103,0.103,0.1289001207370311
728,864,136,0.136,0.1490311460904777
756,878,122,0.122,0.13806032757647335
778,889,111,0.111,0.12870588389225304
758,879,121,0.121,0.1373324181865901
810,905,95,0.095,0.12618850740790366
752,876,124,0.124,0.14894719193875788
770,885,115,0.115,0.12343700350821019
754,877,123,0.123,0.13749332996271552
750,875,125,0.125,0.1221930841319263
716,858,142,0.142,0.14224414018914103
716,858,142,0.142,0.13621719306521118
748,874,126,0.126,0.13249707805365324
766,883,117,0.117,0.14409924107789993
732,866,134,0.134,0.1622261217329651
802,901,99,0.099,0.13853016827255488
780,890,110,0.11,0.15049133849330246
810,905,95,0.095,0.13194458904489875
790,895,105,0.105,0.13099157878570258
746,873,127,0.127,0.1455881106974557
762,881,119,0.119,0.13026720769703387
748,874,126,0.126,0.12142260315082967
744,872,128,0.128,0.13375361387617887
772,886,114,0.114,0.13778600952215492
762,881,119,0.119,0.12365326064825058
772,886,114,0.114,0.14150219449400903
708,854,146,0.146,0.1377694873176515
784,892,108,0.108,0.13180718825384974
726,863,137,0.137,0.15493749978207053
748,874,126,0.126,0.1450858244691044
738,869,131,0.131,0.13947728949971497
736,868,132,0.132,0.14707996464706957
802,901,99,0.099,0.13878292797878383
740,870,130,0.13,0.1426240658685565
734,867,133,0.133,0.15549420384690166
712,856,144,0.144,0.1367915809378028
746,873,127,0.127,0.1441832638774067
742,871,129,0.129,0.14089243644662203
768,884,116,0.116,0.1348464932059869
758,879,121,0.121,0.13781778426282107
802,901,99,0.099,0.13931626582704484
784,892,108,0.108,0.1329722849316895
742,871,129,0.129,0.14037291018106043
738,869,131,0.131,0.1361783577390015
754,877,123,0.123,0.12562467248924075
778,889,111,0.111,0.12055372112616897
790,895,105,0.105,0.12474498267285526
770,885,115,0.115,0.12278497013170273
804,902,98,0.098,0.10946922891587019
782,891,109,0.109,0.11807960670255124
760,880,120,0.12,0.1070866166446358
730,865,135,0.135,0.12367815216071903
744,872,128,0.128,0.1248384198937565
762,881,119,0.119,0.11842064443044364
812,906,94,0.094,0.10751779787894339
776,888,112,0.112,0.11811627558059991
778,889,111,0.111,0.13919909737631678
774,887,113,0.113,0.12096420609205961
786,893,107,0.107,0.1262547277305275
748,874,126,0.126,0.15287411550991237
738,869,131,0.131,0.11678608286939561
752,876,124,0.124,0.11636315021291375
738,869,131,0.131,0.12965489372983574
836,918,82,0.082,0.11614078607596456
826,913,87,0.087,0.11151263433508575
740,870,130,0.13,0.1288727345354855
732,866,134,0.134,0.12727673331089318
754,877,123,0.123,0.1209833326395601
726,863,137,0.137,0.12041394540108741
774,887,113,0.113,0.11736744418181479
726,863,137,0.137,0.12882304467260838
746,873,127,0.127,0.11797700201719999
798,899,101,0.101,0.11410077442228794
762,881,119,0.119,0.12301400236785412
786,893,107,0.107,0.11125946005806327
734,867,133,0.133,0.1133633413054049
804,902,98,0.098,0.10943752939067782
776,888,112,0.112,0.11425596633926034
752,876,124,0.124,0.11803752529248596
754,877,123,0.123,0.10956401284225285
790,895,105,0.105,0.11151019800640642
762,881,119,0.119,0.11157673186808824
712,856,144,0.144,0.13343472620099783
758,879,121,0.121,0.13288379604183137
746,873,127,0.127,0.1289745544884354
742,871,129,0.129,0.13629386548697947
766,883,117,0.117,0.13534075916558505
750,875,125,0.125,0.14401637446507812
796,898,102,0.102,0.12997551677003502
736,868,132,0.132,0.11924362149462103
778,889,111,0.111,0.12558053223975002
746,873,127,0.127,0.13288962340168656
758,879,121,0.121,0.11731526627205312
800,900,100,0.1,0.11492200613301247
788,894,106,0.106,0.11115861234907061
772,886,114,0.114,0.11117784236092121
724,862,138,0.138,0.12392353186011315
762,881,119,0.119,0.1116560250883922
742,871,129,0.129,0.12612119658198206
736,868,132,0.132,0.12064851974416524
744,872,128,0.128,0.13573636444099246
744,872,128,0.128,0.14376359757967294
762,881,119,0.119,0.14309831026010214
754,877,123,0.123,0.13275576252304017
772,886,114,0.114,0.1292595404535532
770,885,115,0.115,0.14770867362618445
796,898,102,0.102,0.12512356810178607
738,869,131,0.131,0.11517749246675521
764,882,118,0.118,0.11421938885189593
758,879,121,0.121,0.12347981258481741
724,862,138,0.138,0.10712130932323635
782,891,109,0.109,0.11023749111779034
736,868,132,0.132,0.1318464759103954
794,897,103,0.103,0.10611092282645404
764,882,118,0.118,0.1293834564201534
752,876,124,0.124,0.12277592573687435
826,913,87,0.087,0.12085935571230948
758,879,121,0.121,0.1183010211866349
802,901,99,0.099,0.10993503294885158
800,900,100,0.1,0.10475049406662583
776,888,112,0.112,0.10590059592411853
730,865,135,0.135,0.11272117150761186
726,863,137,0.137,0.12650699831172824
754,877,123,0.123,0.11119247182644904
792,896,104,0.104,0.1155713109318167
748,874,126,0.126,0.11652602231502533
732,866,134,0.134,0.1257987237498164
768,884,116,0.116,0.11892195299547166
800,900,100,0.1,0.11690686391573399
788,894,106,0.106,0.12459156724251806
782,891,109,0.109,0.12038470432534813
790,895,105,0.105,0.13271868681907653
748,874,126,0.126,0.13410296699404717
756,878,122,0.122,0.12142200756352395
810,905,95,0.095,0.12162535480037331
746,873,127,0.127,0.12030701102968305
740,870,130,0.13,0.12836939615011214
740,870,130,0.13,0.12274287656508386
814,907,93,0.093,0.11953262359648943
758,879,121,0.121,0.12381673008017242
746,873,127,0.127,0.14123793582059443
798,899,101,0.101,0.10658165439870208
754,877,123,0.123,0.13004955660738052
760,880,120,0.12,0.13282577998563647
766,883,117,0.117,0.12814699050225317
716,858,142,0.142,0.13900060306675732
724,862,138,0.138,0.13340018155239522
768,884,116,0.116,0.13452047841250897
752,876,124,0.124,0.13211565143987536
694,847,153,0.153,0.13694755113869905
804,902,98,0.098,0.13301353471539915
766,883,117,0.117,0.13779936257377268
780,890,110,0.11,0.12931573342345654
816,908,92,0.092,0.11758757751062512
786,893,107,0.107,0.12558640238828958
796,898,102,0.102,0.11278234763629734
770,885,115,0.115,0.11598494711238891
782,891,109,0.109,0.12217074943520129
786,893,107,0.107,0.10668321211077272
778,889,111,0.111,0.14052424850314857
732,866,134,0.134,0.12862773908115924
772,886,114,0.114,0.13063235335983336
826,913,87,0.087,0.12323075577802955
782,891,109,0.109,0.1317420606445521
792,896,104,0.104,0.12287105086818337
780,890,110,0.11,0.12515818875841797
728,864,136,0.136,0.12646015155129134
766,883,117,0.117,0.12722294644638896
780,890,110,0.11,0.11987209546286613
774,887,113,0.113,0.1279976353123784
788,894,106,0.106,0.12304886727407574
782,891,109,0.109,0.1224927593357861
790,895,105,0.105,0.11782852165959776
798,899,101,0.101,0.11873175948858261
780,890,110,0.11,0.12291876098141075
740,870,130,0.13,0.12030383052583783
758,879,121,0.121,0.1138412113711238
798,899,101,0.101,0.1106366559220478
746,873,127,0.127,0.11666799428500235
688,844,156,0.156,0.13627414788771422
810,905,95,0.095,0.11316929045319557
758,879,121,0.121,0.12242338274605573
746,873,127,0.127,0.12210141171142459
716,858,142,0.142,0.1203969010785222
774,887,113,0.113,0.11159098247252405
738,869,131,0.131,0.1367263208599761
822,911,89,0.089,0.11417407828010619
710,855,145,0.145,0.11605827866308391
772,886,114,0.114,0.11644099311716855
810,905,95,0.095,0.11857157983444631
764,882,118,0.118,0.12591442090459168
788,894,106,0.106,0.11538481499720364
782,891,109,0.109,0.11932548799924553
782,891,109,0.109,0.11460034870635719
734,867,133,0.133,0.1274539314773865
774,887,113,0.113,0.1300753081217408
742,871,129,0.129,0.12721462190989405
798,899,101,0.101,0.1226474073389545
698,849,151,0.151,0.1348236915972084
738,869,131,0.131,0.13464177407231182
758,879,121,0.121,0.12452397814486175
778,889,111,0.111,0.1258086456488818
786,893,107,0.107,0.12909170066937803
826,913,87,0.087,0.12018834590166808
736,868,132,0.132,0.13761913859471678
698,849,151,0.151,0.14977610092423857
800,900,100,0.1,0.1258135206643492
774,887,113,0.113,0.1454596667829901
750,875,125,0.125,0.14594984516128898
712,856,144,0.144,0.15866597806103527
754,877,123,0.123,0.13647138560935854
808,904,96,0.096,0.1355564910583198
756,878,122,0.122,0.14034291850030423
760,880,120,0.12,0.15699834166094662
728,864,136,0.136,0.14830348519608377
740,870,130,0.13,0.1536203786432743
772,886,114,0.114,0.14460893211886286
810,905,95,0.095,0.15350703849270939
746,873,127,0.127,0.15660647374764086
734,867,133,0.133,0.17271515449881553
720,860,140,0.14,0.1740032256245613
788,894,106,0.106,0.1660739149712026
770,885,115,0.115,0.17046488792076706
798,899,101,0.101,0.16037468978762626
786,893,107,0.107,0.16155111480876802
698,849,151,0.151,0.16846734514459968
758,879,121,0.121,0.16604787239059807
734,867,133,0.133,0.1584690627641976
840,920,80,0.08,0.14315920251235364
794,897,103,0.103,0.15059765516780316
748,874,126,0.126,0.15117352479696275
758,879,121,0.121,0.15221363809332253
754,877,123,0.123,0.14442933288961649
790,895,105,0.105,0.13805547908879817
752,876,124,0.124,0.13848418884910643
786,893,107,0.107,0.15470108808018268
846,923,77,0.077,0.13188745232485236
748,874,126,0.126,0.14602724127843977
728,864,136,0.136,0.14247627074457705
682,841,159,0.159,0.14409912417829038
784,892,108,0.108,0.14892229249514638
780,890,110,0.11,0.1492767977733165
746,873,127,0.127,0.15727724869921803
728,864,136,0.136,0.15517544338479639
778,889,111,0.111,0.14438119257614015
768,884,116,0.116,0.16004861679300666
768,884,116,0.116,0.1518409575894475
778,889,111,0.111,0.14517191691696643
798,899,101,0.101,0.14474871604703365
770,885,115,0.115,0.13833887265995146
746,873,127,0.127,0.15228163603320718
804,902,98,0.098,0.13122445440664887
804,902,98,0.098,0.13858920341543854
706,853,147,0.147,0.14903360359277576
746,873,127,0.127,0.1455078347492963
790,895,105,0.105,0.14043637617118657
800,900,100,0.1,0.14771703558787702
726,863,137,0.137,0.15278770853579043
776,888,112,0.112,0.15248758796881884
786,893,107,0.107,0.14343711710348725
720,860,140,0.14,0.15461278191767633
724,862,138,0.138,0.14993580164946615
758,879,121,0.121,0.14896485049650074
796,898,102,0.102,0.1539097994044423
742,871,129,0.129,0.140587178517133
824,912,88,0.088,0.14019562027603388
790,895,105,0.105,0.14723826270550489
780,890,110,0.11,0.13884883229807019
716,858,142,0.142,0.1631503540724516
744,872,128,0.128,0.14287803511321545
792,896,104,0.104,0.13880982339940964
686,843,157,0.157,0.16832103009149432
760,880,120,0.12,0.1413461934439838
774,887,113,0.113,0.15121468769013882
788,894,106,0.106,0.1557241144552827
766,883,117,0.117,0.1602176782730967
714,857,143,0.143,0.1779285296741873
782,891,109,0.109,0.1563652563020587
768,884,116,0.116,0.16430415228754283
746,873,127,0.127,0.15660479428060353
748,874,126,0.126,0.16691692488640547
764,882,118,0.118,0.1601296806000173
776,888,112,0.112,0.16496185613982378
728,864,136,0.136,0.18202391588687897
746,873,127,0.127,0.16766641025990248
762,881,119,0.119,0.16999365830421448
738,869,131,0.131,0.18069605815410614
742,871,129,0.129,0.17028208291530608
748,874,126,0.126,0.1771535637937486
780,890,110,0.11,0.16140487203374504
794,897,103,0.103,0.17280822351947428
780,890,110,0.11,0.1692759146168828
764,882,118,0.118,0.17080108158662916
722,861,139,0.139,0.17951865002885461
778,889,111,0.111,0.17191068966314196
794,897,103,0.103,0.16918360883183778
676,838,162,0.162,0.1890928786955774
804,902,98,0.098,0.16958514731004834
760,880,120,0.12,0.1647572910487652
716,858,142,0.142,0.1722125172279775
770,885,115,0.115,0.16763674567267298
776,888,112,0.112,0.16192079380899668
762,881,119,0.119,0.17188205270841717
762,881,119,0.119,0.16568596255779267
844,922,78,0.078,0.14107084172964096
790,895,105,0.105,0.15394042638503014
708,854,146,0.146,0.17036898443475365
760,880,120,0.12,0.16365547369420527
756,878,122,0.122,0.1546585057862103
686,843,157,0.157,0.1585810888418928
736,868,132,0.132,0.16669285744428636
742,871,129,0.129,0.1618063173983246
746,873,127,0.127,0.15043565685302018
668,834,166,0.166,0.1847212643958628
730,865,135,0.135,0.17261269588023423
734,867,133,0.133,0.17362313483655453
828,914,86,0.086,0.15758101251162587
726,863,137,0.137,0.16627921761572362
798,899,101,0.101,0.15733172965422274
788,894,106,0.106,0.14936100612953304
758,879,121,0.121,0.15842087173275649
748,874,126,0.126,0.1499349250793457
750,875,125,0.125,0.14865897702425718
680,840,160,0.16,0.1658470922280103
728,864,136,0.136,0.14380411637946963
778,889,111,0.111,0.14005630211904646
710,855,145,0.145,0.16013188686966895
776,888,112,0.112,0.14529012249968945
776,888,112,0.112,0.15033127032592894
708,854,146,0.146,0.15439659339375794
786,893,107,0.107,0.15496159748360513
792,896,104,0.104,0.14375297007430346
730,865,135,0.135,0.15299272771924735
790,895,105,0.105,0.14313735082559287
750,875,125,0.125,0.13763301143981516
762,881,119,0.119,0.12608937021717428
844,922,78,0.078,0.12738173856586218
820,910,90,0.09,0.12545379729010164
792,896,104,0.104,0.1367098744623363
794,897,103,0.103,0.13053267956338824
792,896,104,0.104,0.12920626657642423
736,868,132,0.132,0.15352561724558472
754,877,123,0.123,0.15183123981580138
738,869,131,0.131,0.14373273269459605
720,860,140,0.14,0.15003212661482393
694,847,153,0.153,0.16804041248187424
702,851,149,0.149,0.17965820948034525
766,883,117,0.117,0.16538777437619864
822,911,89,0.089,0.16005690612271428
724,862,138,0.138,0.18024866189062597
776,888,112,0.112,0.16130829929932952
738,869,131,0.131,0.1621328074745834
746,873,127,0.127,0.1594066140279174
728,864,136,0.136,0.16274980299174785
716,858,142,0.142,0.16505844110250473
754,877,123,0.123,0.15029364967532455
772,886,114,0.114,0.16335130391269923
786,893,107,0.107,0.15417125076800584
750,875,125,0.125,0.17149065876938402
786,893,107,0.107,0.1517983327023685
768,884,116,0.116,0.15298306142166257
790,895,105,0.105,0.1517861826531589
710,855,145,0.145,0.1758704545274377
716,858,142,0.142,0.16114012183062731
768,884,116,0.116,0.16665148666873575
754,877,123,0.123,0.17342577528208494
690,845,155,0.155,0.18850876082479953
770,885,115,0.115,0.16905501622334124
744,872,128,0.128,0.1749402163028717
762,881,119,0.119,0.18857656264305114
786,893,107,0.107,0.1673579876460135
766,883,117,0.117,0.17341599003598093
722,861,139,0.139,0.17810452456772327
682,841,159,0.159,0.17468455654755236
854,927,73,0.073,0.1385289300121367
780,890,110,0.11,0.15194029182381927
780,890,110,0.11,0.159655812587589
718,859,141,0.141,0.15385239669308065
726,863,137,0.137,0.15733300996571778
730,865,135,0.135,0.15283398370631038
776,888,112,0.112,0.16428782671131192
746,873,127,0.127,0.16249961594305934
808,904,96,0.096,0.1636533573307097
742,871,129,0.129,0.17774043970927597
780,890,110,0.11,0.16686439453437923
740,870,130,0.13,0.15634201679378748
744,872,128,0.128,0.16894064569100736
754,877,123,0.123,0.15807587177678942
774,887,113,0.113,0.16018699698708952
766,883,117,0.117,0.1551118640974164
718,859,141,0.141,0.17103824171796442
808,904,96,0.096,0.1473211451023817
762,881,119,0.119,0.13871804185584188
612,806,194,0.194,0.1632974091283977
788,894,106,0.106,0.14059431274980308
774,887,113,0.113,0.15367202595435084
798,899,101,0.101,0.1594092058427632
770,885,115,0.115,0.15673892523720862
738,869,131,0.131,0.16129844347946345
752,876,124,0.124,0.15562294480204583
732,866,134,0.134,0.15652840386144817
832,916,84,0.084,0.12400466259568929
786,893,107,0.107,0.12935063192248344
774,887,113,0.113,0.13713801120594143
796,898,102,0.102,0.1359467946421355
760,880,120,0.12,0.14549157267808915
726,863,137,0.137,0.14623642749525606
772,886,114,0.114,0.13102875261753796
710,855,145,0.145,0.14171773765981197
766,883,117,0.117,0.1441455903314054
834,917,83,0.083,0.12159835645183921
760,880,120,0.12,0.1383074964415282
690,845,155,0.155,0.132090043194592
756,878,122,0.122,0.12858382556773723
794,897,103,0.103,0.11930528694018722
778,889,111,0.111,0.12504324209690093
790,895,105,0.105,0.12140582971647382
812,906,94,0.094,0.12110895304940641
746,873,127,0.127,0.12307050290331245
672,836,164,0.164,0.1412313431445509
774,887,113,0.113,0.12259224393591285
748,874,126,0.126,0.11782633159868419
736,868,132,0.132,0.12381856218539178
782,891,109,0.109,0.10570259834453463
766,883,117,0.117,0.12875374961085617
716,858,142,0.142,0.13077574505098163
704,852,148,0.148,0.1451928095854819
752,876,124,0.124,0.13876321422681212
778,889,111,0.111,0.13789527269825338
792,896,104,0.104,0.12713914648070931
786,893,107,0.107,0.13247348526120187
736,868,132,0.132,0.13345508488826455
774,887,113,0.113,0.11560593334864824
790,895,105,0.105,0.12023120190016925
778,889,111,0.111,0.1156835707128048
840,920,80,0.08,0.10965536506474018
770,885,115,0.115,0.10949093967303633
822,911,89,0.089,0.10711288668774069
818,909,91,0.091,0.10726685420796275
740,870,130,0.13,0.11597934147994965
818,909,91,0.091,0.10510398617573083
744,872,128,0.128,0.11262590621225536
748,874,126,0.126,0.11501898276992142
714,857,143,0.143,0.12371402134001255
756,878,122,0.122,0.13330366819910705
832,916,84,0.084,0.12426600684784353
740,870,130,0.13,0.14188104567676782
786,893,107,0.107,0.14866200593672693
762,881,119,0.119,0.14429927962832154
768,884,116,0.116,0.1444252132102847
700,850,150,0.15,0.14174379703216256
748,874,126,0.126,0.12726022660546005
776,888,112,0.112,0.1305870035868138
764,882,118,0.118,0.1391234189067036
776,888,112,0.112,0.13682188757508992
724,862,138,0.138,0.13167261766362937
780,890,110,0.11,0.12645547475852073
684,842,158,0.158,0.1509924849141389
790,895,105,0.105,0.13694198562018572
760,880,120,0.12,0.1411909775454551
742,871,129,0.129,0.15036767247319222
770,885,115,0.115,0.151726444195956
778,889,111,0.111,0.1490610895920545
718,859,141,0.141,0.15724807407148184
780,890,110,0.11,0.14850367243215443
752,876,124,0.124,0.15333882870525123
780,890,110,0.11,0.14096232523117214
770,885,115,0.115,0.13366637956164779
734,867,133,0.133,0.13093241608701647
826,913,87,0.087,0.12337660604342818
784,892,108,0.108,0.14181244119815528
774,887,113,0.113,0.1489789303429425
714,857,143,0.143,0.1489050387851894
760,880,120,0.12,0.14626927898358555
800,900,100,0.1,0.13747992129437625
790,895,105,0.105,0.14860496717784555
804,902,98,0.098,0.15553209070675075
758,879,121,0.121,0.1505469189118594
770,885,115,0.115,0.15288123386725783
810,905,95,0.095,0.1307536020949483
738,869,131,0.131,0.13990182723850011
758,879,121,0.121,0.13427869779616594
728,864,136,0.136,0.14345798476971686
802,901,99,0.099,0.1428545136488974
766,883,117,0.117,0.13350850444473325
754,877,123,0.123,0.1387500784341246
794,897,103,0.103,0.1368216753648594
734,867,133,0.133,0.15405981008335948
788,894,106,0.106,0.14235418970696628
718,859,141,0.141,0.14631948459520935
832,916,84,0.084,0.13401862147636712
786,893,107,0.107,0.136322911657393
756,878,122,0.122,0.14650172074139117
764,882,118,0.118,0.12463111978210509
818,909,91,0.091,0.129736425165087
712,856,144,0.144,0.13186313997022808
798,899,101,0.101,0.14069598420709373
704,852,148,0.148,0.15559873697906731
788,894,106,0.106,0.13486991760134698
706,853,147,0.147,0.1544234501980245
810,905,95,0.095,0.1474357158280909
828,914,86,0.086,0.1531975091174245
756,878,122,0.122,0.14102197464182972
820,910,90,0.09,0.12637883649021386
784,892,108,0.108,0.1274024231918156
778,889,111,0.111,0.12622022402379662
724,862,138,0.138,0.14449577087536455
752,876,124,0.124,0.13641227564960717
782,891,109,0.109,0.12643534233421086
778,889,111,0.111,0.12670523400232195
868,934,66,0.066,0.1263771992791444
742,871,129,0.129,0.14412133004143834
752,876,124,0.124,0.14182336753606797
738,869,131,0.131,0.1509298944287002
818,909,91,0.091,0.13673640560451894
778,889,111,0.111,0.12704696121811868
810,905,95,0.095,0.12047252282127738
730,865,135,0.135,0.1407600993104279
712,856,144,0.144,0.12702066366188228
776,888,112,0.112,0.13546267608553172
750,875,125,0.125,0.13373530050367116
800,900,100,0.1,0.12469233189336956
740,870,130,0.13,0.14193164930865168
732,866,134,0.134,0.14317887526005507
766,883,117,0.117,0.14013271586969495
848,924,76,0.076,0.14220118549093605
786,893,107,0.107,0.14166871303506196
746,873,127,0.127,0.13389748859591782
782,891,109,0.109,0.1284698985759169
806,903,97,0.097,0.13258468053489925
802,901,99,0.099,0.12818988813273607
754,877,123,0.123,0.13761242121458053
788,894,106,0.106,0.12478856167756021
724,862,138,0.138,0.1331169382352382
718,859,141,0.141,0.13725773590058088
714,857,143,0.143,0.14446389339864255
770,885,115,0.115,0.1386369641944766
718,859,141,0.141,0.15761603798903526
696,848,152,0.152,0.14552578719332815
734,867,133,0.133,0.15879561484232546
736,868,132,0.132,0.1402678890489042
744,872,128,0.128,0.1402573497518897
734,867,133,0.133,0.14486586376652122
738,869,131,0.131,0.14248507244326175
754,877,123,0.123,0.14662208477035166
784,892,108,0.108,0.13195561575889586
794,897,103,0.103,0.1203423939421773
822,911,89,0.089,0.11209816629625857
732,866,134,0.134,0.12292882389482111
772,886,114,0.114,0.1287450843155384
782,891,109,0.109,0.11756556629016995
796,898,102,0.102,0.12359162381663918
774,887,113,0.113,0.11995154327712954
822,911,89,0.089,0.11066876993142069
724,862,138,0.138,0.10914803152251988
756,878,122,0.122,0.11780900711659342
758,879,121,0.121,0.11364377763401717
770,885,115,0.115,0.12836911669187248
788,894,106,0.106,0.12346790355071426
778,889,111,0.111,0.1340917319394648
754,877,123,0.123,0.13118205386586487
728,864,136,0.136,0.12887751120142638
768,884,116,0.116,0.1263834846559912
822,911,89,0.089,0.1319574760403484
796,898,102,0.102,0.13672735515236856
794,897,103,0.103,0.12195881984382868
754,877,123,0.123,0.12444633629638702
768,884,116,0.116,0.12151364762708544
736,868,132,0.132,0.1189987901262939
774,887,113,0.113,0.1230457922052592
730,865,135,0.135,0.12307419656030834
710,855,145,0.145,0.1444665897525847
750,875,125,0.125,0.12932561067119241
766,883,117,0.117,0.1482132469974458
714,857,143,0.143,0.17058733762800693
756,878,122,0.122,0.1655504663847387
692,846,154,0.154,0.15701873501390218
786,893,107,0.107,0.15555532236769795
788,894,106,0.106,0.14428846173733473
768,884,116,0.116,0.135875161556527
748,874,126,0.126,0.1474306884817779
774,887,113,0.113,0.10906202849745751
754,877,123,0.123,0.12096918640471994
742,871,129,0.129,0.11184879742190242
812,906,94,0.094,0.11334550753608345
702,851,149,0.149,0.12882101217471062
756,878,122,0.122,0.1128359248638153
818,909,91,0.091,0.12552776783145964
698,849,151,0.151,0.13560469414666296
746,873,127,0.127,0.1271509124133736
756,878,122,0.122,0.12358120509423315
792,896,104,0.104,0.12933598244003952
762,881,119,0.119,0.12958055300824345
724,862,138,0.138,0.13026157259568572
824,912,88,0.088,0.1121816529519856
830,915,85,0.085,0.11595275369100273
748,874,126,0.126,0.12048716042377054
694,847,153,0.153,0.13151372622326016
754,877,123,0.123,0.12245198262110353
772,886,114,0.114,0.11965287740156054
780,890,110,0.11,0.11862495653238148
814,907,93,0.093,0.12369281516037882
752,876,124,0.124,0.1258057354167104
780,890,110,0.11,0.10988857550919055
728,864,136,0.136,0.12970415761880577
782,891,109,0.109,0.1424723763037473
770,885,115,0.115,0.13009481804445386
790,895,105,0.105,0.13095845975726844
752,876,124,0.124,0.1325066887540743
730,865,135,0.135,0.13257139977626503
768,884,116,0.116,0.14427052500937135
800,900,100,0.1,0.14231698583066463
774,887,113,0.113,0.1472039163392037
750,875,125,0.125,0.14991680083516984
782,891,109,0.109,0.13857271912321448
762,881,119,0.119,0.14157712112739682
752,876,124,0.124,0.13365438808128238
748,874,126,0.126,0.15128088990785182
710,855,145,0.145,0.13586603124486282
812,906,94,0.094,0.13067107512243092
808,904,96,0.096,0.12637057292833925
780,890,110,0.11,0.13568939615786074
836,918,82,0.082,0.12311421435140073
752,876,124,0.124,0.1508300659302622
770,885,115,0.115,0.1408658823017031
810,905,95,0.095,0.1392065475843847
710,855,145,0.145,0.14421091887913645
772,886,114,0.114,0.1347993221860379
734,867,133,0.133,0.15681448466703296
708,854,146,0.146,0.16707067858055233
774,887,113,0.113,0.1537669282220304
736,868,132,0.132,0.15475067947804927
756,878,122,0.122,0.14967195589095353
788,894,106,0.106,0.1715965224429965
772,886,114,0.114,0.15968180504627527
768,884,116,0.116,0.16294743971526623
788,894,106,0.106,0.15378919188305737
692,846,154,0.154,0.16160539482347666
792,896,104,0.104,0.13742152175121009
714,857,143,0.143,0.15102417876943947
724,862,138,0.138,0.14363185105472803
782,891,109,0.109,0.13001614279299975
802,901,99,0.099,0.13740583284664898
842,921,79,0.079,0.1290716373194009
794,897,103,0.103,0.12574451394658537
792,896,104,0.104,0.13145339301787318
774,887,113,0.113,0.11957753059267998
754,877,123,0.123,0.13280876120738686
698,849,151,0.151,0.15129562686383724
794,897,103,0.103,0.1335727283312008
726,863,137,0.137,0.15187282205559313
760,880,120,0.12,0.14335470163822175
764,882,118,0.118,0.1523105508107692
726,863,137,0.137,0.14277587720379234
740,870,130,0.13,0.13428523764014244
768,884,116,0.116,0.1446754468474537
744,872,128,0.128,0.1448331142552197
798,899,101,0.101,0.12500729893893003
768,884,116,0.116,0.1235671494603157
770,885,115,0.115,0.14056525586545468
760,880,120,0.12,0.12210582957603038
780,890,110,0.11,0.11949034384079278
754,877,123,0.123,0.11222178707085549
804,902,98,0.098,0.11667191446386278
750,875,125,0.125,0.11694368701986968
812,906,94,0.094,0.11592087169364095
748,874,126,0.126,0.12484002824872732
724,862,138,0.138,0.13158044815249742
780,890,110,0.11,0.12612380148097874
750,875,125,0.125,0.12753892642073333
778,889,111,0.111,0.11840178821980953
798,899,101,0.101,0.1243364245146513
750,875,125,0.125,0.11906786419264972
726,863,137,0.137,0.13925990387797355
762,881,119,0.119,0.12031713365809991
782,891,109,0.109,0.12006454487703741
682,841,159,0.159,0.1173885927470401
768,884,116,0.116,0.12697495026513933
820,910,90,0.09,0.1083331199157983
808,904,96,0.096,0.11252986293565483
794,897,103,0.103,0.10835991289094091
802,901,99,0.099,0.11349888038635254
760,880,120,0.12,0.11231882903259248
756,878,122,0.122,0.11798652149084955
746,873,127,0.127,0.11925651173945516
798,899,101,0.101,0.11570945779886097
756,878,122,0.122,0.11992338458821178
756,878,122,0.122,0.11483860229048878
738,869,131,0.131,0.12755435802508144
768,884,116,0.116,0.12400900325831025
838,919,81,0.081,0.11571721768565477
772,886,114,0.114,0.12409518191497773
780,890,110,0.11,0.1173879815377295
732,866,134,0.134,0.11811653062701226
772,886,114,0.114,0.10854574330337345
766,883,117,0.117,0.1152469875793904
798,899,101,0.101,0.1155029191421345
780,890,110,0.11,0.10739069574326277
814,907,93,0.093,0.10844826743379235
810,905,95,0.095,0.11868204386439174
720,860,140,0.14,0.11865446166880429
782,891,109,0.109,0.12014948879182338
706,853,147,0.147,0.11571680735982955
820,910,90,0.09,0.11624154496844857
804,902,98,0.098,0.13443285682611167
748,874,126,0.126,0.125602601531893
754,877,123,0.123,0.12701720152795315
782,891,109,0.109,0.12503144029993563
812,906,94,0.094,0.11194877716805786
734,867,133,0.133,0.12808549080230297
748,874,126,0.126,0.1294722371166572
706,853,147,0.147,0.11944469522684813
754,877,123,0.123,0.11581271232478321
752,876,124,0.124,0.12346527934726327
766,883,117,0.117,0.11663959262706339
816,908,92,0.092,0.11560734543949365
734,867,133,0.133,0.12351777088548987
762,881,119,0.119,0.11782934254873544
762,881,119,0.119,0.1150398628283292
792,896,104,0.104,0.1115304191056639
826,913,87,0.087,0.11822370156273246
778,889,111,0.111,0.12245506982225925
730,865,135,0.135,0.12083909448049962
748,874,126,0.126,0.11597565071936697
800,900,100,0.1,0.1099765453748405
816,908,92,0.092,0.10828612434864045
690,845,155,0.155,0.12364236452616752
712,856,144,0.144,0.12946254231408238
778,889,111,0.111,0.12681690473295748
734,867,133,0.133,0.1346354540521279
766,883,117,0.117,0.11961666795797646
722,861,139,0.139,0.12571380068641155
742,871,129,0.129,0.12793148641753943
722,861,139,0.139,0.13063953343220056
752,876,124,0.124,0.1303148538414389
860,930,70,0.07,0.11317000422254204
738,869,131,0.131,0.1208133703339845
758,879,121,0.121,0.12038790529314429
796,898,102,0.102,0.10385226832516492
762,881,119,0.119,0.10375417770259082
728,864,136,0.136,0.0973848452763632
736,868,132,0.132,0.11822876674309372
838,919,81,0.081,0.0923446649396792
750,875,125,0.125,0.09702456329297274
778,889,111,0.111,0.10489737724512815
778,889,111,0.111,0.10201050440780818
784,892,108,0.108,0.10159769505634904
788,894,106,0.106,0.10937706056050957
742,871,129,0.129,0.12025037305708974
772,886,114,0.114,0.1043891581390053
746,873,127,0.127,0.11500367075949908
728,864,136,0.136,0.10705234788637609
678,839,161,0.161,0.12757068692147733
734,867,133,0.133,0.09957438714429737
758,879,121,0.121,0.10457047824840993
740,870,130,0.13,0.10175905017089099
740,870,130,0.13,0.11397747505642473
692,846,154,0.154,0.12321767553687096
772,886,114,0.114,0.12387866219691933
748,874,126,0.126,0.1182283288538456
792,896,104,0.104,0.10498995137400925
716,858,142,0.142,0.12536121286451818
744,872,128,0.128,0.11356407887488604
800,900,100,0.1,0.09593384214490652
756,878,122,0.122,0.104497463141568
768,884,116,0.116,0.09296452628262342
754,877,123,0.123,0.10005071717314422
712,856,144,0.144,0.10215027860645205
762,881,119,0.119,0.09751443412527441
734,867,133,0.133,0.09436718298308551
748,874,126,0.126,0.11205205833632499
728,864,136,0.136,0.11492631111107766
736,868,132,0.132,0.11425129015557468
764,882,118,0.118,0.11665109004639089
794,897,103,0.103,0.10985542804561556
742,871,129,0.129,0.11966776384040713
742,871,129,0.129,0.11159397544339299
860,930,70,0.07,0.08781462590303273
724,862,138,0.138,0.10367527433671057
712,856,144,0.144,0.09764864365756512
762,881,119,0.119,0.08964166520629079
824,912,88,0.088,0.08909276704117655
718,859,141,0.141,0.11341489805560559
770,885,115,0.115,0.0996216018954292
816,908,92,0.092,0.09053023690357805
780,890,110,0.11,0.08908286530617625
772,886,114,0.114,0.10080043923575431
744,872,128,0.128,0.10365427548065781
792,896,104,0.104,0.10302152612339706
792,896,104,0.104,0.09439135906286537
738,869,131,0.131,0.11168153603374958
794,897,103,0.103,0.11504804550111294
704,852,148,0.148,0.11908662937302142
712,856,144,0.144,0.1183213079161942
780,890,110,0.11,0.11544423577003181
772,886,114,0.114,0.11411676245741546
762,881,119,0.119,0.12005425671115517
786,893,107,0.107,0.1080050047505647
786,893,107,0.107,0.10719441988505424
822,911,89,0.089,0.10808369345217943
696,848,152,0.152,0.12182490877062083
784,892,108,0.108,0.10981579897738993
726,863,137,0.137,0.11168322996981442
734,867,133,0.133,0.10855084767472
774,887,113,0.113,0.11281554201524704
804,902,98,0.098,0.1111355422399938
724,862,138,0.138,0.12552645119093359
790,895,105,0.105,0.120278156157583
726,863,137,0.137,0.12072852415591478
800,900,100,0.1,0.11604350891709328
798,899,101,0.101,0.10821307844854891
758,879,121,0.121,0.10605563105456531
790,895,105,0.105,0.1051522726342082
798,899,101,0.101,0.1042621983382851
776,888,112,0.112,0.10831862864643335
774,887,113,0.113,0.11077476516738534
766,883,117,0.117,0.11284732143767177
804,902,98,0.098,0.11074448277056217
800,900,100,0.1,0.1144955322528258
818,909,91,0.091,0.11009727135300636
736,868,132,0.132,0.12161320667341352
774,887,113,0.113,0.11135299434326588
712,856,144,0.144,0.12044263479486107
766,883,117,0.117,0.11935780807584524
766,883,117,0.117,0.12920918149501084
782,891,109,0.109,0.11826474073249847
756,878,122,0.122,0.1205145815256983
768,884,116,0.116,0.12478977734223008
742,871,129,0.129,0.1285488429516554
730,865,135,0.135,0.13347853971086443
776,888,112,0.112,0.1309873766414821
766,883,117,0.117,0.12326802147552371
784,892,108,0.108,0.12266233569383621
714,857,143,0.143,0.12046522243879736
776,888,112,0.112,0.12143573782593012
770,885,115,0.115,0.12076633555628359
774,887,113,0.113,0.11757489991374313
746,873,127,0.127,0.13025594204105437
734,867,133,0.133,0.13038155010342597
832,916,84,0.084,0.1174221849758178
742,871,129,0.129,0.14175331501290203
808,904,96,0.096,0.11482886710762978
720,860,140,0.14,0.14854116754792632
784,892,108,0.108,0.11819983129762113
814,907,93,0.093,0.11050688286498189
764,882,118,0.118,0.11781048762612045
744,872,128,0.128,0.12523459775559603
802,901,99,0.099,0.11261040192097425
764,882,118,0.118,0.1227984070815146
774,887,113,0.113,0.12210273811873049
806,903,97,0.097,0.11767959687300027
812,906,94,0.094,0.13068069202266633
770,885,115,0.115,0.1257445518700406
762,881,119,0.119,0.11462467176280916
690,845,155,0.155,0.14396916621550918
784,892,108,0.108,0.13666379904560744
754,877,123,0.123,0.14636982563883066
690,845,155,0.155,0.14925760218314826
744,872,128,0.128,0.1462189857661724
802,901,99,0.099,0.13713282907754182
754,877,123,0.123,0.15195116382464766
760,880,120,0.12,0.15562071006186307
806,903,97,0.097,0.13225234956201165
764,882,118,0.118,0.13287314235791564
768,884,116,0.116,0.1375949689745903
716,858,142,0.142,0.13610682641435415
764,882,118,0.118,0.13276174365542828
728,864,136,0.136,0.13765373725257815
738,869,131,0.131,0.14381503399834036
782,891,109,0.109,0.13369695290364325
774,887,113,0.113,0.14325708478689195
744,872,128,0.128,0.14338214338570834
782,891,109,0.109,0.14356008302606643
692,846,154,0.154,0.14332018373906613
776,888,112,0.112,0.14061199970543384
774,887,113,0.113,0.1458357594013214
720,860,140,0.14,0.14220178317651153
740,870,130,0.13,0.12970461174845696
814,907,93,0.093,0.12990888731740416
800,900,100,0.1,0.12172166077233851
802,901,99,0.099,0.12873187560215593
730,865,135,0.135,0.1422006046306342
778,889,111,0.111,0.13054429631866515
762,881,119,0.119,0.13490690118819476
742,871,129,0.129,0.1394179235547781
728,864,136,0.136,0.14308656841889023
794,897,103,0.103,0.1400122976116836
754,877,123,0.123,0.13262164242751898
774,887,113,0.113,0.1476863575167954
786,893,107,0.107,0.13203571670502423
742,871,129,0.129,0.13426977597922088
786,893,107,0.107,0.1336931163277477
738,869,131,0.131,0.13733006716519594
770,885,115,0.115,0.13785412962548435
794,897,103,0.103,0.128747821373865
764,882,118,0.118,0.13207117347698658
768,884,116,0.116,0.11969086896441877
770,885,115,0.115,0.12603310812264681
768,884,116,0.116,0.13952870913222432
742,871,129,0.129,0.13029512754268943
720,860,140,0.14,0.13695217698439957
780,890,110,0.11,0.1322983263246715
730,865,135,0.135,0.14432566758431495
746,873,127,0.127,0.14742523387819528
744,872,128,0.128,0.14737070174515246
714,857,143,0.143,0.14813982888311147
726,863,137,0.137,0.152106816701591
748,874,126,0.126,0.14390508721396328
742,871,129,0.129,0.1428212377112359
740,870,130,0.13,0.14525695545971393
718,859,141,0.141,0.15473014919273556
762,881,119,0.119,0.15531699857860803
784,892,108,0.108,0.14089511257782578
720,860,140,0.14,0.1420639580078423
732,866,134,0.134,0.15561862027086318
828,914,86,0.086,0.13562976031005383
778,889,111,0.111,0.13194103113748132
824,912,88,0.088,0.12274295789562166
756,878,122,0.122,0.12637069536559284
744,872,128,0.128,0.11858179352153092
728,864,136,0.136,0.13230147723294794
772,886,114,0.114,0.11710752134211361
808,904,96,0.096,0.11857849724777043
714,857,143,0.143,0.13040802430547774
762,881,119,0.119,0.13275654119253158
774,887,113,0.113,0.13136757988855244
776,888,112,0.112,0.13513911653496324
712,856,144,0.144,0.14235336065478624
774,887,113,0.113,0.13301227233558893
810,905,95,0.095,0.13071186461299658
790,895,105,0.105,0.12207225497346372
744,872,128,0.128,0.14206440149247646
788,894,106,0.106,0.11699799658358097
818,909,91,0.091,0.1190991598488763
732,866,134,0.134,0.10736841631308199
798,899,101,0.101,0.11049083698354661
756,878,122,0.122,0.126357219370082
802,901,99,0.099,0.11431827061064541
804,902,98,0.098,0.11501610225252808
822,911,89,0.089,0.10521342991851271
766,883,117,0.117,0.12004330619238317
742,871,129,0.129,0.11815885620936752
756,878,122,0.122,0.12401931067276746
716,858,142,0.142,0.11994893769361079
804,902,98,0.098,0.13587590096518398
766,883,117,0.117,0.12661889965087175
708,854,146,0.146,0.13292330860160292
776,888,112,0.112,0.1183567467695102
734,867,133,0.133,0.12860405955836177
794,897,103,0.103,0.10935454975068569
744,872,128,0.128,0.12187092898599804
786,893,107,0.107,0.11543710413388908
792,896,104,0.104,0.11079371577035636
714,857,143,0.143,0.12030059306137264
812,906,94,0.094,0.11869034215249122
718,859,141,0.141,0.12640745165757836
774,887,113,0.113,0.11393373949639499
782,891,109,0.109,0.11782335852924734
808,904,96,0.096,0.10545299794524908
788,894,106,0.106,0.11350804122164845
760,880,120,0.12,0.10786786946840585
756,878,122,0.122,0.11029239992797375
712,856,144,0.144,0.1009168185275048
708,854,146,0.146,0.11693721885420381
786,893,107,0.107,0.12352352195419371
784,892,108,0.108,0.11716107212286443
730,865,135,0.135,0.11782693423051387
830,915,85,0.085,0.11367737717553973
734,867,133,0.133,0.11204075658507645
792,896,104,0.104,0.10131274737417698
742,871,129,0.129,0.11159873456228525
704,852,148,0.148,0.10746667615510523
746,873,127,0.127,0.10239338587783277
794,897,103,0.103,0.10728303447179496
800,900,100,0.1,0.10015407390287145
774,887,113,0.113,0.10161284567043186
834,917,83,0.083,0.10094020713679493
746,873,127,0.127,0.10084291543811559
772,886,114,0.114,0.10149580590240657
770,885,115,0.115,0.10062295719608665
752,876,124,0.124,0.09787140752561391
844,922,78,0.078,0.08206776042934508
830,915,85,0.085,0.09052068981714546
826,913,87,0.087,0.09282167519629002
790,895,105,0.105,0.09206504101119936
764,882,118,0.118,0.08221855692565441
772,886,114,0.114,0.0885205195788294
758,879,121,0.121,0.08997963584028185
720,860,140,0.14,0.09453950498253107
734,867,133,0.133,0.10182276218943298
788,894,106,0.106,0.10885205387696624
792,896,104,0.104,0.10136141739785672
738,869,131,0.131,0.10623537377547473
738,869,131,0.131,0.09212325151544064
766,883,117,0.117,0.09633394294511527
690,845,155,0.155,0.10838095170538872
744,872,128,0.128,0.10128807542216964
734,867,133,0.133,0.09697340539190918
758,879,121,0.121,0.10167352498881518
814,907,93,0.093,0.10069954298064113
754,877,123,0.123,0.1126636587511748
742,871,129,0.129,0.10336531248409302
716,858,142,0.142,0.10142697521764785
738,869,131,0.131,0.09556137203425169
794,897,103,0.103,0.09616075888741761
760,880,120,0.12,0.08873633350804448
792,896,104,0.104,0.08545716951787471
806,903,97,0.097,0.08750016851304099
730,865,135,0.135,0.083901706174016
722,861,139,0.139,0.09711803024820984
776,888,112,0.112,0.07999006667826325
790,895,105,0.105,0.08633693437557667
764,882,118,0.118,0.09137776497378945
766,883,117,0.117,0.08965175738185645
706,853,147,0.147,0.09365246958564967
732,866,134,0.134,0.09497314113285392
782,891,109,0.109,0.08534785652160645
708,854,146,0.146,0.08561598145682364
754,877,123,0.123,0.09317996188998222
758,879,121,0.121,0.09203497183509171
748,874,126,0.126,0.10870265705138445
758,879,121,0.121,0.10560244908370077
768,884,116,0.116,0.10372186928149313
786,893,107,0.107,0.09947671359498053
768,884,116,0.116,0.09628088682703674
800,900,100,0.1,0.08178467836789786
824,912,88,0.088,0.07732276774966158
794,897,103,0.103,0.07317067094519734
704,852,148,0.148,0.08268357358686626
796,898,102,0.102,0.07113559317868202
776,888,112,0.112,0.07202733230218292
732,866,134,0.134,0.08621797057660296
694,847,153,0.153,0.08811979526095093
754,877,123,0.123,0.0916487169303
782,891,109,0.109,0.0986448175702244
750,875,125,0.125,0.08667253360245376
758,879,121,0.121,0.10656318487226964
692,846,154,0.154,0.11425315126590431
728,864,136,0.136,0.09743199157342315
768,884,116,0.116,0.09940398643258959
790,895,105,0.105,0.08973830431979149
752,876,124,0.124,0.09691688698902726
828,914,86,0.086,0.07918547503463924
772,886,114,0.114,0.07955182072892784
754,877,123,0.123,0.0778491757772863
776,888,112,0.112,0.07564004167355597
786,893,107,0.107,0.07388108614971861
772,886,114,0.114,0.07303769071958958
770,885,115,0.115,0.07082054511923343
732,866,134,0.134,0.07490900278231129
758,879,121,0.121,0.0765582502828911
766,883,117,0.117,0.0761233092546463
746,873,127,0.127,0.0972978506218642
812,906,94,0.094,0.08601102990377694
746,873,127,0.127,0.08835791900753975
820,910,90,0.09,0.08746755784191192
710,855,145,0.145,0.0884145137919113
762,881,119,0.119,0.08033153894823045
744,872,128,0.128,0.07739149265177547
810,905,95,0.095,0.07453725154791027
778,889,111,0.111,0.07720130234397948
748,874,126,0.126,0.07472151483036578
744,872,128,0.128,0.08366495209839195
778,889,111,0.111,0.08518984881602228
730,865,135,0.135,0.08699362505879253
778,889,111,0.111,0.07705095776636153
766,883,117,0.117,0.08755605741590261
768,884,116,0.116,0.07734577152505517
818,909,91,0.091,0.06676284583937377
728,864,136,0.136,0.08475418879650533
734,867,133,0.133,0.08596390936058014
688,844,156,0.156,0.09153132427297532
776,888,112,0.112,0.08280889308825136
788,894,106,0.106,0.0815672370060347
816,908,92,0.092,0.07922528738109395
746,873,127,0.127,0.07941712474171073
784,892,108,0.108,0.07710746755450965
752,876,124,0.124,0.08646468729805201
818,909,91,0.091,0.08402717152237892
720,860,140,0.14,0.08017834634473547
802,901,99,0.099,0.07409814005251975
748,874,126,0.126,0.07788246010150761
770,885,115,0.115,0.08260023200092838
712,856,144,0.144,0.08444675069302321
756,878,122,0.122,0.07701308175548911
802,901,99,0.099,0.08340866264002397
770,885,115,0.115,0.08753433019295334
652,826,174,0.174,0.09405828121118248
768,884,116,0.116,0.08337563850730657
828,914,86,0.086,0.07895764776133
770,885,115,0.115,0.08444196630455554
750,875,125,0.125,0.07922426006942987
840,920,80,0.08,0.06633674021624028
746,873,127,0.127,0.07830306298006326
812,906,94,0.094,0.07022675257083029
852,926,74,0.074,0.06606990323541687
762,881,119,0.119,0.06888139960542321
744,872,128,0.128,0.07223004164267331
772,886,114,0.114,0.07527680078614503
772,886,114,0.114,0.08411982212401926
794,897,103,0.103,0.08344227691739797
822,911,89,0.089,0.08761426807660609
736,868,132,0.132,0.09886031170655042
780,890,110,0.11,0.09522413518186659
766,883,117,0.117,0.09160939438268542
762,881,119,0.119,0.0953470088718459
774,887,113,0.113,0.09137929359730333
814,907,93,0.093,0.08462546536792069
716,858,142,0.142,0.09135406070481986
830,915,85,0.085,0.07644261407083831
752,876,124,0.124,0.0779818218704313
744,872,128,0.128,0.08507446773629636
778,889,111,0.111,0.08611942778434604
736,868,132,0.132,0.09517968331556767
796,898,102,0.102,0.0785982296350412
814,907,93,0.093,0.09255776993371546
778,889,111,0.111,0.0949631091170013
762,881,119,0.119,0.08849649792676792
758,879,121,0.121,0.09522009882982821
730,865,135,0.135,0.10234264531824738
744,872,128,0.128,0.09059209115523845
782,891,109,0.109,0.0901339499168098
784,892,108,0.108,0.09011462973989547
746,873,127,0.127,0.0928741538580507
730,865,135,0.135,0.08911636373307556
760,880,120,0.12,0.09322641227394342
758,879,121,0.121,0.09566920635290443
762,881,119,0.119,0.08899752992484719
774,887,113,0.113,0.09307668329402805
726,863,137,0.137,0.09451561763510108
832,916,84,0.084,0.0871991983987391
732,866,134,0.134,0.08696863622311503
716,858,142,0.142,0.09220695543661714
800,900,100,0.1,0.08421211402397603
820,910,90,0.09,0.08293019582517445
764,882,118,0.118,0.08685725865419953
786,893,107,0.107,0.08653431264963
770,885,115,0.115,0.08881890615727753
804,902,98,0.098,0.07909473041445017
796,898,102,0.102,0.0877436960786581
758,879,121,0.121,0.08513641174137593
770,885,115,0.115,0.08210140084568411
746,873,127,0.127,0.08466978713776917
750,875,125,0.125,0.09341314652562141
772,886,114,0.114,0.08714034491218627
776,888,112,0.112,0.08824732249230147
794,897,103,0.103,0.08598304803483188
740,870,130,0.13,0.09234845810011029
798,899,101,0.101,0.08598176469374448
800,900,100,0.1,0.08171880085906014
774,887,113,0.113,0.0861004752293229
776,888,112,0.112,0.07967501576291397
752,876,124,0.124,0.08502141960989684
810,905,95,0.095,0.08508284288831056
716,858,142,0.142,0.09271322616562247
708,854,146,0.146,0.09809651867114008
740,870,130,0.13,0.09890089215524495
788,894,106,0.106,0.0964199108062312
738,869,131,0.131,0.08993073259666562
814,907,93,0.093,0.09517064009979367
798,899,101,0.101,0.08921183183789254
778,889,111,0.111,0.091268999283202
814,907,93,0.093,0.08642327720858156
736,868,132,0.132,0.07532428562641144
802,901,99,0.099,0.07203907514922321
742,871,129,0.129,0.07909188213106245
712,856,144,0.144,0.0930481176013127
774,887,113,0.113,0.07823857766995207
790,895,105,0.105,0.08014999021869153
722,861,139,0.139,0.0822871929127723
768,884,116,0.116,0.09305704180523754
712,856,144,0.144,0.09007907322701067
798,899,101,0.101,0.09083496233075858
718,859,141,0.141,0.0908712630905211
734,867,133,0.133,0.09662880920246243
794,897,103,0.103,0.0865976832387969
726,863,137,0.137,0.09241654491610825
690,845,155,0.155,0.09437525488436221
732,866,134,0.134,0.09279005365632474
778,889,111,0.111,0.09469266115315259
756,878,122,0.122,0.09641074550617486
720,860,140,0.14,0.10064973388984799
668,834,166,0.166,0.10017461839318276
794,897,103,0.103,0.08975870248489082
762,881,119,0.119,0.09343441013619304
826,913,87,0.087,0.08269423766387626
768,884,116,0.116,0.07986247961968183
768,884,116,0.116,0.07814993082173169
750,875,125,0.125,0.07995676350034774
708,854,146,0.146,0.08038547185994685
762,881,119,0.119,0.07744322232436389
722,861,139,0.139,0.09606685190740973
758,879,121,0.121,0.09375287254713476
774,887,113,0.113,0.08834672134090214
782,891,109,0.109,0.08628761648200452
840,920,80,0.08,0.09747328940127045
696,848,152,0.152,0.10002914991043509
780,890,110,0.11,0.09106141324527561
850,925,75,0.075,0.07554047104809433
728,864,136,0.136,0.09187184855807573
756,878,122,0.122,0.08035750196874142
788,894,106,0.106,0.08557227110955865
806,903,97,0.097,0.08178008206840605
728,864,136,0.136,0.09433312215749175
794,897,103,0.103,0.08465410418948159
736,868,132,0.132,0.09273687541857362
722,861,139,0.139,0.09086939714103937
852,926,74,0.074,0.09071515726670623
798,899,101,0.101,0.09693391734641045
730,865,135,0.135,0.10432636803854257
814,907,93,0.093,0.0861544635836035
730,865,135,0.135,0.0924219041634351
756,878,122,0.122,0.09399675519764424
704,852,148,0.148,0.09969626438990235
760,880,120,0.12,0.09140156496316194
708,854,146,0.146,0.10944649771880359
770,885,115,0.115,0.10096220663748681
794,897,103,0.103,0.0994922690950334
778,889,111,0.111,0.09212202904187143
730,865,135,0.135,0.1000383802363649
750,875,125,0.125,0.09074603811232373
752,876,124,0.124,0.09359208592120558
816,908,92,0.092,0.09190699684806168
730,865,135,0.135,0.09283994341269136
774,887,113,0.113,0.09704342617094516
690,845,155,0.155,0.09610916727408766
790,895,105,0.105,0.0900635472619906
794,897,103,0.103,0.09286289063934237
750,875,125,0.125,0.10449468350037933
786,893,107,0.107,0.09119564126152545
786,893,107,0.107,0.09533964485861361
794,897,103,0.103,0.09280892594158649
746,873,127,0.127,0.09322178742289543
812,906,94,0.094,0.08351467698439956
804,902,98,0.098,0.08278146630292758
774,887,113,0.113,0.08070033814944327
752,876,124,0.124,0.08692624210659415
790,895,105,0.105,0.0835505713634193
720,860,140,0.14,0.09905305251665414
766,883,117,0.117,0.10219422372989356
760,880,120,0.12,0.09051133714802563
828,914,86,0.086,0.08906535922549665
706,853,147,0.147,0.10964260755293072
696,848,152,0.152,0.1036500438619405
750,875,125,0.125,0.10415712541341782
772,886,114,0.114,0.10169386321119964
728,864,136,0.136,0.10370040446147323
772,886,114,0.114,0.10582263006456197
778,889,111,0.111,0.09188878289796412
734,867,133,0.133,0.09421729993261396
768,884,116,0.116,0.09577043782733381
792,896,104,0.104,0.08299562844354659
826,913,87,0.087,0.0839209660217166
854,927,73,0.073,0.07855942678265274
772,886,114,0.114,0.07888805064652116
816,908,92,0.092,0.07125723150931298
792,896,104,0.104,0.07509109488409013
686,843,157,0.157,0.08681527282856405
732,866,134,0.134,0.0834642269089818
694,847,153,0.153,0.10006965072033927
808,904,96,0.096,0.10370065367408096
754,877,123,0.123,0.10831286337412893
730,865,135,0.135,0.1109053633660078
732,866,134,0.134,0.12161500926688314
718,859,141,0.141,0.11887979662790894
702,851,149,0.149,0.1256067196428776
772,886,114,0.114,0.11024617609195411
838,919,81,0.081,0.09996312072128058
808,904,96,0.096,0.10077326037827879
728,864,136,0.136,0.10381326582003385
808,904,96,0.096,0.08422718379925936
762,881,119,0.119,0.08483647314831615
764,882,118,0.118,0.08923157678171992
810,905,95,0.095,0.07742821883689611
762,881,119,0.119,0.08088959414698184
718,859,141,0.141,0.08846755901305005
738,869,131,0.131,0.09530587321706116
794,897,103,0.103,0.09538952595368028
810,905,95,0.095,0.10176876558922231
722,861,139,0.139,0.11685259647015482
776,888,112,0.112,0.114410160260275
724,862,138,0.138,0.1107668289989233
784,892,108,0.108,0.11190713968127966
744,872,128,0.128,0.11903927925229073
802,901,99,0.099,0.10884080657735468
732,866,134,0.134,0.10652898352779448
826,913,87,0.087,0.08997031299676746
790,895,105,0.105,0.10200984421744942
674,837,163,0.163,0.10480776096507907
776,888,112,0.112,0.09881752485223115
756,878,122,0.122,0.10096196360886096
736,868,132,0.132,0.10580184514448046
760,880,120,0.12,0.09540290160290897
696,848,152,0.152,0.11914126049540937
764,882,118,0.118,0.110178576733917
762,881,119,0.119,0.11228698531910777
756,878,122,0.122,0.11827765123918653
766,883,117,0.117,0.10289032372366637
776,888,112,0.112,0.1107789153046906
770,885,115,0.115,0.10743861831258983
812,906,94,0.094,0.09402558373939246
688,844,156,0.156,0.10829788159485906
770,885,115,0.115,0.09866248496063054
788,894,106,0.106,0.09980018419399858
724,862,138,0.138,0.11329003542847932
754,877,123,0.123,0.1124399615637958
792,896,104,0.104,0.10469775721430778
714,857,143,0.143,0.123783361364156
770,885,115,0.115,0.11358347047865391
724,862,138,0.138,0.12024076507240535
778,889,111,0.111,0.12447072391211987
742,871,129,0.129,0.12373748275637626
746,873,127,0.127,0.11430727075412869
774,887,113,0.113,0.10922412985935807
758,879,121,0.121,0.11381606633029878
716,858,142,0.142,0.11352349488250911
790,895,105,0.105,0.10784604230895639
744,872,128,0.128,0.1131083506513387
734,867,133,0.133,0.10598854208365083
770,885,115,0.115,0.1150036744326353
750,875,125,0.125,0.12231241312809288
732,866,134,0.134,0.12230859358236193
806,903,97,0.097,0.11705422532744705
690,845,155,0.155,0.11903200267255307
718,859,141,0.141,0.1318602145165205
796,898,102,0.102,0.10828335183858871
818,909,91,0.091,0.11579113377816976
746,873,127,0.127,0.1126858620699495
738,869,131,0.131,0.11904179742187261
790,895,105,0.105,0.10321872063539922
798,899,101,0.101,0.12018238295055926
808,904,96,0.096,0.11592034500651062
730,865,135,0.135,0.1269159721657634
756,878,122,0.122,0.11499333260580898
822,911,89,0.089,0.10595923194848
796,898,102,0.102,0.10978897593123839
800,900,100,0.1,0.10320340809039771
836,918,82,0.082,0.10199319149926304
752,876,124,0.124,0.10275838111341
752,876,124,0.124,0.10189915766566991
744,872,128,0.128,0.10437352591659874
778,889,111,0.111,0.11164757738262415
756,878,122,0.122,0.11466061005368829
752,876,124,0.124,0.11624861400574446
744,872,128,0.128,0.1171338657438755
770,885,115,0.115,0.13029896841943264
742,871,129,0.129,0.11405159176327288
694,847,153,0.153,0.12875851891003548
772,886,114,0.114,0.12114962990302593
720,860,140,0.14,0.12459411061741411
760,880,120,0.12,0.12135362405702471
712,856,144,0.144,0.12428022771142423
754,877,123,0.123,0.11988311148807407
786,893,107,0.107,0.11554185266792774
812,906,94,0.094,0.11529571463353933
748,874,126,0.126,0.12564914328604937
776,888,112,0.112,0.11874546229839325
748,874,126,0.126,0.10876333495415748
762,881,119,0.119,0.12074494717456401
728,864,136,0.136,0.11804480281285942
750,875,125,0.125,0.12416722320578992
758,879,121,0.121,0.13706584592349827
770,885,115,0.115,0.12433051870577037
772,886,114,0.114,0.14700027991086245
740,870,130,0.13,0.14169802474603058
764,882,118,0.118,0.12996913013607264
736,868,132,0.132,0.13666863703355192
760,880,120,0.12,0.13017930166050792
782,891,109,0.109,0.13638344198279082
780,890,110,0.11,0.12213011151086539
804,902,98,0.098,0.10690115431509913
798,899,101,0.101,0.11899563213437796
776,888,112,0.112,0.11468480402044952
776,888,112,0.112,0.1087709897570312
762,881,119,0.119,0.11658076369389891
744,872,128,0.128,0.12078593560308218
748,874,126,0.126,0.12943624160811304
830,915,85,0.085,0.11087736985087394
774,887,113,0.113,0.10956674228049815
696,848,152,0.152,0.12450850528478623
786,893,107,0.107,0.11242583273909985
788,894,106,0.106,0.12767761846259237
792,896,104,0.104,0.12197769525833428
764,882,118,0.118,0.11960896262899041
720,860,140,0.14,0.1279198778923601
768,884,116,0.116,0.12692279990203678
752,876,124,0.124,0.11955216772295535
734,867,133,0.133,0.12746467571519315
754,877,123,0.123,0.12828677960112692
798,899,101,0.101,0.12478201198391617
762,881,119,0.119,0.1149007918946445
830,915,85,0.085,0.11270106131024658
740,870,130,0.13,0.12855747562646866
744,872,128,0.128,0.11849988380074501
724,862,138,0.138,0.11446306853741407
774,887,113,0.113,0.119137310070917
678,839,161,0.161,0.14142874347232282
756,878,122,0.122,0.14277275943383574
762,881,119,0.119,0.12270115999318659
782,891,109,0.109,0.13337407899275422
800,900,100,0.1,0.1335159590244293
768,884,116,0.116,0.13075438914448023
724,862,138,0.138,0.13353179318457842
866,933,67,0.067,0.11035285939835011
808,904,96,0.096,0.12710040308348836
808,904,96,0.096,0.11305427568033338
760,880,120,0.12,0.1143534817751497
792,896,104,0.104,0.11007629687804729
814,907,93,0.093,0.10530036706477404
716,858,142,0.142,0.12065174544602633
784,892,108,0.108,0.11407591882906855
774,887,113,0.113,0.11627123437449335
814,907,93,0.093,0.11119216291792691
770,885,115,0.115,0.11551354097574949
808,904,96,0.096,0.11749088226631284
758,879,121,0.121,0.12465284897945822
702,851,149,0.149,0.13218976205959915
766,883,117,0.117,0.13127187586948275
788,894,106,0.106,0.1296823101770133
790,895,105,0.105,0.12278951688483357
740,870,130,0.13,0.13591079334914685
716,858,142,0.142,0.14034088403359055
764,882,118,0.118,0.1371631287895143
698,849,151,0.151,0.1354474057890475
800,900,100,0.1,0.13405111308954656
718,859,141,0.141,0.1465311544891447
824,912,88,0.088,0.12639113035984337
724,862,138,0.138,0.13507150814682245
782,891,109,0.109,0.13390640682727098
786,893,107,0.107,0.12562273610010743
754,877,123,0.123,0.12267338513582945
728,864,136,0.136,0.11873367664404214
806,903,97,0.097,0.11602034466899931
768,884,116,0.116,0.12179547079373151
750,875,125,0.125,0.11497240036353469
752,876,124,0.124,0.14136703500524164
800,900,100,0.1,0.12037271975539625
712,856,144,0.144,0.14879232140257956
750,875,125,0.125,0.14321912324242295
814,907,93,0.093,0.14062841928564013
782,891,109,0.109,0.13933767072856426
780,890,110,0.11,0.14291733581013977
774,887,113,0.113,0.1357223329991102
732,866,134,0.134,0.13167754155769945
768,884,116,0.116,0.12709817496314646
708,854,146,0.146,0.13123912131413817
736,868,132,0.132,0.13845478028059005
770,885,115,0.115,0.14052537891454994
692,846,154,0.154,0.14091291253268717
740,870,130,0.13,0.13936196660622954
710,855,145,0.145,0.1473676558304578
800,900,100,0.1,0.14122619207203388
818,909,91,0.091,0.13348189182206988
848,924,76,0.076,0.12805019679665566
806,903,97,0.097,0.12999032690748571
720,860,140,0.14,0.12979904274828732
748,874,126,0.126,0.11639738431014121
760,880,120,0.12,0.12392903695814311
782,891,109,0.109,0.12749903999641538
766,883,117,0.117,0.15011555998772383
698,849,151,0.151,0.14985141937062144
734,867,133,0.133,0.1572589961104095
718,859,141,0.141,0.15449067787453533
762,881,119,0.119,0.14873883250914513
702,851,149,0.149,0.17219793907925487
712,856,144,0.144,0.1562686679288745
776,888,112,0.112,0.15470049906149508
752,876,124,0.124,0.16682019348442553
778,889,111,0.111,0.1560650749653578
762,881,119,0.119,0.16977422194741668
790,895,105,0.105,0.14229495926760138
774,887,113,0.113,0.13638255731388926
730,865,135,0.135,0.1399115969315171
804,902,98,0.098,0.12243878095410764
764,882,118,0.118,0.13870631766319275
764,882,118,0.118,0.14800233034789562
766,883,117,0.117,0.14563421748019756
736,868,132,0.132,0.14917263474315404
758,879,121,0.121,0.15117189497128128
772,886,114,0.114,0.1525669526346028
734,867,133,0.133,0.15813077098503708
740,870,130,0.13,0.1694689763225615
754,877,123,0.123,0.15315688397735358
752,876,124,0.124,0.16285919466242194
734,867,133,0.133,0.18514548728242516
784,892,108,0.108,0.15339920944720506
736,868,132,0.132,0.15870236526057124
816,908,92,0.092,0.14728170584142208
774,887,113,0.113,0.15003238615021108
752,876,124,0.124,0.16730071664229035
760,880,120,0.12,0.15126005769893527
768,884,116,0.116,0.15483742549829185
684,842,158,0.158,0.176296554941684
734,867,133,0.133,0.16075335878506303
744,872,128,0.128,0.1726224203594029
752,876,124,0.124,0.17394637746736408
834,917,83,0.083,0.14989541258104144
766,883,117,0.117,0.178435705088079
774,887,113,0.113,0.16180676792934537
748,874,126,0.126,0.1708880719654262
792,896,104,0.104,0.17109624691680073
726,863,137,0.137,0.15843729616329075
742,871,129,0.129,0.16910547374002635
756,878,122,0.122,0.17861077361926436
760,880,120,0.12,0.17713353591039777
762,881,119,0.119,0.17600542472861708
710,855,145,0.145,0.19663617907837033
782,891,109,0.109,0.18116305911540986
786,893,107,0.107,0.1689093695729971
798,899,101,0.101,0.17438820822164416
762,881,119,0.119,0.16811938405781984
840,920,80,0.08,0.15119466379098595
786,893,107,0.107,0.17129890817962587
704,852,148,0.148,0.17461880562454463
748,874,126,0.126,0.18239059415832162
744,872,128,0.128,0.18583213716372848
748,874,126,0.126,0.19189026824757457
792,896,104,0.104,0.1932137643136084
782,891,109,0.109,0.1774961764588952
732,866,134,0.134,0.18556480678915976
764,882,118,0.118,0.1686041689403355
766,883,117,0.117,0.18520621758699418
722,861,139,0.139,0.18611086596176027
732,866,134,0.134,0.18679592433199285
774,887,113,0.113,0.1858187549933791
720,860,140,0.14,0.1930215092226863
724,862,138,0.138,0.19498667861893773
826,913,87,0.087,0.1776117841489613
748,874,126,0.126,0.175748599011451
764,882,118,0.118,0.16971769094467162
760,880,120,0.12,0.17181333649903535
746,873,127,0.127,0.1653475235104561
676,838,162,0.162,0.17706498266384005
770,885,115,0.115,0.1579254219122231
796,898,102,0.102,0.16628867521137
748,874,126,0.126,0.15690863856300713
780,890,110,0.11,0.15527789143845439
802,901,99,0.099,0.14046591210365295
742,871,129,0.129,0.15656257094815373
728,864,136,0.136,0.15696933821961284
778,889,111,0.111,0.16818809115327896
782,891,109,0.109,0.15869198080524802
742,871,129,0.129,0.15993940905481577
728,864,136,0.136,0.17187011393904686
736,868,132,0.132,0.16816226947680116
700,850,150,0.15,0.17198162672668696
740,870,130,0.13,0.1542424730360508
760,880,120,0.12,0.15768461759760977
776,888,112,0.112,0.15982555100135507
786,893,107,0.107,0.1549294992648065
766,883,117,0.117,0.15646376913040877
756,878,122,0.122,0.1684892622344196
746,873,127,0.127,0.17097993184253574
728,864,136,0.136,0.16075602293759583
724,862,138,0.138,0.17520355489850045
678,839,161,0.161,0.1894074844196439
726,863,137,0.137,0.2025684739984572
804,902,98,0.098,0.19193512692302467
726,863,137,0.137,0.20643716325983405
748,874,126,0.126,0.1868769607655704
668,834,166,0.166,0.20363541397452353
752,876,124,0.124,0.17968986590579153
768,884,116,0.116,0.18212725456058979
750,875,125,0.125,0.18125455527752637
774,887,113,0.113,0.17317565774545074
736,868,132,0.132,0.1718265135586262
748,874,126,0.126,0.18373946066573263
702,851,149,0.149,0.17760802065208553
800,900,100,0.1,0.17304042444005607
786,893,107,0.107,0.17052531539648771
762,881,119,0.119,0.16923978785797952
758,879,121,0.121,0.173228399284184
802,901,99,0.099,0.16252871262282134
786,893,107,0.107,0.16110862411558627
742,871,129,0.129,0.16223763737641275
752,876,124,0.124,0.1684475328847766
708,854,146,0.146,0.18624806736782193
786,893,107,0.107,0.18490872249379753
734,867,133,0.133,0.1900139652043581
752,876,124,0.124,0.18705451345443724
728,864,136,0.136,0.1917964622825384
770,885,115,0.115,0.1972686262652278
782,891,109,0.109,0.18222163654491305
798,899,101,0.101,0.18630647686868906
778,889,111,0.111,0.18464641899988055
754,877,123,0.123,0.18948783297091723
768,884,116,0.116,0.18071783638000488
746,873,127,0.127,0.18757550555095076
698,849,151,0.151,0.19493764520809054
776,888,112,0.112,0.18889834915474057
740,870,130,0.13,0.19774478684738278
774,887,113,0.113,0.18476023723185062
770,885,115,0.115,0.19902818248420953
714,857,143,0.143,0.20213323754444718
778,889,111,0.111,0.1969761897139251
752,876,124,0.124,0.19319245145469904
774,887,113,0.113,0.2001862620599568
780,890,110,0.11,0.1868684191815555
786,893,107,0.107,0.19098621506616473
764,882,118,0.118,0.1960328078046441
690,845,155,0.155,0.2269736436381936
744,872,128,0.128,0.2008475723862648
754,877,123,0.123,0.21373129055276513
746,873,127,0.127,0.2171066285818815
766,883,117,0.117,0.2028734176084399
730,865,135,0.135,0.20687269280850887
700,850,150,0.15,0.20288577745482325
762,881,119,0.119,0.17882944257184863
740,870,130,0.13,0.17535673388466239
798,899,101,0.101,0.176279619384557
736,868,132,0.132,0.18412174344062804
772,886,114,0.114,0.18636859288439156
742,871,129,0.129,0.19225083903595805
784,892,108,0.108,0.172618995744735
758,879,121,0.121,0.19606743343174457
800,900,100,0.1,0.18837634811922907
792,896,104,0.104,0.1714666551835835
742,871,129,0.129,0.18127385118603706
704,852,148,0.148,0.1831423307210207
706,853,147,0.147,0.17049661465734242
802,901,99,0.099,0.15505263670533895
736,868,132,0.132,0.1867180776707828
758,879,121,0.121,0.16690282655879854
750,875,125,0.125,0.16919687074050307
734,867,133,0.133,0.1880197922065854
704,852,148,0.148,0.19324458357319235
698,849,151,0.151,0.18680082198604941
784,892,108,0.108,0.1862550105676055
752,876,124,0.124,0.1806603214815259
824,912,88,0.088,0.1723569097854197
800,900,100,0.1,0.18195469265431166
768,884,116,0.116,0.1499253397807479
742,871,129,0.129,0.15759908202290535
780,890,110,0.11,0.15526474606618285
798,899,101,0.101,0.15472250018268824
792,896,104,0.104,0.1588668489269912
766,883,117,0.117,0.1527073316127062
768,884,116,0.116,0.16494749568030237
842,921,79,0.079,0.15161126786470414
784,892,108,0.108,0.15153263282775878
698,849,151,0.151,0.1788321276754141
776,888,112,0.112,0.18115113872662186
822,911,89,0.089,0.1629846324622631
776,888,112,0.112,0.17447455022111535
798,899,101,0.101,0.17211607522144914
750,875,125,0.125,0.1908035119138658
766,883,117,0.117,0.16817576953396202
812,906,94,0.094,0.16167308790422977
730,865,135,0.135,0.16852450197935104
750,875,125,0.125,0.16480803650617598
722,861,139,0.139,0.1628521885238588
762,881,119,0.119,0.1644859752357006
744,872,128,0.128,0.17883945475518703
752,876,124,0.124,0.17032466400414706
794,897,103,0.103,0.1656545176524669
776,888,112,0.112,0.17109588414803148
784,892,108,0.108,0.17480854482203723
772,886,114,0.114,0.18659711575880647
812,906,94,0.094,0.17518830121681095
780,890,110,0.11,0.18511064771562816
768,884,116,0.116,0.1778973619379103
794,897,103,0.103,0.17660902351140975
704,852,148,0.148,0.18880901058018207
672,836,164,0.164,0.2017958892509341
734,867,133,0.133,0.20288496790081262
714,857,143,0.143,0.1985354211702943
766,883,117,0.117,0.1924982143715024
746,873,127,0.127,0.2170688873529434
796,898,102,0.102,0.21149913450330496
746,873,127,0.127,0.20928755827248097
746,873,127,0.127,0.20395194534212352
774,887,113,0.113,0.19322987524420024
792,896,104,0.104,0.18452709965594113
720,860,140,0.14,0.19823605877533554
792,896,104,0.104,0.19182891548797487
742,871,129,0.129,0.18780660082027317
750,875,125,0.125,0.19219165417551995
714,857,143,0.143,0.1963938991241157
784,892,108,0.108,0.18697423055395485
812,906,94,0.094,0.17618646924942732
776,888,112,0.112,0.18226215736567974
788,894,106,0.106,0.19699581782892348
762,881,119,0.119,0.1973566901870072
774,887,113,0.113,0.19051893486455082
726,863,137,0.137,0.18757490338385105
764,882,118,0.118,0.18591076904535295
724,862,138,0.138,0.19860287226736545
812,906,94,0.094,0.19141632559150457
734,867,133,0.133,0.1977011401131749
718,859,141,0.141,0.2026757261790335
748,874,126,0.126,0.20619614568352698
766,883,117,0.117,0.2136685838215053
718,859,141,0.141,0.20854442388564348
782,891,109,0.109,0.1956030938103795
730,865,135,0.135,0.21748140588402748
824,912,88,0.088,0.1894613557755947
802,901,99,0.099,0.17144978029280902
752,876,124,0.124,0.19246833650395273
696,848,152,0.152,0.19805374701321124
786,893,107,0.107,0.17940445205569266
710,855,145,0.145,0.18402344293147327
796,898,102,0.102,0.17773310979828238
794,897,103,0.103,0.16943020457029342
728,864,136,0.136,0.1842390795610845
698,849,151,0.151,0.18982219126820565
764,882,118,0.118,0.19021320575475692
728,864,136,0.136,0.1960079627931118
786,893,107,0.107,0.18899270130321383
798,899,101,0.101,0.1855712855271995
764,882,118,0.118,0.18966536697745323
724,862,138,0.138,0.1769145944342017
802,901,99,0.099,0.16440364759042858
756,878,122,0.122,0.17713406392559408
754,877,123,0.123,0.16807080333307386
750,875,125,0.125,0.17650020238757133
684,842,158,0.158,0.17686810828559102
820,910,90,0.09,0.17755834524333478
718,859,141,0.141,0.1941040043607354
800,900,100,0.1,0.18597581174597144
728,864,136,0.136,0.19176643795892595
778,889,111,0.111,0.17901362539082766
804,902,98,0.098,0.1826978462524712
694,847,153,0.153,0.20319563476741315
756,878,122,0.122,0.19427162486687302
744,872,128,0.128,0.17427197360619903
752,876,124,0.124,0.1670848140232265
776,888,112,0.112,0.17728974971920253
752,876,124,0.124,0.1754718401916325
792,896,104,0.104,0.18187537885084748
738,869,131,0.131,0.19313102937489748
718,859,141,0.141,0.1885088715851307
732,866,134,0.134,0.19871258845180273
756,878,122,0.122,0.19410658368468284
790,895,105,0.105,0.19439067186042666
814,907,93,0.093,0.18091004087403417
772,886,114,0.114,0.18213405326008797
776,888,112,0.112,0.176000889852643
774,887,113,0.113,0.16574543706700207
752,876,124,0.124,0.172075974047184
760,880,120,0.12,0.18279779013991357
818,909,91,0.091,0.15979428485780955
806,903,97,0.097,0.18124515737593175
798,899,101,0.101,0.18569474495202304
712,856,144,0.144,0.18978189189359546
764,882,118,0.118,0.18117817913368345
790,895,105,0.105,0.17738482323288918
744,872,128,0.128,0.1810109416693449
808,904,96,0.096,0.17322744249925018
712,856,144,0.144,0.18484025180339814
750,875,125,0.125,0.1644704352170229
760,880,120,0.12,0.17251236325502395
784,892,108,0.108,0.1721245835609734
738,869,131,0.131,0.18124766252189875
790,895,105,0.105,0.16269238401949407
782,891,109,0.109,0.18051145620644093
762,881,119,0.119,0.1720281504318118
712,856,144,0.144,0.17084617982059716
732,866,134,0.134,0.1560712315402925
840,920,80,0.08,0.15949634049087763
796,898,102,0.102,0.16120216366648674
782,891,109,0.109,0.17140927112661303
748,874,126,0.126,0.1800266154296696
840,920,80,0.08,0.16223405740782618
700,850,150,0.15,0.17421423814073206
784,892,108,0.108,0.1695537937246263
754,877,123,0.123,0.16310896474123002
772,886,114,0.114,0.16440592992678285
794,897,103,0.103,0.17005904266238211
772,886,114,0.114,0.1752688440643251
780,890,110,0.11,0.17204671909287572
730,865,135,0.135,0.1818282189257443
812,906,94,0.094,0.16361855228990316
764,882,118,0.118,0.19400209044292568
818,909,91,0.091,0.17021881982311607
746,873,127,0.127,0.17653442836552857
714,857,143,0.143,0.1809791017100215
782,891,109,0.109,0.16652494060248135
712,856,144,0.144,0.17483048420771957
756,878,122,0.122,0.16142293064296245
822,911,89,0.089,0.15911278958432376
752,876,124,0.124,0.1860248611792922
748,874,126,0.126,0.17712669720873236
716,858,142,0.142,0.19301112425327302
738,869,131,0.131,0.17731471939384938
730,865,135,0.135,0.19094304190576075
796,898,102,0.102,0.18165066051110626
772,886,114,0.114,0.18956509164720775
774,887,113,0.113,0.18535231506824493
766,883,117,0.117,0.16601075765118004
738,869,131,0.131,0.17391409232467414
782,891,109,0.109,0.16527297646179795
776,888,112,0.112,0.14622892466187476
750,875,125,0.125,0.14859582015126943
768,884,116,0.116,0.15812228670343756
802,901,99,0.099,0.1476638955269009
704,852,148,0.148,0.1588339430373162
794,897,103,0.103,0.15085658502206206
738,869,131,0.131,0.15402594036608935
756,878,122,0.122,0.16381616628542542
726,863,137,0.137,0.18001378501951695
754,877,123,0.123,0.17901080641523004
736,868,132,0.132,0.17839522121101617
752,876,124,0.124,0.17395704524964095
766,883,117,0.117,0.15339007787033915
774,887,113,0.113,0.16489814517460763
794,897,103,0.103,0.15756542195379733
746,873,127,0.127,0.15388994865491987
712,856,144,0.144,0.1486640931740403
798,899,101,0.101,0.1328897688910365
764,882,118,0.118,0.13899640592560172
694,847,153,0.153,0.16019320680946111
744,872,128,0.128,0.1578667256757617
758,879,121,0.121,0.1630490119382739
752,876,124,0.124,0.15598687709122896
734,867,133,0.133,0.18681991542503237
754,877,123,0.123,0.17262111416459083
738,869,131,0.131,0.1741374097727239
786,893,107,0.107,0.17210147594660521
792,896,104,0.104,0.1713326257877052
760,880,120,0.12,0.16343177598714828
756,878,122,0.122,0.16175388905778526
792,896,104,0.104,0.15368961431458592
736,868,132,0.132,0.1654769177623093
774,887,113,0.113,0.14524058504402637
752,876,124,0.124,0.1436172347664833
806,903,97,0.097,0.14898597365245222
766,883,117,0.117,0.14561601965501905
754,877,123,0.123,0.18189719569310545
746,873,127,0.127,0.1673830686286092
744,872,128,0.128,0.16201438695192338
752,876,124,0.124,0.16205781103298067
700,850,150,0.15,0.1855877938605845
784,892,108,0.108,0.17976370511576534
752,876,124,0.124,0.18615995457023382
742,871,129,0.129,0.18684795609489083
716,858,142,0.142,0.1994968106970191
702,851,149,0.149,0.19611739448085427
778,889,111,0.111,0.1783776037544012
736,868,132,0.132,0.17068824619799852
778,889,111,0.111,0.16880771281942725
770,885,115,0.115,0.16838794235512614
736,868,132,0.132,0.17714995587617158
728,864,136,0.136,0.17666578850522638
794,897,103,0.103,0.16711180417239666
690,845,155,0.155,0.18829866081103683
752,876,124,0.124,0.17830524832569064
796,898,102,0.102,0.17677400317415595
738,869,131,0.131,0.18086061606183648
784,892,108,0.108,0.16041058269515635
750,875,125,0.125,0.18493380507640542
796,898,102,0.102,0.15755989707261325
796,898,102,0.102,0.16308041827753186
782,891,109,0.109,0.16311737917736172
764,882,118,0.118,0.15363238801807166
764,882,118,0.118,0.15675607649609447
730,865,135,0.135,0.16118886983394623
770,885,115,0.115,0.16067339871823788
762,881,119,0.119,0.16101492765918374
740,870,130,0.13,0.16198264100402593
766,883,117,0.117,0.17424490360543132
750,875,125,0.125,0.16807538037747144
730,865,135,0.135,0.18370110126957298
770,885,115,0.115,0.17484884179756047
786,893,107,0.107,0.17361676698178052
742,871,129,0.129,0.18336106253415346
802,901,99,0.099,0.1821938216201961
758,879,121,0.121,0.1813123323172331
758,879,121,0.121,0.16589098862558604
752,876,124,0.124,0.1599687287453562
768,884,116,0.116,0.15777757363021375
786,893,107,0.107,0.15581441180408
760,880,120,0.12,0.15697881037741898
768,884,116,0.116,0.1624982373788953
718,859,141,0.141,0.1734549961090088
796,898,102,0.102,0.1544024724047631
762,881,119,0.119,0.1742671851068735
778,889,111,0.111,0.17152012866362928
736,868,132,0.132,0.18918241512030362
758,879,121,0.121,0.17932903499528766
778,889,111,0.111,0.17726810920611025
742,871,129,0.129,0.17581527327373625
758,879,121,0.121,0.1742443665098399
756,878,122,0.122,0.1850931524336338
816,908,92,0.092,0.15207851303741335
774,887,113,0.113,0.15358711883425713
808,904,96,0.096,0.14624394418671727
750,875,125,0.125,0.16003518697991967
796,898,102,0.102,0.13470712950453162
734,867,133,0.133,0.1583208062760532
780,890,110,0.11,0.15319186780788005
736,868,132,0.132,0.14870032208040357
752,876,124,0.124,0.16120144058018923
790,895,105,0.105,0.1887103023659438
812,906,94,0.094,0.17696805734187365
750,875,125,0.125,0.1792760857641697
744,872,128,0.128,0.1842213069535792
838,919,81,0.081,0.16860531752929092
762,881,119,0.119,0.16969247259199619
760,880,120,0.12,0.16212177339568734
732,866,134,0.134,0.16261493587307632
756,878,122,0.122,0.1656102296244353
724,862,138,0.138,0.16728042943030597
794,897,103,0.103,0.16775322923064231
730,865,135,0.135,0.17440856893360615
756,878,122,0.122,0.16996761096641422
788,894,106,0.106,0.16638420617952943
796,898,102,0.102,0.15607735046371818
766,883,117,0.117,0.15106709117069841
772,886,114,0.114,0.15054056606069208
802,901,99,0.099,0.133265883307904
764,882,118,0.118,0.15364914366975427
746,873,127,0.127,0.14595657278969884
772,886,114,0.114,0.1465227347370237
772,886,114,0.114,0.15139201121404766
708,854,146,0.146,0.15487126199901105
706,853,147,0.147,0.1739686457403004
780,890,110,0.11,0.16054744839668275
702,851,149,0.149,0.1705641784965992
738,869,131,0.131,0.16765045395866035
742,871,129,0.129,0.1716292897053063
752,876,124,0.124,0.16215624390915037
782,891,109,0.109,0.1494333708845079
794,897,103,0.103,0.15616105343028902
818,909,91,0.091,0.143817257495597
758,879,121,0.121,0.1545446285828948
776,888,112,0.112,0.14126433474104852
782,891,109,0.109,0.1358902878910303
782,891,109,0.109,0.14410214352048933
694,847,153,0.153,0.16064065400511027
788,894,106,0.106,0.141645482853055
768,884,116,0.116,0.1453696665689349
816,908,92,0.092,0.14434882388077677
750,875,125,0.125,0.15103783451765776
754,877,123,0.123,0.15399104012921452
752,876,124,0.124,0.15211959068477154
788,894,106,0.106,0.14520666169561447
828,914,86,0.086,0.14217726607993245
758,879,121,0.121,0.1575132124684751
738,869,131,0.131,0.16455267098918558
712,856,144,0.144,0.1709820258207619
730,865,135,0.135,0.1541025346070528
736,868,132,0.132,0.1727574839182198
744,872,128,0.128,0.16063407959230244
784,892,108,0.108,0.16413295052573085
732,866,134,0.134,0.1658474309593439
786,893,107,0.107,0.15793607706204058
736,868,132,0.132,0.1718972031287849
802,901,99,0.099,0.15984566575847567
744,872,128,0.128,0.15980885560065508
722,861,139,0.139,0.16220730101689695
840,920,80,0.08,0.14136720532178879
820,910,90,0.09,0.1475298123843968
760,880,120,0.12,0.15143334324657917
774,887,113,0.113,0.15228252996876837
730,865,135,0.135,0.15606843626871705
752,876,124,0.124,0.17473062085732818
770,885,115,0.115,0.17058752531930804
732,866,134,0.134,0.166626197591424
808,904,96,0.096,0.14348576430045068
808,904,96,0.096,0.14629489297233522
742,871,129,0.129,0.17140293504297732
728,864,136,0.136,0.15962088748440145
740,870,130,0.13,0.16505620681773872
770,885,115,0.115,0.153580250993371
712,856,144,0.144,0.1850581152960658
752,876,124,0.124,0.17432404885813593
734,867,133,0.133,0.18203457975387574
794,897,103,0.103,0.1707007991336286
808,904,96,0.096,0.1454885841421783
742,871,129,0.129,0.15805716150254012
730,865,135,0.135,0.16085643564537166
760,880,120,0.12,0.16906089209020136
800,900,100,0.1,0.16558738207072018
688,844,156,0.156,0.17661305722594262
750,875,125,0.125,0.1662031142897904
728,864,136,0.136,0.1836875447332859
728,864,136,0.136,0.16844425634667276
808,904,96,0.096,0.1664576674811542
738,869,131,0.131,0.1797814079411328
786,893,107,0.107,0.17370402745902538
768,884,116,0.116,0.16357822370901703
774,887,113,0.113,0.16913730650395156
798,899,101,0.101,0.16133446521684527
716,858,142,0.142,0.174198247987777
732,866,134,0.134,0.1887426322437823
718,859,141,0.141,0.18664075841754674
800,900,100,0.1,0.18094892926886677
784,892,108,0.108,0.18103084219247104
778,889,111,0.111,0.16706797206029295
724,862,138,0.138,0.1735765427015722
742,871,129,0.129,0.16889952990412713
770,885,115,0.115,0.17404637467861175
778,889,111,0.111,0.17336773989349605
714,857,143,0.143,0.18319051361829042
780,890,110,0.11,0.17257541739195587
764,882,118,0.118,0.17612737824767827
746,873,127,0.127,0.18669658160954714
796,898,102,0.102,0.17396255886927248
742,871,129,0.129,0.17389419325068592
814,907,93,0.093,0.1704439703859389
694,847,153,0.153,0.18387776808440684
680,840,160,0.16,0.1905286925584078
696,848,152,0.152,0.1827181343883276
846,923,77,0.077,0.15194290159642695
736,868,132,0.132,0.1640701381713152
730,865,135,0.135,0.1848014559522271
764,882,118,0.118,0.1773223027177155
756,878,122,0.122,0.17518009705841542
730,865,135,0.135,0.17830752524733542
700,850,150,0.15,0.18895733973756432
808,904,96,0.096,0.17163815266266466
742,871,129,0.129,0.17437479783967139
772,886,114,0.114,0.17025905534252525
814,907,93,0.093,0.15405629722587763
772,886,114,0.114,0.14704854179546237
812,906,94,0.094,0.14804073959589004
766,883,117,0.117,0.14636032276414335
766,883,117,0.117,0.14615536445938052
786,893,107,0.107,0.15347414363734424
766,883,117,0.117,0.16349757232517004
672,836,164,0.164,0.1938293800763786
720,860,140,0.14,0.18869947271049023
740,870,130,0.13,0.18155276714265348
816,908,92,0.092,0.1706035918146372
766,883,117,0.117,0.19353931606188415
718,859,141,0.141,0.17967411291599272
736,868,132,0.132,0.1746281759440899
800,900,100,0.1,0.15678070036508143
740,870,130,0.13,0.1614811126254499
820,910,90,0.09,0.14273130337521434
726,863,137,0.137,0.1543637949153781
788,894,106,0.106,0.14058216937631368
776,888,112,0.112,0.15677550763078035
764,882,118,0.118,0.14966248749755323
756,878,122,0.122,0.163071617603302
758,879,121,0.121,0.16068847083300353
758,879,121,0.121,0.15926202792674304
740,870,130,0.13,0.17716944134794177
728,864,136,0.136,0.17621438027359546
726,863,137,0.137,0.1865875410065055
772,886,114,0.114,0.18789557640627028
766,883,117,0.117,0.17316175833716987
814,907,93,0.093,0.17765442261844874
844,922,78,0.078,0.16246695763990282
732,866,134,0.134,0.16708865947835147
770,885,115,0.115,0.14858764456026255
794,897,103,0.103,0.14971885425597428
760,880,120,0.12,0.15955759212002157
708,854,146,0.146,0.16584390418604017
810,905,95,0.095,0.16267761829867958
726,863,137,0.137,0.1836099398545921
762,881,119,0.119,0.17042895562946797
704,852,148,0.148,0.18815820917859674
778,889,111,0.111,0.190068023968488
778,889,111,0.111,0.1961109348386526
716,858,142,0.142,0.18938874140754342
754,877,123,0.123,0.18232310185581446
788,894,106,0.106,0.18933421255648136
688,844,156,0.156,0.2097220124900341
776,888,112,0.112,0.1813011262640357
772,886,114,0.114,0.17592175059579312
780,890,110,0.11,0.17273891512304546
822,911,89,0.089,0.16445995849370956
780,890,110,0.11,0.158537323679775
730,865,135,0.135,0.1696311948262155
796,898,102,0.102,0.16931618463620543
786,893,107,0.107,0.17813088667392732
800,900,100,0.1,0.17322091569006443
744,872,128,0.128,0.19378123640082776
708,854,146,0.146,0.19128505478799343
786,893,107,0.107,0.19544248581305146
742,871,129,0.129,0.19154205145314335
814,907,93,0.093,0.17262416277825832
774,887,113,0.113,0.1854404079169035
744,872,128,0.128,0.16871064294781535
792,896,104,0.104,0.166780113466084
758,879,121,0.121,0.18290385934337974
806,903,97,0.097,0.1629971168898046
724,862,138,0.138,0.1740207623168826
792,896,104,0.104,0.1802269882746041
762,881,119,0.119,0.18573605051264166
740,870,130,0.13,0.17809817261621355
742,871,129,0.129,0.17645832898467778
750,875,125,0.125,0.1927193241380155
752,876,124,0.124,0.1856830866858363
768,884,116,0.116,0.17820640855655073
742,871,129,0.129,0.18441125766187907
706,853,147,0.147,0.19613195668160915
738,869,131,0.131,0.18122655246406794
712,856,144,0.144,0.19239283938147128
742,871,129,0.129,0.1771048533283174
722,861,139,0.139,0.19039031745120882
786,893,107,0.107,0.1867276852577925
700,850,150,0.15,0.2084154212027788
724,862,138,0.138,0.208932974524796
708,854,146,0.146,0.2174373316541314
752,876,124,0.124,0.1984151199646294
762,881,119,0.119,0.19961409299820662
796,898,102,0.102,0.1896996594890952
798,899,101,0.101,0.17833702570572496
742,871,129,0.129,0.18188428973034024
746,873,127,0.127,0.1699858549647033
732,866,134,0.134,0.17727499460615218
762,881,119,0.119,0.1648227375987917
760,880,120,0.12,0.16005903572961688
752,876,124,0.124,0.16552690862491726
758,879,121,0.121,0.16436371780186892
732,866,134,0.134,0.1733229793906212
758,879,121,0.121,0.1727954032793641
758,879,121,0.121,0.17322926193103194
704,852,148,0.148,0.17857859160751105
700,850,150,0.15,0.18518678725510834
790,895,105,0.105,0.17440909867733717
746,873,127,0.127,0.1743439600840211
786,893,107,0.107,0.17073266527056694
644,822,178,0.178,0.19808409452438355
742,871,129,0.129,0.19444317192211746
754,877,123,0.123,0.1916540504992008
708,854,146,0.146,0.18867443469911813
754,877,123,0.123,0.19201218478009105
780,890,110,0.11,0.18044756075367333
746,873,127,0.127,0.20010603715106845
772,886,114,0.114,0.18991775147989393
756,878,122,0.122,0.18796400452405215
744,872,128,0.128,0.17928951566666365
804,902,98,0.098,0.17426555078849196
814,907,93,0.093,0.16695753007009626
824,912,88,0.088,0.15965221343189478
800,900,100,0.1,0.1513002098724246
794,897,103,0.103,0.1473705924227834
774,887,113,0.113,0.154425840690732
822,911,89,0.089,0.15540665677748622
722,861,139,0.139,0.1686753082871437
714,857,143,0.143,0.1743725195992738
732,866,134,0.134,0.1817001072950661
808,904,96,0.096,0.1756203045975417
762,881,119,0.119,0.19004614589363336
776,888,112,0.112,0.18358542586490512
792,896,104,0.104,0.19294119530543685
812,906,94,0.094,0.16995983758568764
734,867,133,0.133,0.18670344604924322
772,886,114,0.114,0.19027705413848162
782,891,109,0.109,0.17267221701703966
750,875,125,0.125,0.18537321917712687
720,860,140,0.14,0.19391583082452415
716,858,142,0.142,0.19524578123167158
756,878,122,0.122,0.2021048402413726
698,849,151,0.151,0.21406993094459176
728,864,136,0.136,0.20957626353949307
786,893,107,0.107,0.1967063983567059
776,888,112,0.112,0.2031539381444454
748,874,126,0.126,0.20170337683707476
728,864,136,0.136,0.2045201563462615
746,873,127,0.127,0.19752542197704315
722,861,139,0.139,0.21214210575073958
808,904,96,0.096,0.18225599551945926
722,861,139,0.139,0.20643383566662668
806,903,97,0.097,0.1844717565663159
818,909,91,0.091,0.1793323012031615
774,887,113,0.113,0.1919551284238696
736,868,132,0.132,0.1865673959106207
808,904,96,0.096,0.17934526528976857
682,841,159,0.159,0.19444238522276283
768,884,116,0.116,0.1806655511073768
728,864,136,0.136,0.1998051892891526
746,873,127,0.127,0.1981622672304511
740,870,130,0.13,0.19365637830831112
808,904,96,0.096,0.18008513117581607
800,900,100,0.1,0.17131720253266394
800,900,100,0.1,0.19346674932166935
714,857,143,0.143,0.17730151170492173
772,886,114,0.114,0.1701448849476874
778,889,111,0.111,0.15038866382464766
790,895,105,0.105,0.16188141820952295
758,879,121,0.121,0.16353443647921084
832,916,84,0.084,0.16098583488911392
766,883,117,0.117,0.1645177581757307
730,865,135,0.135,0.16583731303364038
784,892,108,0.108,0.1743486231714487
770,885,115,0.115,0.18246923664584755
676,838,162,0.162,0.19052005245164036
822,911,89,0.089,0.17086662689223886
738,869,131,0.131,0.19596139371022583
720,860,140,0.14,0.18690755604207515
780,890,110,0.11,0.1826684684753418
784,892,108,0.108,0.17427378252521158
766,883,117,0.117,0.1759575706794858
764,882,118,0.118,0.18251604459062218
800,900,100,0.1,0.16223372147604823
758,879,121,0.121,0.15781510380469263
782,891,109,0.109,0.15479280216805638
772,886,114,0.114,0.14779310477524996
718,859,141,0.141,0.1635217664204538
706,853,147,0.147,0.16641056875884533
690,845,155,0.155,0.1880212198384106
784,892,108,0.108,0.16440408041328192
702,851,149,0.149,0.21323502654209733
798,899,101,0.101,0.17629047006741166
756,878,122,0.122,0.19712138129398227
640,820,180,0.18,0.20583578762039542
730,865,135,0.135,0.18658418241888286
752,876,124,0.124,0.1815505529381335
754,877,123,0.123,0.19165455240011214
794,897,103,0.103,0.17100892217829824
748,874,126,0.126,0.16554273329675198
772,886,114,0.114,0.16326520876958966
790,895,105,0.105,0.14813713020458819
740,870,130,0.13,0.14355024494230748
746,873,127,0.127,0.14676723463647068
810,905,95,0.095,0.13970409457199276
738,869,131,0.131,0.14480977919884025
784,892,108,0.108,0.1435869211666286
808,904,96,0.096,0.14462368294969202
708,854,146,0.146,0.15281975343078374
748,874,126,0.126,0.17068909404799343
844,922,78,0.078,0.14443887586891652
784,892,108,0.108,0.15964485488459468
720,860,140,0.14,0.16829965318366885
754,877,123,0.123,0.1632371628731489
792,896,104,0.104,0.1411852629557252
786,893,107,0.107,0.15534376173466444
788,894,106,0.106,0.14155513850599527
760,880,120,0.12,0.15641172032430767
740,870,130,0.13,0.1649946694318205
826,913,87,0.087,0.14071638370677828
838,919,81,0.081,0.148449692402035
728,864,136,0.136,0.15342767356336118
708,854,146,0.146,0.16177947205491364
756,878,122,0.122,0.15199785843864083
778,889,111,0.111,0.15535676243901253
742,871,129,0.129,0.149774377271533
816,908,92,0.092,0.14387365452200174
770,885,115,0.115,0.15135911702923477
792,896,104,0.104,0.1411395027525723
782,891,109,0.109,0.1483739745505154
772,886,114,0.114,0.14444181003421544
758,879,121,0.121,0.13555960703641176
792,896,104,0.104,0.1520509254708886
752,876,124,0.124,0.16237043557688594
748,874,126,0.126,0.1635623867623508
754,877,123,0.123,0.15737064277380705
820,910,90,0.09,0.15741847689077257
744,872,128,0.128,0.16596855922043324
700,850,150,0.15,0.186828715570271
764,882,118,0.118,0.1717619471140206
716,858,142,0.142,0.17932875103503465
758,879,121,0.121,0.16029237395897508
764,882,118,0.118,0.16588153814151882
752,876,124,0.124,0.16893063761107624
744,872,128,0.128,0.178237277276814
730,865,135,0.135,0.19008430632948875
778,889,111,0.111,0.16194026574492454
738,869,131,0.131,0.18049592046998442
756,878,122,0.122,0.18292077756300568
774,887,113,0.113,0.17468104972317816
764,882,118,0.118,0.1701503724846989
764,882,118,0.118,0.173245756149292
718,859,141,0.141,0.1639636100269854
730,865,135,0.135,0.17414168301038443
800,900,100,0.1,0.16089998424053192
760,880,120,0.12,0.1752931467704475
718,859,141,0.141,0.18554627688229083
776,888,112,0.112,0.17054888295009732
744,872,128,0.128,0.1904727755188942
766,883,117,0.117,0.18976699241995812
694,847,153,0.153,0.20061393623799087
778,889,111,0.111,0.19019656921550632
760,880,120,0.12,0.17439220467582345
800,900,100,0.1,0.17689182206615806
730,865,135,0.135,0.17795489754900337
792,896,104,0.104,0.16803835407085715
744,872,128,0.128,0.1730081318691373
784,892,108,0.108,0.17576126413606108
794,897,103,0.103,0.1656744871251285
770,885,115,0.115,0.17503216306120156
806,903,97,0.097,0.16672348056733607
788,894,106,0.106,0.15897573848441243
780,890,110,0.11,0.1619936253540218
748,874,126,0.126,0.1647363365776837
738,869,131,0.131,0.17203374768048524
718,859,141,0.141,0.1696686133556068
838,919,81,0.081,0.16401425267383457
736,868,132,0.132,0.18016844782233238
758,879,121,0.121,0.19299034383147956
730,865,135,0.135,0.19115434323251249
784,892,108,0.108,0.18296118672192097
768,884,116,0.116,0.19503977154567836
782,891,109,0.109,0.1958449979275465
736,868,132,0.132,0.19494678451865913
730,865,135,0.135,0.20299591464176775
768,884,116,0.116,0.18299134432524441
724,862,138,0.138,0.18542111863195895
824,912,88,0.088,0.17032024455443023
756,878,122,0.122,0.190049068339169
758,879,121,0.121,0.17917063505202532
710,855,145,0.145,0.19502631691843272
742,871,129,0.129,0.18607796283438802
748,874,126,0.126,0.19863696997612715
752,876,124,0.124,0.1932670760564506
724,862,138,0.138,0.19563959244638682
732,866,134,0.134,0.18508550523594022
746,873,127,0.127,0.20513276819884776
696,848,152,0.152,0.18933640747144817
732,866,134,0.134,0.2020046992301941
774,887,113,0.113,0.1855179522372782
788,894,106,0.106,0.1734790859222412
772,886,114,0.114,0.17806815855577587
800,900,100,0.1,0.16405586734041572
756,878,122,0.122,0.16748949754610656
756,878,122,0.122,0.1723085564263165
746,873,127,0.127,0.18539623127505184
774,887,113,0.113,0.1753527465686202
768,884,116,0.116,0.18412507533468306
746,873,127,0.127,0.18349760267138482
782,891,109,0.109,0.17745678176358343
710,855,145,0.145,0.19187974750623107
772,886,114,0.114,0.1849529275521636
744,872,128,0.128,0.19615273825824261
756,878,122,0.122,0.19871389612555504
740,870,130,0.13,0.20037421588599683
784,892,108,0.108,0.1880163643024862
804,902,98,0.098,0.19565659368038177
734,867,133,0.133,0.18493737287260592
698,849,151,0.151,0.1970297077074647
776,888,112,0.112,0.19018570201843976
734,867,133,0.133,0.19109354320913552
722,861,139,0.139,0.20084854746609926
780,890,110,0.11,0.1917540679909289
764,882,118,0.118,0.19371730766817927
812,906,94,0.094,0.17949045999720692
680,840,160,0.16,0.21233431789651513
754,877,123,0.123,0.21306476026773452
746,873,127,0.127,0.2108549186103046
716,858,142,0.142,0.22929863102734088
740,870,130,0.13,0.22724366348981856
704,852,148,0.148,0.2232788679637015
782,891,109,0.109,0.2140466779358685
760,880,120,0.12,0.2190523809120059
744,872,128,0.128,0.21098391453549264
758,879,121,0.121,0.19686753492429854
766,883,117,0.117,0.19948804763518274
772,886,114,0.114,0.20299197188392282
750,875,125,0.125,0.2082066241130233
746,873,127,0.127,0.19186219864338636
726,863,137,0.137,0.19734197995066644
708,854,146,0.146,0.20522483758255838
778,889,111,0.111,0.20099983502924443
734,867,133,0.133,0.2309329289123416
764,882,118,0.118,0.21946798335388304
776,888,112,0.112,0.21512582099065183
772,886,114,0.114,0.20988227451220154
760,880,120,0.12,0.21073905209079385
814,907,93,0.093,0.20252242105826734
734,867,133,0.133,0.21204303699731827
692,846,154,0.154,0.2069449908398092
