log_avg_ept_score,log_avg_succ_req,log_avg_blk_req,log_avg_BP_req,log_avg_entropy
-44,478,522,0.522,3.9060949329733847
-102,449,551,0.551,3.910770833015442
-60,470,530,0.53,3.910645612001419
-72,464,536,0.536,3.9109989411830903
-96,452,548,0.548,3.910879519701004
-80,460,540,0.54,3.91097131896019
-100,450,550,0.55,3.9074932935237885
-124,438,562,0.562,3.9107089679241183
-64,468,532,0.532,3.9101189482212066
-112,444,556,0.556,3.910963063955307
-84,458,542,0.542,3.9109159891605376
-24,488,512,0.512,3.9049514988660814
-74,463,537,0.537,3.9109171414375306
-108,446,554,0.554,3.9071349377632143
-62,469,531,0.531,3.907071196600795
-24,488,512,0.512,3.91037016248703
-66,467,533,0.533,3.9027745629549027
-108,446,554,0.554,3.9105229840278626
-48,476,524,0.524,3.905226109981537
-114,443,557,0.557,3.9107074646949767
-42,479,521,0.521,3.9087632727622985
-88,456,544,0.544,3.9056002618670465
-72,464,536,0.536,3.9102471244335173
-56,472,528,0.528,3.910595866203308
-40,480,520,0.52,3.910397861480713
-94,453,547,0.547,3.9097855656147003
-62,469,531,0.531,3.9097715938091278
-72,464,536,0.536,3.910326560974121
-90,455,545,0.545,3.9071700941324234
-42,479,521,0.521,3.9084597871303557
-126,437,563,0.563,3.905059842761224
-94,453,547,0.547,3.9098685839176177
-54,473,527,0.527,3.90656214427948
-68,466,534,0.534,3.9084296777248384
-52,474,526,0.526,3.9075090186595918
-44,478,522,0.522,3.9065163142681123
-64,468,532,0.532,3.905210712313652
-110,445,555,0.555,3.9043529512320347
-66,467,533,0.533,3.9084513342380522
-50,475,525,0.525,3.9086367933750155
-40,480,520,0.52,3.90793026137352
-52,474,526,0.526,3.90814572930336
-88,456,544,0.544,3.90731787610054
-46,477,523,0.523,3.900904606558179
-78,461,539,0.539,3.9050995507240294
-64,468,532,0.532,3.9037936322689055
-108,446,554,0.554,3.9054378554821017
-106,447,553,0.553,3.9040047119855883
-56,472,528,0.528,3.8997648553848268
-60,470,530,0.53,3.901568354845047
-66,467,533,0.533,3.901696012854576
-36,482,518,0.518,3.9024744889736174
-106,447,553,0.553,3.896441351056099
-38,481,519,0.519,3.8999221036434175
-46,477,523,0.523,3.8968718242645264
-80,460,540,0.54,3.89599160695076
-84,458,542,0.542,3.8882070156931876
-86,457,543,0.543,3.888819236814976
-54,473,527,0.527,3.8908571672439574
-8,496,504,0.504,3.8889668169021605
-30,485,515,0.515,3.8841671745553614
-12,494,506,0.506,3.8850484985113143
-74,463,537,0.537,3.8848142494261264
-30,485,515,0.515,3.888632311820984
-50,475,525,0.525,3.8885114204883577
-60,470,530,0.53,3.8902074472904205
-42,479,521,0.521,3.889478359460831
-38,481,519,0.519,3.8815203327329444
-20,490,510,0.51,3.8817639665603636
-30,485,515,0.515,3.8863573212623597
-8,496,504,0.504,3.886003258228302
-28,486,514,0.514,3.886297595977783
-44,478,522,0.522,3.8876816322803496
-18,491,509,0.509,3.8837810621261597
-18,491,509,0.509,3.886288267374039
-4,498,502,0.502,3.8846504814624785
2,501,499,0.499,3.8867501657009127
-26,487,513,0.513,3.879520820349455
-80,460,540,0.54,3.886108362197876
12,506,494,0.494,3.880658239364624
-46,477,523,0.523,3.885117999792099
-64,468,532,0.532,3.882689049720764
10,505,495,0.495,3.8845633819103242
-70,465,535,0.535,3.883841110944748
18,509,491,0.491,3.8792986371070146
-28,486,514,0.514,3.8835650737285614
-22,489,511,0.511,3.8802564256191254
-18,491,509,0.509,3.879276313304901
-40,480,520,0.52,3.8750571736693384
-32,484,516,0.516,3.8716435631513595
-42,479,521,0.521,3.875808209180832
-22,489,511,0.511,3.8712981674671174
2,501,499,0.499,3.8709104246497152
22,511,489,0.489,3.872893452167511
6,503,497,0.497,3.864348754167557
6,503,497,0.497,3.8683002989292143
16,508,492,0.492,3.859970229744911
14,507,493,0.493,3.8643808307647705
-26,487,513,0.513,3.8563685508966445
32,516,484,0.484,3.854484937787056
42,521,479,0.479,3.8554707095623018
64,532,468,0.468,3.852190021276474
28,514,486,0.486,3.8505277531147004
34,517,483,0.483,3.848259090185165
52,526,474,0.474,3.8418399060964585
-6,497,503,0.503,3.8496486418247224
16,508,492,0.492,3.843885182380676
86,543,457,0.457,3.8386869326531885
18,509,491,0.491,3.836330210775137
-2,499,501,0.501,3.837509200334549
20,510,490,0.49,3.8334881961345673
8,504,496,0.496,3.8254385931482537
114,557,443,0.443,3.8238974001407624
36,518,482,0.482,3.820295386921286
66,533,467,0.467,3.8127476516964864
42,521,479,0.479,3.819075743436813
126,563,437,0.437,3.8074680676460266
70,535,465,0.465,3.793477979063988
102,551,449,0.449,3.7927800719738007
100,550,450,0.45,3.7772161110639573
34,517,483,0.483,3.77676846075058
92,546,454,0.454,3.7694729552268984
162,581,419,0.419,3.7515342481136322
112,556,444,0.444,3.733772486448288
154,577,423,0.423,3.716326376059442
192,596,404,0.404,3.717658915877342
164,582,418,0.418,3.6676368427872656
204,602,398,0.398,3.6505913770198823
196,598,402,0.402,3.599531055033207
188,594,406,0.406,3.5863892028331756
278,639,361,0.361,3.503387479796787
266,633,367,0.367,3.4371697965860366
328,664,336,0.336,3.380187816500664
306,653,347,0.347,3.365496723175049
370,685,315,0.315,3.0521320159882306
464,732,268,0.268,2.8680412315505484
396,698,302,0.302,2.8435519901514055
468,734,266,0.266,2.7760340929329397
580,790,210,0.21,2.176542455151677
628,814,186,0.186,2.008842617422342
568,784,216,0.216,1.9910238742322413
596,798,202,0.202,1.9085382966174147
642,821,179,0.179,1.9027475798670201
652,826,174,0.174,1.9109805511832236
634,817,183,0.183,1.9690402005910874
594,797,203,0.203,2.021447178900242
584,792,208,0.208,2.1740576841831207
650,825,175,0.175,2.120650951862335
600,800,200,0.2,2.143066404104233
554,777,223,0.223,2.137495177060366
604,802,198,0.198,2.0927125795483588
608,804,196,0.196,2.1145998488664626
624,812,188,0.188,2.044683275178075
596,798,202,0.202,2.035977540552616
682,841,159,0.159,1.870087875664234
664,832,168,0.168,1.8176277934312821
594,797,203,0.203,1.9499189210836048
646,823,177,0.177,1.8194374605749892
640,820,180,0.18,1.6893571342444047
714,857,143,0.143,1.6497512716650964
692,846,154,0.154,1.622746604988493
734,867,133,0.133,1.531460644494742
720,860,140,0.14,1.391506520152092
732,866,134,0.134,1.352989297926426
698,849,151,0.151,1.3258363363126502
650,825,175,0.175,1.4495800606757403
654,827,173,0.173,1.2064491287774115
784,892,108,0.108,1.0216556667513366
782,891,109,0.109,0.9948229784715222
682,841,159,0.159,1.1303807310834526
712,856,144,0.144,0.928675210878253
736,868,132,0.132,0.916718698465149
748,874,126,0.126,0.9084816972017288
748,874,126,0.126,1.0178521251356578
700,850,150,0.15,0.7210897147668707
748,874,126,0.126,0.7531299431316465
760,880,120,0.12,0.6461677098039073
724,862,138,0.138,0.7403355503156781
748,874,126,0.126,0.5545485352473334
758,879,121,0.121,0.5942062883428298
748,874,126,0.126,0.5989301967062056
688,844,156,0.156,0.7210537113382457
760,880,120,0.12,0.6428039163947106
748,874,126,0.126,0.6542135137783444
706,853,147,0.147,0.6350749473900068
714,857,143,0.143,0.5966300217510154
646,823,177,0.177,0.718229005276846
806,903,97,0.097,0.5815081752908475
726,863,137,0.137,0.6816080650381046
724,862,138,0.138,0.7041268542706967
680,840,160,0.16,0.6386986199638631
778,889,111,0.111,0.5519390828908654
764,882,118,0.118,0.5224490510963204
778,889,111,0.111,0.49579219250008466
736,868,132,0.132,0.4758730434905031
694,847,153,0.153,0.5064835401698947
662,831,169,0.169,0.5931959316239376
722,861,139,0.139,0.502010415583849
688,844,156,0.156,0.5415708490232355
766,883,117,0.117,0.4308787865367267
722,861,139,0.139,0.5835637006703766
748,874,126,0.126,0.476864111635834
752,876,124,0.124,0.43734398643507755
786,893,107,0.107,0.43524771214835445
802,901,99,0.099,0.3771161092221737
768,884,116,0.116,0.3996125777233392
748,874,126,0.126,0.3543579075197995
794,897,103,0.103,0.27358712176604605
702,851,149,0.149,0.3864886432234198
816,908,92,0.092,0.2882414513155818
748,874,126,0.126,0.34783783180642985
812,906,94,0.094,0.2695652388334274
706,853,147,0.147,0.36385752142844285
776,888,112,0.112,0.2994011127364647
758,879,121,0.121,0.3419505177442543
720,860,140,0.14,0.34238228533230725
840,920,80,0.08,0.27621946377872597
712,856,144,0.144,0.4249810384857653
740,870,130,0.13,0.4287715985309333
696,848,152,0.152,0.41731847655709137
748,874,126,0.126,0.38887880874052644
766,883,117,0.117,0.3648007492739707
796,898,102,0.102,0.3292075947690755
790,895,105,0.105,0.3646311790198088
806,903,97,0.097,0.3738635155092925
778,889,111,0.111,0.35858365228772165
788,894,106,0.106,0.3307070331995801
830,915,85,0.085,0.30702331458032134
714,857,143,0.143,0.40244929362647236
744,872,128,0.128,0.3565508932211109
838,919,81,0.081,0.34792418993171303
726,863,137,0.137,0.47902560485793266
736,868,132,0.132,0.3757267491959501
720,860,140,0.14,0.40973591488739475
798,899,101,0.101,0.37167756812833247
746,873,127,0.127,0.4054485712498426
782,891,109,0.109,0.37475972931832074
780,890,110,0.11,0.3733308394253254
680,840,160,0.16,0.46059468992426994
760,880,120,0.12,0.37275713503360747
748,874,126,0.126,0.3942380386427609
822,911,89,0.089,0.33173610053740593
752,876,124,0.124,0.34051067515229805
758,879,121,0.121,0.44710796992457474
772,886,114,0.114,0.35788896756037136
726,863,137,0.137,0.40498496693000197
778,889,111,0.111,0.38730331695079806
744,872,128,0.128,0.39117599949613213
760,880,120,0.12,0.42384734845906497
782,891,109,0.109,0.382258868381381
756,878,122,0.122,0.39540388668235393
810,905,95,0.095,0.3895001463666558
808,904,96,0.096,0.3162338673621416
698,849,151,0.151,0.46022285747725983
742,871,129,0.129,0.4895031153932214
758,879,121,0.121,0.5172433188131872
724,862,138,0.138,0.5775309020392597
790,895,105,0.105,0.5118322912062672
708,854,146,0.146,0.5244870438406555
804,902,98,0.098,0.45842675628513097
726,863,137,0.137,0.49492385387420657
806,903,97,0.097,0.43546328303590415
726,863,137,0.137,0.5026012757854769
734,867,133,0.133,0.518709291851148
748,874,126,0.126,0.5032848665751517
810,905,95,0.095,0.4882591167539358
744,872,128,0.128,0.5137355072796345
800,900,100,0.1,0.47195901721715927
832,916,84,0.084,0.4786031329780817
714,857,143,0.143,0.4909462199138943
760,880,120,0.12,0.48505737083405254
770,885,115,0.115,0.4399837102331221
730,865,135,0.135,0.4503681189194322
794,897,103,0.103,0.44110411217808726
746,873,127,0.127,0.5611698473393917
720,860,140,0.14,0.536689824000001
708,854,146,0.146,0.6222790987193585
754,877,123,0.123,0.58114272788167
684,842,158,0.158,0.6465747373233808
718,859,141,0.141,0.612435257791425
774,887,113,0.113,0.5898103075709684
752,876,124,0.124,0.57457843644931
764,882,118,0.118,0.5679485743865371
754,877,123,0.123,0.4976688915491104
772,886,114,0.114,0.5017093159510914
722,861,139,0.139,0.4996634564476299
740,870,130,0.13,0.4760054881349206
770,885,115,0.115,0.421775947317481
764,882,118,0.118,0.4381388587281108
686,843,157,0.157,0.44355557775497434
702,851,149,0.149,0.5238402432756009
798,899,101,0.101,0.43966487819794564
770,885,115,0.115,0.42882633021549554
746,873,127,0.127,0.41226605283468964
794,897,103,0.103,0.4289749209433794
768,884,116,0.116,0.42359501792490484
754,877,123,0.123,0.47233405329659583
758,879,121,0.121,0.4488939178548753
764,882,118,0.118,0.4259548935815692
752,876,124,0.124,0.42259863145649434
704,852,148,0.148,0.3973264047652483
776,888,112,0.112,0.3908204149475878
636,818,182,0.182,0.424013269469142
696,848,152,0.152,0.3878412462696433
754,877,123,0.123,0.3672106371404954
776,888,112,0.112,0.35811705588549375
764,882,118,0.118,0.36796856635436415
760,880,120,0.12,0.34140902529051526
718,859,141,0.141,0.41503438398242
714,857,143,0.143,0.41048688158392904
740,870,130,0.13,0.3481830747576678
720,860,140,0.14,0.3887699062451956
754,877,123,0.123,0.3289400203637779
742,871,129,0.129,0.35654928771406413
776,888,112,0.112,0.33996726975776254
772,886,114,0.114,0.32717268050462006
776,888,112,0.112,0.2987391404695809
762,881,119,0.119,0.35092461128439756
752,876,124,0.124,0.3558021470606327
720,860,140,0.14,0.3841591934226453
754,877,123,0.123,0.35197891411185267
748,874,126,0.126,0.3229296001798939
792,896,104,0.104,0.30443254956690186
754,877,123,0.123,0.3817305011600256
796,898,102,0.102,0.3309114895164967
766,883,117,0.117,0.38704320287723454
768,884,116,0.116,0.37104494309425357
748,874,126,0.126,0.34056193739548324
684,842,158,0.158,0.3541118518738882
692,846,154,0.154,0.3334313979037106
788,894,106,0.106,0.3002498873071745
722,861,139,0.139,0.31152960065426305
756,878,122,0.122,0.28253731758520007
816,908,92,0.092,0.24358583723008634
712,856,144,0.144,0.3384960431784587
740,870,130,0.13,0.2924606086611748
774,887,113,0.113,0.27865075928159055
762,881,119,0.119,0.29983577798306943
796,898,102,0.102,0.260955107731381
772,886,114,0.114,0.24843683832511307
750,875,125,0.125,0.2335535708218813
748,874,126,0.126,0.22914772623218596
764,882,118,0.118,0.21137443477567286
768,884,116,0.116,0.23856400095466232
794,897,103,0.103,0.20286607069894672
786,893,107,0.107,0.1656311842384748
798,899,101,0.101,0.19388785026240918
812,906,94,0.094,0.1756910109044984
774,887,113,0.113,0.19665806980946296
716,858,142,0.142,0.2206253929361701
816,908,92,0.092,0.18202902823407202
768,884,116,0.116,0.24919971504993738
798,899,101,0.101,0.17262849593773716
700,850,150,0.15,0.24488660444194904
760,880,120,0.12,0.2114407478272915
746,873,127,0.127,0.23836310976423306
812,906,94,0.094,0.2059710292769596
766,883,117,0.117,0.21666664824075996
754,877,123,0.123,0.22404889589035884
766,883,117,0.117,0.2142354787401855
794,897,103,0.103,0.2118741131722927
836,918,82,0.082,0.19482499385252594
780,890,110,0.11,0.2053450030464737
724,862,138,0.138,0.25170996272703633
836,918,82,0.082,0.2072716448341032
760,880,120,0.12,0.22287905472931263
730,865,135,0.135,0.22955067796603543
800,900,100,0.1,0.2225747403790914
804,902,98,0.098,0.20630785532668233
784,892,108,0.108,0.23262057925865043
750,875,125,0.125,0.25882554783672096
758,879,121,0.121,0.2514235615842044
780,890,110,0.11,0.24903687895770418
738,869,131,0.131,0.23696697495138505
706,853,147,0.147,0.2774723305954973
766,883,117,0.117,0.264742495178245
718,859,141,0.141,0.2593313940195367
796,898,102,0.102,0.23392814428402925
742,871,129,0.129,0.26196446345746516
738,869,131,0.131,0.2893543777279556
824,912,88,0.088,0.22501445456035435
728,864,136,0.136,0.21529725160403176
712,856,144,0.144,0.2666802156640448
820,910,90,0.09,0.22824059480056166
796,898,102,0.102,0.1782494472209364
812,906,94,0.094,0.16459086304716766
770,885,115,0.115,0.17971564660337755
708,854,146,0.146,0.22206795488949865
734,867,133,0.133,0.18134422952728346
798,899,101,0.101,0.1998030001000734
752,876,124,0.124,0.16821378718277977
762,881,119,0.119,0.19182517395168544
736,868,132,0.132,0.2433042085133493
708,854,146,0.146,0.23177641531452536
664,832,168,0.168,0.23200895431826035
698,849,151,0.151,0.22089927867986262
710,855,145,0.145,0.267787535186857
798,899,101,0.101,0.1995559426210341
700,850,150,0.15,0.23520318763121031
744,872,128,0.128,0.2538318180888891
710,855,145,0.145,0.24129953516895017
760,880,120,0.12,0.23921985428407788
724,862,138,0.138,0.22562140975682995
766,883,117,0.117,0.22658123646117748
752,876,124,0.124,0.20911862221897884
764,882,118,0.118,0.19136446715302008
742,871,129,0.129,0.2208306239694357
736,868,132,0.132,0.22546052956883794
750,875,125,0.125,0.19189126309938728
730,865,135,0.135,0.20952451754175128
700,850,150,0.15,0.2233099883445848
680,840,160,0.16,0.281998972626403
734,867,133,0.133,0.2119839745986207
764,882,118,0.118,0.21149594949174208
790,895,105,0.105,0.22229439333826304
722,861,139,0.139,0.2512366260464769
736,868,132,0.132,0.23997684264811686
758,879,121,0.121,0.17603998707025312
718,859,141,0.141,0.21383300035483807
764,882,118,0.118,0.19316844263549535
740,870,130,0.13,0.20375995129663177
772,886,114,0.114,0.15653178298473358
768,884,116,0.116,0.17435826818086206
790,895,105,0.105,0.17738007189403288
688,844,156,0.156,0.23550354191288353
728,864,136,0.136,0.20971370096877218
744,872,128,0.128,0.21619696700759233
732,866,134,0.134,0.22960289481654764
714,857,143,0.143,0.24015760407969355
756,878,122,0.122,0.21056244261935353
752,876,124,0.124,0.216621194396168
754,877,123,0.123,0.18619730498222634
734,867,133,0.133,0.19480113081466027
760,880,120,0.12,0.19480712860100902
736,868,132,0.132,0.18263527115061878
742,871,129,0.129,0.20063216339610518
812,906,94,0.094,0.14976092326268553
752,876,124,0.124,0.19260643053328386
730,865,135,0.135,0.18753479622118174
754,877,123,0.123,0.17616665000282228
792,896,104,0.104,0.14816139304768297
712,856,144,0.144,0.21886975553818047
746,873,127,0.127,0.2169591715207207
746,873,127,0.127,0.17013223498500885
776,888,112,0.112,0.20178745914064347
782,891,109,0.109,0.19650495761167258
748,874,126,0.126,0.18929242532211357
756,878,122,0.122,0.21113362419744955
814,907,93,0.093,0.161392144812271
772,886,114,0.114,0.17596199065484422
790,895,105,0.105,0.1750347356387556
742,871,129,0.129,0.1743820820855908
776,888,112,0.112,0.1435839977833765
736,868,132,0.132,0.21213190826401115
742,871,129,0.129,0.202776369523257
734,867,133,0.133,0.18355629524785508
734,867,133,0.133,0.22960885330590847
762,881,119,0.119,0.22485159038659186
706,853,147,0.147,0.2562358007527655
740,870,130,0.13,0.23475614321372978
760,880,120,0.12,0.21078900231793524
720,860,140,0.14,0.23241172556206585
778,889,111,0.111,0.2000910565283084
764,882,118,0.118,0.2334650371428579
676,838,162,0.162,0.2497540150918069
734,867,133,0.133,0.2390869136840277
698,849,151,0.151,0.20849796649068594
688,844,156,0.156,0.25368472282588483
740,870,130,0.13,0.22417526322603226
784,892,108,0.108,0.19532412393414417
782,891,109,0.109,0.20853418360557407
794,897,103,0.103,0.19815321494778618
798,899,101,0.101,0.168598272466028
850,925,75,0.075,0.14931027729809285
748,874,126,0.126,0.17590574577992082
690,845,155,0.155,0.21574966380372643
748,874,126,0.126,0.1816025342140347
780,890,110,0.11,0.18232560275867582
808,904,96,0.096,0.16857542549073695
764,882,118,0.118,0.19412841079570353
730,865,135,0.135,0.21198902984894813
784,892,108,0.108,0.18454316804512927
750,875,125,0.125,0.18114137252420187
774,887,113,0.113,0.1806367586888373
714,857,143,0.143,0.20995569992624225
782,891,109,0.109,0.18723234710702671
770,885,115,0.115,0.20775841179303825
806,903,97,0.097,0.18943347909987643
780,890,110,0.11,0.2019612238034606
754,877,123,0.123,0.20023963953583007
780,890,110,0.11,0.17655634849052876
792,896,104,0.104,0.1780526152253151
794,897,103,0.103,0.15217631839914247
768,884,116,0.116,0.17472613632325373
742,871,129,0.129,0.19321962702833115
734,867,133,0.133,0.17397495559322124
806,903,97,0.097,0.2081595082811673
774,887,113,0.113,0.2160778717622161
800,900,100,0.1,0.20308302455674856
814,907,93,0.093,0.220537840526551
824,912,88,0.088,0.1709276051323286
776,888,112,0.112,0.17357694297474519
774,887,113,0.113,0.1512104866206646
822,911,89,0.089,0.15198237235471607
730,865,135,0.135,0.18402605841216013
794,897,103,0.103,0.17885175381228327
822,911,89,0.089,0.16610191937600083
752,876,124,0.124,0.17222261731505595
742,871,129,0.129,0.19120302954176988
754,877,123,0.123,0.2072505562806109
800,900,100,0.1,0.22252939746889752
746,873,127,0.127,0.2113088026412006
768,884,116,0.116,0.21083529135755968
762,881,119,0.119,0.20989856850883756
684,842,158,0.158,0.2461375365750864
656,828,172,0.172,0.25486515709757807
810,905,95,0.095,0.22712847166508437
768,884,116,0.116,0.2981665898946103
780,890,110,0.11,0.24829480336233972
736,868,132,0.132,0.2801477818414569
706,853,147,0.147,0.3436910538151217
754,877,123,0.123,0.2877881468180567
782,891,109,0.109,0.2660152301136404
714,857,143,0.143,0.30298223777115346
750,875,125,0.125,0.27650447395146327
660,830,170,0.17,0.35165560349263253
754,877,123,0.123,0.30749794135894626
794,897,103,0.103,0.35191614217311146
744,872,128,0.128,0.35289810811335803
704,852,148,0.148,0.40966124665864934
784,892,108,0.108,0.3860808224231005
734,867,133,0.133,0.40943210327625273
680,840,160,0.16,0.45611711595207455
748,874,126,0.126,0.4293720337972045
728,864,136,0.136,0.4190947059617125
766,883,117,0.117,0.4157175049493089
776,888,112,0.112,0.41681896793842316
796,898,102,0.102,0.3848400533571839
776,888,112,0.112,0.4238548164367676
774,887,113,0.113,0.37834391199686435
800,900,100,0.1,0.37648275846490353
754,877,123,0.123,0.3995430133752525
754,877,123,0.123,0.4122529279887676
814,907,93,0.093,0.39039520294608976
780,890,110,0.11,0.4108752744347498
746,873,127,0.127,0.41600761567363226
732,866,134,0.134,0.473106641843915
760,880,120,0.12,0.46741790732741356
760,880,120,0.12,0.46659493974392535
720,860,140,0.14,0.5172956363949924
780,890,110,0.11,0.5068565154522657
776,888,112,0.112,0.5363122842907906
780,890,110,0.11,0.4904752921760082
714,857,143,0.143,0.5130127605050803
752,876,124,0.124,0.5205890576094389
718,859,141,0.141,0.5492720451951026
728,864,136,0.136,0.5538712804615498
792,896,104,0.104,0.5172717258185148
700,850,150,0.15,0.5456887161433697
670,835,165,0.165,0.5429488599300385
762,881,119,0.119,0.5355666994649336
784,892,108,0.108,0.5029699830710888
760,880,120,0.12,0.5006109178811312
744,872,128,0.128,0.4996071456819773
724,862,138,0.138,0.5076903582066298
770,885,115,0.115,0.45094753731787934
752,876,124,0.124,0.47323103016614915
762,881,119,0.119,0.4751520980913192
742,871,129,0.129,0.4570156788509339
704,852,148,0.148,0.47772467543324454
740,870,130,0.13,0.4798414895735041
746,873,127,0.127,0.4922364992648363
748,874,126,0.126,0.5195162697136402
660,830,170,0.17,0.5503794420063496
774,887,113,0.113,0.4972030987739563
732,866,134,0.134,0.5345168659264172
808,904,96,0.096,0.45544077864289284
790,895,105,0.105,0.4591876573112677
748,874,126,0.126,0.44962141236360187
796,898,102,0.102,0.4393692314326763
696,848,152,0.152,0.4734636960383505
814,907,93,0.093,0.4072241578991525
672,836,164,0.164,0.49815400599036364
760,880,120,0.12,0.4526577867716551
740,870,130,0.13,0.46935743439756333
724,862,138,0.138,0.5164610266387463
784,892,108,0.108,0.4989329685866833
762,881,119,0.119,0.4880100471693355
784,892,108,0.108,0.4940770920664072
734,867,133,0.133,0.476950473803327
716,858,142,0.142,0.45374514925479886
798,899,101,0.101,0.4392391062229872
702,851,149,0.149,0.4677407882213592
762,881,119,0.119,0.40730017121508716
796,898,102,0.102,0.38713740281341597
802,901,99,0.099,0.39781552958488464
718,859,141,0.141,0.4329002439975739
750,875,125,0.125,0.40840070180036125
704,852,148,0.148,0.38871100287139415
724,862,138,0.138,0.40298112559318544
752,876,124,0.124,0.36997665264690294
700,850,150,0.15,0.43154160112142564
700,850,150,0.15,0.3675180968735367
744,872,128,0.128,0.3851767841132823
808,904,96,0.096,0.3500957001820207
772,886,114,0.114,0.34827575168013575
756,878,122,0.122,0.33373738059965946
744,872,128,0.128,0.3532068740278482
714,857,143,0.143,0.32032636969536543
680,840,160,0.16,0.3534299299788545
764,882,118,0.118,0.3281647377684712
720,860,140,0.14,0.3475650305002928
756,878,122,0.122,0.3223039571171394
732,866,134,0.134,0.33467525685578586
738,869,131,0.131,0.3394324933886528
732,866,134,0.134,0.3247667854428291
764,882,118,0.118,0.33672275801328944
712,856,144,0.144,0.3327422108761966
768,884,116,0.116,0.35388011325895785
824,912,88,0.088,0.30087198279798033
750,875,125,0.125,0.34745736231282354
756,878,122,0.122,0.35386150338687
784,892,108,0.108,0.36013781091570857
722,861,139,0.139,0.38302417763322594
726,863,137,0.137,0.39988406412303446
718,859,141,0.141,0.412163729980588
696,848,152,0.152,0.4022247048616409
804,902,98,0.098,0.38089031106047333
720,860,140,0.14,0.42996434020996094
738,869,131,0.131,0.4521826973091811
704,852,148,0.148,0.44734808109340657
764,882,118,0.118,0.4215130238831043
792,896,104,0.104,0.41619910043161323
716,858,142,0.142,0.43098846900055854
724,862,138,0.138,0.4520804598629475
790,895,105,0.105,0.42908995316922666
726,863,137,0.137,0.4150347828567028
656,828,172,0.172,0.46041154383122923
794,897,103,0.103,0.4077243893370032
800,900,100,0.1,0.40826836466789246
710,855,145,0.145,0.4493130162358452
704,852,148,0.148,0.4066900801807642
768,884,116,0.116,0.42481536453962326
776,888,112,0.112,0.41315583302080633
736,868,132,0.132,0.4416324300318956
804,902,98,0.098,0.40578758031129836
696,848,152,0.152,0.44936111563444137
772,886,114,0.114,0.4261857970058918
740,870,130,0.13,0.4207142669558525
720,860,140,0.14,0.4195308147519827
736,868,132,0.132,0.4341608501970768
750,875,125,0.125,0.4137648747414351
740,870,130,0.13,0.4211092448234558
724,862,138,0.138,0.4116675876677036
760,880,120,0.12,0.37848146323114634
750,875,125,0.125,0.35739287513494494
720,860,140,0.14,0.394239181637764
688,844,156,0.156,0.36420319820940494
758,879,121,0.121,0.36111430075764656
720,860,140,0.14,0.3763512518554926
840,920,80,0.08,0.3373177958225424
822,911,89,0.089,0.3155792443305254
774,887,113,0.113,0.3311563823893666
788,894,106,0.106,0.33348228815197944
762,881,119,0.119,0.2835974840198669
730,865,135,0.135,0.27505301020294426
792,896,104,0.104,0.2723411596119404
744,872,128,0.128,0.2690320911332965
796,898,102,0.102,0.2776274394094944
752,876,124,0.124,0.3386449795290828
732,866,134,0.134,0.3373256453126669
716,858,142,0.142,0.35481168650835754
794,897,103,0.103,0.3121655452698469
798,899,101,0.101,0.3588759944736958
738,869,131,0.131,0.37366065493971107
770,885,115,0.115,0.35645858650654555
692,846,154,0.154,0.3533079007344199
754,877,123,0.123,0.32084523172155605
716,858,142,0.142,0.3404290392845869
732,866,134,0.134,0.3320804664939642
780,890,110,0.11,0.3167995474487543
798,899,101,0.101,0.29774807634949685
718,859,141,0.141,0.3607392229437828
738,869,131,0.131,0.310438823916018
782,891,109,0.109,0.3106315384171903
744,872,128,0.128,0.32204499404877424
778,889,111,0.111,0.27907615825533866
802,901,99,0.099,0.26698359520733406
758,879,121,0.121,0.24755623463541268
788,894,106,0.106,0.2357824602814221
728,864,136,0.136,0.2542056198217615
798,899,101,0.101,0.23811128371208906
754,877,123,0.123,0.23067618063092232
800,900,100,0.1,0.22070681481753127
712,856,144,0.144,0.26424739338085057
772,886,114,0.114,0.23339844957366584
744,872,128,0.128,0.27240419468283655
764,882,118,0.118,0.2592854255767306
796,898,102,0.102,0.2494746255353093
758,879,121,0.121,0.2548456711396575
734,867,133,0.133,0.24092439528927206
724,862,138,0.138,0.257053294072859
812,906,94,0.094,0.19637503280490637
754,877,123,0.123,0.22306039694789798
752,876,124,0.124,0.2413853079751134
798,899,101,0.101,0.2371796471476555
782,891,109,0.109,0.215075287476182
742,871,129,0.129,0.24695980261266232
752,876,124,0.124,0.25416181742120536
770,885,115,0.115,0.21908023634552956
804,902,98,0.098,0.22126121002720903
776,888,112,0.112,0.22341742374002935
760,880,120,0.12,0.24127436114475223
818,909,91,0.091,0.21104386606812478
734,867,133,0.133,0.2518796785725281
762,881,119,0.119,0.2543052087500691
756,878,122,0.122,0.2687397905770449
790,895,105,0.105,0.26191080252081156
774,887,113,0.113,0.2602918176651001
794,897,103,0.103,0.2591538646519184
748,874,126,0.126,0.26742687066271903
756,878,122,0.122,0.24950209637740772
734,867,133,0.133,0.278300343118608
748,874,126,0.126,0.2898377087265253
756,878,122,0.122,0.30193183454871175
784,892,108,0.108,0.3049516432024538
736,868,132,0.132,0.2983117007762194
754,877,123,0.123,0.29829848381876944
708,854,146,0.146,0.2941031008437276
792,896,104,0.104,0.2946663886755705
816,908,92,0.092,0.26839377769827844
728,864,136,0.136,0.2965155202448368
762,881,119,0.119,0.30177285668998954
774,887,113,0.113,0.2881579212918878
764,882,118,0.118,0.30011931533180175
730,865,135,0.135,0.31233061285316943
796,898,102,0.102,0.28003823926020416
772,886,114,0.114,0.30751613874733447
866,933,67,0.067,0.2557783901244402
762,881,119,0.119,0.29515999972634016
676,838,162,0.162,0.2963906528651714
778,889,111,0.111,0.27177311342209576
746,873,127,0.127,0.286588878698647
762,881,119,0.119,0.26004438232257965
752,876,124,0.124,0.27367283156514166
752,876,124,0.124,0.29865476908534766
812,906,94,0.094,0.2695762589499354
754,877,123,0.123,0.30854618944227696
776,888,112,0.112,0.2823426940888166
724,862,138,0.138,0.28731160010397433
702,851,149,0.149,0.3013387578298571
760,880,120,0.12,0.28155966000974875
746,873,127,0.127,0.28452506495639684
752,876,124,0.124,0.2584784199696969
756,878,122,0.122,0.2628530483879149
782,891,109,0.109,0.2646098903790116
808,904,96,0.096,0.23247885042448058
734,867,133,0.133,0.2571597341969609
758,879,121,0.121,0.24410700143128633
754,877,123,0.123,0.25747604901343585
754,877,123,0.123,0.23434653136134148
752,876,124,0.124,0.24449216343462468
768,884,116,0.116,0.27037533267619845
772,886,114,0.114,0.24279182171449065
760,880,120,0.12,0.28079557325062343
738,869,131,0.131,0.2964287494383752
784,892,108,0.108,0.2550474685356021
714,857,143,0.143,0.2788091747354483
792,896,104,0.104,0.28537000926584005
762,881,119,0.119,0.29000271562486885
742,871,129,0.129,0.29505861695110797
796,898,102,0.102,0.29435040533915163
754,877,123,0.123,0.29242980788648126
734,867,133,0.133,0.2912570470068604
740,870,130,0.13,0.2952335529997945
728,864,136,0.136,0.30941147946193814
772,886,114,0.114,0.2850470375099685
700,850,150,0.15,0.34307360687851907
806,903,97,0.097,0.2997105459794402
772,886,114,0.114,0.30799988869232897
830,915,85,0.085,0.3126366637349129
758,879,121,0.121,0.31892108846455813
722,861,139,0.139,0.3220533319786191
716,858,142,0.142,0.33136514672636985
772,886,114,0.114,0.3152890726663172
826,913,87,0.087,0.2951172015666962
684,842,158,0.158,0.35361246779561045
796,898,102,0.102,0.3186534227952361
766,883,117,0.117,0.36540704099833965
754,877,123,0.123,0.3692331947460771
778,889,111,0.111,0.3642555127963424
736,868,132,0.132,0.3763864155262709
724,862,138,0.138,0.38398082223381064
730,865,135,0.135,0.4014101960659027
702,851,149,0.149,0.40509218733012675
758,879,121,0.121,0.39099187606573105
746,873,127,0.127,0.39330642729997634
760,880,120,0.12,0.37769775408506395
726,863,137,0.137,0.38526248176395894
702,851,149,0.149,0.4103420686175529
770,885,115,0.115,0.39683324393630026
770,885,115,0.115,0.42631244176626204
712,856,144,0.144,0.43882553385198114
760,880,120,0.12,0.41825199061632157
768,884,116,0.116,0.40176698622107504
786,893,107,0.107,0.3903627268671989
800,900,100,0.1,0.37037221501022577
788,894,106,0.106,0.35366625832766296
816,908,92,0.092,0.30317994637042284
806,903,97,0.097,0.30378333044052125
720,860,140,0.14,0.34563713157270104
742,871,129,0.129,0.34066831541788994
774,887,113,0.113,0.31877178861945865
748,874,126,0.126,0.33681308426707984
750,875,125,0.125,0.3316242076233029
768,884,116,0.116,0.3114081255942583
774,887,113,0.113,0.314107218131423
788,894,106,0.106,0.28224398124031724
766,883,117,0.117,0.2850497103482485
760,880,120,0.12,0.2632215089425445
730,865,135,0.135,0.24777806038409472
762,881,119,0.119,0.23968261853978037
794,897,103,0.103,0.2335091861090623
736,868,132,0.132,0.2153826604289934
712,856,144,0.144,0.25782183919253293
806,903,97,0.097,0.21142943463847041
736,868,132,0.132,0.2353024527542293
756,878,122,0.122,0.23610272345691918
764,882,118,0.118,0.2409373746663332
750,875,125,0.125,0.24665549205988646
758,879,121,0.121,0.2435765689685941
746,873,127,0.127,0.2536500409841537
768,884,116,0.116,0.22060617505759
798,899,101,0.101,0.2392862087972462
820,910,90,0.09,0.2118400403112173
802,901,99,0.099,0.22326699835062028
722,861,139,0.139,0.23164816764742135
874,937,63,0.063,0.20522945696115494
774,887,113,0.113,0.22715477965772152
770,885,115,0.115,0.22574535398185253
752,876,124,0.124,0.20904778958112002
734,867,133,0.133,0.22147621290758251
766,883,117,0.117,0.2254036856777966
766,883,117,0.117,0.2226027973592307
790,895,105,0.105,0.23916959377378225
748,874,126,0.126,0.2782718521622862
830,915,85,0.085,0.23996822234988213
776,888,112,0.112,0.24757848110422498
806,903,97,0.097,0.21863106416910888
780,890,110,0.11,0.23542946738749743
754,877,123,0.123,0.24210024861991405
754,877,123,0.123,0.23312655837088822
712,856,144,0.144,0.24486819344526156
718,859,141,0.141,0.28005800571815914
776,888,112,0.112,0.25225623074918985
762,881,119,0.119,0.2520946146026254
756,878,122,0.122,0.2850513673722744
768,884,116,0.116,0.27339474819600584
756,878,122,0.122,0.2937689029527828
734,867,133,0.133,0.2986452991336118
724,862,138,0.138,0.3076943168863654
690,845,155,0.155,0.29552646446228026
672,836,164,0.164,0.30013068122416736
734,867,133,0.133,0.311738146558404
746,873,127,0.127,0.2990936732813717
784,892,108,0.108,0.3105108717530966
788,894,106,0.106,0.28727348656207324
826,913,87,0.087,0.2776184658184648
748,874,126,0.126,0.31273137832432985
748,874,126,0.126,0.275458440160146
774,887,113,0.113,0.26828988891839983
722,861,139,0.139,0.27931792722642423
746,873,127,0.127,0.27294397037476303
726,863,137,0.137,0.26871265745162964
722,861,139,0.139,0.28852506864733507
782,891,109,0.109,0.27638760063797235
734,867,133,0.133,0.2883114534988999
842,921,79,0.079,0.24456650698930024
736,868,132,0.132,0.2431206226758659
776,888,112,0.112,0.23941446831915528
762,881,119,0.119,0.20580512531776912
732,866,134,0.134,0.2349441636390984
784,892,108,0.108,0.18911261335015297
730,865,135,0.135,0.20627357856932582
758,879,121,0.121,0.20948866890370846
772,886,114,0.114,0.19505956628918647
838,919,81,0.081,0.1867201050176518
776,888,112,0.112,0.20274250118434428
734,867,133,0.133,0.22093355389311908
746,873,127,0.127,0.23669803043454885
822,911,89,0.089,0.1800956099294126
730,865,135,0.135,0.22078999187424778
772,886,114,0.114,0.16723222174495458
760,880,120,0.12,0.18335836830409244
732,866,134,0.134,0.16800934090837835
818,909,91,0.091,0.14552564993023406
762,881,119,0.119,0.1409480095924391
800,900,100,0.1,0.1505411617383361
746,873,127,0.127,0.15358264338039682
726,863,137,0.137,0.16982539942862057
746,873,127,0.127,0.15854666333164974
810,905,95,0.095,0.1713037817031145
742,871,129,0.129,0.18172967467829584
770,885,115,0.115,0.18210353953391314
748,874,126,0.126,0.17464530570246278
732,866,134,0.134,0.18695642995461823
762,881,119,0.119,0.17935360734723507
748,874,126,0.126,0.17705660823360087
760,880,120,0.12,0.17407620450976533
836,918,82,0.082,0.1452705164514482
790,895,105,0.105,0.1532578389197588
822,911,89,0.089,0.14373529583401978
800,900,100,0.1,0.1427153195179999
740,870,130,0.13,0.16519588460028173
718,859,141,0.141,0.163800482198596
816,908,92,0.092,0.15789265717938542
796,898,102,0.102,0.1694647509418428
744,872,128,0.128,0.18432734717428684
772,886,114,0.114,0.19836099567265164
792,896,104,0.104,0.17387764535218594
770,885,115,0.115,0.17328195219486953
812,906,94,0.094,0.145998974788934
744,872,128,0.128,0.15106559160049074
790,895,105,0.105,0.14339655589312314
780,890,110,0.11,0.14859171639941632
772,886,114,0.114,0.16281122269853948
748,874,126,0.126,0.1836664892360568
724,862,138,0.138,0.19203951374813916
794,897,103,0.103,0.169414744310081
824,912,88,0.088,0.14092389899864793
792,896,104,0.104,0.17105488120019435
818,909,91,0.091,0.15709257973730564
758,879,121,0.121,0.14859067693352698
744,872,128,0.128,0.16934077282994986
764,882,118,0.118,0.17102059800550343
750,875,125,0.125,0.15622730867564677
786,893,107,0.107,0.16480265630595387
828,914,86,0.086,0.16944665547832846
722,861,139,0.139,0.1958778617605567
778,889,111,0.111,0.17551817688718438
840,920,80,0.08,0.172866734091298
672,836,164,0.164,0.2267532206773758
754,877,123,0.123,0.17220644492842258
748,874,126,0.126,0.18074461955577134
770,885,115,0.115,0.16939616422355175
766,883,117,0.117,0.19047739809378983
784,892,108,0.108,0.1856639480365061
802,901,99,0.099,0.21017353795468807
728,864,136,0.136,0.22505596227943897
798,899,101,0.101,0.20079265870340168
758,879,121,0.121,0.20708549479022623
776,888,112,0.112,0.20850587432831527
816,908,92,0.092,0.23374130769073964
834,917,83,0.083,0.1812194742858559
684,842,158,0.158,0.23680606693029405
758,879,121,0.121,0.20479487229511142
802,901,99,0.099,0.21228392554819583
768,884,116,0.116,0.23727327024098485
824,912,88,0.088,0.21878927065432072
752,876,124,0.124,0.2346545133590698
742,871,129,0.129,0.25190632085502146
752,876,124,0.124,0.2542239950299263
790,895,105,0.105,0.24882445580512286
788,894,106,0.106,0.25951235568523406
804,902,98,0.098,0.22376571229100228
728,864,136,0.136,0.2487269568964839
750,875,125,0.125,0.27245791046321394
752,876,124,0.124,0.2847737959176302
728,864,136,0.136,0.30491265876591206
716,858,142,0.142,0.28621325438097117
794,897,103,0.103,0.284745305262506
786,893,107,0.107,0.26505315986648204
808,904,96,0.096,0.2692749191224575
754,877,123,0.123,0.2838206294775009
730,865,135,0.135,0.2901583076713141
758,879,121,0.121,0.31875404743850233
678,839,161,0.161,0.28921036717295645
722,861,139,0.139,0.3232180479317904
750,875,125,0.125,0.3219041267633438
790,895,105,0.105,0.2815678264126182
748,874,126,0.126,0.29928636868298053
764,882,118,0.118,0.2974981772601604
808,904,96,0.096,0.2580686235651374
728,864,136,0.136,0.28201710899174215
738,869,131,0.131,0.27572253622114656
784,892,108,0.108,0.24839759257435798
786,893,107,0.107,0.2457539808228612
784,892,108,0.108,0.25626483259350064
734,867,133,0.133,0.26136552011966707
742,871,129,0.129,0.2936274130940437
734,867,133,0.133,0.2982760405540466
754,877,123,0.123,0.2847807202786207
774,887,113,0.113,0.27407949259132147
812,906,94,0.094,0.2552993390113115
758,879,121,0.121,0.22773839368298648
768,884,116,0.116,0.24075945956259967
788,894,106,0.106,0.2395901109725237
762,881,119,0.119,0.2051535252407193
736,868,132,0.132,0.2515365974754095
802,901,99,0.099,0.23627127593010663
780,890,110,0.11,0.25547602815181014
802,901,99,0.099,0.2666710781082511
784,892,108,0.108,0.29382007601857185
800,900,100,0.1,0.288964157782495
772,886,114,0.114,0.2888144849166274
740,870,130,0.13,0.3099438749849796
722,861,139,0.139,0.300038276322186
820,910,90,0.09,0.2595606290400028
730,865,135,0.135,0.2986250121966004
788,894,106,0.106,0.2781225881874561
738,869,131,0.131,0.300230768173933
750,875,125,0.125,0.3089858506083401
742,871,129,0.129,0.3263677362371236
796,898,102,0.102,0.3028752747178078
750,875,125,0.125,0.3470359377800487
746,873,127,0.127,0.36307918368279934
794,897,103,0.103,0.35545283165574076
716,858,142,0.142,0.39828633604943753
814,907,93,0.093,0.3258854974806309
786,893,107,0.107,0.3253908621221781
776,888,112,0.112,0.3213316474566236
798,899,101,0.101,0.31573082659186913
726,863,137,0.137,0.33157352001580875
776,888,112,0.112,0.30881802605092523
704,852,148,0.148,0.36221541023254394
818,909,91,0.091,0.316750934496522
788,894,106,0.106,0.3808244418501854
746,873,127,0.127,0.41043564377842445
800,900,100,0.1,0.4080471967803314
748,874,126,0.126,0.40012872575223446
754,877,123,0.123,0.4283187249600887
772,886,114,0.114,0.438311905130744
738,869,131,0.131,0.44766280755400656
850,925,75,0.075,0.39993464156240416
748,874,126,0.126,0.4234200792014599
814,907,93,0.093,0.39021880181133745
738,869,131,0.131,0.4191888983249664
744,872,128,0.128,0.3986972255324945
738,869,131,0.131,0.406150451617081
750,875,125,0.125,0.4250021513849497
802,901,99,0.099,0.41721860975027086
730,865,135,0.135,0.44797293248772624
804,902,98,0.098,0.44445400777459143
756,878,122,0.122,0.4350336772948504
732,866,134,0.134,0.46327319481984125
710,855,145,0.145,0.47788607409596445
774,887,113,0.113,0.42960052767395973
768,884,116,0.116,0.4156868431568146
750,875,125,0.125,0.4419834785014391
774,887,113,0.113,0.41240215523540974
724,862,138,0.138,0.3718603246808052
740,870,130,0.13,0.37100386177003386
796,898,102,0.102,0.35195879128575325
810,905,95,0.095,0.33376136073470114
734,867,133,0.133,0.29673183154352956
758,879,121,0.121,0.28551528695225714
818,909,91,0.091,0.2563313251212239
718,859,141,0.141,0.26910025519132613
742,871,129,0.129,0.2930950291678309
746,873,127,0.127,0.2766387231312692
762,881,119,0.119,0.28323965177685023
806,903,97,0.097,0.2915454125851393
772,886,114,0.114,0.2779269353747368
700,850,150,0.15,0.30142255407571794
822,911,89,0.089,0.2578456710651517
680,840,160,0.16,0.3018460861667991
762,881,119,0.119,0.2633127882182598
822,911,89,0.089,0.24548849894851446
742,871,129,0.129,0.27472149957716463
798,899,101,0.101,0.26779110003262757
736,868,132,0.132,0.272754081107676
758,879,121,0.121,0.24719483676552773
786,893,107,0.107,0.22652660075575112
686,843,157,0.157,0.26160453861206767
744,872,128,0.128,0.28356614177674055
806,903,97,0.097,0.25366863925009964
742,871,129,0.129,0.2951234127357602
784,892,108,0.108,0.26682200080901386
798,899,101,0.101,0.22324139545510116
744,872,128,0.128,0.24874458941817285
774,887,113,0.113,0.24313331537155716
702,851,149,0.149,0.24883937884122134
776,888,112,0.112,0.2199720715098083
726,863,137,0.137,0.21649526176974176
776,888,112,0.112,0.21669558605365455
762,881,119,0.119,0.22813208417780698
742,871,129,0.129,0.23862820640206348
728,864,136,0.136,0.25323565408587456
748,874,126,0.126,0.23016132909804582
786,893,107,0.107,0.22069942707009613
718,859,141,0.141,0.24148266296833754
770,885,115,0.115,0.21306100093945862
722,861,139,0.139,0.24948459217697383
754,877,123,0.123,0.229395676843822
790,895,105,0.105,0.20122648859769107
746,873,127,0.127,0.21851079982519153
808,904,96,0.096,0.19564292564988137
728,864,136,0.136,0.2324484459385276
754,877,123,0.123,0.20257870725169777
728,864,136,0.136,0.220009131193161
770,885,115,0.115,0.18884063390106895
792,896,104,0.104,0.1884597389958799
752,876,124,0.124,0.20631415861845018
800,900,100,0.1,0.18215267811715602
686,843,157,0.157,0.23154015650972723
772,886,114,0.114,0.20230788013339043
678,839,161,0.161,0.21340765748173
718,859,141,0.141,0.18555124492943287
784,892,108,0.108,0.16457703620445546
762,881,119,0.119,0.18634014822542666
772,886,114,0.114,0.14063907957822083
732,866,134,0.134,0.17657935566455127
742,871,129,0.129,0.15298940924555063
810,905,95,0.095,0.12520675999298692
770,885,115,0.115,0.11194407137669624
778,889,111,0.111,0.1316626403387636
714,857,143,0.143,0.14317542689293622
762,881,119,0.119,0.11679239673167467
794,897,103,0.103,0.1229369958974421
764,882,118,0.118,0.1288182123154402
772,886,114,0.114,0.13505978152900935
760,880,120,0.12,0.10624631915055216
762,881,119,0.119,0.11849341600202024
724,862,138,0.138,0.11949815864115954
720,860,140,0.14,0.1076262232111767
778,889,111,0.111,0.11286674298346043
740,870,130,0.13,0.10591941529791803
842,921,79,0.079,0.09608799710869789
754,877,123,0.123,0.10675349880941212
816,908,92,0.092,0.09294174755737185
680,840,160,0.16,0.12085433104199182
710,855,145,0.145,0.101062026088126
746,873,127,0.127,0.1069365511899814
750,875,125,0.125,0.10588102711014653
670,835,165,0.165,0.1352918243984459
708,854,146,0.146,0.1471956755593419
742,871,129,0.129,0.130009767354466
772,886,114,0.114,0.11480059410631657
772,886,114,0.114,0.1260801055151969
748,874,126,0.126,0.10235866584535688
770,885,115,0.115,0.1088010166939348
744,872,128,0.128,0.1010962523110211
808,904,96,0.096,0.07069267425499856
754,877,123,0.123,0.09386252296494788
736,868,132,0.132,0.08065637920144945
764,882,118,0.118,0.09809336505271495
772,886,114,0.114,0.10981120900530368
746,873,127,0.127,0.1323556486479938
792,896,104,0.104,0.10459145295852795
682,841,159,0.159,0.135350447175093
758,879,121,0.121,0.12036833389662206
752,876,124,0.124,0.1225747766373679
778,889,111,0.111,0.10438171487860382
706,853,147,0.147,0.124871444556492
830,915,85,0.085,0.0869591772176791
716,858,142,0.142,0.11040964021068066
776,888,112,0.112,0.09758977575600153
814,907,93,0.093,0.08862174067087472
752,876,124,0.124,0.0924560165926814
766,883,117,0.117,0.09574946085829288
712,856,144,0.144,0.10494433815591037
728,864,136,0.136,0.10837784625528332
730,865,135,0.135,0.13205720144789665
786,893,107,0.107,0.13419793315281067
708,854,146,0.146,0.14213516011461616
786,893,107,0.107,0.132675494171679
802,901,99,0.099,0.11495346464402974
812,906,94,0.094,0.10090467440150679
772,886,114,0.114,0.09892100189253687
782,891,109,0.109,0.09048806458201455
762,881,119,0.119,0.07297217473573983
786,893,107,0.107,0.09581780048658782
768,884,116,0.116,0.08194065545499325
758,879,121,0.121,0.09086444161459803
762,881,119,0.119,0.10798895984701812
824,912,88,0.088,0.09497598835267126
732,866,134,0.134,0.1165116748753935
824,912,88,0.088,0.09153116922639311
772,886,114,0.114,0.09361900384855107
772,886,114,0.114,0.08647062961589451
730,865,135,0.135,0.10076539003058554
672,836,164,0.164,0.10046278006583452
692,846,154,0.154,0.09390952483371075
806,903,97,0.097,0.08689770823065192
854,927,73,0.073,0.08883664293959737
704,852,148,0.148,0.10710437970235943
726,863,137,0.137,0.10821194933447986
794,897,103,0.103,0.10602674682252108
790,895,105,0.105,0.09596610091812909
776,888,112,0.112,0.10174145392188802
764,882,118,0.118,0.09946580391190946
798,899,101,0.101,0.08317864043923327
792,896,104,0.104,0.08312663605995477
782,891,109,0.109,0.09556544872187121
800,900,100,0.1,0.09329956660233438
736,868,132,0.132,0.10450736049190164
766,883,117,0.117,0.09225276313070208
788,894,106,0.106,0.10060663173813372
744,872,128,0.128,0.10475158361531794
766,883,117,0.117,0.12084668745659291
778,889,111,0.111,0.11342378170229495
714,857,143,0.143,0.13343282686363092
738,869,131,0.131,0.13946199497103226
762,881,119,0.119,0.11908808312681504
762,881,119,0.119,0.10928238941077142
688,844,156,0.156,0.12905003597959877
772,886,114,0.114,0.10295542266406119
806,903,97,0.097,0.09873230939172209
792,896,104,0.104,0.10724128308519722
802,901,99,0.099,0.09653232128731906
776,888,112,0.112,0.09719142777938397
776,888,112,0.112,0.09569933271071204
718,859,141,0.141,0.09270251658186317
758,879,121,0.121,0.08694423272993983
764,882,118,0.118,0.10083620534092189
710,855,145,0.145,0.12770674693398176
800,900,100,0.1,0.10945575902797282
768,884,116,0.116,0.1281351040303707
754,877,123,0.123,0.1304310544487089
710,855,145,0.145,0.13949707514606416
708,854,146,0.146,0.135678966794163
762,881,119,0.119,0.11931205198913812
748,874,126,0.126,0.12058035810664296
696,848,152,0.152,0.13625071806865163
812,906,94,0.094,0.10488666920736432
770,885,115,0.115,0.11150244602417297
734,867,133,0.133,0.11763892684050777
724,862,138,0.138,0.12826370674651116
720,860,140,0.14,0.11388072826863936
746,873,127,0.127,0.14863718525134026
800,900,100,0.1,0.1273093099144753
700,850,150,0.15,0.15080452332273125
746,873,127,0.127,0.12740247470885516
744,872,128,0.128,0.12658919204212726
780,890,110,0.11,0.12844401906803252
730,865,135,0.135,0.14826836436800658
796,898,102,0.102,0.11717984229885042
752,876,124,0.124,0.1077293694280088
786,893,107,0.107,0.10499693499878049
794,897,103,0.103,0.09973512651212514
782,891,109,0.109,0.11092911162536348
746,873,127,0.127,0.09704786820523441
746,873,127,0.127,0.12118715591577349
758,879,121,0.121,0.12257978257053417
804,902,98,0.098,0.10693502437509596
738,869,131,0.131,0.1329071276895702
762,881,119,0.119,0.1351486638020724
782,891,109,0.109,0.12793326340056957
762,881,119,0.119,0.13297456505708397
768,884,116,0.116,0.11660989855974913
750,875,125,0.125,0.11809515998512507
772,886,114,0.114,0.13755000353977084
756,878,122,0.122,0.11222457309439779
790,895,105,0.105,0.12066892129741609
802,901,99,0.099,0.1219063247833401
790,895,105,0.105,0.10542389855813235
826,913,87,0.087,0.10248581729829312
806,903,97,0.097,0.10527622827887535
780,890,110,0.11,0.12550672067515553
740,870,130,0.13,0.10936105627940561
790,895,105,0.105,0.10381570912152528
778,889,111,0.111,0.12842064372077583
742,871,129,0.129,0.11558570058280936
782,891,109,0.109,0.11952413604035973
690,845,155,0.155,0.15066372368138342
726,863,137,0.137,0.13873602429281343
722,861,139,0.139,0.14021542346366914
730,865,135,0.135,0.13641124172369018
782,891,109,0.109,0.12818436095677316
774,887,113,0.113,0.12867028081417084
792,896,104,0.104,0.11799187478609383
748,874,126,0.126,0.12126893869334164
804,902,98,0.098,0.09710786299889332
752,876,124,0.124,0.11804953643120825
822,911,89,0.089,0.0914949560626701
792,896,104,0.104,0.09990532318223268
774,887,113,0.113,0.1042148071830743
756,878,122,0.122,0.11215119042492006
752,876,124,0.124,0.10903110404126345
754,877,123,0.123,0.11858788166567683
716,858,142,0.142,0.1284693695642054
734,867,133,0.133,0.12047188348320197
790,895,105,0.105,0.11292097264248878
756,878,122,0.122,0.1193496751322673
756,878,122,0.122,0.12555687925685197
796,898,102,0.102,0.10877087333984672
708,854,146,0.146,0.1439837598130107
790,895,105,0.105,0.107293628260546
744,872,128,0.128,0.12209233061310512
750,875,125,0.125,0.12406029874284287
754,877,123,0.123,0.11036806552721828
726,863,137,0.137,0.13629599468410014
772,886,114,0.114,0.12313789196312427
810,905,95,0.095,0.11538786171004176
708,854,146,0.146,0.1365711527010426
740,870,130,0.13,0.12494444321189076
794,897,103,0.103,0.12028158984333277
724,862,138,0.138,0.12061388067901134
778,889,111,0.111,0.102740010952577
814,907,93,0.093,0.09856416516192257
760,880,120,0.12,0.11310112606501206
770,885,115,0.115,0.11345370891317726
762,881,119,0.119,0.11976433020085096
766,883,117,0.117,0.12545510346442462
738,869,131,0.131,0.12325170072168112
722,861,139,0.139,0.11121114010757799
796,898,102,0.102,0.09821150049194693
774,887,113,0.113,0.09594719834253192
808,904,96,0.096,0.08115137057898072
818,909,91,0.091,0.07967156509589404
814,907,93,0.093,0.07250591446552426
824,912,88,0.088,0.0744951012507081
764,882,118,0.118,0.07403680982626974
786,893,107,0.107,0.06872294717188925
682,841,159,0.159,0.0819775632340461
778,889,111,0.111,0.07640924170333892
778,889,111,0.111,0.09024462450295687
760,880,120,0.12,0.09244264641881454
728,864,136,0.136,0.09676414204575122
812,906,94,0.094,0.09602819575741887
758,879,121,0.121,0.09540009377896785
776,888,112,0.112,0.11137355992477387
756,878,122,0.122,0.0867603156111436
800,900,100,0.1,0.07027998608435167
728,864,136,0.136,0.07590649968874641
766,883,117,0.117,0.07100751204788684
802,901,99,0.099,0.06039835456572473
804,902,98,0.098,0.06699378513824195
756,878,122,0.122,0.07799149546207951
786,893,107,0.107,0.07668904269300401
720,860,140,0.14,0.0955171342798858
778,889,111,0.111,0.09396596392244101
790,895,105,0.105,0.07219645471187248
764,882,118,0.118,0.08293301704153419
760,880,120,0.12,0.07543593907169997
684,842,158,0.158,0.09628255454637111
750,875,125,0.125,0.08795218629576265
758,879,121,0.121,0.09495643932931125
730,865,135,0.135,0.08743181982450188
770,885,115,0.115,0.08055707342922688
676,838,162,0.162,0.10769152546767145
776,888,112,0.112,0.07403855019595176
696,848,152,0.152,0.10602037836425006
816,908,92,0.092,0.06745025459025056
742,871,129,0.129,0.09088392617729918
794,897,103,0.103,0.08311589016020297
764,882,118,0.118,0.08144739148207009
792,896,104,0.104,0.06731269634421914
724,862,138,0.138,0.07163535675266758
820,910,90,0.09,0.05571181883057579
732,866,134,0.134,0.06930339708318933
770,885,115,0.115,0.07137052592821419
762,881,119,0.119,0.07166853596735746
768,884,116,0.116,0.08126089954288909
786,893,107,0.107,0.0887037022626937
786,893,107,0.107,0.07530141123756767
752,876,124,0.124,0.08749954254319892
728,864,136,0.136,0.07799811089225113
746,873,127,0.127,0.07437724851176608
810,905,95,0.095,0.0625052827000618
782,891,109,0.109,0.061389513242058456
762,881,119,0.119,0.06157012330694124
792,896,104,0.104,0.06080805488161414
760,880,120,0.12,0.08178809678624384
716,858,142,0.142,0.08288704281300306
778,889,111,0.111,0.07425395980849862
782,891,109,0.109,0.07015258658863605
816,908,92,0.092,0.06610020217485726
818,909,91,0.091,0.06306412966176868
810,905,95,0.095,0.06190882428180276
778,889,111,0.111,0.07318838615816685
778,889,111,0.111,0.0631559730116278
788,894,106,0.106,0.0552069063471281
776,888,112,0.112,0.06414853708434384
776,888,112,0.112,0.059250184925273064
752,876,124,0.124,0.07412784848548472
714,857,143,0.143,0.08411814234985636
782,891,109,0.109,0.07308020975999534
766,883,117,0.117,0.06566674202145077
804,902,98,0.098,0.07223380804248154
756,878,122,0.122,0.06720135502889753
804,902,98,0.098,0.06969253938272596
790,895,105,0.105,0.07239351920038462
794,897,103,0.103,0.055732262154691854
784,892,108,0.108,0.0620953992898576
720,860,140,0.14,0.056872006587684154
796,898,102,0.102,0.0635170583780855
798,899,101,0.101,0.06939655851945283
732,866,134,0.134,0.0729628764630761
742,871,129,0.129,0.0754364285012707
768,884,116,0.116,0.08487271195929498
822,911,89,0.089,0.05614949893951416
736,868,132,0.132,0.07165190028492362
746,873,127,0.127,0.07245879621896893
780,890,110,0.11,0.06980305114481598
748,874,126,0.126,0.08450913607422263
750,875,125,0.125,0.06679016462620348
778,889,111,0.111,0.0651583779634967
812,906,94,0.094,0.06636139399278909
720,860,140,0.14,0.07367698499560356
780,890,110,0.11,0.07252659456524999
714,857,143,0.143,0.09786097564920783
836,918,82,0.082,0.06628544675931335
780,890,110,0.11,0.06204375882493332
762,881,119,0.119,0.08958512010704728
766,883,117,0.117,0.07374122846312821
698,849,151,0.151,0.08534197061602027
710,855,145,0.145,0.08618331615626812
762,881,119,0.119,0.08298702207675149
746,873,127,0.127,0.08579585731960833
760,880,120,0.12,0.08111338821798562
762,881,119,0.119,0.09732749472744763
742,871,129,0.129,0.1034236120339483
812,906,94,0.094,0.10109737386181951
704,852,148,0.148,0.11473194742389023
790,895,105,0.105,0.08500547851342707
746,873,127,0.127,0.08152734258792407
682,841,159,0.159,0.08578761118070129
768,884,116,0.116,0.08089324153400958
766,883,117,0.117,0.07212083808891476
738,869,131,0.131,0.08534289619512855
762,881,119,0.119,0.0979178334386088
774,887,113,0.113,0.08387479706853627
794,897,103,0.103,0.07890011041169057
790,895,105,0.105,0.08778307037171908
742,871,129,0.129,0.08785313451103866
732,866,134,0.134,0.09389154569245875
714,857,143,0.143,0.08600519280880689
778,889,111,0.111,0.07690917754918337
716,858,142,0.142,0.0842456562872976
786,893,107,0.107,0.07434043713845312
774,887,113,0.113,0.06572903435397894
740,870,130,0.13,0.07416709987819195
758,879,121,0.121,0.08538603515177966
744,872,128,0.128,0.08057238397275795
802,901,99,0.099,0.07223906152136624
840,920,80,0.08,0.05742274826252833
768,884,116,0.116,0.06822058284003288
784,892,108,0.108,0.0663876458639279
718,859,141,0.141,0.07228139965143054
836,918,82,0.082,0.05618155301548541
746,873,127,0.127,0.06751155476807616
724,862,138,0.138,0.075281090470874
756,878,122,0.122,0.07758444160036743
754,877,123,0.123,0.08887537918868475
790,895,105,0.105,0.0787867278037593
780,890,110,0.11,0.08807257647626102
792,896,104,0.104,0.07577369782608002
758,879,121,0.121,0.09922526768222452
778,889,111,0.111,0.08129562810156495
784,892,108,0.108,0.06626949977359618
760,880,120,0.12,0.07549486432643607
740,870,130,0.13,0.08102921513561159
792,896,104,0.104,0.06845475575386081
766,883,117,0.117,0.0701973016904667
736,868,132,0.132,0.07984805344697088
746,873,127,0.127,0.10524162149615586
754,877,123,0.123,0.08955175850644992
798,899,101,0.101,0.08467869745288044
738,869,131,0.131,0.08522488001920282
764,882,118,0.118,0.08760425980109723
808,904,96,0.096,0.07689318792056292
800,900,100,0.1,0.06917315851897003
746,873,127,0.127,0.07273580292146653
722,861,139,0.139,0.09212946029240265
768,884,116,0.116,0.06639921434766075
702,851,149,0.149,0.0969979644715786
772,886,114,0.114,0.0795228156009689
770,885,115,0.115,0.08568200849369169
766,883,117,0.117,0.09629667788930238
790,895,105,0.105,0.07539353417046368
700,850,150,0.15,0.11371348966751248
746,873,127,0.127,0.08814429312758147
746,873,127,0.127,0.08339009660296143
762,881,119,0.119,0.08285023304447534
778,889,111,0.111,0.07533658877667039
788,894,106,0.106,0.06764194831997156
808,904,96,0.096,0.08420012694830074
778,889,111,0.111,0.06987744739296613
758,879,121,0.121,0.08522513193264604
818,909,91,0.091,0.07041812170483172
736,868,132,0.132,0.0791534061989114
722,861,139,0.139,0.08130911646038294
760,880,120,0.12,0.09357185029787433
808,904,96,0.096,0.07777260608470846
758,879,121,0.121,0.08881011732341722
798,899,101,0.101,0.08032218104507774
742,871,129,0.129,0.07439192680059932
816,908,92,0.092,0.06178225398785435
756,878,122,0.122,0.07176103795180097
814,907,93,0.093,0.06930021283087216
756,878,122,0.122,0.07550627867174262
810,905,95,0.095,0.06456678701421378
760,880,120,0.12,0.07873476400249638
796,898,102,0.102,0.06927518407341267
688,844,156,0.156,0.09626972724503138
764,882,118,0.118,0.07836518793739379
772,886,114,0.114,0.08663720655052021
756,878,122,0.122,0.08333055673819036
794,897,103,0.103,0.08799419094622135
768,884,116,0.116,0.09001872347543212
752,876,124,0.124,0.09502971363253891
742,871,129,0.129,0.09394815204106272
736,868,132,0.132,0.08753944589570165
784,892,108,0.108,0.08648418702557684
754,877,123,0.123,0.07808060020022094
722,861,139,0.139,0.09162531326897443
726,863,137,0.137,0.10083539176173509
726,863,137,0.137,0.09581172195170075
750,875,125,0.125,0.09305429316096707
798,899,101,0.101,0.09865641721710562
804,902,98,0.098,0.08201116768177599
860,930,70,0.07,0.0696602633120492
724,862,138,0.138,0.09152645360294263
744,872,128,0.128,0.0788497041183582
822,911,89,0.089,0.06493448428530246
736,868,132,0.132,0.0868051457009921
762,881,119,0.119,0.06516262385125811
734,867,133,0.133,0.06492738158768042
740,870,130,0.13,0.09600168644078076
738,869,131,0.131,0.08302635638788343
786,893,107,0.107,0.07033395421504975
834,917,83,0.083,0.06802895010262727
738,869,131,0.131,0.08208083590958268
764,882,118,0.118,0.08093719602748752
784,892,108,0.108,0.07133775294711814
826,913,87,0.087,0.070276086220547
724,862,138,0.138,0.06635866136197001
744,872,128,0.128,0.06939378624595702
760,880,120,0.12,0.07904929041210562
782,891,109,0.109,0.06953499086620286
726,863,137,0.137,0.0811418091871892
736,868,132,0.132,0.09268236894626171
752,876,124,0.124,0.08145510923315305
728,864,136,0.136,0.07974842865644405
744,872,128,0.128,0.08874055306171066
752,876,124,0.124,0.0804365261537314
776,888,112,0.112,0.08124018014222384
794,897,103,0.103,0.07876473597995937
800,900,100,0.1,0.07126631854102015
748,874,126,0.126,0.08628828818071635
790,895,105,0.105,0.06299321851227432
824,912,88,0.088,0.062368010818958285
774,887,113,0.113,0.06227196224311358
808,904,96,0.096,0.06683169094473124
748,874,126,0.126,0.07111700445041061
812,906,94,0.094,0.055553085228428244
688,844,156,0.156,0.08676057359250262
722,861,139,0.139,0.08444313415713259
716,858,142,0.142,0.09205267344973982
812,906,94,0.094,0.07523838178633013
766,883,117,0.117,0.09452449090592563
678,839,161,0.161,0.10876197835803032
736,868,132,0.132,0.09466708191183296
748,874,126,0.126,0.08966715907491743
796,898,102,0.102,0.09364076791331172
788,894,106,0.106,0.06561653746012598
756,878,122,0.122,0.0708750429705251
798,899,101,0.101,0.06935239436273696
814,907,93,0.093,0.05751720360352192
706,853,147,0.147,0.06866879358218285
756,878,122,0.122,0.07523351575247944
758,879,121,0.121,0.07276471133902669
708,854,146,0.146,0.08706174994446338
776,888,112,0.112,0.08734855568488673
814,907,93,0.093,0.07686479764792603
766,883,117,0.117,0.07777648335136474
784,892,108,0.108,0.07363930724142119
784,892,108,0.108,0.06145949664426735
752,876,124,0.124,0.07478327980823815
810,905,95,0.095,0.06434934379998594
788,894,106,0.106,0.06021168098878115
806,903,97,0.097,0.06041579923499375
758,879,121,0.121,0.06807555567572127
792,896,104,0.104,0.06794607781618833
752,876,124,0.124,0.06201810121923271
784,892,108,0.108,0.06605466046743094
726,863,137,0.137,0.08816872407478513
760,880,120,0.12,0.0857729749083519
748,874,126,0.126,0.08949013411067426
788,894,106,0.106,0.08507879804261029
796,898,102,0.102,0.06940217180550098
768,884,116,0.116,0.0757597126950277
786,893,107,0.107,0.06584700454445556
762,881,119,0.119,0.07870584438554942
768,884,116,0.116,0.06175392447784543
738,869,131,0.131,0.08133855304960161
772,886,114,0.114,0.07423077521193773
788,894,106,0.106,0.07154938732224286
702,851,149,0.149,0.07634802726050839
800,900,100,0.1,0.06445038088411092
784,892,108,0.108,0.0676040073465556
808,904,96,0.096,0.0661136629646644
798,899,101,0.101,0.05614962503034621
804,902,98,0.098,0.05494982266332954
750,875,125,0.125,0.061470233089290574
804,902,98,0.098,0.061682183462195124
770,885,115,0.115,0.07220587981678546
716,858,142,0.142,0.06653420462046052
768,884,116,0.116,0.07155554844718426
824,912,88,0.088,0.06548405794799328
782,891,109,0.109,0.06551787325554027
810,905,95,0.095,0.06472985547967255
832,916,84,0.084,0.05039509656281189
728,864,136,0.136,0.07112784482468235
720,860,140,0.14,0.07514286354601825
724,862,138,0.138,0.07689763171784579
824,912,88,0.088,0.06064113865979016
696,848,152,0.152,0.08979602016229182
756,878,122,0.122,0.0753276653303716
740,870,130,0.13,0.07453425895422697
772,886,114,0.114,0.08480132938143697
718,859,141,0.141,0.0923188721779734
798,899,101,0.101,0.07413139160908759
734,867,133,0.133,0.08340176236350089
786,893,107,0.107,0.077088862917386
780,890,110,0.11,0.08098788474538492
782,891,109,0.109,0.07760476106824353
752,876,124,0.124,0.07920991267915815
838,919,81,0.081,0.058570011109113695
780,890,110,0.11,0.06214498514891602
772,886,114,0.114,0.05880047512892634
800,900,100,0.1,0.05883326160348952
782,891,109,0.109,0.06273611922934651
782,891,109,0.109,0.06336054073378197
700,850,150,0.15,0.09060066435020417
748,874,126,0.126,0.06656407125107944
808,904,96,0.096,0.06396452343463897
766,883,117,0.117,0.059103411141695684
808,904,96,0.096,0.06635621286835522
748,874,126,0.126,0.07675714040271486
792,896,104,0.104,0.06082105268351733
794,897,103,0.103,0.05061953033821192
814,907,93,0.093,0.056801279964146946
798,899,101,0.101,0.048224360646679995
746,873,127,0.127,0.05621933754067868
754,877,123,0.123,0.05632673931909355
818,909,91,0.091,0.044714406206272546
780,890,110,0.11,0.06059958665212616
730,865,135,0.135,0.05739208949687401
750,875,125,0.125,0.06187203368799057
730,865,135,0.135,0.07238287136200829
726,863,137,0.137,0.07305365879554301
776,888,112,0.112,0.05980259974999353
754,877,123,0.123,0.07491851886571387
726,863,137,0.137,0.07615542626788416
728,864,136,0.136,0.06684035721700639
766,883,117,0.117,0.06323690035333857
748,874,126,0.126,0.06441596252907766
786,893,107,0.107,0.0604852447824087
696,848,152,0.152,0.07366609621280805
726,863,137,0.137,0.06542957308492624
798,899,101,0.101,0.05883960962288984
754,877,123,0.123,0.07148618092760443
724,862,138,0.138,0.06490640776080546
756,878,122,0.122,0.06716406253289824
740,870,130,0.13,0.04582260526437312
742,871,129,0.129,0.05840553409233689
676,838,162,0.162,0.07833654524106533
736,868,132,0.132,0.06727486634720117
848,924,76,0.076,0.055754850666970016
782,891,109,0.109,0.07047958574933
792,896,104,0.104,0.06329975620191544
780,890,110,0.11,0.061978769259760154
790,895,105,0.105,0.04444773337361029
744,872,128,0.128,0.05931862919572177
838,919,81,0.081,0.049895938869100064
782,891,109,0.109,0.042969687319622606
778,889,111,0.111,0.05850286469337158
774,887,113,0.113,0.05535417807204249
770,885,115,0.115,0.06492704829340801
744,872,128,0.128,0.06137259942293167
748,874,126,0.126,0.06118969595432282
822,911,89,0.089,0.05457341984007508
792,896,104,0.104,0.058376051967963576
758,879,121,0.121,0.06283625663416668
776,888,112,0.112,0.05798025349110577
800,900,100,0.1,0.0593540469345171
748,874,126,0.126,0.06536956751486286
760,880,120,0.12,0.059405639186013846
784,892,108,0.108,0.06968668064265512
748,874,126,0.126,0.07051875621848741
784,892,108,0.108,0.048439365951844136
796,898,102,0.102,0.058456971290521326
778,889,111,0.111,0.07162479309365154
734,867,133,0.133,0.06409883963689209
740,870,130,0.13,0.06847994372295216
790,895,105,0.105,0.06476461866497993
778,889,111,0.111,0.06284605868448853
772,886,114,0.114,0.056434007473289964
712,856,144,0.144,0.06721605893992959
786,893,107,0.107,0.06134395458176732
784,892,108,0.108,0.061038942641593166
774,887,113,0.113,0.06108622632648742
848,924,76,0.076,0.05813362161349505
794,897,103,0.103,0.06642111882939934
828,914,86,0.086,0.05493437935409747
750,875,125,0.125,0.06925358091946691
768,884,116,0.116,0.06920677013392561
740,870,130,0.13,0.07275941968895495
758,879,121,0.121,0.07130797346919644
768,884,116,0.116,0.0584026446446951
794,897,103,0.103,0.05507113929092884
836,918,82,0.082,0.0522578788537503
720,860,140,0.14,0.07898459501256004
754,877,123,0.123,0.07613347292144317
776,888,112,0.112,0.07967899289901834
788,894,106,0.106,0.0738798220333959
710,855,145,0.145,0.07445897303055973
716,858,142,0.142,0.07904185548145325
712,856,144,0.144,0.08549672592345904
752,876,124,0.124,0.08249317122250796
784,892,108,0.108,0.07983409319023485
838,919,81,0.081,0.08312819345854222
800,900,100,0.1,0.08797110299114137
768,884,116,0.116,0.07565777177223935
784,892,108,0.108,0.057853582658115556
734,867,133,0.133,0.051634376469533894
776,888,112,0.112,0.04908978559996467
732,866,134,0.134,0.05421477829881384
714,857,143,0.143,0.07292978190351278
746,873,127,0.127,0.0634342623250559
762,881,119,0.119,0.06583284900523723
820,910,90,0.09,0.058811694488860665
746,873,127,0.127,0.08596140149142593
832,916,84,0.084,0.06689540893025696
764,882,118,0.118,0.06887653561867774
752,876,124,0.124,0.07048508331831545
800,900,100,0.1,0.04390418775247394
822,911,89,0.089,0.04936725691909669
772,886,114,0.114,0.05389035645266995
778,889,111,0.111,0.05418504108092749
750,875,125,0.125,0.053381106775719674
788,894,106,0.106,0.0560674794705119
732,866,134,0.134,0.06558603993576252
760,880,120,0.12,0.062253383041592315
826,913,87,0.087,0.06368800847965758
790,895,105,0.105,0.06960127154178919
792,896,104,0.104,0.08141694427403855
720,860,140,0.14,0.07636031098850071
720,860,140,0.14,0.08098867051117122
726,863,137,0.137,0.08291906676259987
706,853,147,0.147,0.08401081281526837
726,863,137,0.137,0.08468694696831516
780,890,110,0.11,0.08613693443778903
728,864,136,0.136,0.09578041116526102
776,888,112,0.112,0.09483080836210865
762,881,119,0.119,0.08427008252218365
750,875,125,0.125,0.08867394470283761
828,914,86,0.086,0.07523541089147329
770,885,115,0.115,0.07779024876654148
792,896,104,0.104,0.07900126072447165
786,893,107,0.107,0.06988180617103353
792,896,104,0.104,0.06827667414032737
788,894,106,0.106,0.06696993556388042
794,897,103,0.103,0.060804560397169555
744,872,128,0.128,0.09322607294146383
734,867,133,0.133,0.08419510161719518
766,883,117,0.117,0.08764984483479865
688,844,156,0.156,0.09861044031009078
808,904,96,0.096,0.08926349916309119
732,866,134,0.134,0.11040484469570219
782,891,109,0.109,0.08200103584956378
740,870,130,0.13,0.10262499887332525
684,842,158,0.158,0.09395995294954627
714,857,143,0.143,0.086418206896371
716,858,142,0.142,0.08002005560602993
800,900,100,0.1,0.07879657793603838
716,858,142,0.142,0.08951000815909356
808,904,96,0.096,0.06824022071064186
738,869,131,0.131,0.0893327741259709
744,872,128,0.128,0.09965303713455796
780,890,110,0.11,0.0947585224993527
744,872,128,0.128,0.09561319037992508
752,876,124,0.124,0.08861216970719397
716,858,142,0.142,0.10562437514774502
754,877,123,0.123,0.08692806617626048
790,895,105,0.105,0.07612685892669833
794,897,103,0.103,0.06839187919162214
764,882,118,0.118,0.07902476067491808
686,843,157,0.157,0.09675788448005915
754,877,123,0.123,0.08299040466174483
702,851,149,0.149,0.08947625027038157
756,878,122,0.122,0.08310215093940497
694,847,153,0.153,0.11790090441145003
728,864,136,0.136,0.1110736775714904
792,896,104,0.104,0.0967273391224444
808,904,96,0.096,0.0893757421770133
802,901,99,0.099,0.0808910818049335
798,899,101,0.101,0.07931167242443193
840,920,80,0.08,0.06634499187488109
744,872,128,0.128,0.07776525120111183
790,895,105,0.105,0.061373224695581936
746,873,127,0.127,0.07195992007932912
756,878,122,0.122,0.07729262103931979
742,871,129,0.129,0.064904607005883
732,866,134,0.134,0.0870056558707729
802,901,99,0.099,0.06948841312574928
714,857,143,0.143,0.10447625156491995
718,859,141,0.141,0.09321653811846954
744,872,128,0.128,0.1023977891999366
714,857,143,0.143,0.1422481346364193
726,863,137,0.137,0.11241729656793177
710,855,145,0.145,0.1173048786483705
766,883,117,0.117,0.09921534861244026
762,881,119,0.119,0.10734293922642246
752,876,124,0.124,0.09274925437197089
770,885,115,0.115,0.0889865798669638
722,861,139,0.139,0.09011471704617544
814,907,93,0.093,0.06786256257811527
754,877,123,0.123,0.08227382867410779
782,891,109,0.109,0.08405339492671193
736,868,132,0.132,0.0896280767340213
802,901,99,0.099,0.08190137526672334
682,841,159,0.159,0.09196961989067495
764,882,118,0.118,0.0972623785417527
746,873,127,0.127,0.0977295765671879
784,892,108,0.108,0.10281679101102054
766,883,117,0.117,0.10132145589590331
760,880,120,0.12,0.09615383436530829
758,879,121,0.121,0.08474345313757659
756,878,122,0.122,0.10774849199317396
752,876,124,0.124,0.0919987293863669
744,872,128,0.128,0.09692757190763951
782,891,109,0.109,0.10208919641003013
752,876,124,0.124,0.10746185969561338
778,889,111,0.111,0.09906401596963409
816,908,92,0.092,0.09068972472194582
738,869,131,0.131,0.09863507164362818
742,871,129,0.129,0.10466744571737945
708,854,146,0.146,0.11080591491237284
772,886,114,0.114,0.10122103277407586
810,905,95,0.095,0.09368468280695379
766,883,117,0.117,0.09364215683424845
832,916,84,0.084,0.08989835029654204
790,895,105,0.105,0.10308446402288973
778,889,111,0.111,0.10672948884032667
714,857,143,0.143,0.1230037507545203
774,887,113,0.113,0.10017500813677907
768,884,116,0.116,0.11005513142837572
748,874,126,0.126,0.13177176111005245
734,867,133,0.133,0.11769030330888927
760,880,120,0.12,0.12248492295108736
720,860,140,0.14,0.1374773921109736
804,902,98,0.098,0.1254621817804873
792,896,104,0.104,0.12797831342555582
780,890,110,0.11,0.12698644652217628
772,886,114,0.114,0.12355824259202927
778,889,111,0.111,0.13380949891544877
762,881,119,0.119,0.13713387445360423
764,882,118,0.118,0.10848265310749411
778,889,111,0.111,0.12230828049965203
726,863,137,0.137,0.1318549770452082
722,861,139,0.139,0.1448785406090319
718,859,141,0.141,0.15765019726380705
674,837,163,0.163,0.17985516289621592
840,920,80,0.08,0.13554971930384635
838,919,81,0.081,0.13767113441042603
756,878,122,0.122,0.15676959297806026
762,881,119,0.119,0.16422632742964197
716,858,142,0.142,0.133907811357225
806,903,97,0.097,0.10890063077025115
736,868,132,0.132,0.10805067451787181
806,903,97,0.097,0.11375143860653043
778,889,111,0.111,0.11474997554384754
724,862,138,0.138,0.11982052654772997
828,914,86,0.086,0.08850702063506469
778,889,111,0.111,0.1198955366362643
816,908,92,0.092,0.11467064732685685
716,858,142,0.142,0.13749371128017082
698,849,151,0.151,0.1437987300828099
796,898,102,0.102,0.14204920584522188
744,872,128,0.128,0.13332252768799663
792,896,104,0.104,0.14490231462568046
812,906,94,0.094,0.11862409580568783
762,881,119,0.119,0.1359201804837212
762,881,119,0.119,0.12053437680948992
770,885,115,0.115,0.12173010464012622
756,878,122,0.122,0.12866145602799953
784,892,108,0.108,0.1282743968386203
746,873,127,0.127,0.12647458228210878
828,914,86,0.086,0.1229560419908039
772,886,114,0.114,0.10686726044956595
824,912,88,0.088,0.10478546345047653
690,845,155,0.155,0.16129267242294737
790,895,105,0.105,0.11572269172780215
790,895,105,0.105,0.12411303294543177
794,897,103,0.103,0.12269026502314954
748,874,126,0.126,0.14640087769195087
796,898,102,0.102,0.11388531040027737
732,866,134,0.134,0.13860730851814151
788,894,106,0.106,0.12245680966414511
724,862,138,0.138,0.13152086936448176
734,867,133,0.133,0.12899838870204985
750,875,125,0.125,0.12862776121402203
818,909,91,0.091,0.10471139942854643
740,870,130,0.13,0.11859095472283661
756,878,122,0.122,0.10336496012005955
744,872,128,0.128,0.1450873630605638
798,899,101,0.101,0.1242129954036422
776,888,112,0.112,0.14423536545597015
696,848,152,0.152,0.15232927050592587
758,879,121,0.121,0.13957121885754167
776,888,112,0.112,0.12175190147338436
810,905,95,0.095,0.1288957434669137
824,912,88,0.088,0.13260543808387593
796,898,102,0.102,0.11355222628638148
736,868,132,0.132,0.11637803566915682
704,852,148,0.148,0.116937768926844
716,858,142,0.142,0.14133726476149877
726,863,137,0.137,0.13191658122942318
744,872,128,0.128,0.15828329982981085
794,897,103,0.103,0.1460840172008611
732,866,134,0.134,0.16111860257387162
824,912,88,0.088,0.1397356250938028
790,895,105,0.105,0.14904252940788865
714,857,143,0.143,0.16483579178526997
770,885,115,0.115,0.1511035743020475
792,896,104,0.104,0.1417031576903537
818,909,91,0.091,0.13628813599795103
778,889,111,0.111,0.1568107363404579
742,871,129,0.129,0.17473552373424173
794,897,103,0.103,0.15470368733652867
720,860,140,0.14,0.1629567520050332
866,933,67,0.067,0.12348458753805608
782,891,109,0.109,0.15340246990313727
710,855,145,0.145,0.17624248507618903
748,874,126,0.126,0.15216257106512784
836,918,82,0.082,0.13640600887686014
802,901,99,0.099,0.13872975828615017
752,876,124,0.124,0.15448520227684662
734,867,133,0.133,0.16242272508703173
768,884,116,0.116,0.17505574981868266
738,869,131,0.131,0.19459924992267041
712,856,144,0.144,0.20060870026610791
758,879,121,0.121,0.20178629695404243
810,905,95,0.095,0.1676082335561514
724,862,138,0.138,0.2044877622037893
698,849,151,0.151,0.2181404540638614
740,870,130,0.13,0.19725644800812006
766,883,117,0.117,0.19228893167153
726,863,137,0.137,0.2020257959421724
764,882,118,0.118,0.1975272062420845
796,898,102,0.102,0.1829859633371234
814,907,93,0.093,0.17103739596903325
754,877,123,0.123,0.18264626170322298
726,863,137,0.137,0.1699477734081447
724,862,138,0.138,0.1685059749856591
740,870,130,0.13,0.16148248315416278
826,913,87,0.087,0.13646958172332962
776,888,112,0.112,0.12820290623605252
814,907,93,0.093,0.14571141668688506
740,870,130,0.13,0.14686890292400495
768,884,116,0.116,0.13034096628427505
750,875,125,0.125,0.12482914497987076
768,884,116,0.116,0.13228816882520913
810,905,95,0.095,0.11871553730498999
736,868,132,0.132,0.13339460360710972
786,893,107,0.107,0.12807029942423107
746,873,127,0.127,0.1361739636659622
772,886,114,0.114,0.13583830109611153
754,877,123,0.123,0.12846417097281665
800,900,100,0.1,0.13419876379636117
738,869,131,0.131,0.14952089571231045
792,896,104,0.104,0.15057174655795097
790,895,105,0.105,0.12447980644262721
802,901,99,0.099,0.13016954132914543
782,891,109,0.109,0.13163494368596002
802,901,99,0.099,0.12262357460404746
712,856,144,0.144,0.13226479970204588
788,894,106,0.106,0.11938804440665991
820,910,90,0.09,0.1086747366040945
754,877,123,0.123,0.12527123667672277
774,887,113,0.113,0.11742258462961763
756,878,122,0.122,0.1490139155946672
750,875,125,0.125,0.15803129254374654
736,868,132,0.132,0.14687312855944037
752,876,124,0.124,0.15820856729894878
766,883,117,0.117,0.17139580265060067
742,871,129,0.129,0.17032245356962084
750,875,125,0.125,0.18021597316861152
766,883,117,0.117,0.16271383023448288
776,888,112,0.112,0.158601847153157
790,895,105,0.105,0.16050970496982336
714,857,143,0.143,0.1614012295381035
720,860,140,0.14,0.17977083434909583
786,893,107,0.107,0.17400986744463443
780,890,110,0.11,0.1675037029001396
804,902,98,0.098,0.1726704536653124
790,895,105,0.105,0.15488077218009857
752,876,124,0.124,0.16889232694730164
730,865,135,0.135,0.16601475608209149
798,899,101,0.101,0.15209683980089903
816,908,92,0.092,0.1434841787172968
794,897,103,0.103,0.15776537065440788
764,882,118,0.118,0.16836032690759747
778,889,111,0.111,0.15829986157129677
778,889,111,0.111,0.15531294951587915
824,912,88,0.088,0.13876626358870453
768,884,116,0.116,0.1661486462485045
760,880,120,0.12,0.1680134707049901
766,883,117,0.117,0.16133505695592612
808,904,96,0.096,0.17404527881175114
722,861,139,0.139,0.19044022282399237
748,874,126,0.126,0.1677227701228112
744,872,128,0.128,0.1780669336449646
740,870,130,0.13,0.20078541816398515
754,877,123,0.123,0.17932784119062126
744,872,128,0.128,0.19330291757360102
748,874,126,0.126,0.18873038139952406
768,884,116,0.116,0.1939745307378471
788,894,106,0.106,0.17784389133006334
782,891,109,0.109,0.1869066687785089
816,908,92,0.092,0.16287128872424364
840,920,80,0.08,0.11589447282627224
784,892,108,0.108,0.14224264863133432
766,883,117,0.117,0.13885682404413818
774,887,113,0.113,0.12799762075208126
762,881,119,0.119,0.12861641708761454
794,897,103,0.103,0.12015941787138582
708,854,146,0.146,0.14611217524945339
772,886,114,0.114,0.11627038233098574
748,874,126,0.126,0.15960480763204396
754,877,123,0.123,0.146219287883956
764,882,118,0.118,0.13709655415383168
794,897,103,0.103,0.14777527707070112
724,862,138,0.138,0.13787714630621487
732,866,134,0.134,0.12329241112619639
796,898,102,0.102,0.1090577458543703
774,887,113,0.113,0.11755541594015997
734,867,133,0.133,0.1238687499774212
768,884,116,0.116,0.11500110164284706
796,898,102,0.102,0.10669200823409483
778,889,111,0.111,0.10154438338056207
788,894,106,0.106,0.11127227688627317
688,844,156,0.156,0.13698163876496255
776,888,112,0.112,0.11160175455670106
712,856,144,0.144,0.12898358353302836
798,899,101,0.101,0.11828204512409866
690,845,155,0.155,0.13646461486910266
758,879,121,0.121,0.1168272554725523
796,898,102,0.102,0.12623997032642365
802,901,99,0.099,0.09711125528741431
766,883,117,0.117,0.0910267247222364
738,869,131,0.131,0.08694942945485218
748,874,126,0.126,0.09364312578178942
728,864,136,0.136,0.11784080344811082
762,881,119,0.119,0.10741889115050435
730,865,135,0.135,0.11273460679128766
750,875,125,0.125,0.11056360365544282
766,883,117,0.117,0.11457680092057171
798,899,101,0.101,0.1080133497082279
720,860,140,0.14,0.11040201516762929
802,901,99,0.099,0.10043802828155458
740,870,130,0.13,0.09778803983982652
724,862,138,0.138,0.11321986851654947
738,869,131,0.131,0.09300725505268201
766,883,117,0.117,0.10122117025405168
806,903,97,0.097,0.09480061312392356
758,879,121,0.121,0.09640832550451159
762,881,119,0.119,0.10246395106980344
804,902,98,0.098,0.09000274710915983
786,893,107,0.107,0.0952248113094829
780,890,110,0.11,0.08284463863261043
744,872,128,0.128,0.08637561468570493
774,887,113,0.113,0.0843791781142354
710,855,145,0.145,0.08787532426416873
778,889,111,0.111,0.08666831480061017
770,885,115,0.115,0.10069090814890855
692,846,154,0.154,0.11209660615213216
744,872,128,0.128,0.09462379706278444
798,899,101,0.101,0.10444858890213073
742,871,129,0.129,0.11154023960232734
752,876,124,0.124,0.11060870381258428
698,849,151,0.151,0.11797687597060576
712,856,144,0.144,0.10971467680763455
758,879,121,0.121,0.09703290353575723
760,880,120,0.12,0.10341248074732722
752,876,124,0.124,0.10246851620450616
744,872,128,0.128,0.11095741322403774
756,878,122,0.122,0.12076703170035034
750,875,125,0.125,0.10712559625845461
762,881,119,0.119,0.12166229820837907
710,855,145,0.145,0.132088012970984
810,905,95,0.095,0.10801713962852955
724,862,138,0.138,0.13301481446623803
686,843,157,0.157,0.13126698171890047
746,873,127,0.127,0.12973854887066408
736,868,132,0.132,0.12248834029887803
762,881,119,0.119,0.10291927824036247
844,922,78,0.078,0.09536392502859237
742,871,129,0.129,0.11182087954133749
770,885,115,0.115,0.09654826154001057
816,908,92,0.092,0.0810287829246372
778,889,111,0.111,0.09745815560221673
770,885,115,0.115,0.09790076173502894
838,919,81,0.081,0.09227292263135314
748,874,126,0.126,0.10434480944462121
832,916,84,0.084,0.07986821717629211
760,880,120,0.12,0.09554990134459615
750,875,125,0.125,0.11359324334771373
748,874,126,0.126,0.09936315986397676
768,884,116,0.116,0.10784600668679922
812,906,94,0.094,0.11909615630283951
738,869,131,0.131,0.1565189167074859
792,896,104,0.104,0.12215347888192628
778,889,111,0.111,0.11858704508231267
716,858,142,0.142,0.124056885025464
742,871,129,0.129,0.11898613164201378
798,899,101,0.101,0.11320770158804953
740,870,130,0.13,0.10912170474968978
724,862,138,0.138,0.1070804906366393
748,874,126,0.126,0.12529507678560914
686,843,157,0.157,0.13025978535227478
760,880,120,0.12,0.12709009094163776
754,877,123,0.123,0.13327589118853211
768,884,116,0.116,0.142439322154969
710,855,145,0.145,0.12977876393687438
738,869,131,0.131,0.12476453762163874
804,902,98,0.098,0.10808131903782486
688,844,156,0.156,0.14405379983095917
738,869,131,0.131,0.13265070920388192
742,871,129,0.129,0.11389420553669334
710,855,145,0.145,0.14249792324006558
770,885,115,0.115,0.13591147163882852
714,857,143,0.143,0.14701765981316567
814,907,93,0.093,0.13889936822280288
748,874,126,0.126,0.15516553143902537
766,883,117,0.117,0.14055091147869825
784,892,108,0.108,0.1396716554686427
784,892,108,0.108,0.1446803700476885
796,898,102,0.102,0.1383512621373077
684,842,158,0.158,0.16533211849397048
740,870,130,0.13,0.13533010180294514
792,896,104,0.104,0.12627776953205466
726,863,137,0.137,0.14267482995102182
740,870,130,0.13,0.15291710470244288
808,904,96,0.096,0.1480966094173491
780,890,110,0.11,0.15334154634308653
724,862,138,0.138,0.16339448091387748
728,864,136,0.136,0.17250427362695336
780,890,110,0.11,0.17351574826985597
748,874,126,0.126,0.16201845131816206
744,872,128,0.128,0.20090761656640096
760,880,120,0.12,0.18777589171379805
742,871,129,0.129,0.18274858329817653
762,881,119,0.119,0.1744055455282796
752,876,124,0.124,0.1726913407879183
766,883,117,0.117,0.17277988401800395
754,877,123,0.123,0.18664269049432322
720,860,140,0.14,0.19359436860214918
758,879,121,0.121,0.18978093450516462
732,866,134,0.134,0.19886596728255973
766,883,117,0.117,0.20702345781214535
738,869,131,0.131,0.2093705804888159
816,908,92,0.092,0.1977502113636583
722,861,139,0.139,0.22063261468941345
774,887,113,0.113,0.2059192223068967
830,915,85,0.085,0.1933111937046051
752,876,124,0.124,0.17978031330555677
774,887,113,0.113,0.19058588056403142
806,903,97,0.097,0.16554229939728976
692,846,154,0.154,0.2039511165455442
736,868,132,0.132,0.20930171022564173
748,874,126,0.126,0.2109005347731363
790,895,105,0.105,0.2209306538598612
746,873,127,0.127,0.23699427202891094
732,866,134,0.134,0.22845215629041196
804,902,98,0.098,0.22585612320317885
768,884,116,0.116,0.24321108750998974
816,908,92,0.092,0.20811515558511018
742,871,129,0.129,0.22347787055373192
750,875,125,0.125,0.2110032041030936
712,856,144,0.144,0.2225170325860381
762,881,119,0.119,0.19507739439247643
752,876,124,0.124,0.2489751627407968
770,885,115,0.115,0.24205425796005875
712,856,144,0.144,0.2710938752586953
776,888,112,0.112,0.24049965818971394
752,876,124,0.124,0.28007709746807813
790,895,105,0.105,0.26675510248541834
686,843,157,0.157,0.3166216087192297
822,911,89,0.089,0.263110098592937
808,904,96,0.096,0.26682038181255846
792,896,104,0.104,0.26684585632011293
712,856,144,0.144,0.28034005146473645
696,848,152,0.152,0.2959853731542826
774,887,113,0.113,0.30078705887869
712,856,144,0.144,0.3019181143939495
790,895,105,0.105,0.28566307290643456
734,867,133,0.133,0.31165172156383686
748,874,126,0.126,0.3296138562527485
776,888,112,0.112,0.33969072900898756
792,896,104,0.104,0.3356303949914873
738,869,131,0.131,0.352872127443552
768,884,116,0.116,0.35603980167210103
796,898,102,0.102,0.3573297275155783
764,882,118,0.118,0.3536040050536394
764,882,118,0.118,0.3750883362470195
726,863,137,0.137,0.3810569793779254
698,849,151,0.151,0.3994417506745085
704,852,148,0.148,0.3983957538902759
758,879,121,0.121,0.3903113440275192
724,862,138,0.138,0.3943596837564837
798,899,101,0.101,0.3731772533059134
764,882,118,0.118,0.3801938981860876
772,886,114,0.114,0.376442514722381
742,871,129,0.129,0.3431870858743787
772,886,114,0.114,0.33883451541513204
768,884,116,0.116,0.3290241501312703
828,914,86,0.086,0.3051493368893753
774,887,113,0.113,0.30209251640886725
798,899,101,0.101,0.28133912867493927
712,856,144,0.144,0.3305182031020522
764,882,118,0.118,0.32076299009193826
788,894,106,0.106,0.28873899921774865
756,878,122,0.122,0.29576340833306314
796,898,102,0.102,0.3021496262177825
756,878,122,0.122,0.29852486023306846
742,871,129,0.129,0.3103446110339137
726,863,137,0.137,0.27873322915285825
774,887,113,0.113,0.28182920452952387
822,911,89,0.089,0.26948614897578954
754,877,123,0.123,0.25977556578069927
754,877,123,0.123,0.28410138086229564
778,889,111,0.111,0.2545495481491089
702,851,149,0.149,0.2767806548923254
810,905,95,0.095,0.22092981829494238
714,857,143,0.143,0.2630294589921832
814,907,93,0.093,0.22988633019477128
732,866,134,0.134,0.2549813577905297
756,878,122,0.122,0.2665515594535973
740,870,130,0.13,0.24033244495838882
760,880,120,0.12,0.2746692477315664
744,872,128,0.128,0.22657475139200686
814,907,93,0.093,0.2617169082022738
708,854,146,0.146,0.3081596945305495
742,871,129,0.129,0.26219151351600883
704,852,148,0.148,0.28546998535096646
744,872,128,0.128,0.2989905322121158
760,880,120,0.12,0.28350499461591244
760,880,120,0.12,0.2870910122022033
782,891,109,0.109,0.25913922816514967
766,883,117,0.117,0.27011971061304213
752,876,124,0.124,0.26617162981945097
732,866,134,0.134,0.2920051360651851
804,902,98,0.098,0.2621761300116777
808,904,96,0.096,0.252935077900067
772,886,114,0.114,0.2798423931412399
790,895,105,0.105,0.27286531874339565
690,845,155,0.155,0.2968002438917756
686,843,157,0.157,0.30611071522533895
786,893,107,0.107,0.26875605069100855
816,908,92,0.092,0.28175997173786166
754,877,123,0.123,0.27968147275596855
734,867,133,0.133,0.29347828568518164
814,907,93,0.093,0.29085781364142893
718,859,141,0.141,0.30125656677782536
816,908,92,0.092,0.2915606200993061
762,881,119,0.119,0.3021738095273731
806,903,97,0.097,0.29141846733540294
742,871,129,0.129,0.2930012916922569
798,899,101,0.101,0.28328284121304753
792,896,104,0.104,0.28188941843435167
716,858,142,0.142,0.30644661715626714
804,902,98,0.098,0.2902944896351546
726,863,137,0.137,0.31374750500172377
728,864,136,0.136,0.37114633728563784
742,871,129,0.129,0.36711432979954406
786,893,107,0.107,0.3439773829132319
760,880,120,0.12,0.36693959519360214
748,874,126,0.126,0.39914095209538936
750,875,125,0.125,0.3955079177170992
794,897,103,0.103,0.3928820082694292
736,868,132,0.132,0.41333080872893335
784,892,108,0.108,0.4017452518939972
718,859,141,0.141,0.4303159467279911
730,865,135,0.135,0.41878755274415014
740,870,130,0.13,0.41121171006560325
772,886,114,0.114,0.4102857271134853
752,876,124,0.124,0.41681883762031796
810,905,95,0.095,0.40791931039094925
724,862,138,0.138,0.4444647814668715
748,874,126,0.126,0.4416450782008469
756,878,122,0.122,0.44386550013195314
754,877,123,0.123,0.4380869127213955
748,874,126,0.126,0.4593439692154498
754,877,123,0.123,0.46583714842796325
740,870,130,0.13,0.480882978528738
660,830,170,0.17,0.513004690892253
738,869,131,0.131,0.5043940950036049
698,849,151,0.151,0.5613332244157792
724,862,138,0.138,0.5358776642978191
750,875,125,0.125,0.5209527427256108
750,875,125,0.125,0.5305451245307923
696,848,152,0.152,0.5209039591550827
746,873,127,0.127,0.5306731629371643
740,870,130,0.13,0.5539732552468777
750,875,125,0.125,0.5328411154225469
778,889,111,0.111,0.526006899908185
766,883,117,0.117,0.5478941365182399
726,863,137,0.137,0.5526820437610149
740,870,130,0.13,0.5580279813706874
756,878,122,0.122,0.5327557562142611
736,868,132,0.132,0.5360438973605632
726,863,137,0.137,0.5726421498954296
702,851,149,0.149,0.5651186314672232
724,862,138,0.138,0.572046820037067
748,874,126,0.126,0.5555938416719437
742,871,129,0.129,0.5640641657505184
758,879,121,0.121,0.5650837194621563
754,877,123,0.123,0.5608745609223843
728,864,136,0.136,0.5244897737205029
720,860,140,0.14,0.5460283446311951
742,871,129,0.129,0.5270362432003022
722,861,139,0.139,0.5087410068958997
780,890,110,0.11,0.4968258582651615
768,884,116,0.116,0.4857671959400177
760,880,120,0.12,0.48143618243932723
764,882,118,0.118,0.5043841407299042
754,877,123,0.123,0.5050465728938579
678,839,161,0.161,0.5455439972281456
720,860,140,0.14,0.5310959236472845
818,909,91,0.091,0.5262662918567658
794,897,103,0.103,0.5178008669316768
642,821,179,0.179,0.5518615944515913
732,866,134,0.134,0.5257948052436113
812,906,94,0.094,0.4885676446557045
696,848,152,0.152,0.5177196354866028
782,891,109,0.109,0.4824346322119236
744,872,128,0.128,0.5166538256569763
768,884,116,0.116,0.49207381853461263
730,865,135,0.135,0.474316702991724
786,893,107,0.107,0.45245636577904225
778,889,111,0.111,0.4636352070271969
764,882,118,0.118,0.4671186314076185
764,882,118,0.118,0.45660163038223983
706,853,147,0.147,0.46868242070078847
778,889,111,0.111,0.4435755508792938
706,853,147,0.147,0.48686399871110914
732,866,134,0.134,0.46595514729619025
798,899,101,0.101,0.4533270078897476
796,898,102,0.102,0.4694857996404171
774,887,113,0.113,0.4737202793806791
774,887,113,0.113,0.46630274298042057
776,888,112,0.112,0.4752051892578602
778,889,111,0.111,0.4570110977052245
760,880,120,0.12,0.42438943007588387
778,889,111,0.111,0.4192099693264112
740,870,130,0.13,0.42343464347347615
758,879,121,0.121,0.41321554118394854
752,876,124,0.124,0.3794933756217361
710,855,145,0.145,0.4176202774941921
732,866,134,0.134,0.39783720633387565
774,887,113,0.113,0.38308643379433327
728,864,136,0.136,0.37458156540989873
826,913,87,0.087,0.3683960151076317
780,890,110,0.11,0.3766610043644905
776,888,112,0.112,0.3760008474737406
708,854,146,0.146,0.37146022437512877
764,882,118,0.118,0.3510241515338421
758,879,121,0.121,0.3528361155465245
740,870,130,0.13,0.3338194131106138
782,891,109,0.109,0.3332040987610817
756,878,122,0.122,0.3397997428625822
776,888,112,0.112,0.34158620238211007
804,902,98,0.098,0.3297236208319664
732,866,134,0.134,0.3501407578510698
774,887,113,0.113,0.33385052759200334
708,854,146,0.146,0.34012199433147905
718,859,141,0.141,0.3481698280125856
742,871,129,0.129,0.38218638208508493
762,881,119,0.119,0.36032709322869777
734,867,133,0.133,0.3646696753054857
790,895,105,0.105,0.3505705296397209
790,895,105,0.105,0.3353671289086342
764,882,118,0.118,0.31992346401466054
772,886,114,0.114,0.3242559229171602
722,861,139,0.139,0.32097327686101196
738,869,131,0.131,0.3068654428496957
814,907,93,0.093,0.27795352275669577
776,888,112,0.112,0.3209890790656209
746,873,127,0.127,0.3320349688977003
800,900,100,0.1,0.29334137551486494
812,906,94,0.094,0.29131335523724555
728,864,136,0.136,0.2940421556830406
780,890,110,0.11,0.2934152410104871
748,874,126,0.126,0.2931977795809507
786,893,107,0.107,0.30086070755124095
772,886,114,0.114,0.2961602856824175
742,871,129,0.129,0.30580206339777216
760,880,120,0.12,0.2883116924595088
708,854,146,0.146,0.32946184169501064
830,915,85,0.085,0.3032660662829876
724,862,138,0.138,0.3162035664319992
734,867,133,0.133,0.32187798061966894
744,872,128,0.128,0.32491312374174597
758,879,121,0.121,0.32096177072823046
770,885,115,0.115,0.2993595924079418
754,877,123,0.123,0.28776583345234397
754,877,123,0.123,0.28164271454513073
798,899,101,0.101,0.24967821343173274
772,886,114,0.114,0.262249322347343
748,874,126,0.126,0.26676258508861067
648,824,176,0.176,0.26518436953464697
808,904,96,0.096,0.24552645888179542
764,882,118,0.118,0.2562623228332959
686,843,157,0.157,0.27117098251730204
794,897,103,0.103,0.25947091486677526
726,863,137,0.137,0.28203452547080815
732,866,134,0.134,0.26990267565101383
744,872,128,0.128,0.2827924383431673
742,871,129,0.129,0.27674024933576585
780,890,110,0.11,0.2528240660652518
672,836,164,0.164,0.28540772023051975
704,852,148,0.148,0.2681682267096476
756,878,122,0.122,0.27957208774238823
788,894,106,0.106,0.2509902538731694
738,869,131,0.131,0.29301065834611656
692,846,154,0.154,0.2613874708724095
784,892,108,0.108,0.24005618599057196
732,866,134,0.134,0.22321359936687257
772,886,114,0.114,0.21863370449095965
780,890,110,0.11,0.21995601831376552
742,871,129,0.129,0.2031616396829486
760,880,120,0.12,0.19905847527831794
716,858,142,0.142,0.20891258953767827
758,879,121,0.121,0.19261932820081712
780,890,110,0.11,0.1998169615405188
760,880,120,0.12,0.20656434332398202
754,877,123,0.123,0.21766726795956493
738,869,131,0.131,0.22377260205894708
794,897,103,0.103,0.20272366102784872
750,875,125,0.125,0.2145457810908556
726,863,137,0.137,0.20628538470715285
810,905,95,0.095,0.1890334622040391
676,838,162,0.162,0.2088302166685462
752,876,124,0.124,0.1957853128388524
776,888,112,0.112,0.1811264398470521
764,882,118,0.118,0.1922338349930942
764,882,118,0.118,0.19800242304895074
696,848,152,0.152,0.20987314469367266
808,904,96,0.096,0.1881862297281623
780,890,110,0.11,0.19165940932929515
796,898,102,0.102,0.17130192534253003
726,863,137,0.137,0.18358538918942213
752,876,124,0.124,0.18046518624201416
748,874,126,0.126,0.17165496387332677
786,893,107,0.107,0.17361083754897116
770,885,115,0.115,0.16658052642061374
816,908,92,0.092,0.16146555778756738
782,891,109,0.109,0.1718309651724994
702,851,149,0.149,0.18065219727903606
706,853,147,0.147,0.18438330747932197
798,899,101,0.101,0.1472537334635854
776,888,112,0.112,0.1496100423745811
792,896,104,0.104,0.15425301099568606
802,901,99,0.099,0.14142924023792147
740,870,130,0.13,0.15569907282292844
742,871,129,0.129,0.14852272111549975
692,846,154,0.154,0.16281036479678004
796,898,102,0.102,0.14220250278004823
784,892,108,0.108,0.14483911641966551
758,879,121,0.121,0.15374047626927495
744,872,128,0.128,0.1749127640388906
782,891,109,0.109,0.166905434303917
770,885,115,0.115,0.16796441185320282
786,893,107,0.107,0.1780715830847621
754,877,123,0.123,0.18142559222504498
804,902,98,0.098,0.17165497712790967
838,919,81,0.081,0.1549304453395307
752,876,124,0.124,0.18440700191631912
774,887,113,0.113,0.18141571732008607
752,876,124,0.124,0.19220929510716814
756,878,122,0.122,0.18701892269775272
822,911,89,0.089,0.18100411866605282
742,871,129,0.129,0.2092711571380496
746,873,127,0.127,0.2010879900306463
778,889,111,0.111,0.18806780742108822
792,896,104,0.104,0.19241983118280767
676,838,162,0.162,0.24376081356778742
788,894,106,0.106,0.2138224907591939
806,903,97,0.097,0.20481614457443356
756,878,122,0.122,0.22661582900583743
770,885,115,0.115,0.22940868115832927
762,881,119,0.119,0.2410241631156061
770,885,115,0.115,0.23779398513957858
712,856,144,0.144,0.2509305306077004
808,904,96,0.096,0.24607511574774982
692,846,154,0.154,0.2892757260221988
698,849,151,0.151,0.28985725943744184
720,860,140,0.14,0.2723425537273288
760,880,120,0.12,0.28257928236573937
792,896,104,0.104,0.27868832859396936
802,901,99,0.099,0.25503511622548103
788,894,106,0.106,0.2740977550819516
722,861,139,0.139,0.26307459095679225
742,871,129,0.129,0.2584602660387754
694,847,153,0.153,0.29091189832985404
744,872,128,0.128,0.2783683507713904
776,888,112,0.112,0.2696679593920708
770,885,115,0.115,0.26209415628770966
760,880,120,0.12,0.26882852958887815
760,880,120,0.12,0.27655897999554874
794,897,103,0.103,0.26343355685472486
776,888,112,0.112,0.25597061630390044
750,875,125,0.125,0.25696712670475247
752,876,124,0.124,0.2635110573989805
718,859,141,0.141,0.2694282610118389
810,905,95,0.095,0.24560391061753034
738,869,131,0.131,0.26242595133930446
780,890,110,0.11,0.27036698189377784
740,870,130,0.13,0.2761745571345091
718,859,141,0.141,0.2733154620714486
728,864,136,0.136,0.291383598709479
764,882,118,0.118,0.2614969734996557
794,897,103,0.103,0.28853692837059497
754,877,123,0.123,0.2929874199926853
764,882,118,0.118,0.28742147564142945
732,866,134,0.134,0.2986811374761164
758,879,121,0.121,0.3247453243732452
790,895,105,0.105,0.2827854715436697
810,905,95,0.095,0.28498984752595424
774,887,113,0.113,0.29943340462073686
688,844,156,0.156,0.3124893465489149
806,903,97,0.097,0.2940832836032709
770,885,115,0.115,0.30008574766665697
804,902,98,0.098,0.29307621192932126
758,879,121,0.121,0.30566729248315094
776,888,112,0.112,0.3091511736363173
824,912,88,0.088,0.28669940499961377
682,841,159,0.159,0.32907872383359554
814,907,93,0.093,0.28162947840988634
754,877,123,0.123,0.2731979835890237
798,899,101,0.101,0.28359971144795415
746,873,127,0.127,0.28568331557512283
768,884,116,0.116,0.2576084254942834
830,915,85,0.085,0.2279671492278576
788,894,106,0.106,0.21863608348742128
782,891,109,0.109,0.22900315761566162
704,852,148,0.148,0.24434730389527975
740,870,130,0.13,0.2615555194616318
802,901,99,0.099,0.26267332123965026
756,878,122,0.122,0.2809921507537365
746,873,127,0.127,0.3061594487726688
704,852,148,0.148,0.3098294207453728
756,878,122,0.122,0.3002709100122447
764,882,118,0.118,0.2990593070462346
784,892,108,0.108,0.30736453193426133
740,870,130,0.13,0.3175686424970627
750,875,125,0.125,0.3298079239279032
772,886,114,0.114,0.3347399805486202
728,864,136,0.136,0.3589561295285821
798,899,101,0.101,0.33995707787573337
804,902,98,0.098,0.34295707577466966
854,927,73,0.073,0.3156273079589009
822,911,89,0.089,0.3286086465343833
752,876,124,0.124,0.3613391235247254
732,866,134,0.134,0.3763338673338294
734,867,133,0.133,0.3656294077672064
748,874,126,0.126,0.39947648605331776
744,872,128,0.128,0.42303712341189387
728,864,136,0.136,0.4263396204560995
778,889,111,0.111,0.4141926390305162
758,879,121,0.121,0.40688656204007567
736,868,132,0.132,0.40417238107323644
734,867,133,0.133,0.41400049337139355
728,864,136,0.136,0.43002582690119745
750,875,125,0.125,0.4166356814354658
740,870,130,0.13,0.4157749618142843
762,881,119,0.119,0.40237979754805564
772,886,114,0.114,0.39850156140327453
722,861,139,0.139,0.38630844062566755
764,882,118,0.118,0.37553638731309913
742,871,129,0.129,0.40162562610488384
728,864,136,0.136,0.39685254633426664
810,905,95,0.095,0.3553027378767729
748,874,126,0.126,0.3505127381086349
696,848,152,0.152,0.3601366560012102
686,843,157,0.157,0.3582455742955208
824,912,88,0.088,0.3540448580533266
770,885,115,0.115,0.36209304092824457
690,845,155,0.155,0.3924048470109701
716,858,142,0.142,0.37312233144044876
778,889,111,0.111,0.3684687508195639
722,861,139,0.139,0.3910754187554121
730,865,135,0.135,0.3881401581913233
750,875,125,0.125,0.38483541740477084
814,907,93,0.093,0.337866935685277
766,883,117,0.117,0.33785051453113557
726,863,137,0.137,0.3416750255972147
778,889,111,0.111,0.3266718824505806
710,855,145,0.145,0.33272192727029326
666,833,167,0.167,0.35319601303339004
718,859,141,0.141,0.3622047128528357
746,873,127,0.127,0.349956868827343
710,855,145,0.145,0.38477299946546556
702,851,149,0.149,0.41689700354635717
756,878,122,0.122,0.40648181284219026
758,879,121,0.121,0.39290624718368056
730,865,135,0.135,0.42288885182142255
756,878,122,0.122,0.37665379637479784
754,877,123,0.123,0.35882400105893614
812,906,94,0.094,0.33154045898467305
718,859,141,0.141,0.35115377719700336
744,872,128,0.128,0.33977016195538456
780,890,110,0.11,0.3307409853693098
808,904,96,0.096,0.35893882070481775
714,857,143,0.143,0.405630804002285
696,848,152,0.152,0.4436499969512224
756,878,122,0.122,0.43170692962408064
720,860,140,0.14,0.44377671843767164
776,888,112,0.112,0.44238725456595424
772,886,114,0.114,0.4461923673897982
796,898,102,0.102,0.4351714296340942
732,866,134,0.134,0.4201240323483944
738,869,131,0.131,0.40617264948785303
778,889,111,0.111,0.3976276955902576
712,856,144,0.144,0.4442835705950856
700,850,150,0.15,0.43990544967353346
756,878,122,0.122,0.460235320687294
814,907,93,0.093,0.4557589223533869
782,891,109,0.109,0.4687890088558197
698,849,151,0.151,0.5037273107318324
680,840,160,0.16,0.5031592911730987
756,878,122,0.122,0.5062026795976562
758,879,121,0.121,0.5190292005836964
812,906,94,0.094,0.4980622316598892
802,901,99,0.099,0.5065272913873196
768,884,116,0.116,0.5110506189912558
770,885,115,0.115,0.5092839213311672
820,910,90,0.09,0.526585869193077
736,868,132,0.132,0.5396869504451751
708,854,146,0.146,0.534089330792427
724,862,138,0.138,0.5521846738755702
750,875,125,0.125,0.571392367972061
738,869,131,0.131,0.562548695743084
812,906,94,0.094,0.5469064332842827
734,867,133,0.133,0.5678887436985987
738,869,131,0.131,0.5579099053964018
748,874,126,0.126,0.5591845178604126
760,880,120,0.12,0.5563212577764644
716,858,142,0.142,0.5593649278692902
754,877,123,0.123,0.5613103951811791
772,886,114,0.114,0.5682749647796154
752,876,124,0.124,0.5629759804829955
764,882,118,0.118,0.5622982261180878
746,873,127,0.127,0.5632212013304233
796,898,102,0.102,0.5376901090741157
670,835,165,0.165,0.5815664683878422
748,874,126,0.126,0.5421717119216919
724,862,138,0.138,0.5582532733380795
784,892,108,0.108,0.527871311724186
752,876,124,0.124,0.526845249980688
752,876,124,0.124,0.5261293105185032
702,851,149,0.149,0.4998583596835698
794,897,103,0.103,0.4901115601062775
778,889,111,0.111,0.5020809782147407
746,873,127,0.127,0.5051407161951065
768,884,116,0.116,0.4427125808596611
810,905,95,0.095,0.42791938814520836
766,883,117,0.117,0.43411004734039305
772,886,114,0.114,0.441382152736187
708,854,146,0.146,0.43109790045022967
766,883,117,0.117,0.42107323339581487
746,873,127,0.127,0.4354035302102566
716,858,142,0.142,0.4391235378980637
784,892,108,0.108,0.46213402193784714
736,868,132,0.132,0.4639926255662158
766,883,117,0.117,0.46649045768380165
770,885,115,0.115,0.4516876633763313
782,891,109,0.109,0.43061670880019665
788,894,106,0.106,0.42300834611058236
808,904,96,0.096,0.4167388659864664
784,892,108,0.108,0.42029637667536734
798,899,101,0.101,0.3790976797938347
758,879,121,0.121,0.3938658519797027
698,849,151,0.151,0.3992018636614084
780,890,110,0.11,0.3795326966927387
688,844,156,0.156,0.4216014909856021
754,877,123,0.123,0.4323641260713339
752,876,124,0.124,0.43778994420170786
762,881,119,0.119,0.42092567470297215
764,882,118,0.118,0.42946348452568056
758,879,121,0.121,0.4325639720410109
774,887,113,0.113,0.4241506667882204
806,903,97,0.097,0.42019189974665644
706,853,147,0.147,0.41436261852997996
746,873,127,0.127,0.4046777437221608
732,866,134,0.134,0.41619032065570355
792,896,104,0.104,0.4102336495667696
720,860,140,0.14,0.45587444653129205
758,879,121,0.121,0.432766909122467
712,856,144,0.144,0.434827221930027
770,885,115,0.115,0.42879334603250024
720,860,140,0.14,0.5020203127563
756,878,122,0.122,0.45934988924860953
776,888,112,0.112,0.4496374877095222
764,882,118,0.118,0.46719367779046295
682,841,159,0.159,0.48671006244048476
766,883,117,0.117,0.44773427110910413
688,844,156,0.156,0.49052671188363456
742,871,129,0.129,0.4474806668162346
728,864,136,0.136,0.4901209885168064
796,898,102,0.102,0.46979881256818773
726,863,137,0.137,0.4941374410688877
738,869,131,0.131,0.5143343831002712
718,859,141,0.141,0.5410080436896533
798,899,101,0.101,0.5055760976076126
728,864,136,0.136,0.5197896271049977
720,860,140,0.14,0.5252066051363945
782,891,109,0.109,0.5164534722268581
750,875,125,0.125,0.5154042787961661
748,874,126,0.126,0.5314635623828496
714,857,143,0.143,0.5219318157434464
772,886,114,0.114,0.4758532966226339
774,887,113,0.113,0.46417296904325483
732,866,134,0.134,0.47079616533219815
770,885,115,0.115,0.45958299899101257
740,870,130,0.13,0.4434716522395611
780,890,110,0.11,0.4503520114258863
772,886,114,0.114,0.4355704589039087
782,891,109,0.109,0.4321092395372689
704,852,148,0.148,0.4429763359427452
712,856,144,0.144,0.4361204439997673
776,888,112,0.112,0.44201722331438215
752,876,124,0.124,0.4253315317332745
746,873,127,0.127,0.42301319806054893
806,903,97,0.097,0.4391577074676752
784,892,108,0.108,0.4381058303415775
724,862,138,0.138,0.4448364052474499
778,889,111,0.111,0.41547021578252313
790,895,105,0.105,0.3998926424384117
744,872,128,0.128,0.4157516779377474
788,894,106,0.106,0.3921077543795109
752,876,124,0.124,0.3765638097673655
718,859,141,0.141,0.39415235121082515
770,885,115,0.115,0.35921759240329265
780,890,110,0.11,0.3848785152435303
766,883,117,0.117,0.38233589519560335
740,870,130,0.13,0.3819041699767113
830,915,85,0.085,0.36004367169737816
684,842,158,0.158,0.4030674614161253
750,875,125,0.125,0.35972970909169893
724,862,138,0.138,0.3719130624383688
814,907,93,0.093,0.34117866699397564
686,843,157,0.157,0.36802902016043665
792,896,104,0.104,0.3158557087257505
722,861,139,0.139,0.331288344355351
750,875,125,0.125,0.3217703651469201
706,853,147,0.147,0.3466696787439287
744,872,128,0.128,0.3414070380479097
754,877,123,0.123,0.31730023988336326
724,862,138,0.138,0.33027257086336614
724,862,138,0.138,0.31974699944257734
716,858,142,0.142,0.2868635400235653
750,875,125,0.125,0.28518605648726225
742,871,129,0.129,0.30436738073825836
754,877,123,0.123,0.2867604672117159
754,877,123,0.123,0.2846439747316763
738,869,131,0.131,0.2951409025974572
774,887,113,0.113,0.2840192538201809
764,882,118,0.118,0.2865829975605011
726,863,137,0.137,0.30135747089982035
802,901,99,0.099,0.2829587173461914
732,866,134,0.134,0.2749427347332239
726,863,137,0.137,0.2977616450097557
790,895,105,0.105,0.29193351862207056
784,892,108,0.108,0.25535111848264935
750,875,125,0.125,0.2933831146657467
746,873,127,0.127,0.295249156370759
772,886,114,0.114,0.28018595653027295
758,879,121,0.121,0.28910851195454595
762,881,119,0.119,0.2918139015585184
746,873,127,0.127,0.29147088431892915
762,881,119,0.119,0.2923391820937395
760,880,120,0.12,0.30379181464016436
812,906,94,0.094,0.2922531052157283
720,860,140,0.14,0.3322319647744298
742,871,129,0.129,0.32158983752131465
758,879,121,0.121,0.3149102196916938
778,889,111,0.111,0.30697714190930125
744,872,128,0.128,0.32505266853421927
762,881,119,0.119,0.3043119195261796
766,883,117,0.117,0.29673304557055236
778,889,111,0.111,0.29090689852964713
810,905,95,0.095,0.27806919848173856
730,865,135,0.135,0.2898939342498779
796,898,102,0.102,0.26503992385417224
784,892,108,0.108,0.2737413722066194
694,847,153,0.153,0.28030078251473606
768,884,116,0.116,0.2895654399096966
778,889,111,0.111,0.31125950171798467
736,868,132,0.132,0.3089085387140513
790,895,105,0.105,0.2960166703239083
738,869,131,0.131,0.318352990783751
794,897,103,0.103,0.3136433953214437
758,879,121,0.121,0.32433744536340237
742,871,129,0.129,0.322747033983469
792,896,104,0.104,0.30014550941158086
772,886,114,0.114,0.32541148683428767
760,880,120,0.12,0.31622149390727283
834,917,83,0.083,0.30928597536683083
702,851,149,0.149,0.34556356647983194
754,877,123,0.123,0.362693136125803
730,865,135,0.135,0.3563491769954562
760,880,120,0.12,0.36466335533023814
724,862,138,0.138,0.3994905100762844
776,888,112,0.112,0.39304175609350206
768,884,116,0.116,0.3761445132466324
736,868,132,0.132,0.3838187758699059
776,888,112,0.112,0.35637992052733897
772,886,114,0.114,0.3526373120546341
744,872,128,0.128,0.3240364869311452
812,906,94,0.094,0.3274980820119381
746,873,127,0.127,0.31561465266346933
806,903,97,0.097,0.3109710021801293
732,866,134,0.134,0.3499947319030762
744,872,128,0.128,0.34496651926636696
736,868,132,0.132,0.3866014113209676
798,899,101,0.101,0.3539198878780007
754,877,123,0.123,0.37858640831708906
740,870,130,0.13,0.3736215094551444
774,887,113,0.113,0.35465064319968537
794,897,103,0.103,0.3283867584615946
838,919,81,0.081,0.3036325222067535
744,872,128,0.128,0.32989729632996023
760,880,120,0.12,0.3036956802997738
772,886,114,0.114,0.2853840725673508
736,868,132,0.132,0.3169118978530169
756,878,122,0.122,0.3144067294660407
746,873,127,0.127,0.34018023018653915
706,853,147,0.147,0.37282009768486024
752,876,124,0.124,0.38092811554670336
778,889,111,0.111,0.38905582993105053
804,902,98,0.098,0.374050654232502
724,862,138,0.138,0.3870056504673521
786,893,107,0.107,0.3733732776194811
758,879,121,0.121,0.3779700450450182
704,852,148,0.148,0.4040009014159441
802,901,99,0.099,0.365235466748476
762,881,119,0.119,0.3859270846580782
786,893,107,0.107,0.3882715693488717
774,887,113,0.113,0.38582399739325046
710,855,145,0.145,0.4130855380090725
762,881,119,0.119,0.4107533412873745
712,856,144,0.144,0.41916350786481055
738,869,131,0.131,0.4172344467720289
776,888,112,0.112,0.39532602160423996
742,871,129,0.129,0.38650700898468493
766,883,117,0.117,0.37476797761023045
758,879,121,0.121,0.35531469748717426
676,838,162,0.162,0.38572305379761385
734,867,133,0.133,0.35546923939092084
760,880,120,0.12,0.3630236549079418
746,873,127,0.127,0.3905670694112778
742,871,129,0.129,0.38364862132817507
726,863,137,0.137,0.3825664700940251
824,912,88,0.088,0.35649750754237175
742,871,129,0.129,0.3954151636735187
766,883,117,0.117,0.3797166368514299
818,909,91,0.091,0.3665535999238491
726,863,137,0.137,0.4022558603786747
824,912,88,0.088,0.3710155940204859
766,883,117,0.117,0.39301531825587155
728,864,136,0.136,0.39180641072048455
818,909,91,0.091,0.3814399385303259
782,891,109,0.109,0.3780311013609171
740,870,130,0.13,0.39040534366667273
752,876,124,0.124,0.3848850848141592
754,877,123,0.123,0.4042639613002539
800,900,100,0.1,0.41186944030225275
762,881,119,0.119,0.42428371638059614
728,864,136,0.136,0.48251790626347063
764,882,118,0.118,0.46320315584540367
786,893,107,0.107,0.4641382742053829
768,884,116,0.116,0.45450207601487636
762,881,119,0.119,0.45113603556156157
742,871,129,0.129,0.45640408565476537
802,901,99,0.099,0.40722078619897367
810,905,95,0.095,0.4083469893336296
736,868,132,0.132,0.4004345843102784
768,884,116,0.116,0.406412796266377
750,875,125,0.125,0.4024977502524853
754,877,123,0.123,0.4127319369316101
798,899,101,0.101,0.39048787647486327
806,903,97,0.097,0.3968824065327644
830,915,85,0.085,0.3679648188777914
752,876,124,0.124,0.3932924343533814
764,882,118,0.118,0.36516248554736375
736,868,132,0.132,0.3693687423616648
722,861,139,0.139,0.3762738564014435
752,876,124,0.124,0.363127834841609
790,895,105,0.105,0.38658855813683474
764,882,118,0.118,0.4083042454048991
734,867,133,0.133,0.40027277359738944
746,873,127,0.127,0.41135356673412027
736,868,132,0.132,0.38455854257196187
794,897,103,0.103,0.3684198992419988
718,859,141,0.141,0.379051232162672
716,858,142,0.142,0.39444176426529887
736,868,132,0.132,0.36755144910514354
766,883,117,0.117,0.3615072478223349
768,884,116,0.116,0.381198383718729
762,881,119,0.119,0.36012038530781865
804,902,98,0.098,0.305162696801126
792,896,104,0.104,0.3331536633784417
792,896,104,0.104,0.31555065481364725
682,841,159,0.159,0.34503459636797196
770,885,115,0.115,0.30134750134684146
738,869,131,0.131,0.3226183382719755
814,907,93,0.093,0.30754885122179987
752,876,124,0.124,0.31780178067460657
798,899,101,0.101,0.29879219806194307
772,886,114,0.114,0.2999440037459135
786,893,107,0.107,0.29454650238901375
702,851,149,0.149,0.3268889845889062
792,896,104,0.104,0.32163050400093196
744,872,128,0.128,0.31690955960589895
754,877,123,0.123,0.30324851158457483
772,886,114,0.114,0.3292106821238995
714,857,143,0.143,0.3389787476938218
740,870,130,0.13,0.351632855206728
724,862,138,0.138,0.3466983714904636
748,874,126,0.126,0.3427006751894951
726,863,137,0.137,0.3502913726717234
778,889,111,0.111,0.3464581761555746
744,872,128,0.128,0.33465389665216205
740,870,130,0.13,0.32955166247778106
776,888,112,0.112,0.31413199427723887
738,869,131,0.131,0.34768229418992996
796,898,102,0.102,0.326917119379621
758,879,121,0.121,0.32831242282688616
740,870,130,0.13,0.3355445884168148
772,886,114,0.114,0.32226995776593687
706,853,147,0.147,0.3588420470058918
794,897,103,0.103,0.3429039088860154
726,863,137,0.137,0.3605619368851185
796,898,102,0.102,0.34149235958460483
778,889,111,0.111,0.32440262810885906
770,885,115,0.115,0.33770755568146704
698,849,151,0.151,0.3387992996815592
808,904,96,0.096,0.32148092437535525
792,896,104,0.104,0.32478463344275954
774,887,113,0.113,0.3265381626772919
668,834,166,0.166,0.3277900129184127
754,877,123,0.123,0.3133266752651668
798,899,101,0.101,0.3177329414114356
726,863,137,0.137,0.3728277446553111
802,901,99,0.099,0.33175609796546635
774,887,113,0.113,0.33551236261427403
782,891,109,0.109,0.342876146987205
712,856,144,0.144,0.3505525128506124
760,880,120,0.12,0.337999915972352
676,838,162,0.162,0.3466589419916272
732,866,134,0.134,0.38444595848023894
720,860,140,0.14,0.3803458076044917
740,870,130,0.13,0.3783671901721027
768,884,116,0.116,0.366807014323771
752,876,124,0.124,0.3863393700122833
766,883,117,0.117,0.3815560150295496
732,866,134,0.134,0.36934751959703865
766,883,117,0.117,0.37728339177370074
786,893,107,0.107,0.3352559556607157
780,890,110,0.11,0.3463181242085993
830,915,85,0.085,0.3450271535217762
774,887,113,0.113,0.3276729469671845
760,880,120,0.12,0.3496901406571269
716,858,142,0.142,0.38873711395106875
724,862,138,0.138,0.3794134084400721
674,837,163,0.163,0.4104573740065098
774,887,113,0.113,0.4213735070023686
738,869,131,0.131,0.42100876908004287
728,864,136,0.136,0.4294283581376076
740,870,130,0.13,0.43705080381035805
744,872,128,0.128,0.4262922832891345
762,881,119,0.119,0.40188843244174494
748,874,126,0.126,0.38589391541108486
718,859,141,0.141,0.4085294954703495
780,890,110,0.11,0.4129962873160839
780,890,110,0.11,0.39193802073597905
788,894,106,0.106,0.3996227861669464
720,860,140,0.14,0.4248586909491569
818,909,91,0.091,0.4269114918336272
694,847,153,0.153,0.45282980623841285
794,897,103,0.103,0.4500080680400133
742,871,129,0.129,0.4541487548500299
772,886,114,0.114,0.4473071009963751
720,860,140,0.14,0.4543027890723124
804,902,98,0.098,0.4303503475636244
744,872,128,0.128,0.4355822516116314
732,866,134,0.134,0.4633033178895712
814,907,93,0.093,0.4134514939337969
752,876,124,0.124,0.4540752820670606
744,872,128,0.128,0.4716027130149305
724,862,138,0.138,0.4841130723208189
734,867,133,0.133,0.47719262820482256
770,885,115,0.115,0.47020924214746573
792,896,104,0.104,0.4673594661951065
800,900,100,0.1,0.44722386998683217
732,866,134,0.134,0.47454293547570703
770,885,115,0.115,0.420912280626595
778,889,111,0.111,0.44082996766269206
720,860,140,0.14,0.41556873081810775
752,876,124,0.124,0.3989203935116529
740,870,130,0.13,0.40179596956243097
762,881,119,0.119,0.39922026860449844
794,897,103,0.103,0.41173127273042337
768,884,116,0.116,0.41190066406130793
760,880,120,0.12,0.42873485512286424
754,877,123,0.123,0.45057766726240517
834,917,83,0.083,0.39717843480408194
766,883,117,0.117,0.42408583605289457
804,902,98,0.098,0.38668533124029636
832,916,84,0.084,0.3838987941702362
782,891,109,0.109,0.3824680542803898
760,880,120,0.12,0.38733778552711035
776,888,112,0.112,0.3834195873364806
700,850,150,0.15,0.44486206090454766
738,869,131,0.131,0.46875978899002074
772,886,114,0.114,0.48377999506518243
726,863,137,0.137,0.5084627693593502
714,857,143,0.143,0.5053807459734381
780,890,110,0.11,0.45945905040204527
728,864,136,0.136,0.48294738948345184
742,871,129,0.129,0.4461979579217732
788,894,106,0.106,0.41258729062974453
772,886,114,0.114,0.3819991293437779
796,898,102,0.102,0.3347771133694332
776,888,112,0.112,0.33489331048727033
762,881,119,0.119,0.3243793030977249
746,873,127,0.127,0.3124819979518652
788,894,106,0.106,0.29444986252486705
754,877,123,0.123,0.2831909651956521
760,880,120,0.12,0.2750719190463424
770,885,115,0.115,0.28567748169600965
764,882,118,0.118,0.26059204224456334
788,894,106,0.106,0.266639270698186
782,891,109,0.109,0.29144736512750385
754,877,123,0.123,0.29956769935786726
778,889,111,0.111,0.290596449252218
732,866,134,0.134,0.312803636142984
738,869,131,0.131,0.29279635529965164
762,881,119,0.119,0.26539175486192107
790,895,105,0.105,0.2464556835013136
722,861,139,0.139,0.2677549647948472
736,868,132,0.132,0.2512197250516136
816,908,92,0.092,0.22424653409421444
740,870,130,0.13,0.25722473779320715
746,873,127,0.127,0.23739964758232235
740,870,130,0.13,0.2552614459039596
794,897,103,0.103,0.22066517436873093
706,853,147,0.147,0.2643549500182271
788,894,106,0.106,0.24593522778525947
788,894,106,0.106,0.24042280825972556
752,876,124,0.124,0.2338678551055491
708,854,146,0.146,0.2358067270964384
786,893,107,0.107,0.2202407546150498
760,880,120,0.12,0.21507183786481618
722,861,139,0.139,0.2353080745662446
724,862,138,0.138,0.23126889381557703
734,867,133,0.133,0.20823942376160995
714,857,143,0.143,0.19923246412351728
772,886,114,0.114,0.20392165113569535
712,856,144,0.144,0.2050482785781951
752,876,124,0.124,0.2055196237998961
738,869,131,0.131,0.20542863328556996
766,883,117,0.117,0.20131188739091158
728,864,136,0.136,0.21631350965052842
738,869,131,0.131,0.1917977806851268
810,905,95,0.095,0.18091963477432726
792,896,104,0.104,0.1716590396752581
792,896,104,0.104,0.1708232402219437
740,870,130,0.13,0.19117274821549654
770,885,115,0.115,0.178392516201362
776,888,112,0.112,0.1890765145365149
804,902,98,0.098,0.17710679431186946
814,907,93,0.093,0.19691480565930528
736,868,132,0.132,0.21633003675565124
778,889,111,0.111,0.20447708537895232
780,890,110,0.11,0.20414376344700577
770,885,115,0.115,0.18787500000745058
748,874,126,0.126,0.2167817608267069
790,895,105,0.105,0.19843138974450994
760,880,120,0.12,0.21107817897945644
782,891,109,0.109,0.2114280980974436
798,899,101,0.101,0.22189156080037356
736,868,132,0.132,0.21565913075581192
766,883,117,0.117,0.2234607519954443
806,903,97,0.097,0.19305279296264052
714,857,143,0.143,0.22407604549452662
786,893,107,0.107,0.20856599417328833
722,861,139,0.139,0.2339228356331587
790,895,105,0.105,0.21030499667674302
772,886,114,0.114,0.20904536629468204
750,875,125,0.125,0.2089347114339471
724,862,138,0.138,0.21060488775372505
764,882,118,0.118,0.19270645406097173
730,865,135,0.135,0.2101968616656959
770,885,115,0.115,0.19695297327265143
748,874,126,0.126,0.21436824344587513
834,917,83,0.083,0.1888449035217054
728,864,136,0.136,0.2183907653465867
716,858,142,0.142,0.20772377555444838
802,901,99,0.099,0.19520437295734883
762,881,119,0.119,0.18172733098990285
768,884,116,0.116,0.17307288641203195
768,884,116,0.116,0.17009120379248674
774,887,113,0.113,0.16027144764337573
758,879,121,0.121,0.16399255434796214
818,909,91,0.091,0.16448888957872987
766,883,117,0.117,0.17449875917611643
760,880,120,0.12,0.17746478399261834
812,906,94,0.094,0.19253109447658062
814,907,93,0.093,0.2074741945490241
772,886,114,0.114,0.21870594961196185
692,846,154,0.154,0.2565098992288113
766,883,117,0.117,0.20948212657123805
768,884,116,0.116,0.22093355064094067
722,861,139,0.139,0.2177180437967181
734,867,133,0.133,0.204512649461627
752,876,124,0.124,0.20848170437291264
806,903,97,0.097,0.1822350505013019
758,879,121,0.121,0.2067570008188486
786,893,107,0.107,0.18881395334005355
762,881,119,0.119,0.21183387474203483
802,901,99,0.099,0.19393920558691025
710,855,145,0.145,0.21912363978475333
780,890,110,0.11,0.21644797970820218
758,879,121,0.121,0.2190368268713355
732,866,134,0.134,0.2314772268459201
710,855,145,0.145,0.23847635309398174
728,864,136,0.136,0.22850063199646348
786,893,107,0.107,0.2320719906538725
780,890,110,0.11,0.239740358017385
776,888,112,0.112,0.22766196781862527
782,891,109,0.109,0.2273984564766288
786,893,107,0.107,0.21761232957988977
812,906,94,0.094,0.2286751323789358
806,903,97,0.097,0.22511320307850838
758,879,121,0.121,0.22263608472794294
742,871,129,0.129,0.23125678373873235
742,871,129,0.129,0.24849675380621283
772,886,114,0.114,0.23901699215918779
796,898,102,0.102,0.23943126697838307
756,878,122,0.122,0.24654065869748593
760,880,120,0.12,0.258131286312826
804,902,98,0.098,0.2447484887316823
794,897,103,0.103,0.23480849326401948
764,882,118,0.118,0.22178375527301838
794,897,103,0.103,0.20375740590691566
762,881,119,0.119,0.21358578101173042
816,908,92,0.092,0.1938267546221614
758,879,121,0.121,0.21318638157844544
696,848,152,0.152,0.24823485785404045
748,874,126,0.126,0.22830110888183117
748,874,126,0.126,0.2421382030248642
704,852,148,0.148,0.30642368467897174
712,856,144,0.144,0.33251729989029943
714,857,143,0.143,0.3337330216765404
754,877,123,0.123,0.32074114078655375
782,891,109,0.109,0.30223042719066145
786,893,107,0.107,0.2929958236962557
766,883,117,0.117,0.2775748276364168
816,908,92,0.092,0.26663855094462635
704,852,148,0.148,0.23446811450272798
732,866,134,0.134,0.24993127912282945
714,857,143,0.143,0.24172535356879235
740,870,130,0.13,0.24501228576153516
780,890,110,0.11,0.2486720197648274
772,886,114,0.114,0.24991326574236156
776,888,112,0.112,0.2440922199486995
784,892,108,0.108,0.23663575612008572
744,872,128,0.128,0.2537871231511235
798,899,101,0.101,0.23501537428051233
780,890,110,0.11,0.24117578139156104
730,865,135,0.135,0.24253272867202758
758,879,121,0.121,0.2265489317253232
796,898,102,0.102,0.22981455682148225
812,906,94,0.094,0.2349287573993206
778,889,111,0.111,0.23562992664054036
766,883,117,0.117,0.24759428660944105
738,869,131,0.131,0.26153929975628853
740,870,130,0.13,0.2436351550221443
788,894,106,0.106,0.245181121355854
788,894,106,0.106,0.22231274409219623
764,882,118,0.118,0.22707989941351114
806,903,97,0.097,0.23175617516040803
732,866,134,0.134,0.22188561974457843
814,907,93,0.093,0.1965799712985754
734,867,133,0.133,0.21651510134339333
756,878,122,0.122,0.21649019288271665
734,867,133,0.133,0.22381765288859606
766,883,117,0.117,0.21006400445848702
784,892,108,0.108,0.21933426447585225
812,906,94,0.094,0.20663475685752927
768,884,116,0.116,0.22847599310766686
730,865,135,0.135,0.21277813133811288
824,912,88,0.088,0.19071412009745836
750,875,125,0.125,0.21886579944938422
768,884,116,0.116,0.21628737453159624
778,889,111,0.111,0.20100511705875396
786,893,107,0.107,0.20984411005303263
764,882,118,0.118,0.20352280340343715
754,877,123,0.123,0.21480872664923664
794,897,103,0.103,0.23257998722046613
774,887,113,0.113,0.22692274338193238
764,882,118,0.118,0.2337135345544666
756,878,122,0.122,0.22960208026692272
752,876,124,0.124,0.24187844067811967
794,897,103,0.103,0.22369754675775766
742,871,129,0.129,0.23177941150963355
780,890,110,0.11,0.21026960983127355
708,854,146,0.146,0.21226764957979322
736,868,132,0.132,0.19918157882033846
788,894,106,0.106,0.1930171206332743
736,868,132,0.132,0.20800852016359567
846,923,77,0.077,0.16969413766637445
808,904,96,0.096,0.18170036182180047
748,874,126,0.126,0.18068719910085201
784,892,108,0.108,0.16522525588981807
816,908,92,0.092,0.1482163780414203
742,871,129,0.129,0.15854402768984438
750,875,125,0.125,0.17328474828007165
724,862,138,0.138,0.17757615045458078
774,887,113,0.113,0.1664747277745264
766,883,117,0.117,0.16048001745343207
780,890,110,0.11,0.16854152990369256
732,866,134,0.134,0.18436033406108618
764,882,118,0.118,0.17479459687694907
764,882,118,0.118,0.17724845865694805
806,903,97,0.097,0.19228876881301404
774,887,113,0.113,0.17142811289057136
730,865,135,0.135,0.17903752789646388
732,866,134,0.134,0.17044215479213745
738,869,131,0.131,0.17455587140843273
750,875,125,0.125,0.18152806833125942
806,903,97,0.097,0.16669326289743186
778,889,111,0.111,0.17253126708976924
744,872,128,0.128,0.19324621677957476
770,885,115,0.115,0.19455516372993595
692,846,154,0.154,0.2236636295579374
780,890,110,0.11,0.20010112699866295
758,879,121,0.121,0.20189476788043975
718,859,141,0.141,0.19728159929811956
792,896,104,0.104,0.2014457670795921
734,867,133,0.133,0.24292119010793978
718,859,141,0.141,0.23242232089489698
786,893,107,0.107,0.21246386194229125
756,878,122,0.122,0.2096267668567598
784,892,108,0.108,0.1953999669700861
762,881,119,0.119,0.19885534538328647
818,909,91,0.091,0.18673488196358085
820,910,90,0.09,0.17461190137267113
720,860,140,0.14,0.19692798415385188
792,896,104,0.104,0.18757373788300905
762,881,119,0.119,0.17600050380640056
778,889,111,0.111,0.18931965158134698
836,918,82,0.082,0.1723428299985826
820,910,90,0.09,0.17763934262807016
740,870,130,0.13,0.1871830088607967
780,890,110,0.11,0.20125004671886562
704,852,148,0.148,0.22974617384597468
790,895,105,0.105,0.19477532650995624
684,842,158,0.158,0.20752195017784833
734,867,133,0.133,0.22164374306192622
738,869,131,0.131,0.2360342566817999
816,908,92,0.092,0.2068372809329885
706,853,147,0.147,0.22298915045708417
700,850,150,0.15,0.2568646716699004
786,893,107,0.107,0.2327050121128559
818,909,91,0.091,0.2262568455711007
774,887,113,0.113,0.24131877392256063
768,884,116,0.116,0.21048374740360304
762,881,119,0.119,0.17544268018379808
764,882,118,0.118,0.1895809054300189
758,879,121,0.121,0.196680585835129
710,855,145,0.145,0.19217234387248755
734,867,133,0.133,0.19571358612924813
796,898,102,0.102,0.18561267055850475
792,896,104,0.104,0.17414874245226383
698,849,151,0.151,0.21509256394952536
742,871,129,0.129,0.20275080488622188
780,890,110,0.11,0.2046140816845
792,896,104,0.104,0.19129458612389863
786,893,107,0.107,0.19899722120165825
738,869,131,0.131,0.19578719338928932
722,861,139,0.139,0.2142103293053806
790,895,105,0.105,0.18876225744306896
756,878,122,0.122,0.16855263998285772
752,876,124,0.124,0.18047486985335126
740,870,130,0.13,0.17211077515175566
770,885,115,0.115,0.18136959563195706
810,905,95,0.095,0.17586515716090798
736,868,132,0.132,0.21005581415072083
746,873,127,0.127,0.20947541109472514
760,880,120,0.12,0.20140846240520477
700,850,150,0.15,0.1951529419645667
786,893,107,0.107,0.1950482562421821
842,921,79,0.079,0.1654910675066949
764,882,118,0.118,0.18155824065580964
734,867,133,0.133,0.19537914161756634
846,923,77,0.077,0.15509513344056905
792,896,104,0.104,0.17863636925366883
766,883,117,0.117,0.1834739989452064
740,870,130,0.13,0.17746273003309035
764,882,118,0.118,0.1753430507375703
714,857,143,0.143,0.18157321103289722
816,908,92,0.092,0.15243560664332473
734,867,133,0.133,0.19978556827722901
758,879,121,0.121,0.20540202711747407
772,886,114,0.114,0.19367457679659128
744,872,128,0.128,0.22193449974723353
820,910,90,0.09,0.1969382104386168
774,887,113,0.113,0.19406411589875494
736,868,132,0.132,0.21951096052195135
718,859,141,0.141,0.21580193225951796
752,876,124,0.124,0.19849508661776782
734,867,133,0.133,0.2003525345919516
754,877,123,0.123,0.20664527303446084
732,866,134,0.134,0.20969174229160792
766,883,117,0.117,0.21132911213487388
734,867,133,0.133,0.23085250491462647
742,871,129,0.129,0.22694910964602605
786,893,107,0.107,0.20335199818760158
788,894,106,0.106,0.17473604417592287
710,855,145,0.145,0.21709768030024135
768,884,116,0.116,0.19000321957547567
742,871,129,0.129,0.2012381106223911
766,883,117,0.117,0.20505130232870578
730,865,135,0.135,0.22351103089108074
724,862,138,0.138,0.21805679673701525
812,906,94,0.094,0.18699672849162016
728,864,136,0.136,0.21572013182193042
756,878,122,0.122,0.22648399082757534
758,879,121,0.121,0.20556893780361862
770,885,115,0.115,0.19329214042425155
756,878,122,0.122,0.17995495495200156
796,898,102,0.102,0.18681701228022576
778,889,111,0.111,0.18820414100928537
712,856,144,0.144,0.2073559559993446
774,887,113,0.113,0.19962500252760906
734,867,133,0.133,0.20221336076376611
722,861,139,0.139,0.20954018434137106
696,848,152,0.152,0.22750557054346426
804,902,98,0.098,0.19317989495913326
734,867,133,0.133,0.2200167664782639
792,896,104,0.104,0.22276470048818736
724,862,138,0.138,0.23397597108408807
804,902,98,0.098,0.2123196945770178
798,899,101,0.101,0.19645708824694158
762,881,119,0.119,0.20541616356372833
728,864,136,0.136,0.2083072740584612
756,878,122,0.122,0.19088822406629333
810,905,95,0.095,0.18748170832917094
766,883,117,0.117,0.19501468110084533
810,905,95,0.095,0.19284593582225715
754,877,123,0.123,0.19371633913367986
782,891,109,0.109,0.18988036950280873
700,850,150,0.15,0.21784424093493363
806,903,97,0.097,0.19671194006316364
772,886,114,0.114,0.2316870538517833
764,882,118,0.118,0.21770650246366857
738,869,131,0.131,0.214325780805666
826,913,87,0.087,0.20084638066917251
758,879,121,0.121,0.19917457925528287
740,870,130,0.13,0.211355342335999
768,884,116,0.116,0.19177984116971492
728,864,136,0.136,0.23100125379115344
754,877,123,0.123,0.22032272517770615
770,885,115,0.115,0.2174742223881185
776,888,112,0.112,0.22169694571942092
782,891,109,0.109,0.21288883110389725
722,861,139,0.139,0.22268292841484072
788,894,106,0.106,0.21253811498731376
702,851,149,0.149,0.23279372262954712
828,914,86,0.086,0.20739840260334313
760,880,120,0.12,0.20463397005200387
794,897,103,0.103,0.19369863014773
764,882,118,0.118,0.20096901111491025
786,893,107,0.107,0.18880050648003815
784,892,108,0.108,0.1914189433460124
724,862,138,0.138,0.19725277657210416
734,867,133,0.133,0.21089461287483574
812,906,94,0.094,0.20109292431920767
714,857,143,0.143,0.22997345658400548
786,893,107,0.107,0.22432144995313139
738,869,131,0.131,0.25020967811346057
700,850,150,0.15,0.2261937777112489
740,870,130,0.13,0.24835946493968367
726,863,137,0.137,0.25176398564875124
716,858,142,0.142,0.257007656307891
722,861,139,0.139,0.27076161366701124
790,895,105,0.105,0.2548630336597562
736,868,132,0.132,0.2503069440945983
824,912,88,0.088,0.2286093918606639
764,882,118,0.118,0.23177467035711743
782,891,109,0.109,0.22066752955317498
750,875,125,0.125,0.22731984403880778
808,904,96,0.096,0.20104675002396108
712,856,144,0.144,0.2257315276050176
796,898,102,0.102,0.21411154125910253
760,880,120,0.12,0.22936351645737887
782,891,109,0.109,0.25375314673666527
798,899,101,0.101,0.24803625543415547
714,857,143,0.143,0.2864764725416899
748,874,126,0.126,0.2763560564593012
748,874,126,0.126,0.28509731661714616
780,890,110,0.11,0.2795037640389055
774,887,113,0.113,0.2840265769016174
788,894,106,0.106,0.28379605717898815
742,871,129,0.129,0.29156037474423646
770,885,115,0.115,0.3039323596097529
740,870,130,0.13,0.32474408572167157
702,851,149,0.149,0.3199777219351381
746,873,127,0.127,0.3288785093128681
752,876,124,0.124,0.3491240315642208
762,881,119,0.119,0.3180517223477364
714,857,143,0.143,0.32631478367745875
760,880,120,0.12,0.3393196663982235
758,879,121,0.121,0.3308299843072891
698,849,151,0.151,0.33714139461517334
754,877,123,0.123,0.33341480600833895
640,820,180,0.18,0.3854841134653725
752,876,124,0.124,0.377659313634038
746,873,127,0.127,0.3838554166033864
764,882,118,0.118,0.37895122813340276
786,893,107,0.107,0.348730530641973
718,859,141,0.141,0.36460974523425105
758,879,121,0.121,0.35109101332724096
726,863,137,0.137,0.33641949569061397
722,861,139,0.139,0.3083748487313278
756,878,122,0.122,0.3069546134136617
756,878,122,0.122,0.311400964140892
768,884,116,0.116,0.28697343725897373
806,903,97,0.097,0.28581982211768625
720,860,140,0.14,0.29791029257327317
790,895,105,0.105,0.268109226427041
782,891,109,0.109,0.28448972402405776
814,907,93,0.093,0.25872141076624394
790,895,105,0.105,0.26126882625371217
746,873,127,0.127,0.26129106269031765
752,876,124,0.124,0.26447255242615936
798,899,101,0.101,0.2615798069275916
790,895,105,0.105,0.2574957111403346
744,872,128,0.128,0.2899437656216323
722,861,139,0.139,0.26367196498066187
768,884,116,0.116,0.2838487288430333
798,899,101,0.101,0.26176667312532664
724,862,138,0.138,0.28294403237104415
746,873,127,0.127,0.2727446993142366
770,885,115,0.115,0.244343449678272
750,875,125,0.125,0.2627483984064311
794,897,103,0.103,0.2334242529647963
808,904,96,0.096,0.24178885159084165
732,866,134,0.134,0.2546076529305428
760,880,120,0.12,0.2626014724969864
790,895,105,0.105,0.25545733560621736
730,865,135,0.135,0.27189552311174886
722,861,139,0.139,0.25802700489014385
754,877,123,0.123,0.23404893790185452
754,877,123,0.123,0.23099320186674596
790,895,105,0.105,0.22971959696030775
696,848,152,0.152,0.2605401491373777
746,873,127,0.127,0.25652858368308773
782,891,109,0.109,0.23353933046013117
818,909,91,0.091,0.22641920422039855
770,885,115,0.115,0.214783014126122
788,894,106,0.106,0.22185930726816877
776,888,112,0.112,0.2117315818979946
684,842,158,0.158,0.21873077724082396
734,867,133,0.133,0.22136680540814996
774,887,113,0.113,0.19203514397556365
726,863,137,0.137,0.20420809664437548
820,910,90,0.09,0.2052176816239953
794,897,103,0.103,0.1838301230194047
770,885,115,0.115,0.19388329203054308
722,861,139,0.139,0.203607573953097
718,859,141,0.141,0.1949138544045918
802,901,99,0.099,0.1957234819866717
746,873,127,0.127,0.20286658877437003
816,908,92,0.092,0.18903810366988183
828,914,86,0.086,0.19482738527283072
728,864,136,0.136,0.20018069421790938
748,874,126,0.126,0.19650386983063073
782,891,109,0.109,0.18702238058550472
764,882,118,0.118,0.20292888085171581
724,862,138,0.138,0.21291747300326824
806,903,97,0.097,0.21563056514039636
754,877,123,0.123,0.225820387551561
778,889,111,0.111,0.2211873822461348
840,920,80,0.08,0.21471465188264846
778,889,111,0.111,0.2345240226276219
722,861,139,0.139,0.23226801539957523
774,887,113,0.113,0.22242422748357057
790,895,105,0.105,0.22278377219289544
802,901,99,0.099,0.2235691090002656
802,901,99,0.099,0.22899354890733958
804,902,98,0.098,0.21340359897827152
728,864,136,0.136,0.25744602954387663
752,876,124,0.124,0.23882863559015094
738,869,131,0.131,0.24920277672261
794,897,103,0.103,0.2502691165846227
764,882,118,0.118,0.2611125804595213
756,878,122,0.122,0.2781232602223754
756,878,122,0.122,0.2638607493881354
808,904,96,0.096,0.24797133229464385
794,897,103,0.103,0.23632299791480182
772,886,114,0.114,0.24182293645938627
730,865,135,0.135,0.2484483552277088
736,868,132,0.132,0.2296212818902568
734,867,133,0.133,0.2269695773795247
768,884,116,0.116,0.24857909646630288
754,877,123,0.123,0.25621197883598507
814,907,93,0.093,0.24590515632927418
764,882,118,0.118,0.27728814842924476
754,877,123,0.123,0.27492332935146985
764,882,118,0.118,0.2667021761462092
766,883,117,0.117,0.2655401509255171
798,899,101,0.101,0.24205705315992238
792,896,104,0.104,0.22507385946810246
800,900,100,0.1,0.2273892300054431
792,896,104,0.104,0.21860345954120203
714,857,143,0.143,0.22991242292197422
752,876,124,0.124,0.2548979177115252
730,865,135,0.135,0.23585123984329404
758,879,121,0.121,0.24019605187423076
744,872,128,0.128,0.25750419925898316
752,876,124,0.124,0.24915195761620998
762,881,119,0.119,0.26348648023080967
774,887,113,0.113,0.25129186930461417
840,920,80,0.08,0.22975701209530233
732,866,134,0.134,0.21957114706037464
782,891,109,0.109,0.2097777708619833
724,862,138,0.138,0.22032349080964922
804,902,98,0.098,0.20198172784596682
732,866,134,0.134,0.20067733202129603
748,874,126,0.126,0.21996946022845804
770,885,115,0.115,0.21382511012628674
760,880,120,0.12,0.2381053693369031
764,882,118,0.118,0.24169770875619725
730,865,135,0.135,0.2549357601106167
792,896,104,0.104,0.23583565337667825
810,905,95,0.095,0.22125043366849423
768,884,116,0.116,0.2248983779054012
782,891,109,0.109,0.21226574310660362
750,875,125,0.125,0.22055837622284888
742,871,129,0.129,0.2087246270775795
726,863,137,0.137,0.21971166198509956
770,885,115,0.115,0.2043272685096599
740,870,130,0.13,0.22891328430367866
710,855,145,0.145,0.26116442850977184
800,900,100,0.1,0.24797033804690466
842,921,79,0.079,0.23929155261814594
772,886,114,0.114,0.24496065350308283
760,880,120,0.12,0.24316666113917018
766,883,117,0.117,0.2377686565418262
740,870,130,0.13,0.2398506158068776
794,897,103,0.103,0.20271580819040536
748,874,126,0.126,0.2201978296963498
738,869,131,0.131,0.22708384537696838
694,847,153,0.153,0.24885339065641165
774,887,113,0.113,0.22825738513469696
750,875,125,0.125,0.22318019654601812
808,904,96,0.096,0.21956662780046463
810,905,95,0.095,0.24164730452552624
792,896,104,0.104,0.22567051958292722
738,869,131,0.131,0.2454335621483624
688,844,156,0.156,0.2601449444741011
768,884,116,0.116,0.23264282865077257
748,874,126,0.126,0.22808161902800203
760,880,120,0.12,0.22272705029696227
798,899,101,0.101,0.22633645725948737
804,902,98,0.098,0.220830220092088
706,853,147,0.147,0.23730043805763126
716,858,142,0.142,0.23368112394213678
796,898,102,0.102,0.21431194105410387
720,860,140,0.14,0.22568619779264554
762,881,119,0.119,0.22552863285387867
794,897,103,0.103,0.2180110286148265
792,896,104,0.104,0.2179966272266497
754,877,123,0.123,0.21081160278618336
760,880,120,0.12,0.22554259381443262
748,874,126,0.126,0.21737344761937857
748,874,126,0.126,0.20810606482297953
776,888,112,0.112,0.2138871950432658
792,896,104,0.104,0.226119060950145
772,886,114,0.114,0.21234271490667242
828,914,86,0.086,0.18936579102836548
734,867,133,0.133,0.2018348831172043
702,851,149,0.149,0.19772198184579737
740,870,130,0.13,0.20902032531611622
760,880,120,0.12,0.20113400252908467
748,874,126,0.126,0.20715308035514318
806,903,97,0.097,0.19932426978210788
726,863,137,0.137,0.2153504580706358
780,890,110,0.11,0.20000854758173228
722,861,139,0.139,0.1922829089574516
706,853,147,0.147,0.2057965452990029
808,904,96,0.096,0.17224231062666512
728,864,136,0.136,0.18654967980645598
748,874,126,0.126,0.1820078220926225
784,892,108,0.108,0.16518085437001992
784,892,108,0.108,0.16189200908318163
740,870,130,0.13,0.15935302792699804
826,913,87,0.087,0.15021791409291813
684,842,158,0.158,0.1718047110028565
732,866,134,0.134,0.16864531011879444
766,883,117,0.117,0.15392112384975423
724,862,138,0.138,0.173197916990252
760,880,120,0.12,0.16494016927480698
738,869,131,0.131,0.18347793078050018
736,868,132,0.132,0.16706542650982736
752,876,124,0.124,0.18981490368396045
774,887,113,0.113,0.15826655486598612
788,894,106,0.106,0.16234803851135074
812,906,94,0.094,0.14830252506906677
782,891,109,0.109,0.14637711515513002
744,872,128,0.128,0.1435346077500726
742,871,129,0.129,0.14577975361954304
806,903,97,0.097,0.13063810798666323
704,852,148,0.148,0.14042354517878267
690,845,155,0.155,0.16145625016570556
718,859,141,0.141,0.15549149050936104
750,875,125,0.125,0.14011899874359368
752,876,124,0.124,0.15480377927422523
800,900,100,0.1,0.1453569066748023
758,879,121,0.121,0.14477296112850307
744,872,128,0.128,0.16086714818701148
786,893,107,0.107,0.1361259566694498
864,932,68,0.068,0.1194104038849473
740,870,130,0.13,0.12841868726557412
796,898,102,0.102,0.12236839917162433
772,886,114,0.114,0.12014533275738358
718,859,141,0.141,0.123949788950035
740,870,130,0.13,0.11999505243077874
790,895,105,0.105,0.12898944763559847
726,863,137,0.137,0.13942627312242986
798,899,101,0.101,0.14061598416790366
742,871,129,0.129,0.154435614770744
784,892,108,0.108,0.14154526105325205
714,857,143,0.143,0.1491385629568249
718,859,141,0.141,0.14351035658764444
764,882,118,0.118,0.14084002842381596
748,874,126,0.126,0.13753281632438302
776,888,112,0.112,0.1310425907773897
816,908,92,0.092,0.11827969765104353
780,890,110,0.11,0.13314352354590664
766,883,117,0.117,0.13532209247048013
766,883,117,0.117,0.1203771419350087
784,892,108,0.108,0.11850845225155356
764,882,118,0.118,0.11801351427090913
780,890,110,0.11,0.11925102308392525
724,862,138,0.138,0.13451045787706972
740,870,130,0.13,0.1549188285842538
746,873,127,0.127,0.15101113534718752
770,885,115,0.115,0.15645804234966637
720,860,140,0.14,0.1662123784329742
706,853,147,0.147,0.1889214784130454
792,896,104,0.104,0.1560825337683782
724,862,138,0.138,0.17138351946207694
742,871,129,0.129,0.17340519628589937
784,892,108,0.108,0.15282755351082597
762,881,119,0.119,0.1567898863554001
720,860,140,0.14,0.1493180541128155
804,902,98,0.098,0.14886938153218943
714,857,143,0.143,0.15623760762892205
746,873,127,0.127,0.1497263320721686
832,916,84,0.084,0.12036111098838592
742,871,129,0.129,0.1272965841460973
782,891,109,0.109,0.12108823102340102
756,878,122,0.122,0.1389329342419388
710,855,145,0.145,0.13456810138747097
712,856,144,0.144,0.14233200707026028
800,900,100,0.1,0.1361736757569015
784,892,108,0.108,0.13494599068164825
756,878,122,0.122,0.13966986208874732
806,903,97,0.097,0.12660258403711486
724,862,138,0.138,0.12948878785967827
762,881,119,0.119,0.12077826014297557
764,882,118,0.118,0.11383524305937825
748,874,126,0.126,0.11817121092045517
702,851,149,0.149,0.13948744585589337
740,870,130,0.13,0.1324213570728898
728,864,136,0.136,0.12981773153981585
748,874,126,0.126,0.14264947539381684
784,892,108,0.108,0.15339932915568352
780,890,110,0.11,0.1595931615009904
764,882,118,0.118,0.13578504665195942
780,890,110,0.11,0.1354210290297633
730,865,135,0.135,0.13341348344786091
796,898,102,0.102,0.1250264419546856
768,884,116,0.116,0.11531623652251437
722,861,139,0.139,0.13280463407216483
730,865,135,0.135,0.13057591319334652
752,876,124,0.124,0.11722321153507437
810,905,95,0.095,0.10774963726475835
742,871,129,0.129,0.1359225581616629
750,875,125,0.125,0.127555801153183
758,879,121,0.121,0.11888724630698562
744,872,128,0.128,0.12694516969542688
808,904,96,0.096,0.11786649230867624
670,835,165,0.165,0.12010241415064564
792,896,104,0.104,0.10807941665516091
718,859,141,0.141,0.1156954497359693
782,891,109,0.109,0.11311402614787221
744,872,128,0.128,0.1144471360258758
826,913,87,0.087,0.10505465619638563
774,887,113,0.113,0.0942756176982075
764,882,118,0.118,0.10126187265198679
694,847,153,0.153,0.098961868384853
820,910,90,0.09,0.08371452492289246
804,902,98,0.098,0.09664371707756073
788,894,106,0.106,0.10338073480408638
780,890,110,0.11,0.09070578358322381
756,878,122,0.122,0.09612342846160754
762,881,119,0.119,0.09680891957838322
708,854,146,0.146,0.11520238094466913
792,896,104,0.104,0.10153184947930276
772,886,114,0.114,0.10454385905340315
758,879,121,0.121,0.10142962568812072
788,894,106,0.106,0.08709560011141002
768,884,116,0.116,0.10109612829631077
794,897,103,0.103,0.09357186660915613
798,899,101,0.101,0.10004282876290399
776,888,112,0.112,0.10457848341204226
730,865,135,0.135,0.1060183188993251
752,876,124,0.124,0.10450845800420756
750,875,125,0.125,0.09650392162846401
832,916,84,0.084,0.10001505158188774
716,858,142,0.142,0.11534641296137124
706,853,147,0.147,0.1159573025702266
704,852,148,0.148,0.11543653709627688
782,891,109,0.109,0.1049593242813438
734,867,133,0.133,0.11951224552839994
712,856,144,0.144,0.11624273150786758
752,876,124,0.124,0.10898827314097435
804,902,98,0.098,0.09785351982647011
798,899,101,0.101,0.0889993478730321
784,892,108,0.108,0.08510862110741438
790,895,105,0.105,0.07328128452226884
730,865,135,0.135,0.08075860716612078
846,923,77,0.077,0.06516985483001918
748,874,126,0.126,0.07613748301188752
738,869,131,0.131,0.07632259422750212
748,874,126,0.126,0.07640293552028016
724,862,138,0.138,0.09862324338243343
748,874,126,0.126,0.09277492336067007
812,906,94,0.094,0.0926717828894034
764,882,118,0.118,0.10196063085086644
784,892,108,0.108,0.09196637001167983
784,892,108,0.108,0.0842122392654419
762,881,119,0.119,0.07923393536172807
718,859,141,0.141,0.09363733794124732
742,871,129,0.129,0.07953602040157103
754,877,123,0.123,0.08429201787966303
724,862,138,0.138,0.095037231344264
784,892,108,0.108,0.09305348191395024
790,895,105,0.105,0.09169849528232682
750,875,125,0.125,0.0989203499793075
776,888,112,0.112,0.09147369478315334
778,889,111,0.111,0.0936052006110549
772,886,114,0.114,0.089433285363717
696,848,152,0.152,0.09631322323717177
782,891,109,0.109,0.08274305741302669
806,903,97,0.097,0.08667714552395046
774,887,113,0.113,0.07615198597311973
768,884,116,0.116,0.07286844628003179
830,915,85,0.085,0.0620734005337581
680,840,160,0.16,0.07656373821326998
832,916,84,0.084,0.06482357403932838
816,908,92,0.092,0.06656650461745085
766,883,117,0.117,0.07261424006009475
778,889,111,0.111,0.08034344036185324
782,891,109,0.109,0.07833798621222376
780,890,110,0.11,0.0804361537694931
760,880,120,0.12,0.0928651604000479
760,880,120,0.12,0.08778336801566183
794,897,103,0.103,0.09302460243739187
788,894,106,0.106,0.08994197306968273
730,865,135,0.135,0.09173062421567738
790,895,105,0.105,0.09085122827207671
748,874,126,0.126,0.07948101019626483
780,890,110,0.11,0.0915893293353258
752,876,124,0.124,0.08464621585141867
790,895,105,0.105,0.09159815420839004
790,895,105,0.105,0.07993831180222334
796,898,102,0.102,0.07780284566897899
740,870,130,0.13,0.09474389587622135
782,891,109,0.109,0.08626290049403906
804,902,98,0.098,0.08972622019262053
748,874,126,0.126,0.0958910113265738
748,874,126,0.126,0.10792122525162995
770,885,115,0.115,0.10414213485457004
812,906,94,0.094,0.10099187993071973
784,892,108,0.108,0.09798825589846821
760,880,120,0.12,0.09621312542632222
858,929,71,0.071,0.08392192450910807
692,846,154,0.154,0.10260546731174691
782,891,109,0.109,0.09339650334604084
728,864,136,0.136,0.1348145544808358
726,863,137,0.137,0.11974695197306573
764,882,118,0.118,0.13746188139682272
778,889,111,0.111,0.13817878924471733
752,876,124,0.124,0.1571355575663765
804,902,98,0.098,0.12211777420344203
766,883,117,0.117,0.13774955091788432
744,872,128,0.128,0.13645264388015493
748,874,126,0.126,0.11591508689150214
688,844,156,0.156,0.13593351320177316
774,887,113,0.113,0.12965721788536758
736,868,132,0.132,0.12334353288385322
778,889,111,0.111,0.14822754014971967
694,847,153,0.153,0.15668310674326869
718,859,141,0.141,0.16246323668936383
744,872,128,0.128,0.15216911397501826
764,882,118,0.118,0.1445541087090969
758,879,121,0.121,0.1453425502983551
792,896,104,0.104,0.14658708762645256
716,858,142,0.142,0.15101177728663606
798,899,101,0.101,0.11598815957524494
728,864,136,0.136,0.1242665675841272
760,880,120,0.12,0.10659085706062615
738,869,131,0.131,0.10888164676920133
800,900,100,0.1,0.11747140367314204
746,873,127,0.127,0.13184719327418135
706,853,147,0.147,0.14616443563997744
758,879,121,0.121,0.129450616793707
762,881,119,0.119,0.1368153259716928
732,866,134,0.134,0.14043681731859398
834,917,83,0.083,0.12868359934538603
730,865,135,0.135,0.14309078353963559
696,848,152,0.152,0.16918116826564072
738,869,131,0.131,0.15887195183243602
692,846,154,0.154,0.16001294866204263
732,866,134,0.134,0.16796803802251817
748,874,126,0.126,0.1588367598205805
714,857,143,0.143,0.15878084368631243
694,847,153,0.153,0.16436101102642714
750,875,125,0.125,0.15216277991772223
778,889,111,0.111,0.13621853516250848
744,872,128,0.128,0.12586610846268012
726,863,137,0.137,0.13590896643258885
742,871,129,0.129,0.1405550518743694
744,872,128,0.128,0.1281404460621084
746,873,127,0.127,0.1241940646469593
754,877,123,0.123,0.1271848712397623
748,874,126,0.126,0.13977967928993754
724,862,138,0.138,0.1510194700025022
730,865,135,0.135,0.13688824937492608
786,893,107,0.107,0.13600914170414005
760,880,120,0.12,0.14010679378779606
728,864,136,0.136,0.13416519486704784
814,907,93,0.093,0.11828607499063946
740,870,130,0.13,0.13738966700038874
786,893,107,0.107,0.12730773084238173
746,873,127,0.127,0.12640909905545414
764,882,118,0.118,0.12173600444104522
740,870,130,0.13,0.1377788731791079
768,884,116,0.116,0.12133251986652613
826,913,87,0.087,0.10720411116117613
792,896,104,0.104,0.12140153705122066
734,867,133,0.133,0.13632913262955845
756,878,122,0.122,0.12947423542145406
782,891,109,0.109,0.12043123835325241
702,851,149,0.149,0.13974962094426155
790,895,105,0.105,0.12611509753018618
750,875,125,0.125,0.13753238026611506
740,870,130,0.13,0.1422030992154032
770,885,115,0.115,0.14306411869823932
708,854,146,0.146,0.1657157157547772
728,864,136,0.136,0.17467876735702156
818,909,91,0.091,0.15851783332973718
776,888,112,0.112,0.15943812784540934
792,896,104,0.104,0.13761900038644673
762,881,119,0.119,0.14371716289967298
794,897,103,0.103,0.12354177758470178
758,879,121,0.121,0.12723823359992822
810,905,95,0.095,0.12226031882315874
774,887,113,0.113,0.11925755327008675
788,894,106,0.106,0.12319023733958602
766,883,117,0.117,0.13595452481131892
700,850,150,0.15,0.15174460130929948
776,888,112,0.112,0.1529638274423778
718,859,141,0.141,0.18964629392325877
740,870,130,0.13,0.17697447985596954
744,872,128,0.128,0.17203210554814724
738,869,131,0.131,0.18239183489978314
774,887,113,0.113,0.15239832245185972
820,910,90,0.09,0.1438287980686873
804,902,98,0.098,0.14512061125040054
716,858,142,0.142,0.1428252229508008
732,866,134,0.134,0.12216995508224267
774,887,113,0.113,0.12166471442207694
784,892,108,0.108,0.1190667439205572
764,882,118,0.118,0.1277332435362041
740,870,130,0.13,0.16534767287412178
728,864,136,0.136,0.15937102684006094
736,868,132,0.132,0.16475567657591503
794,897,103,0.103,0.16412707718461753
782,891,109,0.109,0.16030720410682262
770,885,115,0.115,0.1583913827612996
862,931,69,0.069,0.15012038011103868
722,861,139,0.139,0.16647067677602173
730,865,135,0.135,0.13614879871459384
774,887,113,0.113,0.1429797683376819
790,895,105,0.105,0.12779676875472068
782,891,109,0.109,0.1342713740505278
814,907,93,0.093,0.13638591020251079
712,856,144,0.144,0.14393125861138106
762,881,119,0.119,0.166411397048525
728,864,136,0.136,0.17586759102049745
774,887,113,0.113,0.1522712372839451
722,861,139,0.139,0.16534220649209372
784,892,108,0.108,0.1670966432802379
784,892,108,0.108,0.16869921638336383
812,906,94,0.094,0.15894090102279007
804,902,98,0.098,0.15972886554151774
684,842,158,0.158,0.17685192434582858
772,886,114,0.114,0.1502490227892995
732,866,134,0.134,0.17765305840224027
758,879,121,0.121,0.167082141244784
714,857,143,0.143,0.17925871940422802
766,883,117,0.117,0.18051339132909208
770,885,115,0.115,0.16045720887184142
774,887,113,0.113,0.17153049771487713
768,884,116,0.116,0.1659546728497371
726,863,137,0.137,0.17731839053949808
752,876,124,0.124,0.15249801044538616
812,906,94,0.094,0.14719847414255507
774,887,113,0.113,0.16468956066860846
754,877,123,0.123,0.15107700960710646
756,878,122,0.122,0.15647452036695905
774,887,113,0.113,0.13097021402791142
804,902,98,0.098,0.13881801491975784
754,877,123,0.123,0.14369097026064992
778,889,111,0.111,0.1600330883435695
734,867,133,0.133,0.17538798046798912
828,914,86,0.086,0.1585902043171227
706,853,147,0.147,0.1763772425465286
730,865,135,0.135,0.19791952408850194
762,881,119,0.119,0.17757962525635956
726,863,137,0.137,0.2003452609218657
748,874,126,0.126,0.18592369556427002
754,877,123,0.123,0.19584813641011714
766,883,117,0.117,0.1879876196011901
760,880,120,0.12,0.18275349179655315
706,853,147,0.147,0.19830551094358134
746,873,127,0.127,0.19090659989975392
766,883,117,0.117,0.19133491944149136
764,882,118,0.118,0.19248350818947493
744,872,128,0.128,0.1983234774172306
772,886,114,0.114,0.19155785316228865
770,885,115,0.115,0.17692311326041818
788,894,106,0.106,0.17405229236558528
710,855,145,0.145,0.18426952410303057
756,878,122,0.122,0.18785413466286263
710,855,145,0.145,0.19789425561577081
782,891,109,0.109,0.17846014758833673
772,886,114,0.114,0.19229838798195123
770,885,115,0.115,0.20943469155287311
748,874,126,0.126,0.2157603924460709
820,910,90,0.09,0.22413854493573307
788,894,106,0.106,0.20907390320301056
790,895,105,0.105,0.20977434477582574
756,878,122,0.122,0.1929126420565881
750,875,125,0.125,0.1801777865290642
794,897,103,0.103,0.18045492885634304
744,872,128,0.128,0.17138663061498666
812,906,94,0.094,0.16642025785893202
674,837,163,0.163,0.21014618715643882
790,895,105,0.105,0.18756407848373055
666,833,167,0.167,0.2272025917263236
768,884,116,0.116,0.21090176273137332
768,884,116,0.116,0.21770841913600453
734,867,133,0.133,0.21255348054778755
790,895,105,0.105,0.18559468246623873
762,881,119,0.119,0.1978148396387696
758,879,121,0.121,0.15706587724015117
772,886,114,0.114,0.16315644537099433
762,881,119,0.119,0.1581061490830034
764,882,118,0.118,0.1550360487215221
804,902,98,0.098,0.1498676599767059
746,873,127,0.127,0.14824490533498466
744,872,128,0.128,0.1476702788453549
740,870,130,0.13,0.1491768815937103
728,864,136,0.136,0.17975090025528334
734,867,133,0.133,0.16426119324037688
748,874,126,0.126,0.17060057440306992
762,881,119,0.119,0.1820528419278562
790,895,105,0.105,0.1792000611005351
790,895,105,0.105,0.1836571053415537
758,879,121,0.121,0.18287332151457666
824,912,88,0.088,0.1666211886284873
766,883,117,0.117,0.17163314183056355
766,883,117,0.117,0.15983578763715922
862,931,69,0.069,0.14496896174782886
794,897,103,0.103,0.14930087651219218
766,883,117,0.117,0.1568734318651259
734,867,133,0.133,0.17357245037938993
746,873,127,0.127,0.16862067165598274
718,859,141,0.141,0.17991884729085722
780,890,110,0.11,0.17944050314121887
770,885,115,0.115,0.18374455569684506
782,891,109,0.109,0.17778103213524446
758,879,121,0.121,0.19585685940831898
746,873,127,0.127,0.21579775042831897
802,901,99,0.099,0.20009578315913676
718,859,141,0.141,0.20598751991428435
732,866,134,0.134,0.20540900246053934
752,876,124,0.124,0.19117244508489967
772,886,114,0.114,0.18220799052261485
754,877,123,0.123,0.19316827215999366
718,859,141,0.141,0.20466584201902152
796,898,102,0.102,0.18143830654025078
746,873,127,0.127,0.1926915984680527
784,892,108,0.108,0.1911672291699797
824,912,88,0.088,0.16336718630231917
762,881,119,0.119,0.1696649240963161
836,918,82,0.082,0.15556082128360868
712,856,144,0.144,0.18781554539919307
776,888,112,0.112,0.1803195041809231
764,882,118,0.118,0.20970761474780739
782,891,109,0.109,0.19743178494402674
710,855,145,0.145,0.22039447842538357
744,872,128,0.128,0.22150062153325417
748,874,126,0.126,0.22461955048143864
764,882,118,0.118,0.20797252307832242
792,896,104,0.104,0.19737447638679043
742,871,129,0.129,0.21234334211051464
754,877,123,0.123,0.19110167859122157
770,885,115,0.115,0.19687421745061875
742,871,129,0.129,0.19301870956614584
800,900,100,0.1,0.1648557849228382
792,896,104,0.104,0.16379878756374047
746,873,127,0.127,0.1747994201409238
782,891,109,0.109,0.17502997968904674
796,898,102,0.102,0.15520478287286188
792,896,104,0.104,0.1594467485193163
758,879,121,0.121,0.18035651394345983
778,889,111,0.111,0.17158121121674777
762,881,119,0.119,0.1921189377156687
772,886,114,0.114,0.20338438175409101
772,886,114,0.114,0.20476646134842302
776,888,112,0.112,0.21125291819870473
766,883,117,0.117,0.2167075375765562
726,863,137,0.137,0.20228357365727426
786,893,107,0.107,0.20655952981859454
654,827,173,0.173,0.2154309320634719
700,850,150,0.15,0.20884124615338465
778,889,111,0.111,0.20596650684421275
784,892,108,0.108,0.206686294272542
744,872,128,0.128,0.22838987944074324
748,874,126,0.126,0.24788006078265606
760,880,120,0.12,0.21217287975025828
704,852,148,0.148,0.23515823797602206
778,889,111,0.111,0.21688261082292842
754,877,123,0.123,0.2369297415614128
800,900,100,0.1,0.2100460081540514
770,885,115,0.115,0.2016414994772058
770,885,115,0.115,0.22671234679958435
764,882,118,0.118,0.21772489056328778
746,873,127,0.127,0.21615035670250654
714,857,143,0.143,0.22822056096605955
768,884,116,0.116,0.20712919232994317
772,886,114,0.114,0.22532875116169454
754,877,123,0.123,0.221923231952911
758,879,121,0.121,0.2154607316479087
742,871,129,0.129,0.2340318118855357
758,879,121,0.121,0.2425193045835433
754,877,123,0.123,0.2545892970263958
784,892,108,0.108,0.25945075312256816
754,877,123,0.123,0.2821654013842344
758,879,121,0.121,0.27172996125370263
746,873,127,0.127,0.2787606814019382
794,897,103,0.103,0.23881952039152385
704,852,148,0.148,0.2588495834759296
774,887,113,0.113,0.22354053296521306
766,883,117,0.117,0.21726562269032001
768,884,116,0.116,0.2313884818032384
782,891,109,0.109,0.20610422476730308
828,914,86,0.086,0.2110049506314099
756,878,122,0.122,0.22445526785776018
826,913,87,0.087,0.18975680309534074
828,914,86,0.086,0.19421149393171072
728,864,136,0.136,0.20333266167342662
768,884,116,0.116,0.20258651557192206
736,868,132,0.132,0.2049897469431162
830,915,85,0.085,0.19475233998471636
728,864,136,0.136,0.2070891238474833
792,896,104,0.104,0.18376186596695335
790,895,105,0.105,0.18679016214609145
772,886,114,0.114,0.19205737118422986
754,877,123,0.123,0.21785151004046202
734,867,133,0.133,0.221712049074471
756,878,122,0.122,0.21914651621505618
716,858,142,0.142,0.2462824367736466
772,886,114,0.114,0.22564510060474277
792,896,104,0.104,0.2061067991128184
736,868,132,0.132,0.22447672457277804
734,867,133,0.133,0.22471651794016362
772,886,114,0.114,0.20877554250881075
758,879,121,0.121,0.21079517372883858
766,883,117,0.117,0.21453529792279005
768,884,116,0.116,0.2281801383048296
798,899,101,0.101,0.22336400242894888
754,877,123,0.123,0.21572518409974872
720,860,140,0.14,0.22309575587511063
718,859,141,0.141,0.2051458157465968
750,875,125,0.125,0.22791600111871957
730,865,135,0.135,0.23237812374243003
768,884,116,0.116,0.23739704480022192
742,871,129,0.129,0.241429599262774
756,878,122,0.122,0.23942174097895622
780,890,110,0.11,0.23963532394729556
784,892,108,0.108,0.22248543220758438
784,892,108,0.108,0.22701727053150533
722,861,139,0.139,0.2212545659020543
764,882,118,0.118,0.21626684302836657
760,880,120,0.12,0.20064979296177626
814,907,93,0.093,0.191096237257123
748,874,126,0.126,0.21139761872589588
826,913,87,0.087,0.19414631888270378
750,875,125,0.125,0.2097188072738508
698,849,151,0.151,0.21995568927377462
776,888,112,0.112,0.19953238009288907
686,843,157,0.157,0.21752900011815865
760,880,120,0.12,0.2007913551235106
744,872,128,0.128,0.20668952415977945
758,879,121,0.121,0.2303552633500658
808,904,96,0.096,0.23598862455040218
758,879,121,0.121,0.231793443816714
764,882,118,0.118,0.21777854552026837
714,857,143,0.143,0.22180184050276874
726,863,137,0.137,0.2216854321066621
698,849,151,0.151,0.2472503056956921
772,886,114,0.114,0.2317038765847683
712,856,144,0.144,0.25821266857534647
760,880,120,0.12,0.24738744300603865
718,859,141,0.141,0.2720101243169075
858,929,71,0.071,0.25113175391405823
802,901,99,0.099,0.25403263882175087
770,885,115,0.115,0.2654568685761187
772,886,114,0.114,0.2654942982420325
770,885,115,0.115,0.2678892049418646
812,906,94,0.094,0.23786705516278744
718,859,141,0.141,0.25951317422091963
758,879,121,0.121,0.24809467145055533
770,885,115,0.115,0.2784515394689515
762,881,119,0.119,0.3015223914934904
784,892,108,0.108,0.29821484772115947
688,844,156,0.156,0.3425763878035359
756,878,122,0.122,0.38141488150320946
700,850,150,0.15,0.4138127632141113
726,863,137,0.137,0.4059326763600111
796,898,102,0.102,0.4036986321732402
758,879,121,0.121,0.40832126390188933
736,868,132,0.132,0.4192213993575424
680,840,160,0.16,0.3992540925517678
708,854,146,0.146,0.4393137616189342
696,848,152,0.152,0.44730907783657314
780,890,110,0.11,0.4283089966773987
806,903,97,0.097,0.4350464891418815
732,866,134,0.134,0.44766227141057824
750,875,125,0.125,0.43575923519209026
704,852,148,0.148,0.45930931431800126
726,863,137,0.137,0.462261086255312
764,882,118,0.118,0.42948433139920233
776,888,112,0.112,0.4689931398704648
742,871,129,0.129,0.4485569550557272
756,878,122,0.122,0.46491110857164314
776,888,112,0.112,0.45636830073129386
748,874,126,0.126,0.46101813174665324
708,854,146,0.146,0.4740819283425808
812,906,94,0.094,0.458979611011222
752,876,124,0.124,0.4680881781527163
768,884,116,0.116,0.48397707810997964
748,874,126,0.126,0.4902619540725969
728,864,136,0.136,0.4875765819844481
730,865,135,0.135,0.49566623320721553
802,901,99,0.099,0.49589253540337086
756,878,122,0.122,0.5030904774916125
726,863,137,0.137,0.4966030997559428
766,883,117,0.117,0.5125925549864769
760,880,120,0.12,0.5109605988743915
800,900,100,0.1,0.4938182452879846
768,884,116,0.116,0.5001300799250603
738,869,131,0.131,0.5191597026735544
764,882,118,0.118,0.5025248012542725
754,877,123,0.123,0.5230392708480358
764,882,118,0.118,0.5286992678865791
746,873,127,0.127,0.5315710329413414
744,872,128,0.128,0.5407630777433514
698,849,151,0.151,0.5565919129997492
748,874,126,0.126,0.5588499921560287
776,888,112,0.112,0.5666938153505325
822,911,89,0.089,0.5857171129882336
716,858,142,0.142,0.5836732126691786
760,880,120,0.12,0.590765232026577
818,909,91,0.091,0.586339741230011
682,841,159,0.159,0.5991216480731965
762,881,119,0.119,0.5835796982598768
748,874,126,0.126,0.5663537481576204
784,892,108,0.108,0.572513939410448
724,862,138,0.138,0.5712313180782803
796,898,102,0.102,0.5607717796266078
694,847,153,0.153,0.6004097341001033
772,886,114,0.114,0.5667878812262789
732,866,134,0.134,0.6297205921532332
808,904,96,0.096,0.6352003608942032
838,919,81,0.081,0.6191049433648587
740,870,130,0.13,0.6553649058938027
796,898,102,0.102,0.6512856858552486
704,852,148,0.148,0.6538560808300972
602,801,199,0.199,0.674304806282862
766,883,117,0.117,0.6429607360130177
792,896,104,0.104,0.655469110161066
748,874,126,0.126,0.6625927073068452
748,874,126,0.126,0.6502077164649963
772,886,114,0.114,0.6480622943937778
790,895,105,0.105,0.6085506320062559
750,875,125,0.125,0.624892932606861
758,879,121,0.121,0.6224189377110452
790,895,105,0.105,0.5880280371308326
736,868,132,0.132,0.5677655666768551
744,872,128,0.128,0.5690305176377296
700,850,150,0.15,0.5992949846088886
760,880,120,0.12,0.5719618796110153
746,873,127,0.127,0.5920365207158029
780,890,110,0.11,0.5743338149785996
774,887,113,0.113,0.5770994453666354
726,863,137,0.137,0.5843284324578708
750,875,125,0.125,0.5501937503712252
724,862,138,0.138,0.5566371373105794
752,876,124,0.124,0.5417015908993781
740,870,130,0.13,0.5460476789457628
744,872,128,0.128,0.616401464784285
756,878,122,0.122,0.6028960846662521
746,873,127,0.127,0.6128743602633476
720,860,140,0.14,0.6197147101461887
760,880,120,0.12,0.6880463233243991
696,848,152,0.152,0.7173454895317555
790,895,105,0.105,0.6904102308899164
780,890,110,0.11,0.6918732566535473
682,841,159,0.159,0.7154691756665706
784,892,108,0.108,0.7139495993256569
774,887,113,0.113,0.7062321321717318
740,870,130,0.13,0.7052944426126778
770,885,115,0.115,0.7052144161462783
762,881,119,0.119,0.7144721020758152
750,875,125,0.125,0.7072858583182097
788,894,106,0.106,0.7004143733680248
728,864,136,0.136,0.6946196644118463
674,837,163,0.163,0.6963921418786049
748,874,126,0.126,0.6807339084986598
768,884,116,0.116,0.6499239715188742
744,872,128,0.128,0.6546905353367328
710,855,145,0.145,0.6369987397949319
754,877,123,0.123,0.6188851169347763
746,873,127,0.127,0.6153702327228886
722,861,139,0.139,0.6066007387434657
814,907,93,0.093,0.5708734977245331
786,893,107,0.107,0.5807909373044967
776,888,112,0.112,0.565146746245795
730,865,135,0.135,0.572830630093813
708,854,146,0.146,0.5509988832771778
726,863,137,0.137,0.5646719271242618
750,875,125,0.125,0.5590601199865342
768,884,116,0.116,0.5607508915513754
760,880,120,0.12,0.5491701883971691
672,836,164,0.164,0.5784270729946984
764,882,118,0.118,0.5539164916798472
702,851,149,0.149,0.608309790045023
756,878,122,0.122,0.583969734101207
750,875,125,0.125,0.5916048529535258
722,861,139,0.139,0.6011150796487927
744,872,128,0.128,0.5864987995903939
782,891,109,0.109,0.5753602052255883
774,887,113,0.113,0.5761842866167426
708,854,146,0.146,0.5838429372608661
774,887,113,0.113,0.5531257879794576
688,844,156,0.156,0.5418242765194736
770,885,115,0.115,0.5295141603350639
806,903,97,0.097,0.5074953542649746
780,890,110,0.11,0.5145218692719936
672,836,164,0.164,0.5263556616306305
692,846,154,0.154,0.521063980619423
770,885,115,0.115,0.48258487732708455
784,892,108,0.108,0.44703062810614935
748,874,126,0.126,0.4747717034562504
756,878,122,0.122,0.454161629288923
736,868,132,0.132,0.4571312146782875
736,868,132,0.132,0.4258642067015171
812,906,94,0.094,0.4059916243632942
788,894,106,0.106,0.40584719049930573
716,858,142,0.142,0.4087664285836872
776,888,112,0.112,0.393974425971508
790,895,105,0.105,0.41137656767847147
728,864,136,0.136,0.41878459175818716
700,850,150,0.15,0.42908359627053144
744,872,128,0.128,0.4233876760511193
762,881,119,0.119,0.38948259786842393
776,888,112,0.112,0.39658270974759946
704,852,148,0.148,0.4098899868447334
706,853,147,0.147,0.40583776324987414
766,883,117,0.117,0.3959129064679146
756,878,122,0.122,0.39363159151375293
720,860,140,0.14,0.39666112400591375
710,855,145,0.145,0.3919769793599844
776,888,112,0.112,0.3670688628811313
762,881,119,0.119,0.3522261797361716
762,881,119,0.119,0.35483752673864366
768,884,116,0.116,0.34215356077253817
784,892,108,0.108,0.32057828566641544
692,846,154,0.154,0.33703098677098753
678,839,161,0.161,0.3325541752055287
712,856,144,0.144,0.3468884368762374
748,874,126,0.126,0.3445458374976265
776,888,112,0.112,0.3578745334595442
726,863,137,0.137,0.3526485751438886
782,891,109,0.109,0.33797208745777607
778,889,111,0.111,0.3015300696417689
846,923,77,0.077,0.27979418425029146
750,875,125,0.125,0.2958528820769861
728,864,136,0.136,0.2773518187403679
784,892,108,0.108,0.2689092525951564
788,894,106,0.106,0.27851429806649686
736,868,132,0.132,0.2919641255633906
700,850,150,0.15,0.2816328144846484
758,879,121,0.121,0.30125428301095963
770,885,115,0.115,0.2924238627003506
754,877,123,0.123,0.31118690928071735
744,872,128,0.128,0.3229733547627311
728,864,136,0.136,0.33907934674806894
774,887,113,0.113,0.33196924917294746
742,871,129,0.129,0.3407397459670901
804,902,98,0.098,0.3087370439916849
826,913,87,0.087,0.2862372290715575
734,867,133,0.133,0.31288411970622837
728,864,136,0.136,0.31914527992715463
780,890,110,0.11,0.3133490092565771
768,884,116,0.116,0.3057994429548271
742,871,129,0.129,0.3176291084364057
796,898,102,0.102,0.3110795864090323
754,877,123,0.123,0.3092412255704403
740,870,130,0.13,0.325418963088654
738,869,131,0.131,0.33361719216406344
782,891,109,0.109,0.31770832250267267
782,891,109,0.109,0.3221387851908803
754,877,123,0.123,0.31490952576696873
694,847,153,0.153,0.3333795007094741
786,893,107,0.107,0.31462487957626584
776,888,112,0.112,0.29240732329431923
716,858,142,0.142,0.2787424546517432
762,881,119,0.119,0.268658586490734
742,871,129,0.129,0.2736622429024428
762,881,119,0.119,0.26603817163128407
782,891,109,0.109,0.2521902464181185
734,867,133,0.133,0.2633051467463374
764,882,118,0.118,0.26418429624708367
776,888,112,0.112,0.2508307102114668
732,866,134,0.134,0.25821338608395306
784,892,108,0.108,0.24881541545689106
798,899,101,0.101,0.2289818200394511
824,912,88,0.088,0.2171510535851121
804,902,98,0.098,0.22130898086354137
710,855,145,0.145,0.23290718553587794
766,883,117,0.117,0.21400916465371847
792,896,104,0.104,0.21283584383875695
698,849,151,0.151,0.24389764957129956
778,889,111,0.111,0.2306683545918204
766,883,117,0.117,0.23839781063911505
726,863,137,0.137,0.2580364974644035
768,884,116,0.116,0.26177683776951743
742,871,129,0.129,0.26490624595433476
786,893,107,0.107,0.26039473961107434
784,892,108,0.108,0.24997386988997458
794,897,103,0.103,0.24672430470585824
798,899,101,0.101,0.234756189929416
796,898,102,0.102,0.21927214660563912
716,858,142,0.142,0.2536157575547695
772,886,114,0.114,0.2610263512227684
742,871,129,0.129,0.2946479876935482
758,879,121,0.121,0.2804397447258234
750,875,125,0.125,0.30536935677676474
772,886,114,0.114,0.328588982693851
806,903,97,0.097,0.33171663907644705
738,869,131,0.131,0.3285442155456985
714,857,143,0.143,0.346037415168983
724,862,138,0.138,0.30673087131977084
748,874,126,0.126,0.3226006582248956
800,900,100,0.1,0.3033513754913583
780,890,110,0.11,0.3100350865572691
710,855,145,0.145,0.3129174166321754
754,877,123,0.123,0.30751514183964157
694,847,153,0.153,0.31648588908478215
784,892,108,0.108,0.29495659232139587
744,872,128,0.128,0.3074671513922512
750,875,125,0.125,0.31909862498360597
778,889,111,0.111,0.3119134737072745
824,912,88,0.088,0.31694568386673927
792,896,104,0.104,0.31611279086972355
742,871,129,0.129,0.33622885684627324
744,872,128,0.128,0.3379519423171878
774,887,113,0.113,0.3193826839940157
748,874,126,0.126,0.3330475398749113
806,903,97,0.097,0.29379880128800867
688,844,156,0.156,0.30650426270579917
772,886,114,0.114,0.3000369434766471
808,904,96,0.096,0.2990042116418481
780,890,110,0.11,0.27763798664137723
716,858,142,0.142,0.28563589959271485
808,904,96,0.096,0.2709976383307949
716,858,142,0.142,0.26880370311410945
776,888,112,0.112,0.26563932293001563
762,881,119,0.119,0.263033898293972
808,904,96,0.096,0.24972051011351867
740,870,130,0.13,0.2561621137931943
744,872,128,0.128,0.2561030872520059
768,884,116,0.116,0.2472130580842495
782,891,109,0.109,0.25314539394527674
752,876,124,0.124,0.2506732903432228
798,899,101,0.101,0.22692898681871201
708,854,146,0.146,0.2490251393888102
810,905,95,0.095,0.24104260736331343
722,861,139,0.139,0.24845504522042575
796,898,102,0.102,0.22949654173851014
774,887,113,0.113,0.23638177889585496
740,870,130,0.13,0.24604446964338422
750,875,125,0.125,0.24019654369623825
744,872,128,0.128,0.2401391734853387
814,907,93,0.093,0.22306898870319128
794,897,103,0.103,0.22890598288974162
774,887,113,0.113,0.23460814601927996
734,867,133,0.133,0.2648324675206095
828,914,86,0.086,0.23182852637022733
768,884,116,0.116,0.24303618811070918
782,891,109,0.109,0.2481538327857852
786,893,107,0.107,0.2701378258317709
734,867,133,0.133,0.2850678046941757
742,871,129,0.129,0.2814271979853511
780,890,110,0.11,0.2906606050191913
754,877,123,0.123,0.30737926182150843
734,867,133,0.133,0.29482051834836603
796,898,102,0.102,0.29649552320106887
800,900,100,0.1,0.30866795967519284
778,889,111,0.111,0.2926694768031173
794,897,103,0.103,0.2871860629171133
798,899,101,0.101,0.288128383461386
758,879,121,0.121,0.2764226760752499
728,864,136,0.136,0.28845272176060827
760,880,120,0.12,0.28422835213883446
772,886,114,0.114,0.2949784951731563
696,848,152,0.152,0.3139529614970088
770,885,115,0.115,0.3050637969151139
682,841,159,0.159,0.3006881496058777
770,885,115,0.115,0.3016416195631027
748,874,126,0.126,0.29941830336302516
728,864,136,0.136,0.2985689266725676
792,896,104,0.104,0.2919850095435977
782,891,109,0.109,0.29533006773144005
758,879,121,0.121,0.2835118368770927
750,875,125,0.125,0.272412322643504
740,870,130,0.13,0.26658662562817337
794,897,103,0.103,0.2566024792790413
732,866,134,0.134,0.27148227982968093
742,871,129,0.129,0.2773544764742255
760,880,120,0.12,0.30210464487969874
822,911,89,0.089,0.284718086194247
748,874,126,0.126,0.29406027223169806
730,865,135,0.135,0.3209278857707977
800,900,100,0.1,0.28655156084150074
796,898,102,0.102,0.2808636692445725
774,887,113,0.113,0.2782986480602233
746,873,127,0.127,0.2532787522822618
754,877,123,0.123,0.24148776552868906
748,874,126,0.126,0.24011657071113587
800,900,100,0.1,0.24060768929403276
742,871,129,0.129,0.2478219567090273
676,838,162,0.162,0.29101092644035814
792,896,104,0.104,0.25585825626947917
734,867,133,0.133,0.25809250443091153
818,909,91,0.091,0.2600410363674164
794,897,103,0.103,0.25368135268241165
724,862,138,0.138,0.2819152571366867
818,909,91,0.091,0.24903984296717682
762,881,119,0.119,0.261879432991147
710,855,145,0.145,0.2693825106844306
710,855,145,0.145,0.2798188527543098
730,865,135,0.135,0.2489471718519926
656,828,172,0.172,0.29263609229028226
786,893,107,0.107,0.2812083774469793
734,867,133,0.133,0.29992147970944644
786,893,107,0.107,0.2864736127778888
720,860,140,0.14,0.27148232722468674
736,868,132,0.132,0.2800101548626262
736,868,132,0.132,0.28298913504183293
756,878,122,0.122,0.26780736588778065
776,888,112,0.112,0.25412117429543285
744,872,128,0.128,0.24535107008367776
754,877,123,0.123,0.23885990963020057
752,876,124,0.124,0.2327283040890352
744,872,128,0.128,0.2383761743027717
750,875,125,0.125,0.22578741292787402
794,897,103,0.103,0.22198336033929808
776,888,112,0.112,0.22758321895357222
686,843,157,0.157,0.22278714624792337
764,882,118,0.118,0.19969030211120845
758,879,121,0.121,0.21380722814053296
764,882,118,0.118,0.21322614388220246
756,878,122,0.122,0.212094431579113
756,878,122,0.122,0.19263659851811826
828,914,86,0.086,0.1978128233174746
728,864,136,0.136,0.2025000993087888
734,867,133,0.133,0.19860082468390464
782,891,109,0.109,0.18722799943764037
774,887,113,0.113,0.18478784896247089
744,872,128,0.128,0.1927507338747382
788,894,106,0.106,0.18953924183920026
756,878,122,0.122,0.1951598597774282
772,886,114,0.114,0.19442080666596304
802,901,99,0.099,0.1795799767588543
742,871,129,0.129,0.20874096255382757
752,876,124,0.124,0.20768512105895207
802,901,99,0.099,0.18534730426836177
734,867,133,0.133,0.20277578631415963
798,899,101,0.101,0.19556115834414958
804,902,98,0.098,0.1992335314201191
784,892,108,0.108,0.19976425303565337
778,889,111,0.111,0.19855089050903915
762,881,119,0.119,0.2085726051405072
774,887,113,0.113,0.20542037333920599
782,891,109,0.109,0.1924112512767315
774,887,113,0.113,0.18883135362016037
690,845,155,0.155,0.21354344533756375
698,849,151,0.151,0.21665258134528995
772,886,114,0.114,0.19642121931165457
802,901,99,0.099,0.1975316659444943
780,890,110,0.11,0.20562551813572646
720,860,140,0.14,0.20867421086877586
736,868,132,0.132,0.21301842919155023
752,876,124,0.124,0.2121911601051688
710,855,145,0.145,0.20617198669934442
762,881,119,0.119,0.1968510681092739
744,872,128,0.128,0.2077842243872583
756,878,122,0.122,0.1953398614525795
770,885,115,0.115,0.17994413763470948
734,867,133,0.133,0.17253207710863686
800,900,100,0.1,0.1568710821121931
808,904,96,0.096,0.16391531264223158
710,855,145,0.145,0.15696105422824622
772,886,114,0.114,0.15835484852455556
752,876,124,0.124,0.162586043657735
872,936,64,0.064,0.13470452453102916
806,903,97,0.097,0.14935163594037296
778,889,111,0.111,0.1709529207572341
792,896,104,0.104,0.16758217595517635
804,902,98,0.098,0.176700724799186
718,859,141,0.141,0.18766396270692348
804,902,98,0.098,0.16606570375420915
812,906,94,0.094,0.17631818577088415
760,880,120,0.12,0.17383944917609914
740,870,130,0.13,0.18905245167271278
698,849,151,0.151,0.18521361043416942
786,893,107,0.107,0.1803580084457062
802,901,99,0.099,0.18900295961555094
732,866,134,0.134,0.20302705100195986
744,872,128,0.128,0.21109525102586485
780,890,110,0.11,0.2009269020743668
812,906,94,0.094,0.19702885273471474
748,874,126,0.126,0.21521809551934865
752,876,124,0.124,0.22249044124782086
724,862,138,0.138,0.2247860504053772
692,846,154,0.154,0.23223671321437542
724,862,138,0.138,0.22839851188706234
764,882,118,0.118,0.22623753736913205
798,899,101,0.101,0.2365094146376243
728,864,136,0.136,0.25238089297711863
796,898,102,0.102,0.24014712799340487
730,865,135,0.135,0.25086652556061745
754,877,123,0.123,0.26364789007697254
740,870,130,0.13,0.256917122118175
722,861,139,0.139,0.26568182082939895
772,886,114,0.114,0.26425947421789764
748,874,126,0.126,0.2762415133955656
736,868,132,0.132,0.26738559582729066
762,881,119,0.119,0.27764107773452995
688,844,156,0.156,0.2844397517964244
798,899,101,0.101,0.2689763389750151
790,895,105,0.105,0.29190013836324213
778,889,111,0.111,0.2911779016107321
762,881,119,0.119,0.2866403677582275
760,880,120,0.12,0.2656369114574171
820,910,90,0.09,0.25683601991552857
812,906,94,0.094,0.2648145673381077
762,881,119,0.119,0.26863653981313107
746,873,127,0.127,0.28874552915245294
782,891,109,0.109,0.29912815377116203
780,890,110,0.11,0.2892591808154248
680,840,160,0.16,0.36131076799333095
758,879,121,0.121,0.3696157114766785
752,876,124,0.124,0.3824689491186291
756,878,122,0.122,0.3692817969516036
704,852,148,0.148,0.3716561243969918
778,889,111,0.111,0.35318371033668516
752,876,124,0.124,0.3420727308987407
736,868,132,0.132,0.3469431047365069
724,862,138,0.138,0.3275209740176797
800,900,100,0.1,0.29614313154307725
756,878,122,0.122,0.3173198230862618
804,902,98,0.098,0.31090861470624803
780,890,110,0.11,0.31951873713731765
762,881,119,0.119,0.31584482942521575
778,889,111,0.111,0.3287030436196364
778,889,111,0.111,0.33154414849565367
744,872,128,0.128,0.3573885014639238
784,892,108,0.108,0.36036522006988525
806,903,97,0.097,0.34659975247643887
702,851,149,0.149,0.37867987390980123
762,881,119,0.119,0.3569119235873222
782,891,109,0.109,0.34678139331936836
728,864,136,0.136,0.36099352795499945
762,881,119,0.119,0.345794413998723
770,885,115,0.115,0.3398358022607863
710,855,145,0.145,0.3510450937151909
784,892,108,0.108,0.356030833683908
702,851,149,0.149,0.3696678253784776
764,882,118,0.118,0.34492082986235617
718,859,141,0.141,0.37165107887983323
780,890,110,0.11,0.35539072248339654
822,911,89,0.089,0.34375295118242505
774,887,113,0.113,0.3542174717583694
744,872,128,0.128,0.34640131548978387
792,896,104,0.104,0.34831234366446734
762,881,119,0.119,0.35383092410862443
780,890,110,0.11,0.3648816074542701
762,881,119,0.119,0.38704766356945036
762,881,119,0.119,0.38514112079143525
740,870,130,0.13,0.4113600001116283
832,916,84,0.084,0.42348353124929783
766,883,117,0.117,0.43638329789042474
748,874,126,0.126,0.4579594579637051
756,878,122,0.122,0.47366633992269636
812,906,94,0.094,0.47043344164163964
760,880,120,0.12,0.4790006154179573
734,867,133,0.133,0.47701776279509067
790,895,105,0.105,0.4584008325024229
734,867,133,0.133,0.4565567449619266
694,847,153,0.153,0.45372414384782317
790,895,105,0.105,0.44405031004548073
746,873,127,0.127,0.43908805820159613
744,872,128,0.128,0.46155927692353726
788,894,106,0.106,0.4546382175683975
730,865,135,0.135,0.46408465833961965
738,869,131,0.131,0.47120325956493614
690,845,155,0.155,0.4864658319680835
786,893,107,0.107,0.47181412632763386
726,863,137,0.137,0.48698131056129934
738,869,131,0.131,0.46348175407759845
764,882,118,0.118,0.4830028479764369
778,889,111,0.111,0.4677751422524452
726,863,137,0.137,0.45216985392570497
810,905,95,0.095,0.43450077709928153
742,871,129,0.129,0.44077037358284
830,915,85,0.085,0.40577899783849714
812,906,94,0.094,0.3968826985241635
784,892,108,0.108,0.40298330660164355
730,865,135,0.135,0.41930069248657675
682,841,159,0.159,0.45221207712590694
784,892,108,0.108,0.4524815326221287
762,881,119,0.119,0.46347638418012505
772,886,114,0.114,0.46625859672110526
728,864,136,0.136,0.49976695875450966
752,876,124,0.124,0.5123737502098084
780,890,110,0.11,0.5065959343202412
766,883,117,0.117,0.5028634368926287
684,842,158,0.158,0.4980123838931322
772,886,114,0.114,0.4955974404712906
804,902,98,0.098,0.48818270739604486
782,891,109,0.109,0.4896307961940765
774,887,113,0.113,0.4874040368199348
774,887,113,0.113,0.49815638561546804
800,900,100,0.1,0.49890429063886405
792,896,104,0.104,0.5114070190340281
706,853,147,0.147,0.5180774267911911
690,845,155,0.155,0.5115601636421343
796,898,102,0.102,0.49405209757387636
750,875,125,0.125,0.49725735966450063
750,875,125,0.125,0.4927463704794645
756,878,122,0.122,0.489593153141439
810,905,95,0.095,0.47276610632240773
718,859,141,0.141,0.48860153208673
700,850,150,0.15,0.47789871055461847
706,853,147,0.147,0.47350550460815427
760,880,120,0.12,0.4712800780311227
744,872,128,0.128,0.48333222886919974
760,880,120,0.12,0.4601297370120883
750,875,125,0.125,0.45767143384739756
750,875,125,0.125,0.4609691328406334
684,842,158,0.158,0.4573603038787842
800,900,100,0.1,0.4140305978646502
736,868,132,0.132,0.42003936740756037
722,861,139,0.139,0.4117121001152536
740,870,130,0.13,0.39408719313144686
714,857,143,0.143,0.3803378525674343
756,878,122,0.122,0.3776367430314742
750,875,125,0.125,0.355879708036786
784,892,108,0.108,0.36444858797150664
742,871,129,0.129,0.3575512794405222
784,892,108,0.108,0.3475556389838457
724,862,138,0.138,0.35500066817040077
772,886,114,0.114,0.33861426761746405
732,866,134,0.134,0.33269100230187176
776,888,112,0.112,0.31936987663805483
782,891,109,0.109,0.30942445738613605
784,892,108,0.108,0.309551642999053
796,898,102,0.102,0.30662435518205167
778,889,111,0.111,0.31355946240201593
746,873,127,0.127,0.3299989156049278
746,873,127,0.127,0.33025633890926837
770,885,115,0.115,0.31466981445532294
800,900,100,0.1,0.32385390473902226
794,897,103,0.103,0.3303447473149071
754,877,123,0.123,0.3450855792313814
774,887,113,0.113,0.3662756258661393
814,907,93,0.093,0.361966762855649
746,873,127,0.127,0.3641497217481956
792,896,104,0.104,0.3664908615964814
730,865,135,0.135,0.373508007304978
782,891,109,0.109,0.371768508915053
740,870,130,0.13,0.4016271059332066
762,881,119,0.119,0.400666954793036
740,870,130,0.13,0.4225775892436504
736,868,132,0.132,0.4318571056872606
798,899,101,0.101,0.41945967499911785
780,890,110,0.11,0.41516087645385413
752,876,124,0.124,0.4258637999538332
726,863,137,0.137,0.4061418621093035
768,884,116,0.116,0.39219036023318765
754,877,123,0.123,0.35753722256422044
716,858,142,0.142,0.3691631240323186
756,878,122,0.122,0.3610996683910489
768,884,116,0.116,0.357421541698277
828,914,86,0.086,0.339755987405777
722,861,139,0.139,0.3365978292450309
756,878,122,0.122,0.3375267274714606
748,874,126,0.126,0.34136896604299544
834,917,83,0.083,0.331998712040484
758,879,121,0.121,0.3464814065545797
736,868,132,0.132,0.34734250919520854
758,879,121,0.121,0.3575722968429327
760,880,120,0.12,0.3749379316568375
758,879,121,0.121,0.40289110416919016
730,865,135,0.135,0.41221869882648027
776,888,112,0.112,0.4118261774480343
776,888,112,0.112,0.42047239844501016
774,887,113,0.113,0.4235048595602857
738,869,131,0.131,0.4352696078643203
786,893,107,0.107,0.42513693719357254
776,888,112,0.112,0.4174703089549948
744,872,128,0.128,0.42575253213290126
770,885,115,0.115,0.4334007292538881
696,848,152,0.152,0.4330002436871255
732,866,134,0.134,0.4374476639330387
720,860,140,0.14,0.42701329396665094
776,888,112,0.112,0.4278763270825148
770,885,115,0.115,0.4286933797299863
780,890,110,0.11,0.4139838905185461
786,893,107,0.107,0.4001111392620951
802,901,99,0.099,0.3800224859563459
750,875,125,0.125,0.37804682904994114
742,871,129,0.129,0.38496604009717705
802,901,99,0.099,0.3933015081733465
772,886,114,0.114,0.39333101290591005
796,898,102,0.102,0.37818500557541845
776,888,112,0.112,0.4122535420784843
750,875,125,0.125,0.43508799774572254
748,874,126,0.126,0.44211914865672586
702,851,149,0.149,0.4654802803993225
770,885,115,0.115,0.495252862803638
738,869,131,0.131,0.5218354609180241
708,854,146,0.146,0.5169448090791702
716,858,142,0.142,0.5153618598133327
706,853,147,0.147,0.517350471496582
744,872,128,0.128,0.4766370776088522
728,864,136,0.136,0.486333514507942
788,894,106,0.106,0.4707286739135128
736,868,132,0.132,0.43416631599701944
776,888,112,0.112,0.4129332057833672
680,840,160,0.16,0.4320588786303997
762,881,119,0.119,0.4139994158865884
760,880,120,0.12,0.3937904237173498
742,871,129,0.129,0.3877815180961043
734,867,133,0.133,0.39139157511666417
752,876,124,0.124,0.3950358557337895
760,880,120,0.12,0.39934755267202854
774,887,113,0.113,0.40021686819195745
764,882,118,0.118,0.3942772546708584
708,854,146,0.146,0.4020552186891437
696,848,152,0.152,0.43388867351412774
820,910,90,0.09,0.391564602936443
778,889,111,0.111,0.3995350802242756
788,894,106,0.106,0.4000544895976782
796,898,102,0.102,0.3924066604020809
780,890,110,0.11,0.37622016470456765
762,881,119,0.119,0.38425582215189935
714,857,143,0.143,0.390467510715127
722,861,139,0.139,0.37861712032184003
768,884,116,0.116,0.375808735050261
764,882,118,0.118,0.38333672980964184
754,877,123,0.123,0.3787834837464936
714,857,143,0.143,0.3845375299677253
774,887,113,0.113,0.3764400598288048
734,867,133,0.133,0.3913380750975339
772,886,114,0.114,0.36456915049254895
750,875,125,0.125,0.392087322643958
764,882,118,0.118,0.3842287811483839
712,856,144,0.144,0.3841438642144203
760,880,120,0.12,0.4000830333083868
754,877,123,0.123,0.42056541573256256
782,891,109,0.109,0.40358848655130714
752,876,124,0.124,0.40752439174056654
738,869,131,0.131,0.4221375775039196
770,885,115,0.115,0.39294671584665775
726,863,137,0.137,0.4018795372906661
748,874,126,0.126,0.3950343029797077
784,892,108,0.108,0.3865466010812735
814,907,93,0.093,0.39125095533696
818,909,91,0.091,0.3747868963079527
736,868,132,0.132,0.378973811134696
794,897,103,0.103,0.36218763545155525
804,902,98,0.098,0.32119820635020735
760,880,120,0.12,0.3343593417277146
732,866,134,0.134,0.335415981516242
792,896,104,0.104,0.29856180080005695
758,879,121,0.121,0.30899592182040214
776,888,112,0.112,0.3104615901932124
772,886,114,0.114,0.318556388437748
732,866,134,0.134,0.32296335006938354
736,868,132,0.132,0.3341819354444742
770,885,115,0.115,0.3385917618721724
790,895,105,0.105,0.3257266630530357
794,897,103,0.103,0.3319774182662368
726,863,137,0.137,0.3246241604940851
750,875,125,0.125,0.31218875271826985
860,930,70,0.07,0.29224869738519194
764,882,118,0.118,0.3074824816398323
738,869,131,0.131,0.3084061878323555
808,904,96,0.096,0.31252011910546573
756,878,122,0.122,0.31457024223171176
770,885,115,0.115,0.32736908615008
798,899,101,0.101,0.3518593414751813
744,872,128,0.128,0.3747873625308275
754,877,123,0.123,0.37117897408364775
746,873,127,0.127,0.36689260962605474
766,883,117,0.117,0.4011365492939949
822,911,89,0.089,0.3994048859663308
732,866,134,0.134,0.41025916062883333
712,856,144,0.144,0.40942279926128683
778,889,111,0.111,0.42018520798165426
790,895,105,0.105,0.42457906015217306
748,874,126,0.126,0.43760336057663746
730,865,135,0.135,0.42628620064258577
724,862,138,0.138,0.4379331103089769
750,875,125,0.125,0.4376055950820446
708,854,146,0.146,0.4536346230953932
824,912,88,0.088,0.4449897254705429
796,898,102,0.102,0.45357635960076004
790,895,105,0.105,0.4521883017271757
732,866,134,0.134,0.4532012745525644
792,896,104,0.104,0.43343343650002497
796,898,102,0.102,0.43288179963827134
736,868,132,0.132,0.42572107359021905
738,869,131,0.131,0.43688293761097885
736,868,132,0.132,0.4315725156068802
752,876,124,0.124,0.4818787241936661
736,868,132,0.132,0.5151833159327507
784,892,108,0.108,0.5090339048057795
722,861,139,0.139,0.5217666116394103
774,887,113,0.113,0.5247261719703674
754,877,123,0.123,0.5251055255001794
762,881,119,0.119,0.5133799604773521
744,872,128,0.128,0.5160670225464759
790,895,105,0.105,0.5103341727852821
756,878,122,0.122,0.49690787664055824
810,905,95,0.095,0.506809619858861
714,857,143,0.143,0.5247940940144472
742,871,129,0.129,0.5570179879523275
760,880,120,0.12,0.5656224592775106
716,858,142,0.142,0.5654565912851831
700,850,150,0.15,0.5722407192438841
750,875,125,0.125,0.5764517567306757
754,877,123,0.123,0.5618627931624651
750,875,125,0.125,0.5653374889148399
784,892,108,0.108,0.5547866964936257
740,870,130,0.13,0.542488819296836
778,889,111,0.111,0.5431708092540503
752,876,124,0.124,0.5508580667674542
776,888,112,0.112,0.5261503219008445
748,874,126,0.126,0.5312540276309677
744,872,128,0.128,0.5375982861099765
756,878,122,0.122,0.5411879189498723
756,878,122,0.122,0.532355358172208
748,874,126,0.126,0.5501929384507239
826,913,87,0.087,0.5450378625392914
756,878,122,0.122,0.547840606994927
802,901,99,0.099,0.5534898807406425
756,878,122,0.122,0.5834243529587984
784,892,108,0.108,0.5873508734107018
802,901,99,0.099,0.5862357224524021
722,861,139,0.139,0.6059984223470092
668,834,166,0.166,0.6212685667603218
780,890,110,0.11,0.631428315937519
772,886,114,0.114,0.6209614719455713
782,891,109,0.109,0.6198185868136498
768,884,116,0.116,0.6126821200732494
768,884,116,0.116,0.6153267709165812
804,902,98,0.098,0.613443049851805
760,880,120,0.12,0.6142525165975093
668,834,166,0.166,0.6466250968426466
762,881,119,0.119,0.6544632145762443
740,870,130,0.13,0.649090038716793
766,883,117,0.117,0.6586731477370834
772,886,114,0.114,0.675957359231339
720,860,140,0.14,0.7255208002924919
716,858,142,0.142,0.7274394061973771
740,870,130,0.13,0.7255206219404936
746,873,127,0.127,0.7822572341263294
720,860,140,0.14,0.7947637647092343
710,855,145,0.145,0.7950895521938801
754,877,123,0.123,0.7985330627560615
752,876,124,0.124,0.7991293917298317
696,848,152,0.152,0.79672039103508
726,863,137,0.137,0.7897785176932812
764,882,118,0.118,0.7772343425771105
770,885,115,0.115,0.7181320884823799
696,848,152,0.152,0.7130232181847096
706,853,147,0.147,0.7134050066174449
772,886,114,0.114,0.6933599816672504
664,832,168,0.168,0.7042694091051817
758,879,121,0.121,0.6950706694424152
768,884,116,0.116,0.6932867940962315
766,883,117,0.117,0.7038962124586106
788,894,106,0.106,0.678142675361596
698,849,151,0.151,0.6646281012666877
692,846,154,0.154,0.6742610332672775
756,878,122,0.122,0.6796150826811791
782,891,109,0.109,0.7199954116046429
766,883,117,0.117,0.7067717482287943
714,857,143,0.143,0.7397899981141091
782,891,109,0.109,0.7126868806660641
702,851,149,0.149,0.7297400702610612
710,855,145,0.145,0.7408205372989177
718,859,141,0.141,0.7492228947281837
802,901,99,0.099,0.737568013176322
718,859,141,0.141,0.7445130908489227
708,854,146,0.146,0.7524482309222221
744,872,128,0.128,0.7287692344635726
774,887,113,0.113,0.7347036881452036
738,869,131,0.131,0.6869999074935913
748,874,126,0.126,0.6757642819583416
706,853,147,0.147,0.6287594537719424
756,878,122,0.122,0.6285912424415976
702,851,149,0.149,0.6109912743568471
716,858,142,0.142,0.6074932026863098
750,875,125,0.125,0.5980280975848437
756,878,122,0.122,0.5802591267002135
784,892,108,0.108,0.5450888658650219
726,863,137,0.137,0.5591408972665668
758,879,121,0.121,0.5349559921622277
720,860,140,0.14,0.5283094554618001
788,894,106,0.106,0.5236101169856265
758,879,121,0.121,0.5255820602178574
748,874,126,0.126,0.5375580835044385
700,850,150,0.15,0.5198085658529308
732,866,134,0.134,0.5108969034207985
786,893,107,0.107,0.5142797096120194
744,872,128,0.128,0.515627470716834
788,894,106,0.106,0.510785735718906
744,872,128,0.128,0.5280040774825029
754,877,123,0.123,0.5157745902352036
754,877,123,0.123,0.5156287224600091
730,865,135,0.135,0.5073316423596181
772,886,114,0.114,0.4925755640985444
728,864,136,0.136,0.4875732018611743
784,892,108,0.108,0.472413011983037
720,860,140,0.14,0.4818983986613166
722,861,139,0.139,0.4527753414998572
772,886,114,0.114,0.44280303992331027
738,869,131,0.131,0.44617175741493703
800,900,100,0.1,0.43519842895716165
764,882,118,0.118,0.4254536570105959
708,854,146,0.146,0.4313607850223855
800,900,100,0.1,0.41460573593977207
764,882,118,0.118,0.4098207640275359
788,894,106,0.106,0.40879426439106464
722,861,139,0.139,0.41766184819489716
786,893,107,0.107,0.4201630531549454
794,897,103,0.103,0.4120224644988775
732,866,134,0.134,0.41165898221731184
