log_avg_ept_score,log_avg_succ_req,log_avg_blk_req,log_avg_BP_req,log_avg_entropy
322,661,339,0.339,1.6075934400558471
240,620,380,0.38,1.6076183857917785
250,625,375,0.375,1.607601021051407
312,656,344,0.344,1.6075884387493133
310,655,345,0.345,1.6075654430389403
306,653,347,0.347,1.6075383747816085
294,647,353,0.353,1.607549173951149
260,630,370,0.37,1.607578157067299
242,621,379,0.379,1.6074337199926376
318,659,341,0.341,1.6074363008737564
302,651,349,0.349,1.6074414455890655
340,670,330,0.33,1.6074021475315095
250,625,375,0.375,1.6072710899114608
246,623,377,0.377,1.607317288994789
228,614,386,0.386,1.6072711654901504
320,660,340,0.34,1.6072824590206147
272,636,364,0.364,1.607172842502594
216,608,392,0.392,1.607130482673645
362,681,319,0.319,1.6070838165283203
304,652,348,0.348,1.607125018954277
264,632,368,0.368,1.6069173617362975
332,666,334,0.334,1.606867322087288
272,636,364,0.364,1.6068676381111144
226,613,387,0.387,1.6069381155967712
258,629,371,0.371,1.6068013601303102
236,618,382,0.382,1.606726774573326
280,640,360,0.36,1.606728833436966
256,628,372,0.372,1.6067404166460038
266,633,367,0.367,1.6065347319841385
358,679,321,0.321,1.6064732774496078
322,661,339,0.339,1.6064901354312897
210,605,395,0.395,1.6064279774427415
298,649,351,0.351,1.606069751381874
340,670,330,0.33,1.6062287365198136
290,645,355,0.355,1.6059849828481674
304,652,348,0.348,1.6059773460626603
276,638,362,0.362,1.6056781101226807
298,649,351,0.351,1.6057034838199615
320,660,340,0.34,1.6055985668897628
276,638,362,0.362,1.605542828440666
272,636,364,0.364,1.605253740310669
300,650,350,0.35,1.6050784081220626
268,634,366,0.366,1.6049762494564057
276,638,362,0.362,1.6048238761425018
286,643,357,0.357,1.6041943769454956
288,644,356,0.356,1.6041245640516282
334,667,333,0.333,1.6039422413110733
316,658,342,0.342,1.604069437980652
304,652,348,0.348,1.6035195002555847
266,633,367,0.367,1.6034360961914063
266,633,367,0.367,1.6031376534700394
348,674,326,0.326,1.602883727312088
302,651,349,0.349,1.6015307319164276
296,648,352,0.352,1.6012503410577774
284,642,358,0.358,1.601314016342163
288,644,356,0.356,1.60122254550457
330,665,335,0.335,1.5985387283563615
322,661,339,0.339,1.5980754630565643
274,637,363,0.363,1.5976879827976227
366,683,317,0.317,1.5976445800065995
302,651,349,0.349,1.5951941628456117
312,656,344,0.344,1.59465762090683
298,649,351,0.351,1.5926727755069732
402,701,299,0.299,1.5926074563264847
308,654,346,0.346,1.5912939456701278
314,657,343,0.343,1.588644122838974
376,688,312,0.312,1.58639786529541
324,662,338,0.338,1.5870181230306626
342,671,329,0.329,1.58318256855011
250,625,375,0.375,1.5830524719953536
320,660,340,0.34,1.5765098481178283
310,655,345,0.345,1.5780307289361954
340,670,330,0.33,1.5674624803066253
332,666,334,0.334,1.5644923397302628
318,659,341,0.341,1.558987035036087
348,674,326,0.326,1.5627019646167755
344,672,328,0.328,1.548496776819229
326,663,337,0.337,1.534493086695671
312,656,344,0.344,1.524914757847786
358,679,321,0.321,1.5281479083299636
418,709,291,0.291,1.497323301613331
382,691,309,0.309,1.4768550708293915
402,701,299,0.299,1.464547994017601
372,686,314,0.314,1.4637658031582832
414,707,293,0.293,1.4336681244373322
442,721,279,0.279,1.4047023019194602
408,704,296,0.296,1.3990889082551003
364,682,318,0.318,1.3960406700372696
366,683,317,0.317,1.390248041152954
364,682,318,0.318,1.3843942552804946
382,691,309,0.309,1.3573717653155326
446,723,277,0.277,1.3399000763893127
490,745,255,0.255,1.3092823528647424
414,707,293,0.293,1.271513303041458
476,738,262,0.262,1.2348363883197309
492,746,254,0.254,1.2246653296947478
550,775,225,0.225,1.1469120922088623
536,768,232,0.232,1.1077284106314182
554,777,223,0.223,1.068713674247265
520,760,240,0.24,1.0782623443007469
564,782,218,0.218,1.0418863459825516
570,785,215,0.215,1.0139917623102666
610,805,195,0.195,0.9887381418943405
628,814,186,0.186,0.9756927183568478
568,784,216,0.216,0.9569748722910881
584,792,208,0.208,0.9093266272544861
552,776,224,0.224,0.8617092421650887
576,788,212,0.212,0.8289071254506707
574,787,213,0.213,0.8037458766698837
630,815,185,0.185,0.714476113177836
616,808,192,0.192,0.6371515864729881
612,806,194,0.194,0.6417978768311441
638,819,181,0.181,0.5907790847048163
678,839,161,0.161,0.4084662230842514
746,873,127,0.127,0.3677390496989246
690,845,155,0.155,0.3848504376242781
668,834,166,0.166,0.35319141953731015
688,844,156,0.156,0.33465481999492475
658,829,171,0.171,0.2644127164876554
724,862,138,0.138,0.24900481156507157
658,829,171,0.171,0.28372795173296983
696,848,152,0.152,0.21831268149852986
726,863,137,0.137,0.23218214182929658
662,831,169,0.169,0.2506712803894916
720,860,140,0.14,0.2131071485073626
708,854,146,0.146,0.2031580926385941
744,872,128,0.128,0.2131436224510835
744,872,128,0.128,0.18765445027750685
638,819,181,0.181,0.2413144086781831
702,851,149,0.149,0.18284201439912431
702,851,149,0.149,0.20474835232672922
770,885,115,0.115,0.18009682116356454
712,856,144,0.144,0.1803062009137975
710,855,145,0.145,0.20331197525387687
698,849,151,0.151,0.21121446540259786
740,870,130,0.13,0.19634810317098708
706,853,147,0.147,0.18511536445414914
736,868,132,0.132,0.18781660167545125
680,840,160,0.16,0.1980241631579629
678,839,161,0.161,0.2006105544121201
680,840,160,0.16,0.18724895400222158
740,870,130,0.13,0.1906669285125572
720,860,140,0.14,0.17766501701522794
672,836,164,0.164,0.2424756631482087
668,834,166,0.166,0.231644963567378
688,844,156,0.156,0.17233078923601625
646,823,177,0.177,0.1807142627423864
708,854,146,0.146,0.17675837612437886
656,828,172,0.172,0.21614221404244016
708,854,146,0.146,0.1435680320284664
712,856,144,0.144,0.1700494470915437
692,846,154,0.154,0.14467167478182455
686,843,157,0.157,0.153312960801758
710,855,145,0.145,0.16881314413067594
744,872,128,0.128,0.13965357328185246
718,859,141,0.141,0.15084393512637417
716,858,142,0.142,0.144322720706672
746,873,127,0.127,0.1394298676077883
752,876,124,0.124,0.1316786693770164
688,844,156,0.156,0.1574962774267906
764,882,118,0.118,0.12402114463757971
718,859,141,0.141,0.14458592738209405
740,870,130,0.13,0.12527300176811407
696,848,152,0.152,0.1145850747588286
760,880,120,0.12,0.1170552352566699
718,859,141,0.141,0.1250102064204238
702,851,149,0.149,0.10374878237158316
756,878,122,0.122,0.10913010035381397
742,871,129,0.129,0.11506792592429312
704,852,148,0.148,0.10806682302101342
718,859,141,0.141,0.10869343775880441
712,856,144,0.144,0.1312712533946176
676,838,162,0.162,0.12768181106681903
704,852,148,0.148,0.10510543756315108
698,849,151,0.151,0.11815017201045362
712,856,144,0.144,0.11835315731413674
670,835,165,0.165,0.12684359309225135
744,872,128,0.128,0.08741427367097686
676,838,162,0.162,0.1341738493962224
760,880,120,0.12,0.10865705582806647
714,857,143,0.143,0.11640273843171872
674,837,163,0.163,0.1106224213765517
716,858,142,0.142,0.10826178336776525
660,830,170,0.17,0.12994285539171208
772,886,114,0.114,0.11708317727203363
664,832,168,0.168,0.12669936285864275
704,852,148,0.148,0.10821519964065829
696,848,152,0.152,0.130898214194532
730,865,135,0.135,0.10625017137101708
708,854,146,0.146,0.1008383125464669
734,867,133,0.133,0.10215705725146426
722,861,139,0.139,0.09203173051301597
746,873,127,0.127,0.08724444730816484
746,873,127,0.127,0.1047702319219812
690,845,155,0.155,0.10326935998051394
658,829,171,0.171,0.10486581349830859
724,862,138,0.138,0.07834358341135333
694,847,153,0.153,0.11534999610471465
690,845,155,0.155,0.10369594940654611
764,882,118,0.118,0.08367539208527289
692,846,154,0.154,0.10303947252448847
756,878,122,0.122,0.0850065439150722
740,870,130,0.13,0.09132444545291644
694,847,153,0.153,0.1030418399968226
736,868,132,0.132,0.08346766703959349
738,869,131,0.131,0.07794084634200699
698,849,151,0.151,0.08125410307671131
698,849,151,0.151,0.09597636297571552
768,884,116,0.116,0.07673863903156297
694,847,153,0.153,0.0863670064330718
688,844,156,0.156,0.09099704700013392
688,844,156,0.156,0.06974277563789645
714,857,143,0.143,0.07400517993586057
728,864,136,0.136,0.07514465102947623
708,854,146,0.146,0.07961912076284501
712,856,144,0.144,0.07855890165977925
758,879,121,0.121,0.06588000798878214
732,866,134,0.134,0.0694707952556962
716,858,142,0.142,0.07184958231916107
754,877,123,0.123,0.05692405271809737
770,885,115,0.115,0.0495480257006467
730,865,135,0.135,0.0536999395193027
694,847,153,0.153,0.051336186421304476
694,847,153,0.153,0.056833585712010345
714,857,143,0.143,0.06966609185102418
702,851,149,0.149,0.06015067265138043
732,866,134,0.134,0.050740507024148104
736,868,132,0.132,0.046344486588126156
694,847,153,0.153,0.05564204876441221
726,863,137,0.137,0.055687765777941794
762,881,119,0.119,0.05430447457454785
730,865,135,0.135,0.040206223522512984
724,862,138,0.138,0.06774106061513274
732,866,134,0.134,0.0552706778953856
692,846,154,0.154,0.05171691651658655
664,832,168,0.168,0.06007799988126355
662,831,169,0.169,0.061202314265470466
700,850,150,0.15,0.05877388019672408
726,863,137,0.137,0.05087650573469114
728,864,136,0.136,0.05977023442464089
738,869,131,0.131,0.058106277354453395
744,872,128,0.128,0.05165067886254494
738,869,131,0.131,0.04753941065294556
712,856,144,0.144,0.06497078959866195
716,858,142,0.142,0.058159282552709995
712,856,144,0.144,0.06725834888574549
742,871,129,0.129,0.058763909921323076
710,855,145,0.145,0.05495217773927314
790,895,105,0.105,0.05071950356286581
794,897,103,0.103,0.04365440751663044
746,873,127,0.127,0.06656503897347572
692,846,154,0.154,0.06916883070203124
732,866,134,0.134,0.0536509311657881
718,859,141,0.141,0.06997073038064007
694,847,153,0.153,0.07125307767556519
710,855,145,0.145,0.06738515083272875
690,845,155,0.155,0.06689106030791571
712,856,144,0.144,0.04763151459964988
786,893,107,0.107,0.04875343735595487
730,865,135,0.135,0.056339338692756286
740,870,130,0.13,0.04825135431317962
748,874,126,0.126,0.06627045025820584
774,887,113,0.113,0.046265559336340974
762,881,119,0.119,0.03898099456270485
710,855,145,0.145,0.04416925716006831
774,887,113,0.113,0.05043690251013791
718,859,141,0.141,0.0541913336057678
716,858,142,0.142,0.06576202010760857
730,865,135,0.135,0.04249477343959975
706,853,147,0.147,0.05347821461170237
714,857,143,0.143,0.07656912688002775
716,858,142,0.142,0.06505022799000885
748,874,126,0.126,0.05764753188419701
710,855,145,0.145,0.04716850861519173
674,837,163,0.163,0.06392830008563019
738,869,131,0.131,0.04691474778932208
736,868,132,0.132,0.04839804674147314
706,853,147,0.147,0.06362444894624317
750,875,125,0.125,0.045769700383636036
712,856,144,0.144,0.05661441147529354
768,884,116,0.116,0.04600484244648219
682,841,159,0.159,0.06575726920234376
774,887,113,0.113,0.0496084537790054
686,843,157,0.157,0.06132880604737926
718,859,141,0.141,0.060872274960936654
718,859,141,0.141,0.053475285032146644
676,838,162,0.162,0.06281181934629415
760,880,120,0.12,0.044507251012580996
706,853,147,0.147,0.03792251091524105
754,877,123,0.123,0.05082890308408601
758,879,121,0.121,0.04217587990148317
740,870,130,0.13,0.04524253444333073
756,878,122,0.122,0.04919511287120143
720,860,140,0.14,0.04848454517720407
732,866,134,0.134,0.050896825124995215
790,895,105,0.105,0.052454505024684676
698,849,151,0.151,0.05334272175733696
712,856,144,0.144,0.040976152684239694
752,876,124,0.124,0.04899552466724458
718,859,141,0.141,0.041741394693735674
690,845,155,0.155,0.05508928587182799
712,856,144,0.144,0.0394300931937757
700,850,150,0.15,0.04945709957892146
730,865,135,0.135,0.041089235526630005
688,844,156,0.156,0.04616314738831926
708,854,146,0.146,0.05005815839517769
720,860,140,0.14,0.043212799980362177
712,856,144,0.144,0.03671844420278369
692,846,154,0.154,0.04293735849604747
730,865,135,0.135,0.043612747172407824
688,844,156,0.156,0.04097262312898343
710,855,145,0.145,0.03387839418841561
702,851,149,0.149,0.03822560231215497
770,885,115,0.115,0.0431629153587252
776,888,112,0.112,0.04134604882319698
700,850,150,0.15,0.0359826390786202
738,869,131,0.131,0.035583829519168164
722,861,139,0.139,0.03897922963436594
678,839,161,0.161,0.039521200466643064
760,880,120,0.12,0.0388906904091001
714,857,143,0.143,0.03335657738282744
722,861,139,0.139,0.04167212952058543
748,874,126,0.126,0.026623955662294817
732,866,134,0.134,0.037378400702000124
744,872,128,0.128,0.03350870447413183
718,859,141,0.141,0.03729308205126044
732,866,134,0.134,0.029582374859931305
736,868,132,0.132,0.0333079180582415
750,875,125,0.125,0.033888810325735805
752,876,124,0.124,0.026873580253441418
782,891,109,0.109,0.030085373658124567
742,871,129,0.129,0.026633557405071357
704,852,148,0.148,0.039628899038699913
710,855,145,0.145,0.03043303770923461
744,872,128,0.128,0.030960053143894002
742,871,129,0.129,0.02203172425087965
736,868,132,0.132,0.0326946775616653
672,836,164,0.164,0.025274113238167133
766,883,117,0.117,0.031931646367348264
698,849,151,0.151,0.02921551913415064
718,859,141,0.141,0.029141828023091107
764,882,118,0.118,0.03009702001801311
744,872,128,0.128,0.027743339843862316
730,865,135,0.135,0.026858615640012757
690,845,155,0.155,0.03074095312641157
748,874,126,0.126,0.023899348362980105
732,866,134,0.134,0.025244024739610127
782,891,109,0.109,0.017768135192697456
710,855,145,0.145,0.029359296185057886
710,855,145,0.145,0.033104286547799885
690,845,155,0.155,0.03629118085323553
750,875,125,0.125,0.027715962589103284
748,874,126,0.126,0.028598422235182767
706,853,147,0.147,0.0281680527939225
760,880,120,0.12,0.025924296427625337
756,878,122,0.122,0.02023523175964711
712,856,144,0.144,0.02861315243176641
766,883,117,0.117,0.026875062482264327
736,868,132,0.132,0.026645072936081718
742,871,129,0.129,0.029621747220503095
680,840,160,0.16,0.034641932173617135
782,891,109,0.109,0.024832281601380103
684,842,158,0.158,0.027142356681549955
732,866,134,0.134,0.03436353016899663
806,903,97,0.097,0.022811036786847552
690,845,155,0.155,0.03270617820343375
748,874,126,0.126,0.029577713013579584
780,890,110,0.11,0.02151284619149213
730,865,135,0.135,0.028080023044193426
774,887,113,0.113,0.023078659923543354
702,851,149,0.149,0.027658453443452642
720,860,140,0.14,0.027839181475524468
770,885,115,0.115,0.024058265096959873
744,872,128,0.128,0.02391007096419571
704,852,148,0.148,0.02812872602523275
750,875,125,0.125,0.03131723776098272
736,868,132,0.132,0.028008488864199363
710,855,145,0.145,0.027259029561103803
756,878,122,0.122,0.03243920993032077
722,861,139,0.139,0.027176754282832165
674,837,163,0.163,0.03633398762738867
692,846,154,0.154,0.032545591056226425
738,869,131,0.131,0.031441154520439045
746,873,127,0.127,0.028498380236175506
778,889,111,0.111,0.029133882660321235
798,899,101,0.101,0.022596718132517693
760,880,120,0.12,0.027125773703430184
686,843,157,0.157,0.031707621974603487
718,859,141,0.141,0.03606364665477861
744,872,128,0.128,0.027790135974940098
668,834,166,0.166,0.04911718806210533
732,866,134,0.134,0.026359185341684167
716,858,142,0.142,0.027563222919463514
754,877,123,0.123,0.02332357967612343
718,859,141,0.141,0.021859043882868148
726,863,137,0.137,0.0286614635502534
700,850,150,0.15,0.0324081011926896
732,866,134,0.134,0.030185938522826007
682,841,159,0.159,0.030177585736914835
762,881,119,0.119,0.02844529285801815
738,869,131,0.131,0.02436122242931735
708,854,146,0.146,0.03193518478770802
710,855,145,0.145,0.02602844505423394
718,859,141,0.141,0.02745067445521049
740,870,130,0.13,0.029942083702527825
758,879,121,0.121,0.032452587064048063
716,858,142,0.142,0.029371613017728664
696,848,152,0.152,0.02727764570237838
702,851,149,0.149,0.025580907792247032
806,903,97,0.097,0.01938252570099904
812,906,94,0.094,0.0254118631740926
756,878,122,0.122,0.02284556408327164
758,879,121,0.121,0.032204775562624535
730,865,135,0.135,0.026935800603311192
760,880,120,0.12,0.025616527674043953
732,866,134,0.134,0.026667952455449808
736,868,132,0.132,0.019770674465390554
710,855,145,0.145,0.02637968173221546
732,866,134,0.134,0.025706794542605663
744,872,128,0.128,0.024551407854655025
726,863,137,0.137,0.030215857823859864
742,871,129,0.129,0.02752144625328188
734,867,133,0.133,0.029647958890039787
716,858,142,0.142,0.035828838707028354
706,853,147,0.147,0.030350953547771425
754,877,123,0.123,0.0262024203635861
716,858,142,0.142,0.03706516527537888
708,854,146,0.146,0.04107245257240404
716,858,142,0.142,0.03356492141501369
752,876,124,0.124,0.03233720388919821
752,876,124,0.124,0.02587902453587418
700,850,150,0.15,0.02796958950483875
740,870,130,0.13,0.029403618451238487
768,884,116,0.116,0.03372326797520897
688,844,156,0.156,0.03153513682791374
738,869,131,0.131,0.0288828661107453
754,877,123,0.123,0.029941516544318945
718,859,141,0.141,0.03286347767070711
706,853,147,0.147,0.031871844891588924
746,873,127,0.127,0.024785356218300605
684,842,158,0.158,0.02421192393245947
720,860,140,0.14,0.03378308890955755
768,884,116,0.116,0.02787241993295282
722,861,139,0.139,0.02428527172810051
768,884,116,0.116,0.029262126586616206
742,871,129,0.129,0.03108125461902202
812,906,94,0.094,0.02498130539044054
732,866,134,0.134,0.030332742559100182
738,869,131,0.131,0.02590584946389765
768,884,116,0.116,0.029280905154006873
722,861,139,0.139,0.028888224069926083
720,860,140,0.14,0.03279060723098773
740,870,130,0.13,0.02622911293177833
740,870,130,0.13,0.025315170978421363
714,857,143,0.143,0.032961110649898755
764,882,118,0.118,0.020652908696627635
748,874,126,0.126,0.03180338269578468
718,859,141,0.141,0.02266640228725251
708,854,146,0.146,0.026015199316853425
700,850,150,0.15,0.024242466989682937
696,848,152,0.152,0.021856264840312875
756,878,122,0.122,0.025919603320948725
738,869,131,0.131,0.02006258888101324
748,874,126,0.126,0.02173990968769442
772,886,114,0.114,0.018727060939915944
694,847,153,0.153,0.023609887599422875
752,876,124,0.124,0.02310642826899081
664,832,168,0.168,0.02013868354106468
776,888,112,0.112,0.02298390728144865
708,854,146,0.146,0.023507449461431577
704,852,148,0.148,0.021291191723794442
736,868,132,0.132,0.026069078696465325
680,840,160,0.16,0.02389164491444153
748,874,126,0.126,0.016466453344131295
744,872,128,0.128,0.029026168493710244
756,878,122,0.122,0.02579749280946099
746,873,127,0.127,0.02513246524192067
754,877,123,0.123,0.0232665712895446
796,898,102,0.102,0.02195208460650838
712,856,144,0.144,0.03078515564900995
694,847,153,0.153,0.027574003991344596
688,844,156,0.156,0.025589642358490806
746,873,127,0.127,0.01991627556648396
698,849,151,0.151,0.024205297270453372
814,907,93,0.093,0.023861766883122998
798,899,101,0.101,0.018813467034750658
788,894,106,0.106,0.023147222151499846
750,875,125,0.125,0.01927086115445695
648,824,176,0.176,0.023109141432187043
722,861,139,0.139,0.02223824611962131
698,849,151,0.151,0.025035356350527577
674,837,163,0.163,0.022572276988496426
710,855,145,0.145,0.023736849838976327
702,851,149,0.149,0.026333860252299134
718,859,141,0.141,0.026198090710327675
680,840,160,0.16,0.020876573312857475
632,816,184,0.184,0.027285340132835442
730,865,135,0.135,0.027165994807172068
788,894,106,0.106,0.028740584957353776
698,849,151,0.151,0.026477840832394264
734,867,133,0.133,0.03147710064605265
762,881,119,0.119,0.030335648310780713
698,849,151,0.151,0.03457637549208937
724,862,138,0.138,0.02389123574377132
720,860,140,0.14,0.030431771025176177
720,860,140,0.14,0.02882874392934498
798,899,101,0.101,0.02313992641708495
706,853,147,0.147,0.025142118297628146
724,862,138,0.138,0.02205935604419173
754,877,123,0.123,0.024603480307027723
764,882,118,0.118,0.021916478377414193
690,845,155,0.155,0.03090141869032753
722,861,139,0.139,0.020982132681267942
750,875,125,0.125,0.027905155804887997
754,877,123,0.123,0.02401498494323802
780,890,110,0.11,0.024384023503792505
712,856,144,0.144,0.01891463772588105
760,880,120,0.12,0.019357127585965132
768,884,116,0.116,0.016632440109080136
730,865,135,0.135,0.017040025365592015
708,854,146,0.146,0.021627321395770237
746,873,127,0.127,0.02078266449832384
736,868,132,0.132,0.024322216486227517
694,847,153,0.153,0.022415625503762925
742,871,129,0.129,0.018763015635636635
742,871,129,0.129,0.015568368636683474
772,886,114,0.114,0.020471565402717103
738,869,131,0.131,0.02612225858834779
734,867,133,0.133,0.015911966324821405
700,850,150,0.15,0.022269090070229113
692,846,154,0.154,0.019292575638322065
702,851,149,0.149,0.019426996297133414
730,865,135,0.135,0.016796292979958737
750,875,125,0.125,0.01521147425138355
770,885,115,0.115,0.013776785536062831
752,876,124,0.124,0.01235671339629478
690,845,155,0.155,0.01502719413480287
748,874,126,0.126,0.02240551437287945
798,899,101,0.101,0.014096483975294305
760,880,120,0.12,0.011966859096165877
714,857,143,0.143,0.015996226176193902
688,844,156,0.156,0.01591148585040011
716,858,142,0.142,0.01819126724197349
738,869,131,0.131,0.017366177804921237
772,886,114,0.114,0.018343954861210206
722,861,139,0.139,0.022505574029759202
772,886,114,0.114,0.013841811668463806
756,878,122,0.122,0.015384030040230059
754,877,123,0.123,0.014690095207068979
780,890,110,0.11,0.011085981688754657
764,882,118,0.118,0.01179017026634412
708,854,146,0.146,0.014196107174740532
704,852,148,0.148,0.010902636951269116
748,874,126,0.126,0.015432679190568309
742,871,129,0.129,0.014634139159944411
810,905,95,0.095,0.014186725776115168
728,864,136,0.136,0.013497322070183842
738,869,131,0.131,0.01201945495879481
662,831,169,0.169,0.016416724017335113
744,872,128,0.128,0.017073838701984114
758,879,121,0.121,0.01817294208036138
678,839,161,0.161,0.01688382883383936
756,878,122,0.122,0.019184770644749962
698,849,151,0.151,0.021824314859458467
728,864,136,0.136,0.020632595046023213
734,867,133,0.133,0.016776042817143916
688,844,156,0.156,0.01785666142950261
696,848,152,0.152,0.017734997623786938
762,881,119,0.119,0.023850914362241484
758,879,121,0.121,0.023725323208298406
746,873,127,0.127,0.018383008680885396
704,852,148,0.148,0.017574201088452965
714,857,143,0.143,0.01955570029510514
760,880,120,0.12,0.016795898782081493
780,890,110,0.11,0.02250712582126481
778,889,111,0.111,0.023624454202826557
728,864,136,0.136,0.023082623910058345
738,869,131,0.131,0.024021119482374856
768,884,116,0.116,0.022275548126790112
762,881,119,0.119,0.015969189292488296
746,873,127,0.127,0.027287719463911075
742,871,129,0.129,0.02089511115796273
766,883,117,0.117,0.020098330684200475
716,858,142,0.142,0.02137435136935882
774,887,113,0.113,0.021906483063406968
788,894,106,0.106,0.016350732113804212
714,857,143,0.143,0.02685819079514424
726,863,137,0.137,0.01674426067531715
730,865,135,0.135,0.0207994229873823
688,844,156,0.156,0.01691561903798086
760,880,120,0.12,0.02454046585613176
722,861,139,0.139,0.020988513287137807
726,863,137,0.137,0.017531162593540345
736,868,132,0.132,0.023031895633334513
714,857,143,0.143,0.013910122179869361
684,842,158,0.158,0.0202588499269434
724,862,138,0.138,0.017512406938564352
752,876,124,0.124,0.021543600820958332
708,854,146,0.146,0.013256143984936571
754,877,123,0.123,0.01511307765461028
722,861,139,0.139,0.019800766749850523
706,853,147,0.147,0.015101637039524518
732,866,134,0.134,0.017058319184683698
746,873,127,0.127,0.013646487834910204
718,859,141,0.141,0.022873243841927588
766,883,117,0.117,0.014925908675661617
712,856,144,0.144,0.017200845586260626
676,838,162,0.162,0.018968560480356233
696,848,152,0.152,0.01464751312665743
766,883,117,0.117,0.012824139111152391
770,885,115,0.115,0.01705360173078431
722,861,139,0.139,0.02134423086641108
760,880,120,0.12,0.012206377110844088
718,859,141,0.141,0.02032794213124684
726,863,137,0.137,0.017480205729767703
716,858,142,0.142,0.011180834521748466
654,827,173,0.173,0.016912569139096775
734,867,133,0.133,0.016704791463898985
762,881,119,0.119,0.016999617560070505
742,871,129,0.129,0.014052898694437233
722,861,139,0.139,0.022387679183610173
760,880,120,0.12,0.015519078241027728
740,870,130,0.13,0.02241848568529261
730,865,135,0.135,0.018592072295520297
714,857,143,0.143,0.017397436458827416
726,863,137,0.137,0.015604202266787211
754,877,123,0.123,0.01744586914298637
682,841,159,0.159,0.019384227907186087
694,847,153,0.153,0.023316133614376584
730,865,135,0.135,0.016449403764802882
736,868,132,0.132,0.014905169884384648
720,860,140,0.14,0.02161964732988707
734,867,133,0.133,0.013840706327332725
686,843,157,0.157,0.015063361350952079
728,864,136,0.136,0.01488148230772957
726,863,137,0.137,0.02395357567083876
766,883,117,0.117,0.018388152246367667
710,855,145,0.145,0.0174357228374068
758,879,121,0.121,0.018931579212326598
702,851,149,0.149,0.015952961951618518
720,860,140,0.14,0.01798607363682568
746,873,127,0.127,0.01557143212919344
720,860,140,0.14,0.019674923175091976
790,895,105,0.105,0.01864371271597703
752,876,124,0.124,0.01811742641728162
742,871,129,0.129,0.015500507248019829
742,871,129,0.129,0.02268618984679361
756,878,122,0.122,0.014833300920399367
704,852,148,0.148,0.013603969958933817
774,887,113,0.113,0.0178041709133646
724,862,138,0.138,0.015757879268466
690,845,155,0.155,0.015696526884927692
748,874,126,0.126,0.01817513452437173
740,870,130,0.13,0.01841189633578256
732,866,134,0.134,0.013161561507971313
704,852,148,0.148,0.010603859409495613
678,839,161,0.161,0.016081622103286477
752,876,124,0.124,0.015109707499174788
718,859,141,0.141,0.018718987463253883
744,872,128,0.128,0.014478686778095636
696,848,152,0.152,0.014663710788144727
774,887,113,0.113,0.01651689932309057
694,847,153,0.153,0.014131220198793983
724,862,138,0.138,0.01285303147799891
700,850,150,0.15,0.015562424450266447
728,864,136,0.136,0.017266925073080388
734,867,133,0.133,0.0126155120671351
718,859,141,0.141,0.011698758118512302
736,868,132,0.132,0.015412144011809048
692,846,154,0.154,0.014601429581460266
762,881,119,0.119,0.010921811994831984
724,862,138,0.138,0.013153725040990508
698,849,151,0.151,0.018839698730429746
682,841,159,0.159,0.012712530012214245
754,877,123,0.123,0.013225887972109092
744,872,128,0.128,0.01667179581815512
728,864,136,0.136,0.012888957866867912
780,890,110,0.11,0.012239111416579589
720,860,140,0.14,0.016466170871525604
732,866,134,0.134,0.018101063313445506
728,864,136,0.136,0.01518681881340035
726,863,137,0.137,0.014823380572017457
716,858,142,0.142,0.010991409174104775
744,872,128,0.128,0.013956122541589068
724,862,138,0.138,0.016544316653644003
784,892,108,0.108,0.017072001493858822
710,855,145,0.145,0.01402880079653599
752,876,124,0.124,0.011971849748795805
684,842,158,0.158,0.01513494766370556
744,872,128,0.128,0.01760178805283749
738,869,131,0.131,0.0187753024375548
718,859,141,0.141,0.017989583486145735
736,868,132,0.132,0.021591220754457296
722,861,139,0.139,0.014232972339850563
728,864,136,0.136,0.019268166761316024
680,840,160,0.16,0.0176785008576083
712,856,144,0.144,0.013887238746618706
746,873,127,0.127,0.020721004990024355
756,878,122,0.122,0.013352025071081741
720,860,140,0.14,0.014984935027858085
718,859,141,0.141,0.014096813094804489
748,874,126,0.126,0.017932770945703367
758,879,121,0.121,0.020684481132255458
782,891,109,0.109,0.013085585296708672
760,880,120,0.12,0.019598675592898587
736,868,132,0.132,0.012523785563444207
726,863,137,0.137,0.018501149417078394
770,885,115,0.115,0.011652676188403405
718,859,141,0.141,0.01771355707609355
782,891,109,0.109,0.016983658534332164
790,895,105,0.105,0.016335938451085937
748,874,126,0.126,0.0203348810569897
732,866,134,0.134,0.012261407439932042
704,852,148,0.148,0.012780475154375281
702,851,149,0.149,0.022129899664120926
684,842,158,0.158,0.0165982260687956
720,860,140,0.14,0.02008906179592836
750,875,125,0.125,0.021866679109088183
688,844,156,0.156,0.012868480169690798
736,868,132,0.132,0.01825143638880864
794,897,103,0.103,0.01823338891000961
738,869,131,0.131,0.017075386135196793
706,853,147,0.147,0.018737060879742258
782,891,109,0.109,0.018372616033582204
742,871,129,0.129,0.020874519174844893
726,863,137,0.137,0.020267536899281836
694,847,153,0.153,0.013255796435308028
732,866,134,0.134,0.01447594854031162
756,878,122,0.122,0.01672326808266122
696,848,152,0.152,0.01809123262689451
726,863,137,0.137,0.01438659325360605
762,881,119,0.119,0.01310922817991296
744,872,128,0.128,0.02216797828715316
688,844,156,0.156,0.012089362472814173
724,862,138,0.138,0.013617257108083963
710,855,145,0.145,0.015450385217825883
754,877,123,0.123,0.013080856590089653
762,881,119,0.119,0.013498246055282437
736,868,132,0.132,0.01504834016012299
704,852,148,0.148,0.01159503901758174
756,878,122,0.122,0.02166242643061962
754,877,123,0.123,0.009770748636574539
750,875,125,0.125,0.018154946460865445
742,871,129,0.129,0.013414986125992357
726,863,137,0.137,0.0179761529937506
782,891,109,0.109,0.014191323656640477
700,850,150,0.15,0.014200147514765135
766,883,117,0.117,0.010431802360508769
760,880,120,0.12,0.01474229280713611
666,833,167,0.167,0.014807087730462968
726,863,137,0.137,0.009508857029954599
732,866,134,0.134,0.01461037978587457
744,872,128,0.128,0.01144800340544174
690,845,155,0.155,0.012817128338837363
726,863,137,0.137,0.011356792959839495
738,869,131,0.131,0.010577020269693534
698,849,151,0.151,0.011058334282790185
720,860,140,0.14,0.014159246289004912
688,844,156,0.156,0.011607938393454005
708,854,146,0.146,0.010176425812608287
730,865,135,0.135,0.012605125297078744
692,846,154,0.154,0.01387454228594261
704,852,148,0.148,0.011296255035802616
776,888,112,0.112,0.011874521461994548
730,865,135,0.135,0.011792513506980512
744,872,128,0.128,0.010756728946878055
696,848,152,0.152,0.015382792703971276
644,822,178,0.178,0.010184140776804981
718,859,141,0.141,0.011597782952311831
766,883,117,0.117,0.0116634367055605
714,857,143,0.143,0.014118251157787384
694,847,153,0.153,0.011384537650783741
696,848,152,0.152,0.011324658782431727
740,870,130,0.13,0.015023354322996412
708,854,146,0.146,0.015053555328326425
684,842,158,0.158,0.019324638999005158
754,877,123,0.123,0.011288838742275771
750,875,125,0.125,0.014265230840909752
770,885,115,0.115,0.013023860473370093
744,872,128,0.128,0.020880179236013617
722,861,139,0.139,0.015613072784977916
718,859,141,0.141,0.01037550843241506
756,878,122,0.122,0.015374851176414751
740,870,130,0.13,0.01530393414092336
702,851,149,0.149,0.0150551658508479
672,836,164,0.164,0.014081426289715069
698,849,151,0.151,0.014276695455104474
730,865,135,0.135,0.014828769587776264
726,863,137,0.137,0.01861232832142285
794,897,103,0.103,0.019791256539303317
758,879,121,0.121,0.014892672313459173
720,860,140,0.14,0.012481831627401433
728,864,136,0.136,0.008746519200155234
740,870,130,0.13,0.013811747963256465
708,854,146,0.146,0.013786404317747681
732,866,134,0.134,0.01846817605111289
736,868,132,0.132,0.014954044654932431
744,872,128,0.128,0.013288508285513074
688,844,156,0.156,0.015606926865242543
770,885,115,0.115,0.015892848586468375
714,857,143,0.143,0.014091578185793069
746,873,127,0.127,0.01551075795644691
754,877,123,0.123,0.01589108185050304
714,857,143,0.143,0.015439972507077144
752,876,124,0.124,0.01633904254962212
704,852,148,0.148,0.023190385118004853
710,855,145,0.145,0.016498519514685
762,881,119,0.119,0.01864614856376292
700,850,150,0.15,0.01898524819765116
706,853,147,0.147,0.014800116112081966
724,862,138,0.138,0.0173807375125712
716,858,142,0.142,0.02178407250293047
706,853,147,0.147,0.016979932705346725
768,884,116,0.116,0.022323474130487284
714,857,143,0.143,0.013945448327882318
772,886,114,0.114,0.019828813600173772
766,883,117,0.117,0.01815378098672555
760,880,120,0.12,0.021033465718358072
718,859,141,0.141,0.02092117236074155
730,865,135,0.135,0.017478855240807945
716,858,142,0.142,0.020222916536698676
726,863,137,0.137,0.022760384286999738
734,867,133,0.133,0.01591580085307082
720,860,140,0.14,0.018710595591259618
748,874,126,0.126,0.016599310957911485
706,853,147,0.147,0.01743391001991573
706,853,147,0.147,0.022504365282606215
730,865,135,0.135,0.019951322513800763
768,884,116,0.116,0.01961680290706339
720,860,140,0.14,0.01756794729785901
722,861,139,0.139,0.01945780728780831
770,885,115,0.115,0.016508942548689974
724,862,138,0.138,0.012696277449798671
710,855,145,0.145,0.016941554106053417
698,849,151,0.151,0.025248318302692026
714,857,143,0.143,0.018706565332585995
802,901,99,0.099,0.012260371306526806
718,859,141,0.141,0.018501754319653514
686,843,157,0.157,0.015369410053137357
764,882,118,0.118,0.01964462424803969
772,886,114,0.114,0.02819097835558047
752,876,124,0.124,0.019980687279057805
782,891,109,0.109,0.019106889497168666
706,853,147,0.147,0.01530935193355606
740,870,130,0.13,0.016115521898763148
710,855,145,0.145,0.018912012725407067
752,876,124,0.124,0.017516007398954755
678,839,161,0.161,0.02158893615026078
700,850,150,0.15,0.018723201342874304
742,871,129,0.129,0.01582472338819241
692,846,154,0.154,0.015432979331346701
736,868,132,0.132,0.018502049711221616
730,865,135,0.135,0.017254490194277893
742,871,129,0.129,0.018034159651833546
734,867,133,0.133,0.018014866237058457
722,861,139,0.139,0.019755885579018893
722,861,139,0.139,0.01790491691037475
724,862,138,0.138,0.026020975246845525
702,851,149,0.149,0.02006523901801161
746,873,127,0.127,0.025396766360594198
758,879,121,0.121,0.018762850000823433
696,848,152,0.152,0.020951887240901072
762,881,119,0.119,0.01923941274564615
732,866,134,0.134,0.02002089412622874
758,879,121,0.121,0.017596915812581528
750,875,125,0.125,0.01935501333572307
738,869,131,0.131,0.01762738847309704
734,867,133,0.133,0.025711153983872904
748,874,126,0.126,0.023830865781805002
754,877,123,0.123,0.014827471168495634
680,840,160,0.16,0.013022199629712376
706,853,147,0.147,0.017333484382546543
782,891,109,0.109,0.013617708823504798
754,877,123,0.123,0.011929103922447793
666,833,167,0.167,0.012043715589940844
694,847,153,0.153,0.012209953336624509
742,871,129,0.129,0.014917767661710017
726,863,137,0.137,0.01875679620726454
710,855,145,0.145,0.012314215992688176
766,883,117,0.117,0.016057452879814648
750,875,125,0.125,0.013629158903864238
730,865,135,0.135,0.0174824621794218
656,828,172,0.172,0.018351962574711805
748,874,126,0.126,0.013756541165708328
724,862,138,0.138,0.017274656797150557
750,875,125,0.125,0.0157391726071786
762,881,119,0.119,0.009813789398652574
738,869,131,0.131,0.014867035874133763
708,854,146,0.146,0.013222450267116614
742,871,129,0.129,0.01760530188446404
722,861,139,0.139,0.009450291298715868
748,874,126,0.126,0.02437971855454316
694,847,153,0.153,0.014560642100078994
752,876,124,0.124,0.01753131223864571
714,857,143,0.143,0.016248800475900296
724,862,138,0.138,0.0185839273059015
744,872,128,0.128,0.008387439608233195
744,872,128,0.128,0.019395732139921337
736,868,132,0.132,0.014061158038368347
734,867,133,0.133,0.017636658446163352
674,837,163,0.163,0.01544443832858157
746,873,127,0.127,0.015563548587905344
772,886,114,0.114,0.013891979450754804
736,868,132,0.132,0.010235472113722508
688,844,156,0.156,0.012420660524225269
744,872,128,0.128,0.01824464398199349
756,878,122,0.122,0.012399582945338609
666,833,167,0.167,0.01824244287632237
768,884,116,0.116,0.020051172653566526
716,858,142,0.142,0.016550164625370116
698,849,151,0.151,0.013288154175939823
760,880,120,0.12,0.017511358209175498
648,824,176,0.176,0.01337341725492405
730,865,135,0.135,0.014524858218285289
738,869,131,0.131,0.017395869105669846
758,879,121,0.121,0.01655164045963164
754,877,123,0.123,0.015877820923398234
692,846,154,0.154,0.015548507290114727
708,854,146,0.146,0.012074240841306476
772,886,114,0.114,0.00989288330060566
726,863,137,0.137,0.015527190718754469
708,854,146,0.146,0.011745339046541105
756,878,122,0.122,0.014654168980231233
686,843,157,0.157,0.013993556741639282
722,861,139,0.139,0.017881972481054362
734,867,133,0.133,0.017828040659567564
758,879,121,0.121,0.019090648591663054
754,877,123,0.123,0.00973883955769483
680,840,160,0.16,0.012268853773839083
778,889,111,0.111,0.015015208685545716
750,875,125,0.125,0.011912234632890489
700,850,150,0.15,0.015867201413715917
746,873,127,0.127,0.01847608323118118
768,884,116,0.116,0.009274383056286766
698,849,151,0.151,0.012321701133493037
732,866,134,0.134,0.011852085386784821
734,867,133,0.133,0.015872911255249464
738,869,131,0.131,0.01839046341221153
734,867,133,0.133,0.013012104124641311
644,822,178,0.178,0.01548168353158701
756,878,122,0.122,0.01462276233272918
688,844,156,0.156,0.016522703459246814
732,866,134,0.134,0.022753835535026
740,870,130,0.13,0.01677473876854626
718,859,141,0.141,0.010520561553133205
736,868,132,0.132,0.018203970032490233
700,850,150,0.15,0.01682210364679696
736,868,132,0.132,0.017969561691186756
762,881,119,0.119,0.01337320829144673
654,827,173,0.173,0.015926170289466482
702,851,149,0.149,0.01647457916445842
758,879,121,0.121,0.017886909649044654
700,850,150,0.15,0.01366545901713856
672,836,164,0.164,0.013590198391824742
780,890,110,0.11,0.014588677887869977
708,854,146,0.146,0.013183405098986682
766,883,117,0.117,0.017989455179157902
754,877,123,0.123,0.013135881213325717
736,868,132,0.132,0.014251790204052
734,867,133,0.133,0.015172608848250732
744,872,128,0.128,0.01610537557445865
738,869,131,0.131,0.014870482472130818
722,861,139,0.139,0.013413257239071982
760,880,120,0.12,0.01867252113061505
752,876,124,0.124,0.01414877686699532
758,879,121,0.121,0.015572058409360778
674,837,163,0.163,0.01705124840763439
700,850,150,0.15,0.010535999901774645
736,868,132,0.132,0.011909001019807177
774,887,113,0.113,0.015104871844623589
754,877,123,0.123,0.014663461016890807
758,879,121,0.121,0.015013229366490464
710,855,145,0.145,0.023124251796001388
706,853,147,0.147,0.01821037512307882
776,888,112,0.112,0.011950649530278341
666,833,167,0.167,0.01385659344715708
742,871,129,0.129,0.013292122149039258
732,866,134,0.134,0.012339966222216815
734,867,133,0.133,0.013958437232785087
742,871,129,0.129,0.018800827247273232
762,881,119,0.119,0.010111016179628535
774,887,113,0.113,0.012701010912687749
732,866,134,0.134,0.01369334261079335
708,854,146,0.146,0.013333136270635407
754,877,123,0.123,0.008728134836829042
724,862,138,0.138,0.01430310815192233
708,854,146,0.146,0.012453118175074792
708,854,146,0.146,0.014375082996631249
766,883,117,0.117,0.01474962199158243
760,880,120,0.12,0.013271473181538795
740,870,130,0.13,0.016814861791334904
706,853,147,0.147,0.015986075800451444
756,878,122,0.122,0.013318993682254443
736,868,132,0.132,0.019747379856514542
746,873,127,0.127,0.014527311470389988
734,867,133,0.133,0.018927235066316384
744,872,128,0.128,0.017160799857037404
696,848,152,0.152,0.01630246791404015
764,882,118,0.118,0.012191704005694831
770,885,115,0.115,0.011075232292191955
744,872,128,0.128,0.011882658380555298
774,887,113,0.113,0.011995502201815668
754,877,123,0.123,0.01093265102797588
758,879,121,0.121,0.008968476608472926
752,876,124,0.124,0.010182285498433601
690,845,155,0.155,0.01469447695917934
742,871,129,0.129,0.014056293405252647
688,844,156,0.156,0.015075525709597344
744,872,128,0.128,0.011148505927326737
730,865,135,0.135,0.017636935958445718
748,874,126,0.126,0.020174009415427477
766,883,117,0.117,0.012129080854482112
726,863,137,0.137,0.011469826453956472
756,878,122,0.122,0.01224240892754031
706,853,147,0.147,0.017829412707353668
794,897,103,0.103,0.012759426068364547
720,860,140,0.14,0.021822294909814532
668,834,166,0.166,0.012893653448948158
666,833,167,0.167,0.018242017231774724
710,855,145,0.145,0.015135816872024706
756,878,122,0.122,0.012910641706849916
674,837,163,0.163,0.01531316726706288
742,871,129,0.129,0.023489461959351886
742,871,129,0.129,0.022102296912887964
702,851,149,0.149,0.015078498913414208
708,854,146,0.146,0.017092015972253946
756,878,122,0.122,0.01798556270624279
704,852,148,0.148,0.015855632180201255
752,876,124,0.124,0.016314107588719196
784,892,108,0.108,0.01780521931262068
764,882,118,0.118,0.013452244001323919
694,847,153,0.153,0.01663528869877423
700,850,150,0.15,0.025037603376304503
738,869,131,0.131,0.018093455057486694
696,848,152,0.152,0.015991880751457146
748,874,126,0.126,0.01634810045991202
750,875,125,0.125,0.0195555086066564
716,858,142,0.142,0.014389927374095605
758,879,121,0.121,0.020602563342867298
750,875,125,0.125,0.018370291494147394
722,861,139,0.139,0.013388379681744639
748,874,126,0.126,0.016010768906072798
754,877,123,0.123,0.013333956976710568
770,885,115,0.115,0.014873909089014517
668,834,166,0.166,0.018579899574588297
752,876,124,0.124,0.012855479294699648
784,892,108,0.108,0.020288134857183324
728,864,136,0.136,0.019664599936902335
766,883,117,0.117,0.011928682196911638
766,883,117,0.117,0.011467007680084223
674,837,163,0.163,0.017041327091322857
734,867,133,0.133,0.01547048825759964
794,897,103,0.103,0.015446053897657677
706,853,147,0.147,0.014007932182895075
698,849,151,0.151,0.012605678114400618
742,871,129,0.129,0.017195684526220077
740,870,130,0.13,0.010110220428268889
762,881,119,0.119,0.012732407267513438
738,869,131,0.131,0.015604671511283356
750,875,125,0.125,0.012211505727414505
686,843,157,0.157,0.016587920433810965
704,852,148,0.148,0.013951451496545303
706,853,147,0.147,0.01236620295073456
764,882,118,0.118,0.013800974243980179
768,884,116,0.116,0.00949353808945905
702,851,149,0.149,0.015930476637351632
724,862,138,0.138,0.0236350525100314
718,859,141,0.141,0.01423137837170384
714,857,143,0.143,0.012588870808350408
668,834,166,0.166,0.01156000800736065
742,871,129,0.129,0.014076413752416328
718,859,141,0.141,0.013965976771758405
722,861,139,0.139,0.013051227441054067
710,855,145,0.145,0.011301554620066412
730,865,135,0.135,0.01372849851630646
698,849,151,0.151,0.01266840317677196
730,865,135,0.135,0.016204299789414605
744,872,128,0.128,0.014737197549586866
678,839,161,0.161,0.012601817303206659
740,870,130,0.13,0.012301828948706784
782,891,109,0.109,0.018032034307370524
754,877,123,0.123,0.023278942441950123
694,847,153,0.153,0.012603009331415194
776,888,112,0.112,0.01758247041522671
772,886,114,0.114,0.01841010416958936
702,851,149,0.149,0.016590916379041233
710,855,145,0.145,0.014124052997096726
696,848,152,0.152,0.014832754800328758
736,868,132,0.132,0.015099869178303579
766,883,117,0.117,0.01346792711019154
716,858,142,0.142,0.013044106507873224
722,861,139,0.139,0.01261926969957463
706,853,147,0.147,0.011099091703310719
754,877,123,0.123,0.014595430635790692
674,837,163,0.163,0.017534675552162867
702,851,149,0.149,0.013518137419117992
790,895,105,0.105,0.013696557761117263
756,878,122,0.122,0.0157701297085261
710,855,145,0.145,0.016315713817030585
730,865,135,0.135,0.016552170433303162
690,845,155,0.155,0.013081096838935593
748,874,126,0.126,0.016807597060975368
754,877,123,0.123,0.024395228924171078
728,864,136,0.136,0.015873176846981564
736,868,132,0.132,0.016002383561874937
714,857,143,0.143,0.012108160106995598
706,853,147,0.147,0.01702480589601774
806,903,97,0.097,0.013738393732511752
798,899,101,0.101,0.014930202353182594
728,864,136,0.136,0.01659697595821227
708,854,146,0.146,0.013263265454240582
646,823,177,0.177,0.012294911184850463
764,882,118,0.118,0.01207069184222945
734,867,133,0.133,0.01195362158904544
722,861,139,0.139,0.017258101849604402
736,868,132,0.132,0.02099991079027761
758,879,121,0.121,0.014585952731271433
728,864,136,0.136,0.013648770621514941
702,851,149,0.149,0.016904316089597627
746,873,127,0.127,0.017355280454045257
750,875,125,0.125,0.015055853743251675
712,856,144,0.144,0.016013474509709424
758,879,121,0.121,0.011602510666056531
740,870,130,0.13,0.010858191120913716
734,867,133,0.133,0.017883517152593925
756,878,122,0.122,0.018389128803060414
778,889,111,0.111,0.015349960165491651
718,859,141,0.141,0.02111290930173706
784,892,108,0.108,0.01898588643200408
734,867,133,0.133,0.014727627851763018
722,861,139,0.139,0.01767837768589642
672,836,164,0.164,0.011809654428066167
720,860,140,0.14,0.014743225259138142
752,876,124,0.124,0.013572051395369272
704,852,148,0.148,0.0140971108407511
756,878,122,0.122,0.016229932286898674
696,848,152,0.152,0.016143317621257678
702,851,149,0.149,0.013997549229305803
702,851,149,0.149,0.03127095950627678
708,854,146,0.146,0.01898341511597863
714,857,143,0.143,0.02347911738452389
728,864,136,0.136,0.019853571639382252
728,864,136,0.136,0.016725336773825518
726,863,137,0.137,0.013835592671467539
742,871,129,0.129,0.019315848567276462
758,879,121,0.121,0.02310212336913618
728,864,136,0.136,0.01971508689339373
702,851,149,0.149,0.026082771774341467
742,871,129,0.129,0.018590489031446097
754,877,123,0.123,0.0160850944645976
734,867,133,0.133,0.015870605623638453
776,888,112,0.112,0.019392730196735188
744,872,128,0.128,0.016188234720842628
730,865,135,0.135,0.009121965790063356
714,857,143,0.143,0.02030997201208038
716,858,142,0.142,0.018337447576168075
736,868,132,0.132,0.017657813693444907
748,874,126,0.126,0.015263698232826712
730,865,135,0.135,0.01750559868721878
722,861,139,0.139,0.015350603388141735
678,839,161,0.161,0.013969990788567217
742,871,129,0.129,0.017644550306756244
646,823,177,0.177,0.012746541268942806
748,874,126,0.126,0.019757733060330594
734,867,133,0.133,0.01447748495310489
706,853,147,0.147,0.01701851811450797
768,884,116,0.116,0.014962027663498575
726,863,137,0.137,0.013475701307488222
760,880,120,0.12,0.012388743691437411
680,840,160,0.16,0.0182251634146387
704,852,148,0.148,0.012896516446333635
744,872,128,0.128,0.024112226651140774
656,828,172,0.172,0.014346317572756291
784,892,108,0.108,0.017699990304125408
696,848,152,0.152,0.018571122713719575
752,876,124,0.124,0.010923340133152323
738,869,131,0.131,0.012165261539761005
768,884,116,0.116,0.010219611135630998
748,874,126,0.126,0.020482412467806056
724,862,138,0.138,0.01383491265778872
720,860,140,0.14,0.013264224246881852
778,889,111,0.111,0.017140630516286108
646,823,177,0.177,0.01877904619757632
700,850,150,0.15,0.014347061265551488
758,879,121,0.121,0.011208841237559995
784,892,108,0.108,0.01131324380632968
708,854,146,0.146,0.017104250469108295
712,856,144,0.144,0.01729492086888081
738,869,131,0.131,0.01526329495558855
798,899,101,0.101,0.01582709844945927
698,849,151,0.151,0.0146688714753588
726,863,137,0.137,0.017920727540990798
778,889,111,0.111,0.011782173744100519
712,856,144,0.144,0.010801921201440521
710,855,145,0.145,0.015331491589773592
686,843,157,0.157,0.01628856827929033
732,866,134,0.134,0.017130473480640177
712,856,144,0.144,0.016172999703346805
758,879,121,0.121,0.014523959780495347
680,840,160,0.16,0.010493132646323516
722,861,139,0.139,0.01951319731680158
742,871,129,0.129,0.01537466567638576
766,883,117,0.117,0.018199155896673674
728,864,136,0.136,0.020266489494354688
730,865,135,0.135,0.017993050128589063
708,854,146,0.146,0.02396368294953601
752,876,124,0.124,0.01622917626722098
760,880,120,0.12,0.015410581540902498
774,887,113,0.113,0.020375249236369228
726,863,137,0.137,0.01893688564609586
706,853,147,0.147,0.015273217250069778
714,857,143,0.143,0.01373103863613369
722,861,139,0.139,0.01486310889785203
746,873,127,0.127,0.013577392522782134
766,883,117,0.117,0.016595371244886522
680,840,160,0.16,0.010925850436906715
766,883,117,0.117,0.012022002404524472
782,891,109,0.109,0.01148506412359349
720,860,140,0.14,0.018389651727123507
740,870,130,0.13,0.011716513423863234
730,865,135,0.135,0.01503867809963286
680,840,160,0.16,0.016439180390550406
636,818,182,0.182,0.013443963089947076
706,853,147,0.147,0.015388722118066965
678,839,161,0.161,0.013650403197489723
734,867,133,0.133,0.014324265735253562
716,858,142,0.142,0.011441230359028694
716,858,142,0.142,0.01649807680277368
676,838,162,0.162,0.011857819760934035
706,853,147,0.147,0.014296469825963741
744,872,128,0.128,0.015653708813461748
772,886,114,0.114,0.019016770676640846
756,878,122,0.122,0.015596246344183683
760,880,120,0.12,0.012981894004047192
768,884,116,0.116,0.022637966381018827
792,896,104,0.104,0.015249460264557542
734,867,133,0.133,0.013378219688192956
758,879,121,0.121,0.013768872822612636
778,889,111,0.111,0.0083707787701604
710,855,145,0.145,0.01624223205131129
718,859,141,0.141,0.015867192574653542
728,864,136,0.136,0.021604242123725824
696,848,152,0.152,0.016124935017855477
770,885,115,0.115,0.022024500648788647
746,873,127,0.127,0.017519972956269954
760,880,120,0.12,0.019126451898500478
728,864,136,0.136,0.013334699538179536
754,877,123,0.123,0.013113246061866406
724,862,138,0.138,0.015836767545634928
756,878,122,0.122,0.013073644333613615
724,862,138,0.138,0.011670275881816593
766,883,117,0.117,0.01506441702296604
752,876,124,0.124,0.01508639954609933
670,835,165,0.165,0.013406803332445292
718,859,141,0.141,0.01585754112242796
710,855,145,0.145,0.015124188221978486
776,888,112,0.112,0.014188295385890271
702,851,149,0.149,0.01395578316349895
742,871,129,0.129,0.014917521818194529
704,852,148,0.148,0.01207019334440237
714,857,143,0.143,0.014576465814407783
750,875,125,0.125,0.012237275991366602
752,876,124,0.124,0.017545646540314493
714,857,143,0.143,0.011470372151170067
724,862,138,0.138,0.015158820428995242
700,850,150,0.15,0.013306622508943704
778,889,111,0.111,0.015532803960252039
758,879,121,0.121,0.01235723515026281
710,855,145,0.145,0.010254788760477382
748,874,126,0.126,0.011502651749353433
736,868,132,0.132,0.017971261029059632
692,846,154,0.154,0.009892552283687194
718,859,141,0.141,0.00910733804404849
734,867,133,0.133,0.013143374861546618
728,864,136,0.136,0.011206346225340098
788,894,106,0.106,0.010267736106111897
674,837,163,0.163,0.010512172666047405
698,849,151,0.151,0.013971839310513929
714,857,143,0.143,0.018306361278705323
742,871,129,0.129,0.010894861292483925
784,892,108,0.108,0.0118347350626223
708,854,146,0.146,0.013135240685843185
722,861,139,0.139,0.014774585318308211
740,870,130,0.13,0.01576665407690095
702,851,149,0.149,0.0148216409831046
782,891,109,0.109,0.013277781856779441
732,866,134,0.134,0.012027672603297944
664,832,168,0.168,0.007261351672645177
716,858,142,0.142,0.011042077544841504
718,859,141,0.141,0.011776886170702923
768,884,116,0.116,0.01367934296744643
746,873,127,0.127,0.011418703474132727
718,859,141,0.141,0.015065597895471768
722,861,139,0.139,0.011800451297941706
738,869,131,0.131,0.016183372642957595
736,868,132,0.132,0.015076714063164487
746,873,127,0.127,0.01419440631572246
744,872,128,0.128,0.010032727907968563
722,861,139,0.139,0.01015634827808745
740,870,130,0.13,0.017419396766741386
764,882,118,0.118,0.012369558665130455
766,883,117,0.117,0.014208808537444967
748,874,126,0.126,0.012675567795664535
790,895,105,0.105,0.015763251552880417
720,860,140,0.14,0.013420603679713324
678,839,161,0.161,0.012914173800779097
716,858,142,0.142,0.015036313214572246
778,889,111,0.111,0.015192670067769925
728,864,136,0.136,0.011942163790712486
770,885,115,0.115,0.012716977802127103
734,867,133,0.133,0.013039294884423
724,862,138,0.138,0.01693182000722217
730,865,135,0.135,0.010127660980246277
746,873,127,0.127,0.013278407952766798
710,855,145,0.145,0.017447062642358332
704,852,148,0.148,0.012827566055690085
732,866,134,0.134,0.01684438950174929
734,867,133,0.133,0.012284164014310178
664,832,168,0.168,0.014711421651897212
734,867,133,0.133,0.014374810290861519
720,860,140,0.14,0.014358163496237964
732,866,134,0.134,0.011975559188812114
716,858,142,0.142,0.014886225226035677
690,845,155,0.155,0.012812078808150005
790,895,105,0.105,0.013096753164000958
732,866,134,0.134,0.014419582868005818
736,868,132,0.132,0.015221657029377113
734,867,133,0.133,0.01647427438033833
724,862,138,0.138,0.012804064174597328
714,857,143,0.143,0.012518539282060516
780,890,110,0.11,0.019316364292128126
772,886,114,0.114,0.01420527189295747
704,852,148,0.148,0.014287139709394794
730,865,135,0.135,0.014701950547467717
698,849,151,0.151,0.018660218257446574
740,870,130,0.13,0.023389472940206928
722,861,139,0.139,0.012578396294605313
734,867,133,0.133,0.014514317555402627
654,827,173,0.173,0.014788108563343741
714,857,143,0.143,0.011122012767391467
656,828,172,0.172,0.014758289012333534
728,864,136,0.136,0.013328835680065368
732,866,134,0.134,0.017795611883350902
704,852,148,0.148,0.013524229886137249
698,849,151,0.151,0.009750909691499459
696,848,152,0.152,0.013438041090131933
734,867,133,0.133,0.013665215270507815
740,870,130,0.13,0.013372162011803966
778,889,111,0.111,0.00954735176238293
668,834,166,0.166,0.014056893674154197
734,867,133,0.133,0.01483563497005801
764,882,118,0.118,0.013893632888209936
746,873,127,0.127,0.015057875476347675
752,876,124,0.124,0.014445543058504868
752,876,124,0.124,0.015155197415564871
770,885,115,0.115,0.013430768230104107
736,868,132,0.132,0.01515227126626148
744,872,128,0.128,0.015183992681924451
754,877,123,0.123,0.010872205676296147
710,855,145,0.145,0.0176303722062443
748,874,126,0.126,0.0136207283364229
738,869,131,0.131,0.016363069777291857
746,873,127,0.127,0.015470063459999977
746,873,127,0.127,0.01577598075125225
700,850,150,0.15,0.013720386836917925
700,850,150,0.15,0.01198901781951713
744,872,128,0.128,0.015869946296248202
710,855,145,0.145,0.016802349160791465
732,866,134,0.134,0.0129785773249843
742,871,129,0.129,0.01441364320787622
732,866,134,0.134,0.016487619144401135
748,874,126,0.126,0.016947008721627056
734,867,133,0.133,0.014990338679659033
676,838,162,0.162,0.01482687589634351
724,862,138,0.138,0.015915347016976014
666,833,167,0.167,0.010260246933753166
730,865,135,0.135,0.012754236504055428
740,870,130,0.13,0.015190566627574953
732,866,134,0.134,0.01604026307075961
736,868,132,0.132,0.011106330688767216
698,849,151,0.151,0.011938755146486115
766,883,117,0.117,0.013296219195409777
728,864,136,0.136,0.020182485808057222
736,868,132,0.132,0.016377291246897414
704,852,148,0.148,0.015960824743400978
738,869,131,0.131,0.010951368915070916
788,894,106,0.106,0.014048487005006705
740,870,130,0.13,0.011585224630280394
776,888,112,0.112,0.013439256966378224
736,868,132,0.132,0.012588331101978567
742,871,129,0.129,0.009447159413574553
736,868,132,0.132,0.01076557655941923
680,840,160,0.16,0.01647006300807419
670,835,165,0.165,0.015119928169597473
748,874,126,0.126,0.010832949157978632
722,861,139,0.139,0.016210526016321735
742,871,129,0.129,0.01862960715514116
744,872,128,0.128,0.014440191998799819
712,856,144,0.144,0.013512444965201468
720,860,140,0.14,0.013543964288557447
710,855,145,0.145,0.013378088599826412
752,876,124,0.124,0.015380453353930705
718,859,141,0.141,0.016238977808039307
786,893,107,0.107,0.015806345024227893
758,879,121,0.121,0.008902915683541039
740,870,130,0.13,0.01094323518067742
656,828,172,0.172,0.012263555881720293
732,866,134,0.134,0.013019243756932936
696,848,152,0.152,0.010281975345042483
740,870,130,0.13,0.012799469371406047
730,865,135,0.135,0.01395545031671159
718,859,141,0.141,0.013224476567741974
720,860,140,0.14,0.015393053172235696
690,845,155,0.155,0.010900282260800068
780,890,110,0.11,0.011634006936735532
788,894,106,0.106,0.0133933882069241
790,895,105,0.105,0.011902263140709949
756,878,122,0.122,0.014410983296044108
726,863,137,0.137,0.0172539398107606
746,873,127,0.127,0.013223486546406732
690,845,155,0.155,0.020330989250641352
772,886,114,0.114,0.013584618821439947
732,866,134,0.134,0.016900869150479822
698,849,151,0.151,0.011452014156870405
764,882,118,0.118,0.021398454236113678
684,842,158,0.158,0.01796908472756803
720,860,140,0.14,0.02508556949829155
704,852,148,0.148,0.01834813698651351
732,866,134,0.134,0.014921292890724828
740,870,130,0.13,0.0244815928023431
760,880,120,0.12,0.021208503159945068
786,893,107,0.107,0.0177405159797011
710,855,145,0.145,0.017580880042851164
776,888,112,0.112,0.0144634673367609
736,868,132,0.132,0.01769699569355393
686,843,157,0.157,0.012949391220161545
738,869,131,0.131,0.018330019824048322
774,887,113,0.113,0.01388320914721325
698,849,151,0.151,0.015849681898955012
722,861,139,0.139,0.013949944267981237
744,872,128,0.128,0.023438591819743764
722,861,139,0.139,0.011734788478746993
736,868,132,0.132,0.01708582166872992
710,855,145,0.145,0.014234920016003969
710,855,145,0.145,0.014570353543837839
698,849,151,0.151,0.018835321796734875
728,864,136,0.136,0.014993869432319541
722,861,139,0.139,0.014203704364874909
670,835,165,0.165,0.01890517534939903
758,879,121,0.121,0.012485581381800429
764,882,118,0.118,0.01630748040631181
744,872,128,0.128,0.014860252677972327
736,868,132,0.132,0.011073848171184494
746,873,127,0.127,0.016216054255722454
674,837,163,0.163,0.012990732398102906
694,847,153,0.153,0.012605302690514434
724,862,138,0.138,0.012329151598754634
770,885,115,0.115,0.015483970540396142
732,866,134,0.134,0.009564678526558111
706,853,147,0.147,0.018234054312368103
730,865,135,0.135,0.013539989804882325
710,855,145,0.145,0.01605255280441604
746,873,127,0.127,0.015868512154254843
742,871,129,0.129,0.01298214781761193
772,886,114,0.114,0.013559836648390899
752,876,124,0.124,0.017363778659490604
730,865,135,0.135,0.01462993918789698
704,852,148,0.148,0.022007594254755604
772,886,114,0.114,0.013970781104459292
742,871,129,0.129,0.0142932232905777
798,899,101,0.101,0.017929145766998403
692,846,154,0.154,0.011780900859080873
742,871,129,0.129,0.017076657329889614
710,855,145,0.145,0.011485954755856653
744,872,128,0.128,0.01358183157117331
720,860,140,0.14,0.015481494456033033
638,819,181,0.181,0.019950252097367355
736,868,132,0.132,0.010964508767747702
772,886,114,0.114,0.01649089694697237
720,860,140,0.14,0.015354296518914083
714,857,143,0.143,0.012120994268032476
758,879,121,0.121,0.010977514005571436
730,865,135,0.135,0.010901559164487623
764,882,118,0.118,0.016145190148886202
710,855,145,0.145,0.011382133921366347
724,862,138,0.138,0.0176882231920533
750,875,125,0.125,0.012498203038902204
728,864,136,0.136,0.01396896894568843
698,849,151,0.151,0.014802523922940878
778,889,111,0.111,0.015612923629918214
736,868,132,0.132,0.016673785164906547
742,871,129,0.129,0.016274374346909384
744,872,128,0.128,0.010962737046336088
738,869,131,0.131,0.014487074177223093
762,881,119,0.119,0.0163110147653547
728,864,136,0.136,0.009254870109765292
750,875,125,0.125,0.015737580609081748
762,881,119,0.119,0.011961238566393887
768,884,116,0.116,0.015152909591894768
728,864,136,0.136,0.012598926994637367
722,861,139,0.139,0.013591366027772637
756,878,122,0.122,0.014005287119661177
696,848,152,0.152,0.012899647044099752
686,843,157,0.157,0.015435133607087252
732,866,134,0.134,0.017888641813948284
742,871,129,0.129,0.015498509453307932
706,853,147,0.147,0.015637815797248267
712,856,144,0.144,0.01408299929887238
706,853,147,0.147,0.014488426117645717
762,881,119,0.119,0.011551401038827677
740,870,130,0.13,0.010903927978829756
742,871,129,0.129,0.016012600156074867
710,855,145,0.145,0.014277466049113173
702,851,149,0.149,0.01205268551373105
768,884,116,0.116,0.012515230549069742
726,863,137,0.137,0.013487731446061161
672,836,164,0.164,0.009173615358142229
724,862,138,0.138,0.010927340959295222
756,878,122,0.122,0.015358818050924143
712,856,144,0.144,0.016222829980475098
740,870,130,0.13,0.016182395087406463
750,875,125,0.125,0.01684812592736212
684,842,158,0.158,0.014791135802326152
788,894,106,0.106,0.012977000304278704
660,830,170,0.17,0.013559376486665201
792,896,104,0.104,0.011150580799849607
746,873,127,0.127,0.01779338094758893
740,870,130,0.13,0.012918543830508866
688,844,156,0.156,0.016107228471336298
740,870,130,0.13,0.015690717626601212
746,873,127,0.127,0.010122190491731147
726,863,137,0.137,0.012994410596080655
738,869,131,0.131,0.014287768047459168
724,862,138,0.138,0.01426059539312523
740,870,130,0.13,0.010454965761933607
722,861,139,0.139,0.012707268126662868
718,859,141,0.141,0.014796224441443925
716,858,142,0.142,0.020337221330809896
782,891,109,0.109,0.012786336204836388
720,860,140,0.14,0.015109530893604983
714,857,143,0.143,0.016286354802283597
734,867,133,0.133,0.011711838379356862
710,855,145,0.145,0.011497018492117931
638,819,181,0.181,0.015312297350262568
732,866,134,0.134,0.015489513970550078
736,868,132,0.132,0.011144028312746088
772,886,114,0.114,0.010718993399663503
740,870,130,0.13,0.012859395766831141
760,880,120,0.12,0.01292652796160634
738,869,131,0.131,0.01755843174364179
768,884,116,0.116,0.01181572471649723
718,859,141,0.141,0.0146662532755211
672,836,164,0.164,0.01678965811660987
728,864,136,0.136,0.02034900345264356
738,869,131,0.131,0.015505932086492634
678,839,161,0.161,0.015795821480894447
690,845,155,0.155,0.013038307440956246
780,890,110,0.11,0.01356394375140742
724,862,138,0.138,0.012057833308604828
716,858,142,0.142,0.016916517950814808
722,861,139,0.139,0.015657419219584655
728,864,136,0.136,0.012383916294398091
708,854,146,0.146,0.014572573956302307
748,874,126,0.126,0.013621957360618367
680,840,160,0.16,0.01188989370597062
714,857,143,0.143,0.014523507488220887
756,878,122,0.122,0.014452860781541886
722,861,139,0.139,0.0153485589988139
698,849,151,0.151,0.012775838031016847
726,863,137,0.137,0.017424065629864288
756,878,122,0.122,0.017652060293549213
758,879,121,0.121,0.013744857197423585
752,876,124,0.124,0.01243936142476852
736,868,132,0.132,0.013432742590910094
782,891,109,0.109,0.015534389019696533
770,885,115,0.115,0.009293761287807015
722,861,139,0.139,0.01280481633868999
674,837,163,0.163,0.01406679800953114
686,843,157,0.157,0.018087912591394854
710,855,145,0.145,0.017203909869026233
732,866,134,0.134,0.02121376910331975
658,829,171,0.171,0.015616182891623169
736,868,132,0.132,0.01700798078580587
728,864,136,0.136,0.013369922228421061
726,863,137,0.137,0.013080472540356212
724,862,138,0.138,0.01050409602691333
708,854,146,0.146,0.016670473258616838
700,850,150,0.15,0.009935935639065604
746,873,127,0.127,0.014130221818127155
708,854,146,0.146,0.010412566550678876
732,866,134,0.134,0.010861756567553968
730,865,135,0.135,0.013749822781767179
760,880,120,0.12,0.011370285399878426
716,858,142,0.142,0.011068760404228386
706,853,147,0.147,0.01072697792657486
694,847,153,0.153,0.01454987185057675
736,868,132,0.132,0.01301999883423781
694,847,153,0.153,0.011133036509494503
716,858,142,0.142,0.017333634739017625
734,867,133,0.133,0.018400185395125987
738,869,131,0.131,0.013185682662264867
716,858,142,0.142,0.01007553478865995
780,890,110,0.11,0.012938332470330835
706,853,147,0.147,0.009530716014217348
744,872,128,0.128,0.015327281998745135
762,881,119,0.119,0.014969773098947996
754,877,123,0.123,0.01674512244527486
732,866,134,0.134,0.012336114243628004
720,860,140,0.14,0.013669101348326875
718,859,141,0.141,0.016050759527464407
724,862,138,0.138,0.015355201193670766
726,863,137,0.137,0.01493153448470703
706,853,147,0.147,0.014016841840123619
756,878,122,0.122,0.015300199227032322
738,869,131,0.131,0.011588020979957803
692,846,154,0.154,0.015480854142087481
738,869,131,0.131,0.013592518814556868
694,847,153,0.153,0.017086623181528097
758,879,121,0.121,0.018219157892356806
694,847,153,0.153,0.025514811122124385
760,880,120,0.12,0.012687022457171977
690,845,155,0.155,0.017161296861359105
742,871,129,0.129,0.017947026546093012
752,876,124,0.124,0.017290511258889352
730,865,135,0.135,0.01261908919118264
676,838,162,0.162,0.019310539781773925
754,877,123,0.123,0.01547279633656008
766,883,117,0.117,0.017940428492149153
750,875,125,0.125,0.019688611847011147
770,885,115,0.115,0.012186595709393941
708,854,146,0.146,0.016834119789051784
720,860,140,0.14,0.01916567172618349
676,838,162,0.162,0.016257122794213544
716,858,142,0.142,0.013114548920418996
752,876,124,0.124,0.017578716955072536
732,866,134,0.134,0.017577142642003253
756,878,122,0.122,0.020802263640057106
732,866,134,0.134,0.02143054016659619
728,864,136,0.136,0.019654260820110608
740,870,130,0.13,0.016862064693285276
718,859,141,0.141,0.022703281707759856
746,873,127,0.127,0.0196781779210132
782,891,109,0.109,0.018797676124898202
744,872,128,0.128,0.02208841390530688
748,874,126,0.126,0.019806906167394344
758,879,121,0.121,0.015481516842184035
750,875,125,0.125,0.017367910034735614
768,884,116,0.116,0.01777757099807869
722,861,139,0.139,0.016154530499588076
752,876,124,0.124,0.017014823226729477
724,862,138,0.138,0.020093426039807922
750,875,125,0.125,0.021603350541224642
668,834,166,0.166,0.015894225152503282
722,861,139,0.139,0.021346918008933728
684,842,158,0.158,0.0216843997728613
718,859,141,0.141,0.019343746767821683
732,866,134,0.134,0.017161157312343276
752,876,124,0.124,0.02459224568748647
726,863,137,0.137,0.024927022490613397
670,835,165,0.165,0.019666705504926597
756,878,122,0.122,0.018764219039395357
706,853,147,0.147,0.017276714213771357
784,892,108,0.108,0.02731317032302604
764,882,118,0.118,0.023565739742280187
744,872,128,0.128,0.0230378200397206
760,880,120,0.12,0.020492365372311326
732,866,134,0.134,0.025278707488456804
742,871,129,0.129,0.02281895758822384
696,848,152,0.152,0.023569659763945424
702,851,149,0.149,0.02840143569002737
710,855,145,0.145,0.022560648676683285
734,867,133,0.133,0.023172405723232828
724,862,138,0.138,0.02592166759167023
784,892,108,0.108,0.026993572534243414
700,850,150,0.15,0.02499146383205425
714,857,143,0.143,0.02124737982404963
714,857,143,0.143,0.022900496692605885
672,836,164,0.164,0.027464558221429344
738,869,131,0.131,0.01450360058604764
750,875,125,0.125,0.020345710260769524
736,868,132,0.132,0.01841588335154654
696,848,152,0.152,0.018215553413989567
740,870,130,0.13,0.01739882149970572
724,862,138,0.138,0.01753664923533795
756,878,122,0.122,0.02496742164896291
770,885,115,0.115,0.015405944584314199
766,883,117,0.117,0.023202105659834174
762,881,119,0.119,0.016677869914428357
710,855,145,0.145,0.01850027752242016
762,881,119,0.119,0.02493388859605119
700,850,150,0.15,0.015945046081463347
770,885,115,0.115,0.017215336460602245
738,869,131,0.131,0.017226098862648583
756,878,122,0.122,0.01829957138300276
730,865,135,0.135,0.01937117965810711
706,853,147,0.147,0.013135366291824142
720,860,140,0.14,0.015278583696751696
760,880,120,0.12,0.014183319449328125
730,865,135,0.135,0.01879310680330394
706,853,147,0.147,0.016240792314984674
740,870,130,0.13,0.015827163308599665
764,882,118,0.118,0.013923801645410435
756,878,122,0.122,0.018759060164119545
742,871,129,0.129,0.015664949065162147
708,854,146,0.146,0.016646567972224604
750,875,125,0.125,0.018126310986573857
716,858,142,0.142,0.011082068323620263
756,878,122,0.122,0.015234979078122664
730,865,135,0.135,0.019739458119091096
758,879,121,0.121,0.01907020100056337
676,838,162,0.162,0.014772684615994763
682,841,159,0.159,0.016512593383312152
712,856,144,0.144,0.021710394250571412
776,888,112,0.112,0.027529399413767804
692,846,154,0.154,0.018534493422876722
748,874,126,0.126,0.020215225620026898
722,861,139,0.139,0.015821384428107904
726,863,137,0.137,0.014406193771855215
698,849,151,0.151,0.018288150450115837
746,873,127,0.127,0.015504488441974615
770,885,115,0.115,0.020582405702098
724,862,138,0.138,0.017235469305675055
690,845,155,0.155,0.01639310625372741
756,878,122,0.122,0.019384129755160986
790,895,105,0.105,0.01779951244250897
756,878,122,0.122,0.017930015472507593
738,869,131,0.131,0.01585068560933638
710,855,145,0.145,0.01865909351955689
744,872,128,0.128,0.016418676312407315
702,851,149,0.149,0.012766699318855487
762,881,119,0.119,0.014305402027064474
716,858,142,0.142,0.018590089723314492
744,872,128,0.128,0.016477451785451534
704,852,148,0.148,0.014945758106768266
718,859,141,0.141,0.015363323366611042
742,871,129,0.129,0.020759929851022905
746,873,127,0.127,0.013809153625862209
750,875,125,0.125,0.017469415038454686
708,854,146,0.146,0.016785161737874036
754,877,123,0.123,0.01586542160916146
730,865,135,0.135,0.011041985780527454
748,874,126,0.126,0.014736972011105593
734,867,133,0.133,0.012464852745846428
748,874,126,0.126,0.016590422634661893
758,879,121,0.121,0.017738360695460656
664,832,168,0.168,0.015222752353500084
718,859,141,0.141,0.01591344504700767
720,860,140,0.14,0.01747971003588745
708,854,146,0.146,0.016411659007213912
746,873,127,0.127,0.016770887713885515
736,868,132,0.132,0.011902488045580072
676,838,162,0.162,0.01908825784000878
730,865,135,0.135,0.014627895994795338
732,866,134,0.134,0.014660819248793587
744,872,128,0.128,0.01852172879522361
772,886,114,0.114,0.013269455778572394
764,882,118,0.118,0.012009778743442737
738,869,131,0.131,0.01429350508633624
690,845,155,0.155,0.010853953689080981
748,874,126,0.126,0.013181643495615588
750,875,125,0.125,0.01599652016492233
732,866,134,0.134,0.014482714845107608
758,879,121,0.121,0.01781364786590913
736,868,132,0.132,0.012915670820027116
668,834,166,0.166,0.017268187609673448
730,865,135,0.135,0.013984372943522203
750,875,125,0.125,0.013153367331348633
726,863,137,0.137,0.017858275240370716
716,858,142,0.142,0.01983684542136149
742,871,129,0.129,0.01181904515230417
776,888,112,0.112,0.018037498588388986
734,867,133,0.133,0.01615930110098658
698,849,151,0.151,0.01726639714505677
724,862,138,0.138,0.021425167354043224
706,853,147,0.147,0.01640258450739816
696,848,152,0.152,0.015211624978417191
746,873,127,0.127,0.02301508424111009
728,864,136,0.136,0.019020076747691007
662,831,169,0.169,0.01923388608169533
728,864,136,0.136,0.018317352282037576
760,880,120,0.12,0.0199769388824123
706,853,147,0.147,0.017013595330832913
722,861,139,0.139,0.021408185384188785
696,848,152,0.152,0.021878829674889515
756,878,122,0.122,0.02401661480054983
726,863,137,0.137,0.019553700618860317
732,866,134,0.134,0.025233137339932227
698,849,151,0.151,0.019947918499741178
718,859,141,0.141,0.020140184349633387
756,878,122,0.122,0.02072716624607807
756,878,122,0.122,0.017948016237671283
748,874,126,0.126,0.018915451209152563
660,830,170,0.17,0.021022970359873626
726,863,137,0.137,0.02209500940794081
774,887,113,0.113,0.020736141021691766
750,875,125,0.125,0.015652254017921904
720,860,140,0.14,0.01667181612957586
702,851,149,0.149,0.0212235842392754
730,865,135,0.135,0.024264529868174064
750,875,125,0.125,0.014263264745625464
750,875,125,0.125,0.01720546672582522
748,874,126,0.126,0.01825808195185387
730,865,135,0.135,0.02003487478162549
674,837,163,0.163,0.016052222899242907
672,836,164,0.164,0.01466239985206228
734,867,133,0.133,0.01788006389834203
706,853,147,0.147,0.01847477117790366
828,914,86,0.086,0.017226888413063534
740,870,130,0.13,0.023114472291379556
696,848,152,0.152,0.018198756202648752
740,870,130,0.13,0.02195068594039465
740,870,130,0.13,0.01118561409293811
738,869,131,0.131,0.01657869339172211
730,865,135,0.135,0.013494162758102845
750,875,125,0.125,0.016665875077462033
748,874,126,0.126,0.01327235258293956
754,877,123,0.123,0.010964443297163897
706,853,147,0.147,0.012331615056995872
746,873,127,0.127,0.016635134733560392
778,889,111,0.111,0.012959874489512075
726,863,137,0.137,0.013867181625686797
696,848,152,0.152,0.01459632739611368
732,866,134,0.134,0.014967056549260562
692,846,154,0.154,0.01566751917294522
692,846,154,0.154,0.016585694454516017
686,843,157,0.157,0.014197736665185971
736,868,132,0.132,0.013442408200422421
714,857,143,0.143,0.012765214166551573
724,862,138,0.138,0.016647249511789922
736,868,132,0.132,0.011211514145548563
670,835,165,0.165,0.011112312953051458
738,869,131,0.131,0.012440608695595358
794,897,103,0.103,0.01604079961478564
710,855,145,0.145,0.011708122532951563
694,847,153,0.153,0.016717833649286917
730,865,135,0.135,0.010229609701084726
718,859,141,0.141,0.0061612934541052196
730,865,135,0.135,0.012760463242406202
734,867,133,0.133,0.00995937925919563
708,854,146,0.146,0.00996891502274579
692,846,154,0.154,0.009587505451293523
722,861,139,0.139,0.009675319856378352
768,884,116,0.116,0.012628280976217652
756,878,122,0.122,0.010032520504620038
712,856,144,0.144,0.010192807042119114
760,880,120,0.12,0.008721348749186078
682,841,159,0.159,0.009898594390156433
680,840,160,0.16,0.008065211796429593
724,862,138,0.138,0.006870717165275721
730,865,135,0.135,0.006552982217796369
692,846,154,0.154,0.010136243578055783
722,861,139,0.139,0.009481631736945814
734,867,133,0.133,0.009018423218184453
708,854,146,0.146,0.010178216058000459
720,860,140,0.14,0.010608571439904096
758,879,121,0.121,0.007735518904820878
754,877,123,0.123,0.017929687674246055
758,879,121,0.121,0.011407347395194634
716,858,142,0.142,0.011589690695883632
742,871,129,0.129,0.013531808510321496
736,868,132,0.132,0.009760408155654958
752,876,124,0.124,0.011601944662763515
730,865,135,0.135,0.01082854017784173
754,877,123,0.123,0.010483466073696818
748,874,126,0.126,0.008780128929927302
726,863,137,0.137,0.011547784953062332
730,865,135,0.135,0.010169438099272867
732,866,134,0.134,0.01302848002349404
740,870,130,0.13,0.01427545272618481
760,880,120,0.12,0.01281189506104026
762,881,119,0.119,0.008108253160783974
776,888,112,0.112,0.011606562614768364
718,859,141,0.141,0.013099695420150312
752,876,124,0.124,0.010496758342817103
758,879,121,0.121,0.010238830178439528
744,872,128,0.128,0.009804636109508862
760,880,120,0.12,0.010598199918133119
758,879,121,0.121,0.008901329275273526
702,851,149,0.149,0.012902510572211255
726,863,137,0.137,0.00711100625766143
752,876,124,0.124,0.016225307044275994
654,827,173,0.173,0.007906420954469539
754,877,123,0.123,0.009984857558209513
718,859,141,0.141,0.010862842576052046
782,891,109,0.109,0.010768822625547968
764,882,118,0.118,0.012936463865577792
780,890,110,0.11,0.01578271203026992
720,860,140,0.14,0.008292574596952264
796,898,102,0.102,0.014893318289394629
762,881,119,0.119,0.00961973248794537
722,861,139,0.139,0.01209769577825395
730,865,135,0.135,0.009388772712294269
730,865,135,0.135,0.007208323419514074
744,872,128,0.128,0.007819421487361837
736,868,132,0.132,0.010997926793533026
738,869,131,0.131,0.00832353648894427
694,847,153,0.153,0.007312720084028143
782,891,109,0.109,0.009548246367936329
700,850,150,0.15,0.00969382496519303
710,855,145,0.145,0.012485910496563108
752,876,124,0.124,0.015517332063369296
686,843,157,0.157,0.008754166771171981
668,834,166,0.166,0.012997447365604828
686,843,157,0.157,0.010166232876179435
780,890,110,0.11,0.012273126380063247
720,860,140,0.14,0.011977775992634648
696,848,152,0.152,0.013209550453859777
698,849,151,0.151,0.012262893709881354
670,835,165,0.165,0.012065112577356402
708,854,146,0.146,0.013728422588982468
714,857,143,0.143,0.009446526232613621
734,867,133,0.133,0.013657825168943134
706,853,147,0.147,0.011416701622551272
690,845,155,0.155,0.009931927531093067
696,848,152,0.152,0.009027014673587104
790,895,105,0.105,0.014116463832646047
702,851,149,0.149,0.01327571966104155
744,872,128,0.128,0.012768479414269392
724,862,138,0.138,0.015492025565980085
752,876,124,0.124,0.01104053585787527
790,895,105,0.105,0.008155051473175306
714,857,143,0.143,0.009646592688282113
720,860,140,0.14,0.010141742212904575
728,864,136,0.136,0.009282613216213917
766,883,117,0.117,0.011753773406383004
754,877,123,0.123,0.011231382228756586
730,865,135,0.135,0.012404594796739502
752,876,124,0.124,0.011394939822179125
680,840,160,0.16,0.010552567710787044
744,872,128,0.128,0.010663506988180955
774,887,113,0.113,0.010447361371667383
758,879,121,0.121,0.008440423124132124
736,868,132,0.132,0.008518625958272366
696,848,152,0.152,0.01060187537055154
730,865,135,0.135,0.00993175638163865
736,868,132,0.132,0.007480972477257594
704,852,148,0.148,0.010863741802855927
722,861,139,0.139,0.01330814630929757
682,841,159,0.159,0.007621695994477008
692,846,154,0.154,0.011298092477140174
758,879,121,0.121,0.008435441095195145
714,857,143,0.143,0.010229158911158777
738,869,131,0.131,0.011237919186040215
746,873,127,0.127,0.01323674829197958
718,859,141,0.141,0.012502287926829666
770,885,115,0.115,0.00983721595756468
716,858,142,0.142,0.01162733826467877
714,857,143,0.143,0.010318866624933918
744,872,128,0.128,0.01132323527776174
756,878,122,0.122,0.014729631924186236
734,867,133,0.133,0.014212692575955685
730,865,135,0.135,0.011517121530905457
744,872,128,0.128,0.012127144647961984
696,848,152,0.152,0.009598891109621746
728,864,136,0.136,0.012994812511734295
724,862,138,0.138,0.01186556079113251
688,844,156,0.156,0.010085980727633483
730,865,135,0.135,0.011718596415172854
696,848,152,0.152,0.007813650321327898
692,846,154,0.154,0.00936788608687351
710,855,145,0.145,0.015096340646164294
728,864,136,0.136,0.010975358635562841
692,846,154,0.154,0.011273380385073608
738,869,131,0.131,0.012348506245894087
762,881,119,0.119,0.014242151859353114
732,866,134,0.134,0.012457897761433544
742,871,129,0.129,0.012090398730415756
750,875,125,0.125,0.00907657672641939
776,888,112,0.112,0.01244950396920825
690,845,155,0.155,0.012936559039307752
748,874,126,0.126,0.0106947913132974
700,850,150,0.15,0.01697064153174459
736,868,132,0.132,0.011128669036206332
766,883,117,0.117,0.009905353147185608
728,864,136,0.136,0.012812006355868974
760,880,120,0.12,0.011925594722547601
762,881,119,0.119,0.012875574155679602
774,887,113,0.113,0.018552861181476032
676,838,162,0.162,0.016178439778292968
768,884,116,0.116,0.01819088124650284
724,862,138,0.138,0.010119339055732311
730,865,135,0.135,0.013233219249539673
674,837,163,0.163,0.013276519795165597
704,852,148,0.148,0.015234240141188678
692,846,154,0.154,0.012567305893304933
734,867,133,0.133,0.011563868378857207
708,854,146,0.146,0.013376649335473317
690,845,155,0.155,0.01899770408925792
772,886,114,0.114,0.021095481397629897
758,879,121,0.121,0.01874202826946569
734,867,133,0.133,0.014194939180398379
694,847,153,0.153,0.015218261201921508
722,861,139,0.139,0.014180353108459314
770,885,115,0.115,0.013020466962392703
762,881,119,0.119,0.013280015018307353
796,898,102,0.102,0.018658047355521377
698,849,151,0.151,0.0105424987018731
712,856,144,0.144,0.014961344584012864
748,874,126,0.126,0.014358867120744434
706,853,147,0.147,0.014103344509658186
712,856,144,0.144,0.016961846050841757
768,884,116,0.116,0.012745727186595274
748,874,126,0.126,0.017208308920459756
786,893,107,0.107,0.013457441623293789
702,851,149,0.149,0.011653597909897201
710,855,145,0.145,0.007565379010150238
732,866,134,0.134,0.015717414162189015
742,871,129,0.129,0.01278299111445773
728,864,136,0.136,0.01568149423000398
692,846,154,0.154,0.01523971865180232
702,851,149,0.149,0.014246895295246616
792,896,104,0.104,0.013387961003831548
738,869,131,0.131,0.013728117411394805
722,861,139,0.139,0.01566793832589265
754,877,123,0.123,0.016122169971497784
730,865,135,0.135,0.014252351803833704
754,877,123,0.123,0.011617660326453375
768,884,116,0.116,0.015306148170028365
734,867,133,0.133,0.014894486495042259
740,870,130,0.13,0.012721799077732783
772,886,114,0.114,0.012374024253007775
690,845,155,0.155,0.017375360647007114
776,888,112,0.112,0.009557738031782009
740,870,130,0.13,0.012298326474021692
718,859,141,0.141,0.011223990026047516
744,872,128,0.128,0.009930489898931057
756,878,122,0.122,0.011022034859265147
712,856,144,0.144,0.013648897905414686
778,889,111,0.111,0.013802139892965854
774,887,113,0.113,0.013218127252181801
754,877,123,0.123,0.015366253088752658
736,868,132,0.132,0.009155165223645824
704,852,148,0.148,0.014207403300459645
770,885,115,0.115,0.015875066147840344
714,857,143,0.143,0.013383708758946511
774,887,113,0.113,0.010116731082592765
746,873,127,0.127,0.016450295062421617
738,869,131,0.131,0.012433405581007861
724,862,138,0.138,0.015179092855249834
744,872,128,0.128,0.016343801810177836
692,846,154,0.154,0.011191360420812984
722,861,139,0.139,0.011492314322423255
718,859,141,0.141,0.012983661652902469
738,869,131,0.131,0.013441918370552258
758,879,121,0.121,0.016803687983246447
706,853,147,0.147,0.012667812764348668
758,879,121,0.121,0.011829310879972568
742,871,129,0.129,0.01679424412044976
698,849,151,0.151,0.01531576723380573
696,848,152,0.152,0.012323893780808788
774,887,113,0.113,0.01970530416831207
782,891,109,0.109,0.01455702992602653
814,907,93,0.093,0.016461958281133945
718,859,141,0.141,0.010748275614722132
712,856,144,0.144,0.015541176589705514
726,863,137,0.137,0.01242805529299207
744,872,128,0.128,0.014729697638827702
732,866,134,0.134,0.015121990676868336
812,906,94,0.094,0.014728291183922479
722,861,139,0.139,0.01329664707745802
780,890,110,0.11,0.01441229075925719
774,887,113,0.113,0.017026683140562226
730,865,135,0.135,0.016408631612883938
718,859,141,0.141,0.01336869565679183
736,868,132,0.132,0.011697312800382291
670,835,165,0.165,0.009996941901579518
768,884,116,0.116,0.016891325439644788
760,880,120,0.12,0.01289265503553264
704,852,148,0.148,0.010465896227034649
742,871,129,0.129,0.008343733559289973
722,861,139,0.139,0.009524297453795029
712,856,144,0.144,0.011045585591866428
758,879,121,0.121,0.015310946814800133
734,867,133,0.133,0.009364695939026377
698,849,151,0.151,0.0077422675009541
762,881,119,0.119,0.008569540888947373
734,867,133,0.133,0.013095830004533838
724,862,138,0.138,0.011274264176882966
800,900,100,0.1,0.013077000419576264
762,881,119,0.119,0.010085844666111442
734,867,133,0.133,0.008716301150978325
742,871,129,0.129,0.008320153904429504
782,891,109,0.109,0.01212534668460117
700,850,150,0.15,0.011575485790767871
748,874,126,0.126,0.011207083227893122
700,850,150,0.15,0.010328358967383324
736,868,132,0.132,0.011747633612399085
722,861,139,0.139,0.011104875624890837
740,870,130,0.13,0.012305654201426876
734,867,133,0.133,0.00955261276550624
794,897,103,0.103,0.011176911675168157
694,847,153,0.153,0.01015807360451575
734,867,133,0.133,0.01222308929415827
730,865,135,0.135,0.014778608019869239
698,849,151,0.151,0.008972150603394739
768,884,116,0.116,0.01096594463371541
754,877,123,0.123,0.010218234575543349
728,864,136,0.136,0.009326510189810563
726,863,137,0.137,0.011993019091567973
690,845,155,0.155,0.011274662203636026
714,857,143,0.143,0.00929832235736211
736,868,132,0.132,0.012802445605567498
768,884,116,0.116,0.012864466169875712
728,864,136,0.136,0.009000598610256972
760,880,120,0.12,0.009318583699810232
712,856,144,0.144,0.009178301408136448
730,865,135,0.135,0.008745922435265584
740,870,130,0.13,0.00995334588417603
708,854,146,0.146,0.012520142775639983
762,881,119,0.119,0.01078065639820761
700,850,150,0.15,0.0135425774905803
728,864,136,0.136,0.01141435340245971
748,874,126,0.126,0.009653614529665162
782,891,109,0.109,0.016062179800582697
758,879,121,0.121,0.010171403353690494
728,864,136,0.136,0.013394484555947826
736,868,132,0.132,0.012756766881894975
774,887,113,0.113,0.011712618016261373
680,840,160,0.16,0.013051388439511655
728,864,136,0.136,0.009913063732920563
758,879,121,0.121,0.01164609734261579
756,878,122,0.122,0.012748737329433794
778,889,111,0.111,0.014236546189109788
702,851,149,0.149,0.013596364815934778
680,840,160,0.16,0.011072776954548204
740,870,130,0.13,0.010700378797039774
782,891,109,0.109,0.012676528353542878
726,863,137,0.137,0.01274371289996695
794,897,103,0.103,0.010952674742698747
774,887,113,0.113,0.009384034438259135
720,860,140,0.14,0.016214107779048477
682,841,159,0.159,0.010414919674674521
728,864,136,0.136,0.010323240739795665
758,879,121,0.121,0.016944059269719473
726,863,137,0.137,0.00901693969050848
774,887,113,0.113,0.010568447272833808
718,859,141,0.141,0.012394097217237856
714,857,143,0.143,0.011006779214300466
764,882,118,0.118,0.01263125400698236
750,875,125,0.125,0.013835985933553573
778,889,111,0.111,0.014172177008337514
712,856,144,0.144,0.011623962406620435
758,879,121,0.121,0.010117243561861344
760,880,120,0.12,0.014561778178519332
758,879,121,0.121,0.01064812750019378
710,855,145,0.145,0.012244124271044996
732,866,134,0.134,0.012246043743543083
752,876,124,0.124,0.013786692483016325
662,831,169,0.169,0.007977359371362312
800,900,100,0.1,0.010529159511715023
742,871,129,0.129,0.013616599457325065
670,835,165,0.165,0.012858688455511953
692,846,154,0.154,0.01258897709091167
740,870,130,0.13,0.01274847393937128
754,877,123,0.123,0.008876731222991666
724,862,138,0.138,0.01099498868221778
710,855,145,0.145,0.012452230604395638
722,861,139,0.139,0.013797602987286894
804,902,98,0.098,0.011463597888101688
720,860,140,0.14,0.015116281545407787
726,863,137,0.137,0.015691077229592367
678,839,161,0.161,0.00902598981070038
704,852,148,0.148,0.00948028340030328
704,852,148,0.148,0.009889815162489385
728,864,136,0.136,0.01430611050300878
736,868,132,0.132,0.011393190593520387
788,894,106,0.106,0.016243240124273625
698,849,151,0.151,0.011322364885817122
714,857,143,0.143,0.015240575039818878
748,874,126,0.126,0.010526448757340972
762,881,119,0.119,0.012154903256057623
824,912,88,0.088,0.013651844355573558
742,871,129,0.129,0.00959217967055116
728,864,136,0.136,0.012579826916977168
762,881,119,0.119,0.010830130064343876
732,866,134,0.134,0.010306680983295678
754,877,123,0.123,0.006725926011803367
764,882,118,0.118,0.009694502993405024
710,855,145,0.145,0.012700048657572438
712,856,144,0.144,0.013153391374610777
794,897,103,0.103,0.011126515828563313
720,860,140,0.14,0.008629379910645966
684,842,158,0.158,0.009334723370777823
770,885,115,0.115,0.00780501472729054
752,876,124,0.124,0.01078074516164574
762,881,119,0.119,0.010294619017259336
724,862,138,0.138,0.007483183603764644
758,879,121,0.121,0.012563661287387305
678,839,161,0.161,0.011274159402699923
774,887,113,0.113,0.009631836665254866
696,848,152,0.152,0.014192789519992558
744,872,128,0.128,0.00721349603522718
756,878,122,0.122,0.01489875856016603
700,850,150,0.15,0.009621993273598391
760,880,120,0.12,0.010616607228155942
672,836,164,0.164,0.00942763398991366
776,888,112,0.112,0.014426101923927334
716,858,142,0.142,0.010045060561792383
708,854,146,0.146,0.00955267406314212
786,893,107,0.107,0.015385704149444976
802,901,99,0.099,0.011280010212704469
780,890,110,0.11,0.010639886185371168
778,889,111,0.111,0.009557080114437453
794,897,103,0.103,0.009577421018516049
642,821,179,0.179,0.007270340520696735
722,861,139,0.139,0.010681701264960694
742,871,129,0.129,0.010630655390239625
766,883,117,0.117,0.00731542987229993
728,864,136,0.136,0.010601452409925102
698,849,151,0.151,0.008209725989242756
728,864,136,0.136,0.008528809003710293
698,849,151,0.151,0.014367156502495433
754,877,123,0.123,0.006745968830778523
726,863,137,0.137,0.009897446498868433
664,832,168,0.168,0.01139352326178745
714,857,143,0.143,0.008936506300004482
778,889,111,0.111,0.008185936519274805
744,872,128,0.128,0.009182832132722198
742,871,129,0.129,0.010784275099461397
762,881,119,0.119,0.006352516680472803
712,856,144,0.144,0.00687123762519198
766,883,117,0.117,0.007433536080641403
720,860,140,0.14,0.009544778355269259
748,874,126,0.126,0.007965579735724305
716,858,142,0.142,0.006151555740595882
756,878,122,0.122,0.010140315174796072
712,856,144,0.144,0.005690414399032846
794,897,103,0.103,0.007818317489857904
678,839,161,0.161,0.005746547504866612
708,854,146,0.146,0.007445062924502167
774,887,113,0.113,0.006487425252827165
768,884,116,0.116,0.005108025368701391
804,902,98,0.098,0.00561568186506787
732,866,134,0.134,0.008175921812361537
754,877,123,0.123,0.010822898625871118
752,876,124,0.124,0.009702130293615895
734,867,133,0.133,0.007409102427792618
746,873,127,0.127,0.006781144971382687
746,873,127,0.127,0.006822882342427548
756,878,122,0.122,0.010580638410323659
722,861,139,0.139,0.012511929624928697
676,838,162,0.162,0.00745659302756944
740,870,130,0.13,0.010223207890872856
742,871,129,0.129,0.009196338132315874
702,851,149,0.149,0.007095668459792492
702,851,149,0.149,0.006643543200725134
772,886,114,0.114,0.011463741375858448
802,901,99,0.099,0.00887755824822878
718,859,141,0.141,0.00974714809586051
710,855,145,0.145,0.008471909308871404
758,879,121,0.121,0.009276750923329701
738,869,131,0.131,0.010504339299822292
738,869,131,0.131,0.008804159006928344
722,861,139,0.139,0.0071343360047232945
724,862,138,0.138,0.00797286345699392
766,883,117,0.117,0.009118713195859158
704,852,148,0.148,0.009703927631328284
742,871,129,0.129,0.008290089533844906
750,875,125,0.125,0.00835965293525885
702,851,149,0.149,0.009946441348189295
748,874,126,0.126,0.005679194823972239
772,886,114,0.114,0.008310353776041168
716,858,142,0.142,0.009867974383425264
712,856,144,0.144,0.0073799974894390346
774,887,113,0.113,0.0052462162373316515
722,861,139,0.139,0.004110686640628231
720,860,140,0.14,0.004395322786098333
748,874,126,0.126,0.006201936052375501
732,866,134,0.134,0.006643200372395143
714,857,143,0.143,0.005421127802515187
780,890,110,0.11,0.0044713439682109455
774,887,113,0.113,0.006870904123695496
702,851,149,0.149,0.0057757233449060265
708,854,146,0.146,0.007060298737852449
752,876,124,0.124,0.005022804109742736
700,850,150,0.15,0.004766862839119625
752,876,124,0.124,0.005464339355128985
772,886,114,0.114,0.004434249258472264
646,823,177,0.177,0.0052543195877339174
722,861,139,0.139,0.005561337789410402
722,861,139,0.139,0.0073840740795241685
756,878,122,0.122,0.007507789754401301
704,852,148,0.148,0.00694441296154946
764,882,118,0.118,0.005747144723410287
682,841,159,0.159,0.006941443025416262
698,849,151,0.151,0.008653096827005585
730,865,135,0.135,0.008070319984442405
662,831,169,0.169,0.0037667095071694944
748,874,126,0.126,0.00629961022802857
672,836,164,0.164,0.00484163843303989
786,893,107,0.107,0.01130118459537158
734,867,133,0.133,0.007258669854321553
780,890,110,0.11,0.008036806124735363
726,863,137,0.137,0.006300588124250595
698,849,151,0.151,0.006969583665289719
724,862,138,0.138,0.006256027648017138
742,871,129,0.129,0.007410992255018342
696,848,152,0.152,0.0076862992689188305
756,878,122,0.122,0.010609077293111283
760,880,120,0.12,0.007944741069262377
720,860,140,0.14,0.009318162606506988
720,860,140,0.14,0.006603796019927159
730,865,135,0.135,0.007791824733571602
730,865,135,0.135,0.009998336669527064
690,845,155,0.155,0.00889335051856989
716,858,142,0.142,0.006304637128261689
734,867,133,0.133,0.006249064992266
714,857,143,0.143,0.006231073337127483
722,861,139,0.139,0.008168739471645169
698,849,151,0.151,0.008375282114315126
796,898,102,0.102,0.009808394094765006
710,855,145,0.145,0.006401102898132848
698,849,151,0.151,0.00497648031782208
756,878,122,0.122,0.009890771319701955
738,869,131,0.131,0.0053903820916287514
648,824,176,0.176,0.009144301194472335
718,859,141,0.141,0.005231411626397346
752,876,124,0.124,0.006030763305509766
714,857,143,0.143,0.009955980690015707
714,857,143,0.143,0.007627226457971318
754,877,123,0.123,0.006970780011379617
726,863,137,0.137,0.009074468352956345
730,865,135,0.135,0.00781263145582517
722,861,139,0.139,0.009343532840091897
738,869,131,0.131,0.010478026246359946
690,845,155,0.155,0.006413243727029311
724,862,138,0.138,0.010920654698466422
708,854,146,0.146,0.006265777236653932
756,878,122,0.122,0.007014083277871563
694,847,153,0.153,0.0039040863136926445
750,875,125,0.125,0.0076070610635596975
696,848,152,0.152,0.0045357649725911815
718,859,141,0.141,0.007126448459541607
756,878,122,0.122,0.0060714537597150835
754,877,123,0.123,0.006000246388544753
760,880,120,0.12,0.007654258670040633
722,861,139,0.139,0.008459017687539684
714,857,143,0.143,0.008040808871988062
764,882,118,0.118,0.007790167748023308
748,874,126,0.126,0.007591008657811258
712,856,144,0.144,0.0059291129525269074
764,882,118,0.118,0.007978416238796329
762,881,119,0.119,0.00775085334482776
668,834,166,0.166,0.007326893039527406
696,848,152,0.152,0.007288425757392246
708,854,146,0.146,0.008452317194677662
728,864,136,0.136,0.009179675283396378
684,842,158,0.158,0.009512541569399516
756,878,122,0.122,0.008558065017882683
780,890,110,0.11,0.009378208473635326
720,860,140,0.14,0.009062674928406907
704,852,148,0.148,0.007767145082695109
756,878,122,0.122,0.007719430795982333
724,862,138,0.138,0.006095262298917135
690,845,155,0.155,0.008794100306475911
728,864,136,0.136,0.01111998756576459
692,846,154,0.154,0.006011017019103889
734,867,133,0.133,0.010274762446450566
730,865,135,0.135,0.008236175114898402
726,863,137,0.137,0.00907713993140446
748,874,126,0.126,0.008466036791814773
730,865,135,0.135,0.00980252502569148
690,845,155,0.155,0.00917284432974391
678,839,161,0.161,0.006990351706836776
734,867,133,0.133,0.008840414152438143
744,872,128,0.128,0.012418576440341595
706,853,147,0.147,0.009694630020440229
732,866,134,0.134,0.007693359534911735
784,892,108,0.108,0.005360011255767276
718,859,141,0.141,0.00838990201472798
750,875,125,0.125,0.010102948339509012
808,904,96,0.096,0.008525965582129216
706,853,147,0.147,0.005485083464692849
696,848,152,0.152,0.01080146875810928
690,845,155,0.155,0.007943705118868792
686,843,157,0.157,0.005781822248986728
756,878,122,0.122,0.007242657136669976
660,830,170,0.17,0.012101304066314256
752,876,124,0.124,0.011623209007666403
736,868,132,0.132,0.010783209147790117
716,858,142,0.142,0.00918190631710135
708,854,146,0.146,0.008177820914535318
744,872,128,0.128,0.0088824933410625
752,876,124,0.124,0.009993512097089806
710,855,145,0.145,0.007613954923219538
764,882,118,0.118,0.007769809262783411
746,873,127,0.127,0.008359394438014221
714,857,143,0.143,0.008465469342352464
760,880,120,0.12,0.007717740963457459
720,860,140,0.14,0.012158060597957175
662,831,169,0.169,0.012138415673250151
710,855,145,0.145,0.009587181570724895
742,871,129,0.129,0.008493721857721128
742,871,129,0.129,0.009456166561730853
738,869,131,0.131,0.010268943934904996
734,867,133,0.133,0.007074290833945411
686,843,157,0.157,0.008690475686641776
736,868,132,0.132,0.008474750330058057
698,849,151,0.151,0.009616113792336947
714,857,143,0.143,0.010858968398118478
692,846,154,0.154,0.012387636476659978
728,864,136,0.136,0.010594161789932713
720,860,140,0.14,0.010933360031590766
758,879,121,0.121,0.011378882531770643
742,871,129,0.129,0.011962481177839393
722,861,139,0.139,0.011126134026959434
718,859,141,0.141,0.010103691072146702
726,863,137,0.137,0.011499938908535044
742,871,129,0.129,0.009843271466230675
784,892,108,0.108,0.007586860206702838
766,883,117,0.117,0.008142804679722475
744,872,128,0.128,0.008394247698613171
714,857,143,0.143,0.0053551082255666104
748,874,126,0.126,0.007597677825865119
762,881,119,0.119,0.006540134310697638
714,857,143,0.143,0.0057913787381629195
726,863,137,0.137,0.00703812395194953
690,845,155,0.155,0.006775300001969967
762,881,119,0.119,0.006830904827954555
752,876,124,0.124,0.007348391154700181
750,875,125,0.125,0.006865273304076794
726,863,137,0.137,0.007679951663789538
728,864,136,0.136,0.010203746079574813
744,872,128,0.128,0.007007598481419165
770,885,115,0.115,0.007962558356811186
740,870,130,0.13,0.0059396955010431185
798,899,101,0.101,0.005157876053951952
744,872,128,0.128,0.007331209610707902
694,847,153,0.153,0.006257659679140346
808,904,96,0.096,0.00849987053712404
768,884,116,0.116,0.006648211288360756
748,874,126,0.126,0.006396859956446462
764,882,118,0.118,0.005673313991576719
742,871,129,0.129,0.00746002836146576
732,866,134,0.134,0.00562170476076156
784,892,108,0.108,0.006462271523748811
702,851,149,0.149,0.007402857364050391
690,845,155,0.155,0.006833230969934363
736,868,132,0.132,0.006928993704522299
780,890,110,0.11,0.006610493004363363
754,877,123,0.123,0.009263428326258719
730,865,135,0.135,0.008630593531384165
752,876,124,0.124,0.011885514114805104
686,843,157,0.157,0.007901862562512293
734,867,133,0.133,0.009255648601538808
726,863,137,0.137,0.008755026000200289
736,868,132,0.132,0.007991242715748114
768,884,116,0.116,0.007086641436739413
722,861,139,0.139,0.006372944719189789
750,875,125,0.125,0.007585089698084701
692,846,154,0.154,0.006768925286421421
748,874,126,0.126,0.006877394384356336
734,867,133,0.133,0.011528793790415734
750,875,125,0.125,0.008393114373201256
688,844,156,0.156,0.007925777309550042
708,854,146,0.146,0.008281218082806945
708,854,146,0.146,0.005581183436234582
774,887,113,0.113,0.007845315515247094
742,871,129,0.129,0.008199128029571923
740,870,130,0.13,0.007708971350462562
744,872,128,0.128,0.0047684409811979975
720,860,140,0.14,0.006095471459775553
788,894,106,0.106,0.006049342726258018
746,873,127,0.127,0.009904295808089018
802,901,99,0.099,0.006681614744781541
762,881,119,0.119,0.006853520216757459
702,851,149,0.149,0.007620426037802232
698,849,151,0.151,0.006443595655689009
714,857,143,0.143,0.007212050048901276
738,869,131,0.131,0.007538702176225854
794,897,103,0.103,0.005626866231781875
746,873,127,0.127,0.008635858880011399
760,880,120,0.12,0.0069822537715484995
754,877,123,0.123,0.0076391571091349985
678,839,161,0.161,0.007693427669010149
734,867,133,0.133,0.00776092072432867
648,824,176,0.176,0.006695882456322962
718,859,141,0.141,0.008352758411192979
770,885,115,0.115,0.006633191028718627
744,872,128,0.128,0.007738339696834118
742,871,129,0.129,0.005839115165026598
754,877,123,0.123,0.006418324374767792
684,842,158,0.158,0.00757718586169284
748,874,126,0.126,0.007074539710079108
754,877,123,0.123,0.006230463940517908
722,861,139,0.139,0.005828940666865648
696,848,152,0.152,0.007872458017293254
818,909,91,0.091,0.00570700789116708
810,905,95,0.095,0.006294043471055545
724,862,138,0.138,0.00579704661880993
760,880,120,0.12,0.009556743977037102
690,845,155,0.155,0.006230284349799902
724,862,138,0.138,0.007251666613142575
766,883,117,0.117,0.006035504192765629
726,863,137,0.137,0.008398117761355635
742,871,129,0.129,0.00826204000602452
716,858,142,0.142,0.005771146070837915
704,852,148,0.148,0.0075644889738222506
722,861,139,0.139,0.008138102445007064
742,871,129,0.129,0.00912823603433921
758,879,121,0.121,0.00877827503933274
678,839,161,0.161,0.007855101839609517
710,855,145,0.145,0.005926908217540671
736,868,132,0.132,0.0077996215519581255
724,862,138,0.138,0.00686489411145493
792,896,104,0.104,0.010250713995876452
678,839,161,0.161,0.006921842605514769
684,842,158,0.158,0.00765290876552595
734,867,133,0.133,0.0034282485035586206
710,855,145,0.145,0.00589710983463803
746,873,127,0.127,0.007866359333773545
750,875,125,0.125,0.005943641304644231
740,870,130,0.13,0.007903064669579095
756,878,122,0.122,0.007474877384987877
686,843,157,0.157,0.006798933023186749
700,850,150,0.15,0.006810110120383072
702,851,149,0.149,0.009117501935820442
672,836,164,0.164,0.007278113675788632
752,876,124,0.124,0.008274041992449185
758,879,121,0.121,0.011899448886381492
772,886,114,0.114,0.008949273648090355
796,898,102,0.102,0.010731957014606934
742,871,129,0.129,0.011909833906364894
752,876,124,0.124,0.00585118089525804
728,864,136,0.136,0.009760792727544668
692,846,154,0.154,0.006958705203319766
734,867,133,0.133,0.007711871632564637
740,870,130,0.13,0.006683710561686865
724,862,138,0.138,0.006827787486257336
762,881,119,0.119,0.009081908068255472
752,876,124,0.124,0.00708494715864272
724,862,138,0.138,0.0073177092986667705
704,852,148,0.148,0.0060013126825863026
714,857,143,0.143,0.008267872561078974
750,875,125,0.125,0.011238530070028546
748,874,126,0.126,0.011344402725751023
652,826,174,0.174,0.007438623960293029
756,878,122,0.122,0.00874950392724925
710,855,145,0.145,0.00640301508993673
732,866,134,0.134,0.01009639225493592
708,854,146,0.146,0.008048091871310703
700,850,150,0.15,0.007126284590193251
776,888,112,0.112,0.0077034107258211575
692,846,154,0.154,0.012022319549826023
684,842,158,0.158,0.008287566202154949
718,859,141,0.141,0.009491529320540976
730,865,135,0.135,0.009473126596775742
768,884,116,0.116,0.00931554189003748
706,853,147,0.147,0.008413276878109655
782,891,109,0.109,0.01269290969191809
774,887,113,0.113,0.008028001014312907
706,853,147,0.147,0.01153574561472172
718,859,141,0.141,0.011604518700215295
728,864,136,0.136,0.0062815476062895925
732,866,134,0.134,0.006386019391510558
806,903,97,0.097,0.010964742484105103
756,878,122,0.122,0.00963009813826632
776,888,112,0.112,0.006334370664484226
732,866,134,0.134,0.008066384693560878
718,859,141,0.141,0.011388421311139723
728,864,136,0.136,0.006676081983214388
690,845,155,0.155,0.01220282172201246
740,870,130,0.13,0.008255051548264745
762,881,119,0.119,0.01050643690092953
710,855,145,0.145,0.011832188287577395
698,849,151,0.151,0.008719965001530838
718,859,141,0.141,0.008947756031160964
738,869,131,0.131,0.008925113396821274
738,869,131,0.131,0.007839173400681418
752,876,124,0.124,0.008085328746327633
794,897,103,0.103,0.007161628844061368
750,875,125,0.125,0.010266447762030324
732,866,134,0.134,0.012410488248660655
774,887,113,0.113,0.011366695065235846
744,872,128,0.128,0.00996268507148362
702,851,149,0.149,0.009732609325686368
728,864,136,0.136,0.010762458817737013
750,875,125,0.125,0.010695600464312378
686,843,157,0.157,0.008240579017493076
738,869,131,0.131,0.008568637460658238
734,867,133,0.133,0.008841160977948903
704,852,148,0.148,0.007010692498404296
726,863,137,0.137,0.007873284849228553
734,867,133,0.133,0.011390152161662883
708,854,146,0.146,0.00872169136366523
736,868,132,0.132,0.0138611726178722
696,848,152,0.152,0.012805579730784174
746,873,127,0.127,0.006857937390114671
724,862,138,0.138,0.011294921544314803
746,873,127,0.127,0.010782157698059791
724,862,138,0.138,0.007020028770324302
666,833,167,0.167,0.008179866954407573
718,859,141,0.141,0.006557751950360682
756,878,122,0.122,0.005631537824419638
704,852,148,0.148,0.010695434761197874
764,882,118,0.118,0.009304352380921699
702,851,149,0.149,0.007644326420207691
660,830,170,0.17,0.00850621444473336
736,868,132,0.132,0.010795548301077063
744,872,128,0.128,0.007898229766326651
714,857,143,0.143,0.007950960079940273
720,860,140,0.14,0.007917474929624831
710,855,145,0.145,0.00915944536544977
712,856,144,0.144,0.010347693502789454
730,865,135,0.135,0.010202168873910126
714,857,143,0.143,0.008753945638637432
676,838,162,0.162,0.007410206508664075
780,890,110,0.11,0.008353896331761888
718,859,141,0.141,0.009580510443603543
732,866,134,0.134,0.008938312473650924
664,832,168,0.168,0.010107356090634241
702,851,149,0.149,0.00741186479540147
814,907,93,0.093,0.009908925161963438
714,857,143,0.143,0.008648857807994162
736,868,132,0.132,0.008411993826203926
760,880,120,0.12,0.005717492022353724
750,875,125,0.125,0.006293912201507027
718,859,141,0.141,0.010499050250353477
734,867,133,0.133,0.007908637692165144
772,886,114,0.114,0.007013790277748939
760,880,120,0.12,0.007520384980693038
774,887,113,0.113,0.0078139094886522
712,856,144,0.144,0.0054243636540021786
780,890,110,0.11,0.006062170021682448
746,873,127,0.127,0.005457058986153725
744,872,128,0.128,0.006476291587778519
720,860,140,0.14,0.005551689237422678
694,847,153,0.153,0.005440105875978674
748,874,126,0.126,0.007058334963569166
692,846,154,0.154,0.005407261398681456
678,839,161,0.161,0.005776802840779794
756,878,122,0.122,0.008684306898045094
816,908,92,0.092,0.008329823944825137
728,864,136,0.136,0.008452178357816025
740,870,130,0.13,0.006011256011378947
732,866,134,0.134,0.008435319171180225
758,879,121,0.121,0.007223932036312363
718,859,141,0.141,0.011770462562025344
714,857,143,0.143,0.008104805898633572
720,860,140,0.14,0.008824015245753415
686,843,157,0.157,0.014305591609028681
712,856,144,0.144,0.012171842008511107
758,879,121,0.121,0.007564240437130764
730,865,135,0.135,0.010869781718208259
754,877,123,0.123,0.010700167817935608
772,886,114,0.114,0.008781535226766194
788,894,106,0.106,0.010771053840335994
702,851,149,0.149,0.006377172594244826
718,859,141,0.141,0.010761134356463174
728,864,136,0.136,0.01081684107514738
748,874,126,0.126,0.007835939780726534
758,879,121,0.121,0.011940403742826405
780,890,110,0.11,0.013495591417801933
714,857,143,0.143,0.006834685438591393
736,868,132,0.132,0.007191818086516193
776,888,112,0.112,0.010764426045061157
720,860,140,0.14,0.007056882005102096
700,850,150,0.15,0.006288152944523248
730,865,135,0.135,0.009222181232890477
720,860,140,0.14,0.011161499148469957
716,858,142,0.142,0.00838737528861475
762,881,119,0.119,0.009031473984243562
722,861,139,0.139,0.006692423832374175
714,857,143,0.143,0.011113714064823341
706,853,147,0.147,0.008573484369023674
762,881,119,0.119,0.009962621032271642
714,857,143,0.143,0.012027535204552648
720,860,140,0.14,0.00725758857910796
708,854,146,0.146,0.011275717663624875
744,872,128,0.128,0.006929215970302678
746,873,127,0.127,0.009725244992649082
708,854,146,0.146,0.007068906624350276
696,848,152,0.152,0.008477977551502874
686,843,157,0.157,0.011129062769800527
808,904,96,0.096,0.01279507181238644
764,882,118,0.118,0.00741260123009755
752,876,124,0.124,0.010315806972629219
752,876,124,0.124,0.008572342949318966
720,860,140,0.14,0.007451737204685002
712,856,144,0.144,0.01085058889077942
726,863,137,0.137,0.010855186471597094
696,848,152,0.152,0.008751283381816279
730,865,135,0.135,0.008642117504301184
708,854,146,0.146,0.009613493117362296
758,879,121,0.121,0.011000628283586366
726,863,137,0.137,0.010442857663097698
672,836,164,0.164,0.012340779484423848
732,866,134,0.134,0.009566316106022498
712,856,144,0.144,0.008905266753951282
754,877,123,0.123,0.01118044613856179
750,875,125,0.125,0.008519220312726304
802,901,99,0.099,0.007147230082972428
724,862,138,0.138,0.007410063478313703
760,880,120,0.12,0.012667217415847518
740,870,130,0.13,0.012657763448690816
740,870,130,0.13,0.008214422820784833
678,839,161,0.161,0.008187849873817868
756,878,122,0.122,0.009248412488427235
734,867,133,0.133,0.011980248910321421
672,836,164,0.164,0.011075559091483682
742,871,129,0.129,0.00530066344420878
698,849,151,0.151,0.009001854491133202
742,871,129,0.129,0.009637722584305664
708,854,146,0.146,0.010220012760769009
740,870,130,0.13,0.007351447814319016
734,867,133,0.133,0.007452664955694274
738,869,131,0.131,0.008397884100535635
692,846,154,0.154,0.009083188467709547
708,854,146,0.146,0.010142980605378483
742,871,129,0.129,0.009859494560937463
696,848,152,0.152,0.010398226588010814
738,869,131,0.131,0.011762910913530447
778,889,111,0.111,0.009743196501310336
728,864,136,0.136,0.01198213618581704
764,882,118,0.118,0.0102799142487208
724,862,138,0.138,0.010715155819713345
754,877,123,0.123,0.009848827182555368
720,860,140,0.14,0.009506468872881186
734,867,133,0.133,0.009465788841005249
710,855,145,0.145,0.014047003613586398
704,852,148,0.148,0.012266497388655609
756,878,122,0.122,0.011604361310660637
684,842,158,0.158,0.012458155230281818
780,890,110,0.11,0.01154408367376243
700,850,150,0.15,0.015196447859897674
696,848,152,0.152,0.013000699406997456
732,866,134,0.134,0.015963584415664384
688,844,156,0.156,0.00976495836561361
742,871,129,0.129,0.011521645986134416
752,876,124,0.124,0.015749801593927713
696,848,152,0.152,0.010880792620273241
742,871,129,0.129,0.012853333014678241
716,858,142,0.142,0.01005995080161918
752,876,124,0.124,0.010631087372839602
782,891,109,0.109,0.01741906256271524
678,839,161,0.161,0.01121325640455268
716,858,142,0.142,0.010896078121208632
744,872,128,0.128,0.012061474157209914
780,890,110,0.11,0.010601121678944466
730,865,135,0.135,0.010200930876517533
724,862,138,0.138,0.016235511009437858
702,851,149,0.149,0.013359833175260917
742,871,129,0.129,0.008292816803272316
740,870,130,0.13,0.01205488806296205
734,867,133,0.133,0.01306210752671899
738,869,131,0.131,0.01068386435514617
732,866,134,0.134,0.010865025318838819
712,856,144,0.144,0.011576405177138356
708,854,146,0.146,0.0120309346259246
778,889,111,0.111,0.012699139896265536
706,853,147,0.147,0.012646591373766456
682,841,159,0.159,0.007733142626496317
692,846,154,0.154,0.010640408160829224
674,837,163,0.163,0.00893457244869515
760,880,120,0.12,0.011644149306044384
760,880,120,0.12,0.009684836122102468
820,910,90,0.09,0.015040600557641086
762,881,119,0.119,0.009909862668291225
732,866,134,0.134,0.01044542363729272
706,853,147,0.147,0.009709006584058287
714,857,143,0.143,0.01073224211464968
686,843,157,0.157,0.010405697920647043
752,876,124,0.124,0.007956653604436327
786,893,107,0.107,0.01003518049145478
784,892,108,0.108,0.007767448514573232
718,859,141,0.141,0.008752445864078695
732,866,134,0.134,0.012338180378070263
782,891,109,0.109,0.010121616993772762
746,873,127,0.127,0.01071663313446119
738,869,131,0.131,0.01009755365758764
746,873,127,0.127,0.010212326438134852
686,843,157,0.157,0.007896448917666134
744,872,128,0.128,0.008122981617712853
702,851,149,0.149,0.00947524343483336
724,862,138,0.138,0.009776832295753962
684,842,158,0.158,0.01261195195989228
786,893,107,0.107,0.012540196133338597
674,837,163,0.163,0.011247611513040169
698,849,151,0.151,0.00667702994546309
734,867,133,0.133,0.009653218846620177
672,836,164,0.164,0.009155163683481817
750,875,125,0.125,0.011683115014555838
712,856,144,0.144,0.01238373862211094
756,878,122,0.122,0.010843569131014646
672,836,164,0.164,0.009399818338572117
746,873,127,0.127,0.008856831659406282
762,881,119,0.119,0.01237172857666873
722,861,139,0.139,0.009516317548743132
720,860,140,0.14,0.013845108380997914
714,857,143,0.143,0.008062191605962766
706,853,147,0.147,0.008995245820306537
790,895,105,0.105,0.010246395171931497
720,860,140,0.14,0.011249403554703007
730,865,135,0.135,0.011802501512490949
712,856,144,0.144,0.01552268336299656
732,866,134,0.134,0.015776790910563478
762,881,119,0.119,0.01273665805374668
690,845,155,0.155,0.011940252458166468
728,864,136,0.136,0.015068326612055899
706,853,147,0.147,0.012053360844206964
688,844,156,0.156,0.015836552713300988
752,876,124,0.124,0.008458419854714322
686,843,157,0.157,0.014239606625500868
674,837,163,0.163,0.013822086978678613
736,868,132,0.132,0.010020217547338192
768,884,116,0.116,0.01287577221063043
774,887,113,0.113,0.012394491180535169
722,861,139,0.139,0.01231227391663947
726,863,137,0.137,0.012578527423724496
724,862,138,0.138,0.01439369621844972
688,844,156,0.156,0.00861438508075537
728,864,136,0.136,0.012110348873422936
726,863,137,0.137,0.013808283323721042
722,861,139,0.139,0.010432953393671653
760,880,120,0.12,0.013142294082802665
712,856,144,0.144,0.008286297456429566
692,846,154,0.154,0.01411381615892492
758,879,121,0.121,0.012880912596895996
758,879,121,0.121,0.010289280558940546
750,875,125,0.125,0.017316055646163477
744,872,128,0.128,0.010887174564203803
720,860,140,0.14,0.007982379569428247
710,855,145,0.145,0.013069152105237208
744,872,128,0.128,0.01325814964214652
740,870,130,0.13,0.01365135665609091
740,870,130,0.13,0.013096679713647206
742,871,129,0.129,0.012145652698528011
742,871,129,0.129,0.00933610726380624
764,882,118,0.118,0.011632640850757554
750,875,125,0.125,0.013660151692528643
722,861,139,0.139,0.010316465851792373
744,872,128,0.128,0.012871380192269272
734,867,133,0.133,0.017879933766841816
704,852,148,0.148,0.016968889898894533
720,860,140,0.14,0.014510655008658887
698,849,151,0.151,0.015867280645564478
734,867,133,0.133,0.014635906680630797
736,868,132,0.132,0.014318133252362997
700,850,150,0.15,0.015999263972596395
714,857,143,0.143,0.009239562189079094
758,879,121,0.121,0.01393880721873643
702,851,149,0.149,0.012980209887076852
766,883,117,0.117,0.013411610989347195
722,861,139,0.139,0.022703738157935846
720,860,140,0.14,0.012975105453588128
694,847,153,0.153,0.013253817197864138
728,864,136,0.136,0.011552809418839387
728,864,136,0.136,0.010950035159739855
722,861,139,0.139,0.01811003613681237
756,878,122,0.122,0.0178425011817543
748,874,126,0.126,0.017632570022890603
732,866,134,0.134,0.01693966807439983
766,883,117,0.117,0.013934520949411307
734,867,133,0.133,0.0178394889261358
752,876,124,0.124,0.01574371558215094
688,844,156,0.156,0.02021228918498673
730,865,135,0.135,0.013635700119437842
746,873,127,0.127,0.015719336594696556
786,893,107,0.107,0.015287207686190414
726,863,137,0.137,0.020033561285961468
730,865,135,0.135,0.01658469818810954
704,852,148,0.148,0.021753562655567292
774,887,113,0.113,0.023227441140592647
790,895,105,0.105,0.01930510288022924
716,858,142,0.142,0.023052877031845127
744,872,128,0.128,0.01843610109896963
744,872,128,0.128,0.025760956501991075
752,876,124,0.124,0.021481859623402103
738,869,131,0.131,0.018327918065699122
686,843,157,0.157,0.02419924057782009
730,865,135,0.135,0.02089376553153018
758,879,121,0.121,0.015762089218777874
764,882,118,0.118,0.020876750454548527
744,872,128,0.128,0.023418222424752458
762,881,119,0.119,0.02508803331845411
756,878,122,0.122,0.02235048479773377
690,845,155,0.155,0.02566063204605689
760,880,120,0.12,0.019087206363221042
742,871,129,0.129,0.02149290555432708
700,850,150,0.15,0.021920753885712428
734,867,133,0.133,0.01852720301305544
748,874,126,0.126,0.023524864092404642
662,831,169,0.169,0.01880378129173289
722,861,139,0.139,0.021778656464941377
752,876,124,0.124,0.027642397734505723
722,861,139,0.139,0.02404235249768044
728,864,136,0.136,0.022310273697759838
760,880,120,0.12,0.021462356247546267
734,867,133,0.133,0.02328914165581591
772,886,114,0.114,0.023800201551610372
758,879,121,0.121,0.025854571198284246
690,845,155,0.155,0.024602802464724845
728,864,136,0.136,0.016597354407080274
716,858,142,0.142,0.02819820318410166
750,875,125,0.125,0.025035812732635804
750,875,125,0.125,0.031343275907619955
752,876,124,0.124,0.03135634699265211
710,855,145,0.145,0.021254217757705193
712,856,144,0.144,0.02619679020755575
746,873,127,0.127,0.02866308639187082
710,855,145,0.145,0.024780102841330517
696,848,152,0.152,0.03329642733319997
756,878,122,0.122,0.027470614971251053
702,851,149,0.149,0.028344427776668454
736,868,132,0.132,0.026827080355049476
696,848,152,0.152,0.02971208613562885
736,868,132,0.132,0.026311566901029437
770,885,115,0.115,0.02937290927732829
754,877,123,0.123,0.028927747660301064
718,859,141,0.141,0.030163640721752018
684,842,158,0.158,0.029470532029183233
676,838,162,0.162,0.03579231134950533
758,879,121,0.121,0.031934179918274824
746,873,127,0.127,0.029035854161535098
780,890,110,0.11,0.04054987782543003
764,882,118,0.118,0.02530127685511252
776,888,112,0.112,0.031630865515856386
720,860,140,0.14,0.03293052430561875
704,852,148,0.148,0.02543194948082419
698,849,151,0.151,0.02327964196413086
724,862,138,0.138,0.037942188006236395
666,833,167,0.167,0.030522481782274555
748,874,126,0.126,0.032516142015978404
736,868,132,0.132,0.03192140830767312
742,871,129,0.129,0.03158897658288334
746,873,127,0.127,0.03607502525596647
730,865,135,0.135,0.026195273275647198
662,831,169,0.169,0.034381612731718636
722,861,139,0.139,0.03513323857757859
802,901,99,0.099,0.034018040150876915
754,877,123,0.123,0.027480544043566625
746,873,127,0.127,0.02942970982271072
738,869,131,0.131,0.02861925769300433
752,876,124,0.124,0.03580324006462615
756,878,122,0.122,0.04223174545107395
758,879,121,0.121,0.027594678150726394
648,824,176,0.176,0.038223156019928865
778,889,111,0.111,0.03636156829684478
690,845,155,0.155,0.032384699018206446
738,869,131,0.131,0.032408951612495004
724,862,138,0.138,0.03945445911169372
742,871,129,0.129,0.032373347060358354
718,859,141,0.141,0.034168022789839596
738,869,131,0.131,0.03312449896430189
792,896,104,0.104,0.03264728278848543
700,850,150,0.15,0.03295649691149447
718,859,141,0.141,0.035649041282646066
702,851,149,0.149,0.036830523124524915
738,869,131,0.131,0.035724754171566016
712,856,144,0.144,0.03295336430944735
716,858,142,0.142,0.04063599938878906
758,879,121,0.121,0.03791022747087845
750,875,125,0.125,0.0436293614849128
760,880,120,0.12,0.03641426679264259
762,881,119,0.119,0.03888857429045311
718,859,141,0.141,0.04583358364299056
754,877,123,0.123,0.05268391453222284
698,849,151,0.151,0.04279320631939481
760,880,120,0.12,0.056423807909806785
720,860,140,0.14,0.045844860713084926
774,887,113,0.113,0.05009095964184962
726,863,137,0.137,0.05862467961706716
774,887,113,0.113,0.051164061486280846
744,872,128,0.128,0.045018382052716334
740,870,130,0.13,0.04624390664364182
704,852,148,0.148,0.05709213846089551
710,855,145,0.145,0.054183245999389326
774,887,113,0.113,0.05248464454163332
758,879,121,0.121,0.06257683336315677
760,880,120,0.12,0.048750260556436845
724,862,138,0.138,0.04407611999748042
738,869,131,0.131,0.05665394381748047
740,870,130,0.13,0.05748505642701639
734,867,133,0.133,0.046205559774127325
742,871,129,0.129,0.05385733236477245
770,885,115,0.115,0.06389453117089579
734,867,133,0.133,0.052030812422395684
694,847,153,0.153,0.05917710266658105
688,844,156,0.156,0.0550767260655266
726,863,137,0.137,0.05701558108918835
720,860,140,0.14,0.07368783268873813
670,835,165,0.165,0.06864168599888217
680,840,160,0.16,0.07639909855241421
770,885,115,0.115,0.07363496326957829
706,853,147,0.147,0.07408505400642752
678,839,161,0.161,0.07173940007062629
794,897,103,0.103,0.06969218955980613
746,873,127,0.127,0.07325560772093014
758,879,121,0.121,0.06437638916975993
692,846,154,0.154,0.06083789015945513
776,888,112,0.112,0.06489448427033494
742,871,129,0.129,0.06666149173490703
704,852,148,0.148,0.05985677409451455
754,877,123,0.123,0.06848630407312885
744,872,128,0.128,0.061245049544784706
768,884,116,0.116,0.061016478634206575
734,867,133,0.133,0.07151525356108322
714,857,143,0.143,0.06708933591184905
690,845,155,0.155,0.06231797013652977
694,847,153,0.153,0.057837232042307736
724,862,138,0.138,0.06424216696067014
706,853,147,0.147,0.05846900082868524
750,875,125,0.125,0.05576727962284349
758,879,121,0.121,0.04967078067132388
738,869,131,0.131,0.046211665829159754
710,855,145,0.145,0.04357196919280978
718,859,141,0.141,0.06640757013100665
766,883,117,0.117,0.04777181889696658
708,854,146,0.146,0.04594454142198083
726,863,137,0.137,0.048305850767967055
758,879,121,0.121,0.04636893816570228
692,846,154,0.154,0.046858588393050016
728,864,136,0.136,0.03918563512395485
794,897,103,0.103,0.047452592826841285
726,863,137,0.137,0.04025437718861213
742,871,129,0.129,0.045856815341052425
726,863,137,0.137,0.04668600882330793
754,877,123,0.123,0.046630540946760446
712,856,144,0.144,0.046665580327258795
768,884,116,0.116,0.04118284287409915
744,872,128,0.128,0.0406206103960576
796,898,102,0.102,0.04317248346201086
746,873,127,0.127,0.045137367336268656
684,842,158,0.158,0.047022676763153866
652,826,174,0.174,0.04290574406126689
744,872,128,0.128,0.05044945418163843
736,868,132,0.132,0.04944308201075182
700,850,150,0.15,0.04304487821465591
744,872,128,0.128,0.051927689919368275
730,865,135,0.135,0.046365934415138324
710,855,145,0.145,0.05869958798988955
714,857,143,0.143,0.05060961375191982
750,875,125,0.125,0.06352834656697814
714,857,143,0.143,0.06262253786361544
700,850,150,0.15,0.06192811105813598
726,863,137,0.137,0.060786462886317165
740,870,130,0.13,0.07506853411125484
714,857,143,0.143,0.07460849480715115
728,864,136,0.136,0.06377595722943079
748,874,126,0.126,0.06603196898347233
680,840,160,0.16,0.07760527854808606
700,850,150,0.15,0.07164402743126266
742,871,129,0.129,0.08322283395339036
788,894,106,0.106,0.07059939797183325
710,855,145,0.145,0.07457279961166205
690,845,155,0.155,0.08889853249781299
722,861,139,0.139,0.08887701443998958
712,856,144,0.144,0.07241511305814492
710,855,145,0.145,0.08139297547424212
632,816,184,0.184,0.09086356842308305
744,872,128,0.128,0.0750854414923815
698,849,151,0.151,0.07824825330625754
712,856,144,0.144,0.08594087686823332
746,873,127,0.127,0.0781104566049762
678,839,161,0.161,0.06736479358933865
710,855,145,0.145,0.07705461142584681
780,890,110,0.11,0.06368792467447928
732,866,134,0.134,0.057832360410597174
724,862,138,0.138,0.06184812408444122
670,835,165,0.165,0.05677333189640194
656,828,172,0.172,0.061873574880184606
724,862,138,0.138,0.048321271635766605
680,840,160,0.16,0.05886976728285663
740,870,130,0.13,0.05878018153287121
702,851,149,0.149,0.051849682784071774
734,867,133,0.133,0.04891656036087079
772,886,114,0.114,0.05118284640600905
670,835,165,0.165,0.049527116610028316
674,837,163,0.163,0.048574772180290895
686,843,157,0.157,0.06038318691341556
720,860,140,0.14,0.05144331040850375
732,866,134,0.134,0.04905926261087006
742,871,129,0.129,0.056296483370591885
762,881,119,0.119,0.05923631718887191
740,870,130,0.13,0.04124055931234034
776,888,112,0.112,0.04020400789960331
742,871,129,0.129,0.052701596782251725
732,866,134,0.134,0.04221114297887834
798,899,101,0.101,0.04977334808118758
714,857,143,0.143,0.04802174487287993
730,865,135,0.135,0.04996414172591176
700,850,150,0.15,0.05075790929904906
770,885,115,0.115,0.05179140910241404
722,861,139,0.139,0.05141940771153895
766,883,117,0.117,0.0513991257856469
722,861,139,0.139,0.04436016653681872
758,879,121,0.121,0.050172661085700385
718,859,141,0.141,0.03877187949354993
734,867,133,0.133,0.03806518961075198
698,849,151,0.151,0.03765856544038979
714,857,143,0.143,0.041849213530476846
754,877,123,0.123,0.04511828339441854
738,869,131,0.131,0.03622583009133086
724,862,138,0.138,0.036013124743723895
710,855,145,0.145,0.04295095083629712
738,869,131,0.131,0.047215180617960865
728,864,136,0.136,0.034163998888021525
714,857,143,0.143,0.03229657515508006
714,857,143,0.143,0.031537650809070325
702,851,149,0.149,0.03512345631894277
714,857,143,0.143,0.047677372265272425
694,847,153,0.153,0.03865360626977053
742,871,129,0.129,0.042931274833434147
676,838,162,0.162,0.043253331366555355
692,846,154,0.154,0.05026437585867825
790,895,105,0.105,0.03888249822535727
722,861,139,0.139,0.04144689221581211
732,866,134,0.134,0.04689875397190917
730,865,135,0.135,0.043120644294365774
740,870,130,0.13,0.03789366666386922
704,852,148,0.148,0.05161141607293394
704,852,148,0.148,0.04297622668517579
710,855,145,0.145,0.041077218175922095
748,874,126,0.126,0.05704257386669633
662,831,169,0.169,0.04142358544254966
740,870,130,0.13,0.0497580088932857
796,898,102,0.102,0.051005629648745526
736,868,132,0.132,0.05115622965779039
708,854,146,0.146,0.05257254242257477
772,886,114,0.114,0.059330751396075354
788,894,106,0.106,0.04382153746689437
772,886,114,0.114,0.04786120621848386
720,860,140,0.14,0.05345939857169287
672,836,164,0.164,0.04621306627293234
748,874,126,0.126,0.0385388512612044
702,851,149,0.149,0.052418030707674916
738,869,131,0.131,0.04047998924265266
658,829,171,0.171,0.03825963216769742
720,860,140,0.14,0.03884302768786438
732,866,134,0.134,0.04897518941023736
800,900,100,0.1,0.045266059393608886
694,847,153,0.153,0.04195968990732217
678,839,161,0.161,0.04367716968574314
706,853,147,0.147,0.05186640501536022
786,893,107,0.107,0.03721362857603526
744,872,128,0.128,0.04458786066535686
696,848,152,0.152,0.04895825359219452
714,857,143,0.143,0.04092912103042181
738,869,131,0.131,0.0317097495081689
678,839,161,0.161,0.041376619043235675
748,874,126,0.126,0.04041579537876532
718,859,141,0.141,0.037027907581068574
716,858,142,0.142,0.03508750967866308
746,873,127,0.127,0.036676017780038817
688,844,156,0.156,0.038693200363908546
704,852,148,0.148,0.03365576767816674
758,879,121,0.121,0.04606303238922555
750,875,125,0.125,0.040447858590581746
728,864,136,0.136,0.04129857047000769
750,875,125,0.125,0.03797169406220201
762,881,119,0.119,0.040568560588613765
726,863,137,0.137,0.03598604823941423
756,878,122,0.122,0.03739286805765005
734,867,133,0.133,0.02777878595561924
708,854,146,0.146,0.030426826639755745
738,869,131,0.131,0.025937184448008337
718,859,141,0.141,0.0341025326372037
712,856,144,0.144,0.02251532934736315
726,863,137,0.137,0.03181139771938615
734,867,133,0.133,0.03419101766147651
690,845,155,0.155,0.031540809716256266
712,856,144,0.144,0.030967564717134563
762,881,119,0.119,0.0334467834575994
754,877,123,0.123,0.024713971657747608
692,846,154,0.154,0.02648780332293245
682,841,159,0.159,0.0279227019025584
724,862,138,0.138,0.03422699582517453
760,880,120,0.12,0.035790485748546416
776,888,112,0.112,0.02652972599487248
700,850,150,0.15,0.031214371837018803
730,865,135,0.135,0.028349403175656335
768,884,116,0.116,0.033153940672653336
700,850,150,0.15,0.029059465087251737
766,883,117,0.117,0.025450196223044258
774,887,113,0.113,0.02658119859614817
732,866,134,0.134,0.031332190863128745
702,851,149,0.149,0.029924316685926898
750,875,125,0.125,0.03147711921772679
756,878,122,0.122,0.025481974667619853
726,863,137,0.137,0.02543575875931856
712,856,144,0.144,0.024301498569193426
736,868,132,0.132,0.02469280594366137
762,881,119,0.119,0.02549842253126553
730,865,135,0.135,0.024644106432831905
692,846,154,0.154,0.026677335192113332
736,868,132,0.132,0.03413259606223437
732,866,134,0.134,0.026217922758383794
760,880,120,0.12,0.03367986869532706
750,875,125,0.125,0.02089295516776474
722,861,139,0.139,0.027726881680740917
780,890,110,0.11,0.03412974415982717
704,852,148,0.148,0.026133540899360014
736,868,132,0.132,0.025200790977542055
750,875,125,0.125,0.019108036729193374
760,880,120,0.12,0.024373915764786945
738,869,131,0.131,0.02423987997812583
740,870,130,0.13,0.02268033612669137
656,828,172,0.172,0.021179884656572993
744,872,128,0.128,0.026819574832468787
722,861,139,0.139,0.02159955452237773
722,861,139,0.139,0.02696811730061063
772,886,114,0.114,0.024563471547996416
704,852,148,0.148,0.02477311241316602
730,865,135,0.135,0.02160986971285456
688,844,156,0.156,0.017870591425602468
746,873,127,0.127,0.026632729103857854
744,872,128,0.128,0.02561796781987323
716,858,142,0.142,0.029233051568531666
718,859,141,0.141,0.025123705413989797
722,861,139,0.139,0.03263017574530386
750,875,125,0.125,0.020698102808582208
770,885,115,0.115,0.02996238245949462
700,850,150,0.15,0.02606798357950447
722,861,139,0.139,0.026686054825804603
740,870,130,0.13,0.022558118204199673
758,879,121,0.121,0.02525158106222807
750,875,125,0.125,0.023575707104962932
720,860,140,0.14,0.02382601091283868
744,872,128,0.128,0.02704889075824485
724,862,138,0.138,0.016917135923292564
742,871,129,0.129,0.02666399161514073
758,879,121,0.121,0.022620039394085325
754,877,123,0.123,0.023289635443799854
756,878,122,0.122,0.02495559845692969
732,866,134,0.134,0.02248303027623706
704,852,148,0.148,0.022293410497621152
808,904,96,0.096,0.03248045069168074
742,871,129,0.129,0.023188682626847368
758,879,121,0.121,0.022271009739430157
746,873,127,0.127,0.022499232381625916
736,868,132,0.132,0.024224808327201544
772,886,114,0.114,0.018141181153116123
756,878,122,0.122,0.022198626128305476
672,836,164,0.164,0.021755608825669695
708,854,146,0.146,0.019929729484370908
752,876,124,0.124,0.018985704806890682
710,855,145,0.145,0.020689660523963538
712,856,144,0.144,0.02036600654599988
766,883,117,0.117,0.01855268738028917
702,851,149,0.149,0.02183678913934091
734,867,133,0.133,0.025501779772781445
702,851,149,0.149,0.02217025751256733
736,868,132,0.132,0.025737195940791026
716,858,142,0.142,0.02245963466075217
744,872,128,0.128,0.024260994596284037
770,885,115,0.115,0.023775294396227765
762,881,119,0.119,0.024060495759135846
746,873,127,0.127,0.024399254146884687
772,886,114,0.114,0.024476063618782063
712,856,144,0.144,0.023223115819020677
708,854,146,0.146,0.024848723396080033
744,872,128,0.128,0.022000293934134788
696,848,152,0.152,0.017044661053481833
750,875,125,0.125,0.025350863488579307
732,866,134,0.134,0.026050738660166873
736,868,132,0.132,0.02547889221994592
676,838,162,0.162,0.017575064377190187
728,864,136,0.136,0.019195230255898425
750,875,125,0.125,0.026885883141359954
678,839,161,0.161,0.025604066374529794
728,864,136,0.136,0.020405572938840124
736,868,132,0.132,0.023993177978551102
780,890,110,0.11,0.021278786065087842
680,840,160,0.16,0.02263251914479406
718,859,141,0.141,0.028719250132932757
762,881,119,0.119,0.02001918709299207
728,864,136,0.136,0.022355409300385872
770,885,115,0.115,0.018784799169767212
772,886,114,0.114,0.027317372280751897
746,873,127,0.127,0.015564242552395626
738,869,131,0.131,0.017478681504284395
790,895,105,0.105,0.020748071194459955
698,849,151,0.151,0.021656767002041305
744,872,128,0.128,0.02164659466732064
702,851,149,0.149,0.025391100131718757
732,866,134,0.134,0.017591634147624064
772,886,114,0.114,0.01820686141751412
714,857,143,0.143,0.0244177257571057
746,873,127,0.127,0.016870606153443532
776,888,112,0.112,0.017236384907649636
770,885,115,0.115,0.016120299692643128
706,853,147,0.147,0.01640786721811628
700,850,150,0.15,0.013145717348380458
738,869,131,0.131,0.01547678190650163
728,864,136,0.136,0.015271362752630508
730,865,135,0.135,0.014185716786795524
794,897,103,0.103,0.015921288232057577
758,879,121,0.121,0.015146909810016268
696,848,152,0.152,0.01538318287515358
716,858,142,0.142,0.016934168803139072
742,871,129,0.129,0.017154758714857353
722,861,139,0.139,0.015927414517373676
726,863,137,0.137,0.018362050956309304
756,878,122,0.122,0.015842993166273116
776,888,112,0.112,0.018752901896171126
722,861,139,0.139,0.021091650559296796
738,869,131,0.131,0.01906551220286383
714,857,143,0.143,0.018789182714657158
780,890,110,0.11,0.017862620610330397
718,859,141,0.141,0.013452542773061623
748,874,126,0.126,0.01424741029969664
726,863,137,0.137,0.022958013256849426
740,870,130,0.13,0.016662497796176012
742,871,129,0.129,0.016510304596752574
718,859,141,0.141,0.01716767895546286
708,854,146,0.146,0.016823101722766184
742,871,129,0.129,0.016310412153661205
712,856,144,0.144,0.017528916762039444
738,869,131,0.131,0.015518513095751302
742,871,129,0.129,0.017272482929607293
658,829,171,0.171,0.014110983264830566
792,896,104,0.104,0.0167876175793519
662,831,169,0.169,0.014573027768740757
694,847,153,0.153,0.013217377692354332
742,871,129,0.129,0.015231509682897923
752,876,124,0.124,0.016721886882732632
732,866,134,0.134,0.018784069363659228
748,874,126,0.126,0.013240490614176452
716,858,142,0.142,0.014196497423523625
750,875,125,0.125,0.020288052827220328
722,861,139,0.139,0.01600784186521287
796,898,102,0.102,0.018131820835933468
706,853,147,0.147,0.015904162338701552
758,879,121,0.121,0.015450262122254572
728,864,136,0.136,0.025603262993601304
762,881,119,0.119,0.017300865128842817
650,825,175,0.175,0.012716995287264126
756,878,122,0.122,0.01414707678366011
726,863,137,0.137,0.014863232159938207
668,834,166,0.166,0.01959786278812544
672,836,164,0.164,0.02293723103631771
720,860,140,0.14,0.017565108670409245
694,847,153,0.153,0.02004734682969047
794,897,103,0.103,0.016991217690487476
760,880,120,0.12,0.0177091914982484
710,855,145,0.145,0.01530288734484111
732,866,134,0.134,0.01343576644753989
736,868,132,0.132,0.0179887473589406
748,874,126,0.126,0.015813133462215717
706,853,147,0.147,0.013830630457478947
754,877,123,0.123,0.015123245774196903
678,839,161,0.161,0.018825848269770972
708,854,146,0.146,0.01578290860935158
736,868,132,0.132,0.022350325867327343
696,848,152,0.152,0.01863726999583719
758,879,121,0.121,0.018282443046988194
752,876,124,0.124,0.024147037712146983
724,862,138,0.138,0.023116393595892078
752,876,124,0.124,0.016551125259349646
758,879,121,0.121,0.0165719272137552
724,862,138,0.138,0.018566731837812767
740,870,130,0.13,0.022116891050695132
736,868,132,0.132,0.015240593435937626
734,867,133,0.133,0.020970787182532376
740,870,130,0.13,0.014660604987087027
768,884,116,0.116,0.017657479958306795
784,892,108,0.108,0.016674399273646487
728,864,136,0.136,0.013615568436634248
740,870,130,0.13,0.014283125145097216
740,870,130,0.13,0.01556512510302673
714,857,143,0.143,0.011478571227824204
752,876,124,0.124,0.01477208949179726
750,875,125,0.125,0.0148649471499578
776,888,112,0.112,0.011671095478752022
764,882,118,0.118,0.0156011556558704
670,835,165,0.165,0.01308467008442824
708,854,146,0.146,0.014493433657158107
722,861,139,0.139,0.013655173654304121
804,902,98,0.098,0.017582660750307694
726,863,137,0.137,0.01486081546106152
704,852,148,0.148,0.01329370852719059
708,854,146,0.146,0.014065401085752285
748,874,126,0.126,0.014904005149662452
696,848,152,0.152,0.017518373473506925
732,866,134,0.134,0.013559127498440831
762,881,119,0.119,0.016503566943725106
704,852,148,0.148,0.014830254326005616
704,852,148,0.148,0.015469942127530202
694,847,153,0.153,0.017193949241693644
798,899,101,0.101,0.013376674974619618
710,855,145,0.145,0.011350997000815568
750,875,125,0.125,0.013420119284194015
700,850,150,0.15,0.0175900748928442
708,854,146,0.146,0.013481623920557113
684,842,158,0.158,0.017712481544928778
752,876,124,0.124,0.01049407856615801
702,851,149,0.149,0.013606602766288944
760,880,120,0.12,0.010054626460958331
800,900,100,0.1,0.012312451615370036
774,887,113,0.113,0.015149520750658325
726,863,137,0.137,0.007550089859664695
758,879,121,0.121,0.012960096999171469
718,859,141,0.141,0.010151560586524411
718,859,141,0.141,0.011324068562509525
728,864,136,0.136,0.011753027210862228
726,863,137,0.137,0.016050518434975233
746,873,127,0.127,0.00968651577545893
708,854,146,0.146,0.012323296094635396
758,879,121,0.121,0.013076633018290635
708,854,146,0.146,0.012278553873929923
748,874,126,0.126,0.010581377487179565
736,868,132,0.132,0.011566042450971708
730,865,135,0.135,0.012788635692773397
788,894,106,0.106,0.012518433890580298
746,873,127,0.127,0.010425069156069413
746,873,127,0.127,0.008864789926551566
696,848,152,0.152,0.008565098631046283
738,869,131,0.131,0.01070895447414108
678,839,161,0.161,0.010173587227413577
714,857,143,0.143,0.009456813708779918
736,868,132,0.132,0.011359054758437934
700,850,150,0.15,0.011594247793342845
766,883,117,0.117,0.01322107928982382
778,889,111,0.111,0.011210336061076078
686,843,157,0.157,0.011559071896283215
776,888,112,0.112,0.011040841260643844
674,837,163,0.163,0.012739467599651562
708,854,146,0.146,0.013353694444972405
766,883,117,0.117,0.012545235423353802
750,875,125,0.125,0.010771303670304974
762,881,119,0.119,0.012363174187297432
704,852,148,0.148,0.00858092063639299
786,893,107,0.107,0.012978358362808876
690,845,155,0.155,0.012176449051467501
736,868,132,0.132,0.014468040172875134
734,867,133,0.133,0.016605492246911466
750,875,125,0.125,0.014471191246280568
740,870,130,0.13,0.016395126651577583
780,890,110,0.11,0.01245409767847218
760,880,120,0.12,0.014247582643705528
740,870,130,0.13,0.011793058710421092
750,875,125,0.125,0.01429175827821723
730,865,135,0.135,0.013446022576618021
712,856,144,0.144,0.013192066807278024
728,864,136,0.136,0.014675165464182441
698,849,151,0.151,0.014098713922755109
726,863,137,0.137,0.011844594455768884
694,847,153,0.153,0.011792303189317522
758,879,121,0.121,0.013665393217627298
782,891,109,0.109,0.013424247433378866
706,853,147,0.147,0.010559744919632123
702,851,149,0.149,0.014402761058318902
768,884,116,0.116,0.014669116926208745
706,853,147,0.147,0.013922389950562093
734,867,133,0.133,0.014548205518087798
760,880,120,0.12,0.013686435234608324
684,842,158,0.158,0.015447894980050024
724,862,138,0.138,0.013306736368701891
756,878,122,0.122,0.012945567389886847
716,858,142,0.142,0.016591736898640505
760,880,120,0.12,0.014327940472087363
684,842,158,0.158,0.013912104579339484
752,876,124,0.124,0.01205804271185795
700,850,150,0.15,0.012771607163644604
708,854,146,0.146,0.01807762761074649
722,861,139,0.139,0.016187643320883127
678,839,161,0.161,0.01480968624720424
726,863,137,0.137,0.017894866325806447
712,856,144,0.144,0.013832427455574815
746,873,127,0.127,0.01376955914740347
676,838,162,0.162,0.01397209618101965
762,881,119,0.119,0.012107022946545285
694,847,153,0.153,0.013843922234530964
760,880,120,0.12,0.011503390269552256
730,865,135,0.135,0.013794335012238222
734,867,133,0.133,0.013280852961212076
662,831,169,0.169,0.013330905860088024
726,863,137,0.137,0.013467431811302505
718,859,141,0.141,0.020669493832986517
736,868,132,0.132,0.011629995110114123
690,845,155,0.155,0.015517587846242692
752,876,124,0.124,0.011970459734752694
772,886,114,0.114,0.013133135840757973
770,885,115,0.115,0.0106789864213805
756,878,122,0.122,0.015394224641612084
744,872,128,0.128,0.011331252202930955
770,885,115,0.115,0.012162345718907886
690,845,155,0.155,0.011089409221077033
772,886,114,0.114,0.008700663249252442
724,862,138,0.138,0.013982063002717838
724,862,138,0.138,0.01578878791549869
738,869,131,0.131,0.011250197580865005
780,890,110,0.11,0.011654435471806081
750,875,125,0.125,0.014010283693415204
780,890,110,0.11,0.013856064748279778
728,864,136,0.136,0.011748219726423145
732,866,134,0.134,0.013198799725498958
698,849,151,0.151,0.010790596188791397
734,867,133,0.133,0.008810572213277282
726,863,137,0.137,0.017803799195769784
752,876,124,0.124,0.010198264895994555
762,881,119,0.119,0.00942142100340368
762,881,119,0.119,0.012218072143513609
786,893,107,0.107,0.011835967712099545
758,879,121,0.121,0.012387890057689106
702,851,149,0.149,0.008937809380427212
718,859,141,0.141,0.009229190686028687
768,884,116,0.116,0.007692915585480023
778,889,111,0.111,0.010548651055158401
728,864,136,0.136,0.01224706648581082
774,887,113,0.113,0.011097485349533883
772,886,114,0.114,0.010720152183436782
734,867,133,0.133,0.011664868566638233
684,842,158,0.158,0.014638446269023688
720,860,140,0.14,0.010329454717649355
756,878,122,0.122,0.0103735880097029
738,869,131,0.131,0.013575296505827481
724,862,138,0.138,0.012512507335530018
702,851,149,0.149,0.007621849532888745
710,855,145,0.145,0.009780692650742025
698,849,151,0.151,0.011150935695914995
734,867,133,0.133,0.012192795367795327
690,845,155,0.155,0.012327557776805578
738,869,131,0.131,0.011890484798688561
676,838,162,0.162,0.01851716194764981
706,853,147,0.147,0.014812849317500423
792,896,104,0.104,0.017551652413810643
760,880,120,0.12,0.010804642315067354
706,853,147,0.147,0.014497937895869029
700,850,150,0.15,0.012484541063601456
692,846,154,0.154,0.011816049590860984
692,846,154,0.154,0.013952522587691875
726,863,137,0.137,0.010980356151258093
782,891,109,0.109,0.014953730135676324
752,876,124,0.124,0.012588092206036891
742,871,129,0.129,0.010907436586509675
744,872,128,0.128,0.017056056395679434
726,863,137,0.137,0.011661451078240532
732,866,134,0.134,0.01167827358691079
736,868,132,0.132,0.012332132052170437
750,875,125,0.125,0.01631418816524598
646,823,177,0.177,0.01296264259640725
700,850,150,0.15,0.01625449564670373
722,861,139,0.139,0.015472949450537954
718,859,141,0.141,0.017384813415736288
778,889,111,0.111,0.01749034658504934
706,853,147,0.147,0.013026775111145299
706,853,147,0.147,0.018801631679007186
762,881,119,0.119,0.01679035124846223
672,836,164,0.164,0.016116480448175024
766,883,117,0.117,0.016351868809993904
718,859,141,0.141,0.019463457567764294
752,876,124,0.124,0.0156367537084011
676,838,162,0.162,0.017935022430329583
706,853,147,0.147,0.017249826007451702
738,869,131,0.131,0.015914937385113036
722,861,139,0.139,0.01793452173494916
750,875,125,0.125,0.015273500070671162
674,837,163,0.163,0.01742317424007473
726,863,137,0.137,0.014588851251395453
744,872,128,0.128,0.014397848155796054
766,883,117,0.117,0.013565404923430294
724,862,138,0.138,0.0156279974103727
740,870,130,0.13,0.016958083535400875
708,854,146,0.146,0.01322030304466989
802,901,99,0.099,0.01509250886721327
788,894,106,0.106,0.012385077816784815
718,859,141,0.141,0.01458755704656926
758,879,121,0.121,0.020216751186987493
716,858,142,0.142,0.015691664579305778
710,855,145,0.145,0.017169703404968217
708,854,146,0.146,0.015098445765482608
722,861,139,0.139,0.016598943717332757
762,881,119,0.119,0.020251898593813166
782,891,109,0.109,0.014373165338499576
740,870,130,0.13,0.016501914810576182
734,867,133,0.133,0.0217263191862844
754,877,123,0.123,0.016959922933926463
712,856,144,0.144,0.017210037985174495
782,891,109,0.109,0.013777327380821816
738,869,131,0.131,0.015752373809782425
748,874,126,0.126,0.015148847831919738
740,870,130,0.13,0.01153931816034492
750,875,125,0.125,0.01329900453874916
766,883,117,0.117,0.01697655044537396
720,860,140,0.14,0.013505940970482697
738,869,131,0.131,0.011454489017293554
740,870,130,0.13,0.014113824920720617
774,887,113,0.113,0.014733929028885087
700,850,150,0.15,0.011938257137498014
718,859,141,0.141,0.011844636312633596
642,821,179,0.179,0.012047799586792167
736,868,132,0.132,0.015275534462787732
722,861,139,0.139,0.015583458304933373
764,882,118,0.118,0.013290152993066585
752,876,124,0.124,0.011502020868689726
750,875,125,0.125,0.013762179778579822
758,879,121,0.121,0.014515637260212244
716,858,142,0.142,0.012541719696050549
750,875,125,0.125,0.016909804283852737
756,878,122,0.122,0.019074718874453764
676,838,162,0.162,0.011557597345913564
702,851,149,0.149,0.010868690970424267
682,841,159,0.159,0.013930274975612292
708,854,146,0.146,0.019040788791436624
782,891,109,0.109,0.019305876322563337
772,886,114,0.114,0.012345838298756462
690,845,155,0.155,0.015362604261720293
688,844,156,0.156,0.012155433062010843
754,877,123,0.123,0.012956541809258851
774,887,113,0.113,0.014865276051100409
782,891,109,0.109,0.01367197250838717
760,880,120,0.12,0.013412420283794062
798,899,101,0.101,0.010712974723342882
706,853,147,0.147,0.014557635937273971
748,874,126,0.126,0.0124243619608651
706,853,147,0.147,0.01779455474842871
716,858,142,0.142,0.013902620246325796
732,866,134,0.134,0.014649646146213427
760,880,120,0.12,0.014871024248684308
718,859,141,0.141,0.014875927161302344
732,866,134,0.134,0.015521394436467972
748,874,126,0.126,0.015707251866738717
722,861,139,0.139,0.015900907071704298
772,886,114,0.114,0.01372350220007479
650,825,175,0.175,0.015830097008842102
680,840,160,0.16,0.014755066564798653
738,869,131,0.131,0.014597098144120536
658,829,171,0.171,0.015803939424327836
712,856,144,0.144,0.016450458217975437
742,871,129,0.129,0.016392838935803525
678,839,161,0.161,0.017196233508537717
730,865,135,0.135,0.017102716652793788
742,871,129,0.129,0.018651353038713635
680,840,160,0.16,0.01269328398849393
714,857,143,0.143,0.014863828584067847
698,849,151,0.151,0.01870187981350148
734,867,133,0.133,0.015097270880999077
784,892,108,0.108,0.013465241468951717
752,876,124,0.124,0.019008594084272714
726,863,137,0.137,0.011763251751056032
742,871,129,0.129,0.01478193507505057
738,869,131,0.131,0.016524424160352054
698,849,151,0.151,0.013402782156119656
698,849,151,0.151,0.014555653956713514
680,840,160,0.16,0.01244594582160073
732,866,134,0.134,0.013778915352330046
652,826,174,0.174,0.011341124050647067
716,858,142,0.142,0.018210828969904242
748,874,126,0.126,0.01685962385384073
756,878,122,0.122,0.017084344106574917
768,884,116,0.116,0.010953370482987338
694,847,153,0.153,0.022319133378852257
698,849,151,0.151,0.01775002524071624
664,832,168,0.168,0.016086190044662316
748,874,126,0.126,0.01986363752409062
712,856,144,0.144,0.017352657199969142
684,842,158,0.158,0.013584475030261046
718,859,141,0.141,0.015587820102220349
744,872,128,0.128,0.010934375494660344
686,843,157,0.157,0.012485223801180752
776,888,112,0.112,0.01328291786650152
780,890,110,0.11,0.011669299365848929
738,869,131,0.131,0.016822862442233372
678,839,161,0.161,0.01395194191581345
686,843,157,0.157,0.012254631238717593
742,871,129,0.129,0.012861575025533412
700,850,150,0.15,0.012889667335592079
736,868,132,0.132,0.011228885960587149
694,847,153,0.153,0.014640056162302358
698,849,151,0.151,0.016087505409531216
700,850,150,0.15,0.011769491521435114
766,883,117,0.117,0.013640499952050163
720,860,140,0.14,0.013817526069972245
766,883,117,0.117,0.012804861137397438
768,884,116,0.116,0.015237757806570244
730,865,135,0.135,0.015971687142188443
774,887,113,0.113,0.012567949614747477
768,884,116,0.116,0.011094181843046272
746,873,127,0.127,0.012865408315226092
702,851,149,0.149,0.017977381534032246
712,856,144,0.144,0.011269669036132314
710,855,145,0.145,0.00987219665631983
672,836,164,0.164,0.012784153060152448
730,865,135,0.135,0.013414857615040547
716,858,142,0.142,0.012680992391412247
710,855,145,0.145,0.018029414169361983
776,888,112,0.112,0.015390788354231518
692,846,154,0.154,0.012625624065791272
718,859,141,0.141,0.014425497812032973
700,850,150,0.15,0.009604921121679582
760,880,120,0.12,0.011028281713401384
728,864,136,0.136,0.01491579354734904
756,878,122,0.122,0.012753045424246011
770,885,115,0.115,0.012546656688058874
724,862,138,0.138,0.014280630811416131
712,856,144,0.144,0.012822956762516925
726,863,137,0.137,0.019283969932544096
686,843,157,0.157,0.009152713355840206
740,870,130,0.13,0.013351898609327919
774,887,113,0.113,0.013935798072439866
792,896,104,0.104,0.015875979449676378
782,891,109,0.109,0.016385912728503173
746,873,127,0.127,0.01851537191280869
756,878,122,0.122,0.01816308460711798
744,872,128,0.128,0.01548995988050774
748,874,126,0.126,0.02060156387567122
672,836,164,0.164,0.014292550730637458
718,859,141,0.141,0.02133505791034804
732,866,134,0.134,0.020579908321292122
746,873,127,0.127,0.019614030182480292
706,853,147,0.147,0.021959888148932804
708,854,146,0.146,0.01683724912532307
766,883,117,0.117,0.01708286358375335
704,852,148,0.148,0.013179537189844723
756,878,122,0.122,0.01760564747065666
766,883,117,0.117,0.01481194079249417
732,866,134,0.134,0.018273631047168976
736,868,132,0.132,0.014712539193007615
738,869,131,0.131,0.02073055790111721
688,844,156,0.156,0.017608440996184072
730,865,135,0.135,0.016268863454497476
706,853,147,0.147,0.017310328524217995
734,867,133,0.133,0.017210150581612196
772,886,114,0.114,0.01702686976777977
690,845,155,0.155,0.01657976934713224
734,867,133,0.133,0.01894422547596241
698,849,151,0.151,0.01769090669369052
756,878,122,0.122,0.018261884001571388
732,866,134,0.134,0.01585148165707733
678,839,161,0.161,0.01953544936357025
732,866,134,0.134,0.01926563968051778
694,847,153,0.153,0.021487090843922488
756,878,122,0.122,0.015350209278788796
692,846,154,0.154,0.01840063442695555
786,893,107,0.107,0.01911233235263353
710,855,145,0.145,0.016588530011439957
684,842,158,0.158,0.014552732861864115
716,858,142,0.142,0.018599103865199994
760,880,120,0.12,0.017257700235620177
728,864,136,0.136,0.019693591477735025
702,851,149,0.149,0.016444132074523055
746,873,127,0.127,0.013427558260940714
738,869,131,0.131,0.014937786193652755
754,877,123,0.123,0.014370496653332794
738,869,131,0.131,0.017523704720136722
712,856,144,0.144,0.014669708809820804
740,870,130,0.13,0.0163887208643132
722,861,139,0.139,0.016290466548913172
752,876,124,0.124,0.015710466106319928
762,881,119,0.119,0.01748295695117122
774,887,113,0.113,0.0172462549918464
754,877,123,0.123,0.015442039795957499
794,897,103,0.103,0.025079468277699562
750,875,125,0.125,0.015380625081181733
714,857,143,0.143,0.019604709507144435
734,867,133,0.133,0.014588355695098925
696,848,152,0.152,0.012684038981288722
678,839,161,0.161,0.01798981185486764
764,882,118,0.118,0.012346643144884695
728,864,136,0.136,0.01603527967228527
700,850,150,0.15,0.01495539675684995
794,897,103,0.103,0.015308146984936684
772,886,114,0.114,0.014308018141138745
752,876,124,0.124,0.013248737212867127
758,879,121,0.121,0.016709629098768344
704,852,148,0.148,0.01806892696408562
740,870,130,0.13,0.017234718721108946
720,860,140,0.14,0.019053849894403355
774,887,113,0.113,0.014155490676330828
630,815,185,0.185,0.02069680643078027
738,869,131,0.131,0.01236104144851106
718,859,141,0.141,0.016931482334724933
696,848,152,0.152,0.016765262663242082
728,864,136,0.136,0.01779200776995276
744,872,128,0.128,0.022242577504482823
752,876,124,0.124,0.020656469478723807
770,885,115,0.115,0.020227206197490886
766,883,117,0.117,0.01917039793087122
756,878,122,0.122,0.016619788626117953
732,866,134,0.134,0.01751267253314802
744,872,128,0.128,0.014858516164760659
722,861,139,0.139,0.02158358892998922
676,838,162,0.162,0.017730969734660904
728,864,136,0.136,0.021717092064271783
684,842,158,0.158,0.01611433694712514
762,881,119,0.119,0.01871817533393107
730,865,135,0.135,0.01794298427127637
738,869,131,0.131,0.017767350947254498
748,874,126,0.126,0.018817202067965808
744,872,128,0.128,0.017866730638067565
748,874,126,0.126,0.017499882217321554
704,852,148,0.148,0.014748492684598205
706,853,147,0.147,0.015819068045829228
746,873,127,0.127,0.017994013107913816
748,874,126,0.126,0.02331729132118926
740,870,130,0.13,0.021794888349449138
740,870,130,0.13,0.015740496246093243
730,865,135,0.135,0.020266260080865323
772,886,114,0.114,0.02160538702084523
766,883,117,0.117,0.021721160835169256
764,882,118,0.118,0.018304399767030646
750,875,125,0.125,0.017243460467077965
746,873,127,0.127,0.0201544183372589
694,847,153,0.153,0.016738400220113477
702,851,149,0.149,0.020275760368018383
692,846,154,0.154,0.019178182111862497
780,890,110,0.11,0.01500164325922583
720,860,140,0.14,0.024411322415446194
742,871,129,0.129,0.019837396634435664
690,845,155,0.155,0.020137391716491038
724,862,138,0.138,0.020506426231475076
660,830,170,0.17,0.022797623183498216
726,863,137,0.137,0.021834009651292945
788,894,106,0.106,0.02502792042445526
698,849,151,0.151,0.02010587891545947
768,884,116,0.116,0.02075673455033393
718,859,141,0.141,0.025044295923342362
712,856,144,0.144,0.02330507585341911
720,860,140,0.14,0.021021941659968433
752,876,124,0.124,0.01989345559764729
708,854,146,0.146,0.020629528175608355
682,841,159,0.159,0.021012531668838163
718,859,141,0.141,0.019072381860286442
722,861,139,0.139,0.020614096600529593
754,877,123,0.123,0.02060004518452115
696,848,152,0.152,0.0184694668681434
722,861,139,0.139,0.02606566835299782
736,868,132,0.132,0.021374308923610558
734,867,133,0.133,0.02419969932578897
676,838,162,0.162,0.022039908303384436
680,840,160,0.16,0.025168085052944662
742,871,129,0.129,0.028600512853963665
704,852,148,0.148,0.019948065999240497
732,866,134,0.134,0.02927941313154588
684,842,158,0.158,0.024113801423306314
726,863,137,0.137,0.030315429331722044
676,838,162,0.162,0.027059428140793897
728,864,136,0.136,0.025139021752442432
712,856,144,0.144,0.028445722699219914
796,898,102,0.102,0.027757900575199983
758,879,121,0.121,0.031724717847471766
744,872,128,0.128,0.028916510648912663
750,875,125,0.125,0.03296647167282208
716,858,142,0.142,0.028158417670201743
744,872,128,0.128,0.029422424191063327
736,868,132,0.132,0.028834000839633517
760,880,120,0.12,0.03339139877177877
750,875,125,0.125,0.029247504745813786
706,853,147,0.147,0.021741159671277273
768,884,116,0.116,0.03119940442711959
724,862,138,0.138,0.0278154531833934
742,871,129,0.129,0.025521646921148205
724,862,138,0.138,0.03302885786736806
762,881,119,0.119,0.02478404654788028
756,878,122,0.122,0.025608062455863546
716,858,142,0.142,0.026749362730963185
704,852,148,0.148,0.02838806626361111
730,865,135,0.135,0.028304038930396926
744,872,128,0.128,0.02307118929038137
754,877,123,0.123,0.024933233233037755
690,845,155,0.155,0.024555441004831664
650,825,175,0.175,0.02333400339248328
720,860,140,0.14,0.027821787911254888
732,866,134,0.134,0.024620385500109705
744,872,128,0.128,0.020881337029695714
736,868,132,0.132,0.018599144757535213
744,872,128,0.128,0.018446872536231694
652,826,174,0.174,0.01929481977593241
702,851,149,0.149,0.02723867421739851
718,859,141,0.141,0.021575889534206
726,863,137,0.137,0.024072074540963058
692,846,154,0.154,0.020104910705195836
744,872,128,0.128,0.02849257980605853
680,840,160,0.16,0.02228652641846293
770,885,115,0.115,0.01862261771103408
730,865,135,0.135,0.02337495288579521
730,865,135,0.135,0.026623084592625672
748,874,126,0.126,0.023610749773237103
760,880,120,0.12,0.022101660690939752
692,846,154,0.154,0.0255757234536502
686,843,157,0.157,0.023130614079705538
714,857,143,0.143,0.022638914928234045
698,849,151,0.151,0.02404254305143695
740,870,130,0.13,0.021340793598134043
762,881,119,0.119,0.030336494929359106
732,866,134,0.134,0.029338328214398645
694,847,153,0.153,0.024703605521351618
730,865,135,0.135,0.02703593885297232
776,888,112,0.112,0.03495661440629919
702,851,149,0.149,0.0338044522604896
702,851,149,0.149,0.02696622839069278
722,861,139,0.139,0.03322093435381248
780,890,110,0.11,0.03617437109725506
740,870,130,0.13,0.028164325664889474
712,856,144,0.144,0.039798482240934394
740,870,130,0.13,0.032433088525690434
696,848,152,0.152,0.028744015102856794
702,851,149,0.149,0.025475199300832172
720,860,140,0.14,0.03273328293530358
680,840,160,0.16,0.035037007539745105
770,885,115,0.115,0.027285920158812586
768,884,116,0.116,0.03015186808590079
700,850,150,0.15,0.02611947946966575
762,881,119,0.119,0.023854299168367107
730,865,135,0.135,0.02331463847568932
738,869,131,0.131,0.018427657482767246
676,838,162,0.162,0.02243611781553409
708,854,146,0.146,0.024055832830224517
704,852,148,0.148,0.021931255353683808
704,852,148,0.148,0.020470869030716814
670,835,165,0.165,0.020702489694021324
766,883,117,0.117,0.023330777631321326
722,861,139,0.139,0.02285792516017864
746,873,127,0.127,0.026129633378239304
722,861,139,0.139,0.02116382103422984
738,869,131,0.131,0.024241942538817965
752,876,124,0.124,0.024822220684756757
748,874,126,0.126,0.023394414632074586
758,879,121,0.121,0.02038915581135734
680,840,160,0.16,0.02129903353922782
736,868,132,0.132,0.01660392323686574
748,874,126,0.126,0.025265658850900763
722,861,139,0.139,0.021018956622399856
756,878,122,0.122,0.025408748887295475
718,859,141,0.141,0.026593849779870653
682,841,159,0.159,0.02506004584590039
778,889,111,0.111,0.029538002402075107
732,866,134,0.134,0.034667724081054986
704,852,148,0.148,0.02631413625692403
778,889,111,0.111,0.028673114836790775
742,871,129,0.129,0.027186495492594304
740,870,130,0.13,0.02836502602229666
696,848,152,0.152,0.025597456433049955
738,869,131,0.131,0.031858970197763486
750,875,125,0.125,0.028007271602787112
772,886,114,0.114,0.027710140170313934
714,857,143,0.143,0.019303702580764366
744,872,128,0.128,0.028554228040447924
706,853,147,0.147,0.02806369455152435
710,855,145,0.145,0.024892338596044283
720,860,140,0.14,0.0274161628770471
732,866,134,0.134,0.025055008139142954
748,874,126,0.126,0.03060950904943729
744,872,128,0.128,0.02739379573144015
656,828,172,0.172,0.02487101942188383
734,867,133,0.133,0.02622247870468709
812,906,94,0.094,0.021733224386279743
728,864,136,0.136,0.024165425754664283
720,860,140,0.14,0.02601425283184989
772,886,114,0.114,0.025279730967044087
700,850,150,0.15,0.02356874241651167
744,872,128,0.128,0.024090684515638713
724,862,138,0.138,0.025668518018916075
704,852,148,0.148,0.022306563476133304
704,852,148,0.148,0.022006779181667296
710,855,145,0.145,0.022522014063393728
726,863,137,0.137,0.028635206346699305
734,867,133,0.133,0.02241811860190728
720,860,140,0.14,0.02175887859113209
768,884,116,0.116,0.023335247414973878
750,875,125,0.125,0.030421354904327017
690,845,155,0.155,0.022858741714539065
746,873,127,0.127,0.023861416642987025
722,861,139,0.139,0.02152361511729032
756,878,122,0.122,0.023597722078291555
736,868,132,0.132,0.01986069713708275
704,852,148,0.148,0.02476933782496235
732,866,134,0.134,0.02809918397146521
728,864,136,0.136,0.020002905020672417
754,877,123,0.123,0.016993295651156586
706,853,147,0.147,0.021411605302732596
758,879,121,0.121,0.024170357157837316
754,877,123,0.123,0.02209435899957498
726,863,137,0.137,0.02639827249465452
732,866,134,0.134,0.030436685645083342
774,887,113,0.113,0.021749391751473012
726,863,137,0.137,0.025112570021181453
758,879,121,0.121,0.024010854903075595
750,875,125,0.125,0.030861120940728144
704,852,148,0.148,0.02201987775377802
762,881,119,0.119,0.02252305300140506
714,857,143,0.143,0.02383933922876895
696,848,152,0.152,0.02280368433415424
750,875,125,0.125,0.02600025256331719
726,863,137,0.137,0.028458011960212387
698,849,151,0.151,0.025653616786523004
758,879,121,0.121,0.0309783645225325
754,877,123,0.123,0.03519775968920317
706,853,147,0.147,0.0257080592275488
758,879,121,0.121,0.02689499832180627
752,876,124,0.124,0.03302806689792044
756,878,122,0.122,0.027184513580232307
716,858,142,0.142,0.02617894958881152
716,858,142,0.142,0.022998781135305763
740,870,130,0.13,0.032767005100191454
752,876,124,0.124,0.035658892278835994
770,885,115,0.115,0.030412248697317408
722,861,139,0.139,0.03946844458698979
752,876,124,0.124,0.033006401833064955
736,868,132,0.132,0.03368534371704618
752,876,124,0.124,0.024595402618753724
762,881,119,0.119,0.03499075662272662
754,877,123,0.123,0.022466865248441537
704,852,148,0.148,0.026850878490240575
694,847,153,0.153,0.02855475897311044
754,877,123,0.123,0.026422172719248918
716,858,142,0.142,0.02800701294335704
738,869,131,0.131,0.02917013112323184
720,860,140,0.14,0.03322134506143277
744,872,128,0.128,0.029319634158036935
728,864,136,0.136,0.029696313813548387
744,872,128,0.128,0.028635654710582457
762,881,119,0.119,0.032014054641924305
738,869,131,0.131,0.031186638444782148
666,833,167,0.167,0.02742417374809156
770,885,115,0.115,0.03465581802723318
686,843,157,0.157,0.03913389469962567
684,842,158,0.158,0.031881006586321745
738,869,131,0.131,0.031196306493569866
778,889,111,0.111,0.044296964033339464
696,848,152,0.152,0.034135956440426524
734,867,133,0.133,0.041284576505364386
734,867,133,0.133,0.05254904204816557
718,859,141,0.141,0.04385519502940588
738,869,131,0.131,0.045384866916007016
736,868,132,0.132,0.0430857985526236
736,868,132,0.132,0.0375906911631755
770,885,115,0.115,0.03669545417669906
716,858,142,0.142,0.04113334302678413
706,853,147,0.147,0.03385875930619659
694,847,153,0.153,0.03053733161256241
748,874,126,0.126,0.03289965726537048
768,884,116,0.116,0.03847435684599986
728,864,136,0.136,0.03838241936248414
748,874,126,0.126,0.032514022213697896
770,885,115,0.115,0.03308071704139002
760,880,120,0.12,0.03302201584451086
728,864,136,0.136,0.02593286941668339
758,879,121,0.121,0.026282513438868817
718,859,141,0.141,0.02771442377572748
662,831,169,0.169,0.02182519598417093
740,870,130,0.13,0.02478868839201732
758,879,121,0.121,0.03457034031053081
718,859,141,0.141,0.020139128714975186
742,871,129,0.129,0.01920998337385322
748,874,126,0.126,0.022457151527494716
736,868,132,0.132,0.024619910453373448
748,874,126,0.126,0.02368401311672051
680,840,160,0.16,0.02501392356076667
712,856,144,0.144,0.023053332750992923
724,862,138,0.138,0.026617438896588283
650,825,175,0.175,0.027038184849043318
728,864,136,0.136,0.020184727855665188
712,856,144,0.144,0.02614138418364246
742,871,129,0.129,0.03163259834755081
752,876,124,0.124,0.026244192721762205
688,844,156,0.156,0.02719007736563253
756,878,122,0.122,0.02514975163055351
704,852,148,0.148,0.03432852431042192
704,852,148,0.148,0.031182813176450507
680,840,160,0.16,0.03470748107372492
746,873,127,0.127,0.03437112228364822
718,859,141,0.141,0.03182036164316378
696,848,152,0.152,0.028936325292619587
748,874,126,0.126,0.03246566698844435
732,866,134,0.134,0.023540069335216685
728,864,136,0.136,0.02899416760967324
738,869,131,0.131,0.026149848545708666
750,875,125,0.125,0.034648775867562105
724,862,138,0.138,0.021634690122285975
762,881,119,0.119,0.025888661425127794
790,895,105,0.105,0.03034201064684771
734,867,133,0.133,0.03768342639711568
716,858,142,0.142,0.02771613765863276
740,870,130,0.13,0.02568264101918612
732,866,134,0.134,0.02036356270304441
726,863,137,0.137,0.028773742972342007
708,854,146,0.146,0.02748512566636782
754,877,123,0.123,0.020419588476115677
726,863,137,0.137,0.032558646792998844
742,871,129,0.129,0.032599913777638
686,843,157,0.157,0.025309854137325602
750,875,125,0.125,0.023164908603178675
728,864,136,0.136,0.030364998412603997
710,855,145,0.145,0.03148220386676257
716,858,142,0.142,0.03169088342843861
716,858,142,0.142,0.03114243308463847
758,879,121,0.121,0.02950228040703587
728,864,136,0.136,0.027861623535958644
698,849,151,0.151,0.030574420311284486
746,873,127,0.127,0.02552721057170129
680,840,160,0.16,0.030701136987841892
720,860,140,0.14,0.032736894556072
748,874,126,0.126,0.033486632893400384
750,875,125,0.125,0.029689698577643867
690,845,155,0.155,0.025746975262580237
708,854,146,0.146,0.03084848703960779
766,883,117,0.117,0.03403493002124378
728,864,136,0.136,0.033391906258348175
714,857,143,0.143,0.03216629315000318
698,849,151,0.151,0.035570980159471216
696,848,152,0.152,0.02668491592524515
736,868,132,0.132,0.02604545188910197
748,874,126,0.126,0.024537407906311273
750,875,125,0.125,0.02784610329291172
730,865,135,0.135,0.03217247668495838
718,859,141,0.141,0.030635046427136332
698,849,151,0.151,0.027461876817478695
748,874,126,0.126,0.028153352896668368
772,886,114,0.114,0.027991469542641426
722,861,139,0.139,0.030420244903707497
712,856,144,0.144,0.027550289294567848
704,852,148,0.148,0.02257546248055951
754,877,123,0.123,0.02078545237338767
748,874,126,0.126,0.03339200515169887
708,854,146,0.146,0.025617758231105653
736,868,132,0.132,0.02272518033647293
764,882,118,0.118,0.016657632754307997
762,881,119,0.119,0.02496498268159121
694,847,153,0.153,0.024668105756059957
700,850,150,0.15,0.026177765878458104
682,841,159,0.159,0.031079978529014625
738,869,131,0.131,0.030927380943550815
720,860,140,0.14,0.024932697824338903
712,856,144,0.144,0.026759652957189246
658,829,171,0.171,0.029538606734492986
706,853,147,0.147,0.025923519456368012
746,873,127,0.127,0.022557693655548064
720,860,140,0.14,0.030497792879607005
736,868,132,0.132,0.027125093484011813
726,863,137,0.137,0.03368547812617908
702,851,149,0.149,0.03281743412597643
686,843,157,0.157,0.027352892050883384
736,868,132,0.132,0.032302270629823396
754,877,123,0.123,0.03187805432891764
718,859,141,0.141,0.025545917681392895
728,864,136,0.136,0.031163123545029522
718,859,141,0.141,0.03242302733334145
730,865,135,0.135,0.02888263437149726
746,873,127,0.127,0.035267604951942075
740,870,130,0.13,0.026144387688353164
738,869,131,0.131,0.030477855704353716
792,896,104,0.104,0.029461513108031794
738,869,131,0.131,0.0373015162878728
722,861,139,0.139,0.03880531172072369
754,877,123,0.123,0.02430690506656538
798,899,101,0.101,0.0320615559495327
736,868,132,0.132,0.03846397507540314
744,872,128,0.128,0.03429538439725911
690,845,155,0.155,0.04002488889744563
792,896,104,0.104,0.04010182065857225
730,865,135,0.135,0.040867490150521914
722,861,139,0.139,0.03744988316090894
728,864,136,0.136,0.03362104370941961
790,895,105,0.105,0.04110876924128388
758,879,121,0.121,0.030639876719287713
756,878,122,0.122,0.03262804431568657
718,859,141,0.141,0.03683197823779028
764,882,118,0.118,0.03195188415621669
780,890,110,0.11,0.031904887872042306
748,874,126,0.126,0.030970536247798008
734,867,133,0.133,0.031075397989930933
776,888,112,0.112,0.04312631843049894
730,865,135,0.135,0.03498856930641409
680,840,160,0.16,0.0404288743594625
746,873,127,0.127,0.035345319830055816
732,866,134,0.134,0.03960607596983027
732,866,134,0.134,0.048574068570131204
756,878,122,0.122,0.04931564825674286
722,861,139,0.139,0.04332923676123028
770,885,115,0.115,0.036363884524907915
788,894,106,0.106,0.04723866966477362
722,861,139,0.139,0.05465930505597498
700,850,150,0.15,0.04523721950629261
690,845,155,0.155,0.059227770350466016
770,885,115,0.115,0.057560251216811596
748,874,126,0.126,0.04443482871950255
746,873,127,0.127,0.05353304889370338
704,852,148,0.148,0.04969344425806776
708,854,146,0.146,0.04943711312272353
748,874,126,0.126,0.050600116571353285
760,880,120,0.12,0.050385825076547916
738,869,131,0.131,0.058225235464284195
732,866,134,0.134,0.06679164950021368
706,853,147,0.147,0.054023889371368566
700,850,150,0.15,0.06038082092674449
766,883,117,0.117,0.06014472836634377
694,847,153,0.153,0.05825192729698028
726,863,137,0.137,0.0639412461117172
706,853,147,0.147,0.058841212528932374
758,879,121,0.121,0.0662031321603572
746,873,127,0.127,0.06920435880578589
772,886,114,0.114,0.06637361563142621
730,865,135,0.135,0.07743694358656648
760,880,120,0.12,0.07503586916683708
746,873,127,0.127,0.06992070501099806
726,863,137,0.137,0.06921258110860799
754,877,123,0.123,0.07509708304060041
714,857,143,0.143,0.0725664412828628
708,854,146,0.146,0.07730547600614955
722,861,139,0.139,0.0857984358316171
742,871,129,0.129,0.08165557620080653
734,867,133,0.133,0.07140849172999152
720,860,140,0.14,0.08938782599312253
740,870,130,0.13,0.09442900849797298
714,857,143,0.143,0.10461134539858903
736,868,132,0.132,0.10936132292554249
762,881,119,0.119,0.08580609282641671
708,854,146,0.146,0.0954681001950521
708,854,146,0.146,0.08993706349399871
752,876,124,0.124,0.09899102788849268
726,863,137,0.137,0.0894551429809071
724,862,138,0.138,0.08809655158722307
744,872,128,0.128,0.08346100395126269
768,884,116,0.116,0.07039130265382118
760,880,120,0.12,0.06699817942711525
736,868,132,0.132,0.07012691413302673
732,866,134,0.134,0.06772541856073076
760,880,120,0.12,0.05268131511932006
738,869,131,0.131,0.04516735900792992
704,852,148,0.148,0.05233987879908455
726,863,137,0.137,0.05300958661593904
704,852,148,0.148,0.04878512301956653
740,870,130,0.13,0.04815366924583941
756,878,122,0.122,0.050423848086196814
686,843,157,0.157,0.04436790221719639
658,829,171,0.171,0.050231487304910845
764,882,118,0.118,0.04652980211371323
690,845,155,0.155,0.04097812547342619
672,836,164,0.164,0.04801085369589418
742,871,129,0.129,0.03225372680796318
716,858,142,0.142,0.038664299177749856
706,853,147,0.147,0.0390290914347861
736,868,132,0.132,0.0427588003767014
718,859,141,0.141,0.0440706628782209
738,869,131,0.131,0.042404880133595724
718,859,141,0.141,0.04831289094591921
752,876,124,0.124,0.040104173151383295
780,890,110,0.11,0.04604206126207646
746,873,127,0.127,0.04293623813605518
784,892,108,0.108,0.05244036765607825
730,865,135,0.135,0.04314094051410211
722,861,139,0.139,0.0536209834212641
730,865,135,0.135,0.041699562879977746
720,860,140,0.14,0.05782712594946497
736,868,132,0.132,0.04625800674007041
734,867,133,0.133,0.06136935974197695
762,881,119,0.119,0.0560943087094638
746,873,127,0.127,0.05481676259927917
726,863,137,0.137,0.060315696387260684
750,875,125,0.125,0.05344205318948479
748,874,126,0.126,0.0584544067188981
716,858,142,0.142,0.06234546896561369
734,867,133,0.133,0.06257744689958053
752,876,124,0.124,0.056730968900323205
724,862,138,0.138,0.05952422703738557
696,848,152,0.152,0.055603469099500216
782,891,109,0.109,0.06589598637772724
738,869,131,0.131,0.05371503708159435
726,863,137,0.137,0.06257079138467088
756,878,122,0.122,0.06085694105163566
660,830,170,0.17,0.056753890279564075
720,860,140,0.14,0.052023283619608264
704,852,148,0.148,0.05935391319717746
726,863,137,0.137,0.05259529955079779
748,874,126,0.126,0.06006417991069611
762,881,119,0.119,0.06497167964119581
780,890,110,0.11,0.054565100371968586
796,898,102,0.102,0.060801788356504405
744,872,128,0.128,0.055209646495408375
732,866,134,0.134,0.06265142315719277
748,874,126,0.126,0.0703140799856119
726,863,137,0.137,0.06538826703844824
756,878,122,0.122,0.0614715249974397
698,849,151,0.151,0.08085390550352167
742,871,129,0.129,0.07074196509542525
732,866,134,0.134,0.07678934710694012
772,886,114,0.114,0.09386925580183743
680,840,160,0.16,0.08090460994874593
734,867,133,0.133,0.06917125790810678
736,868,132,0.132,0.08789321202738211
728,864,136,0.136,0.08585301422601332
752,876,124,0.124,0.07781581937707961
750,875,125,0.125,0.07205485004922957
732,866,134,0.134,0.06949185321152436
744,872,128,0.128,0.05833987648203038
724,862,138,0.138,0.06377621669230939
800,900,100,0.1,0.05650566844141577
696,848,152,0.152,0.06180913534210413
714,857,143,0.143,0.0660785619574599
758,879,121,0.121,0.06169766522559803
786,893,107,0.107,0.05792280550595751
732,866,134,0.134,0.0613250307389535
714,857,143,0.143,0.05947178855142556
718,859,141,0.141,0.05757754071218369
768,884,116,0.116,0.054169643873377936
686,843,157,0.157,0.05128504024766153
724,862,138,0.138,0.054239664644410365
760,880,120,0.12,0.04875665003362519
736,868,132,0.132,0.04456802174849145
750,875,125,0.125,0.046781234015492376
706,853,147,0.147,0.047275215355675755
730,865,135,0.135,0.04386878506175708
752,876,124,0.124,0.04865382880931429
750,875,125,0.125,0.039264543240191414
784,892,108,0.108,0.04667410987356925
742,871,129,0.129,0.04384343331426498
724,862,138,0.138,0.04954682142852107
704,852,148,0.148,0.05481060810395866
694,847,153,0.153,0.04726600602921099
704,852,148,0.148,0.05144061310304096
782,891,109,0.109,0.05828905931247573
696,848,152,0.152,0.04797347449674271
698,849,151,0.151,0.06059171450279246
766,883,117,0.117,0.06961160552952787
756,878,122,0.122,0.060382276905955226
728,864,136,0.136,0.06179353457299294
736,868,132,0.132,0.06031814016099088
758,879,121,0.121,0.07043190921586938
696,848,152,0.152,0.057579503314758765
746,873,127,0.127,0.05111137069501274
694,847,153,0.153,0.061496029987290965
718,859,141,0.141,0.05973183162717032
688,844,156,0.156,0.059617411083483604
732,866,134,0.134,0.0745800976659666
732,866,134,0.134,0.05941999007729464
698,849,151,0.151,0.0725956422338495
666,833,167,0.167,0.05478156583831879
810,905,95,0.095,0.059886348046245985
700,850,150,0.15,0.06609094375226414
720,860,140,0.14,0.062008292913378685
704,852,148,0.148,0.06623053694091505
666,833,167,0.167,0.07215780720079783
684,842,158,0.158,0.059735918155056425
726,863,137,0.137,0.0663114064531328
750,875,125,0.125,0.06234008480964258
692,846,154,0.154,0.07246053628227674
736,868,132,0.132,0.05677371281554224
714,857,143,0.143,0.06352486483001848
792,896,104,0.104,0.059155802707828116
746,873,127,0.127,0.049771816521912114
696,848,152,0.152,0.05475565947691211
752,876,124,0.124,0.060972884188173336
734,867,133,0.133,0.05030504245330667
696,848,152,0.152,0.04871179758630751
770,885,115,0.115,0.05221768298486131
756,878,122,0.122,0.04777480434665631
748,874,126,0.126,0.056225623145670395
752,876,124,0.124,0.06101083054428454
744,872,128,0.128,0.04343604934680479
742,871,129,0.129,0.056582576187356605
800,900,100,0.1,0.06122896938861231
750,875,125,0.125,0.05812941996940935
760,880,120,0.12,0.05902431206146139
714,857,143,0.143,0.05607951080804924
762,881,119,0.119,0.04244575660175178
718,859,141,0.141,0.05209802439183113
752,876,124,0.124,0.054096762350221976
762,881,119,0.119,0.054608187711972275
746,873,127,0.127,0.05114892419514945
714,857,143,0.143,0.055975077123526715
750,875,125,0.125,0.045960664509737396
738,869,131,0.131,0.05652676027448615
694,847,153,0.153,0.04990770350972889
720,860,140,0.14,0.052227088577191806
772,886,114,0.114,0.053461974381934854
704,852,148,0.148,0.04559714264061768
692,846,154,0.154,0.04487867606413783
734,867,133,0.133,0.0456440374495869
730,865,135,0.135,0.04769667251218925
730,865,135,0.135,0.050211831667635126
736,868,132,0.132,0.0465005231273135
692,846,154,0.154,0.036508130596172125
708,854,146,0.146,0.0402009717602632
730,865,135,0.135,0.046862899579951774
702,851,149,0.149,0.04128988938994007
726,863,137,0.137,0.04750282364434679
660,830,170,0.17,0.042024511485531546
740,870,130,0.13,0.049487286152056185
736,868,132,0.132,0.04210614142252598
746,873,127,0.127,0.0451245445006316
708,854,146,0.146,0.05166222207201645
710,855,145,0.145,0.043591917831319736
710,855,145,0.145,0.045232112706813495
772,886,114,0.114,0.04766723427167017
726,863,137,0.137,0.04313417418361496
746,873,127,0.127,0.047577769774827174
746,873,127,0.127,0.04443315986541529
706,853,147,0.147,0.03962720748924767
726,863,137,0.137,0.03813437674425222
704,852,148,0.148,0.04006497669574128
736,868,132,0.132,0.04529990539321443
726,863,137,0.137,0.04564915533862768
728,864,136,0.136,0.03550566704224184
776,888,112,0.112,0.047903124177173594
700,850,150,0.15,0.04911448668899539
756,878,122,0.122,0.05224639954997838
766,883,117,0.117,0.04535272685253585
756,878,122,0.122,0.04909791775594931
708,854,146,0.146,0.040793531006318516
804,902,98,0.098,0.0471689240236301
796,898,102,0.102,0.061603296538087306
694,847,153,0.153,0.04196850494971295
692,846,154,0.154,0.05622285163824563
722,861,139,0.139,0.04618307568714954
722,861,139,0.139,0.039053638648765626
726,863,137,0.137,0.037839565551415946
750,875,125,0.125,0.042331384460881964
692,846,154,0.154,0.04554861754853482
732,866,134,0.134,0.042745476194337245
656,828,172,0.172,0.048422589526162484
760,880,120,0.12,0.04199150204798207
736,868,132,0.132,0.052437964509939775
774,887,113,0.113,0.058891473181545737
734,867,133,0.133,0.04906842780039824
714,857,143,0.143,0.04214225246004935
794,897,103,0.103,0.05303600110288244
754,877,123,0.123,0.04645887651956582
716,858,142,0.142,0.04706058969939477
764,882,118,0.118,0.04375559503346449
710,855,145,0.145,0.05123318738967646
726,863,137,0.137,0.04371596116913133
758,879,121,0.121,0.04447038225000597
742,871,129,0.129,0.05155384369271633
726,863,137,0.137,0.05095556306676008
650,825,175,0.175,0.039356332720082716
760,880,120,0.12,0.05118398835737025
732,866,134,0.134,0.046818025702261366
704,852,148,0.148,0.05129318286059424
682,841,159,0.159,0.046786085000239834
732,866,134,0.134,0.04846895804599626
736,868,132,0.132,0.04660267163906246
716,858,142,0.142,0.054418319626594894
738,869,131,0.131,0.052523339372419285
736,868,132,0.132,0.054096145503397565
730,865,135,0.135,0.051100178353539374
702,851,149,0.149,0.043728701700747476
754,877,123,0.123,0.036710059592383916
718,859,141,0.141,0.048146004443871786
698,849,151,0.151,0.04293101324149757
672,836,164,0.164,0.054912706208837335
724,862,138,0.138,0.037850552104082454
806,903,97,0.097,0.04006291247344052
734,867,133,0.133,0.03920895316440146
718,859,141,0.141,0.03687446727629867
748,874,126,0.126,0.03823492386752241
750,875,125,0.125,0.03205774004877821
714,857,143,0.143,0.030344157537969294
770,885,115,0.115,0.03100162869424821
666,833,167,0.167,0.03361291354806599
720,860,140,0.14,0.030586596218228807
756,878,122,0.122,0.024575178993509326
728,864,136,0.136,0.030492977644476924
756,878,122,0.122,0.033668453570635394
718,859,141,0.141,0.03025761227426119
710,855,145,0.145,0.026375993507484964
726,863,137,0.137,0.033970936921283286
676,838,162,0.162,0.028730913806735772
688,844,156,0.156,0.030383889528777217
698,849,151,0.151,0.02491563573431631
736,868,132,0.132,0.025784999414498543
772,886,114,0.114,0.03163959475648153
688,844,156,0.156,0.03330847214435926
732,866,134,0.134,0.03505931714677717
776,888,112,0.112,0.02862397712049278
738,869,131,0.131,0.026927176241422785
758,879,121,0.121,0.0302203737417949
724,862,138,0.138,0.026051949884376882
722,861,139,0.139,0.028533240764991207
674,837,163,0.163,0.03252462807840493
776,888,112,0.112,0.028685456755338238
710,855,145,0.145,0.030163118568698338
680,840,160,0.16,0.024164108038050473
736,868,132,0.132,0.025019127789884806
714,857,143,0.143,0.02635802340463124
686,843,157,0.157,0.02829783682420384
726,863,137,0.137,0.026042313264908443
760,880,120,0.12,0.02920788874355276
716,858,142,0.142,0.0397834195581745
698,849,151,0.151,0.03416298906906684
756,878,122,0.122,0.034158514912278407
754,877,123,0.123,0.033726275425666245
716,858,142,0.142,0.03420504469495063
722,861,139,0.139,0.028215341930426803
778,889,111,0.111,0.03196372084563336
758,879,121,0.121,0.026686150457750045
710,855,145,0.145,0.03172421161453531
744,872,128,0.128,0.0275142971379355
712,856,144,0.144,0.029270277562980482
728,864,136,0.136,0.023905394374254683
752,876,124,0.124,0.03224069834706097
744,872,128,0.128,0.029059198409219788
694,847,153,0.153,0.02517580531108024
718,859,141,0.141,0.02962242719324786
750,875,125,0.125,0.03149239060856052
738,869,131,0.131,0.03095930765664525
752,876,124,0.124,0.024356688760090946
710,855,145,0.145,0.029589879373852455
762,881,119,0.119,0.03004531335230422
740,870,130,0.13,0.026178268161051163
736,868,132,0.132,0.02968645922753785
808,904,96,0.096,0.02803599331545047
710,855,145,0.145,0.032451045007073846
758,879,121,0.121,0.03066819525261235
732,866,134,0.134,0.03172812160547255
712,856,144,0.144,0.02925190592709987
706,853,147,0.147,0.029384267005756557
696,848,152,0.152,0.0317275424466061
724,862,138,0.138,0.030822550355143905
702,851,149,0.149,0.03199593711937632
722,861,139,0.139,0.028567923384609457
722,861,139,0.139,0.026598931659369555
754,877,123,0.123,0.03161639058187211
690,845,155,0.155,0.03489695817314714
722,861,139,0.139,0.029550670159274886
748,874,126,0.126,0.033025215014487914
750,875,125,0.125,0.03218226741198487
804,902,98,0.098,0.03500164308484818
794,897,103,0.103,0.031154660447677087
746,873,127,0.127,0.03593499009770767
782,891,109,0.109,0.04097655972089706
720,860,140,0.14,0.032944441665178605
758,879,121,0.121,0.026509954285807907
716,858,142,0.142,0.03255576283312621
708,854,146,0.146,0.029089889561328165
724,862,138,0.138,0.02719005942691729
764,882,118,0.118,0.03593108109525929
744,872,128,0.128,0.031449170322714055
748,874,126,0.126,0.031204019634664293
734,867,133,0.133,0.02280086024260527
688,844,156,0.156,0.022044804925226345
736,868,132,0.132,0.02367655102680874
728,864,136,0.136,0.02102272478732448
742,871,129,0.129,0.02483451045570746
706,853,147,0.147,0.02389660820615063
698,849,151,0.151,0.02559270636162546
722,861,139,0.139,0.02761971862149949
664,832,168,0.168,0.02506797833699966
730,865,135,0.135,0.02839416470561173
722,861,139,0.139,0.020129039420673508
690,845,155,0.155,0.021020934020804818
722,861,139,0.139,0.025356375607873814
762,881,119,0.119,0.027504340197569036
756,878,122,0.122,0.024414626210382265
778,889,111,0.111,0.021137297755243707
758,879,121,0.121,0.021102042750177134
686,843,157,0.157,0.02056729570400762
688,844,156,0.156,0.024996290931729163
670,835,165,0.165,0.020784698968021986
684,842,158,0.158,0.020332117604513315
752,876,124,0.124,0.019265823322155085
784,892,108,0.108,0.020587733072890843
700,850,150,0.15,0.02357051653863891
674,837,163,0.163,0.022558698672426773
676,838,162,0.162,0.019088816958626922
702,851,149,0.149,0.024118739655408717
734,867,133,0.133,0.027191878615618406
752,876,124,0.124,0.019265538525455667
684,842,158,0.158,0.026006877271935083
680,840,160,0.16,0.026103292336549202
722,861,139,0.139,0.023238335792644647
696,848,152,0.152,0.02762969337321579
710,855,145,0.145,0.026362007860443556
742,871,129,0.129,0.0278349275968194
700,850,150,0.15,0.023457410233046174
736,868,132,0.132,0.022358454145112772
742,871,129,0.129,0.02036676281165637
666,833,167,0.167,0.025880377741103074
764,882,118,0.118,0.019288295998419927
712,856,144,0.144,0.02356994107355422
802,901,99,0.099,0.023392078598755688
774,887,113,0.113,0.02348886266827998
746,873,127,0.127,0.02553376671767728
718,859,141,0.141,0.021838391469013004
702,851,149,0.149,0.015530635971324955
676,838,162,0.162,0.019934061154675872
754,877,123,0.123,0.01833955348877498
740,870,130,0.13,0.01927838572611472
742,871,129,0.129,0.01732680819402549
740,870,130,0.13,0.02079453656973601
764,882,118,0.118,0.01940712371594054
766,883,117,0.117,0.017568217870406442
698,849,151,0.151,0.016766243719801423
698,849,151,0.151,0.019001797384438305
754,877,123,0.123,0.01601791323499785
788,894,106,0.106,0.018196267024886765
694,847,153,0.153,0.016481062121423293
714,857,143,0.143,0.015191472257871283
744,872,128,0.128,0.01672882685517743
736,868,132,0.132,0.01688554111575604
702,851,149,0.149,0.01631957914198483
744,872,128,0.128,0.014659360984797786
752,876,124,0.124,0.013823909620107315
714,857,143,0.143,0.019208272837625374
726,863,137,0.137,0.012456483259672496
788,894,106,0.106,0.015204738352593268
768,884,116,0.116,0.014976606647777543
720,860,140,0.14,0.014175462615747165
718,859,141,0.141,0.015493608786784534
730,865,135,0.135,0.01731380946601712
672,836,164,0.164,0.016191843783662535
760,880,120,0.12,0.01821468793697022
780,890,110,0.11,0.01486879292489266
718,859,141,0.141,0.017213470871374738
714,857,143,0.143,0.019649916207333945
746,873,127,0.127,0.016748017449601322
676,838,162,0.162,0.01816187382173848
720,860,140,0.14,0.01870557780061972
738,869,131,0.131,0.017485823800036996
742,871,129,0.129,0.015790200486120738
724,862,138,0.138,0.015384203942619934
736,868,132,0.132,0.01775380195150592
740,870,130,0.13,0.016695394516171292
754,877,123,0.123,0.01385062204975111
756,878,122,0.122,0.01906081400650328
684,842,158,0.158,0.016428283571847713
722,861,139,0.139,0.017966290999610463
732,866,134,0.134,0.020404115960246372
660,830,170,0.17,0.01804253433752774
712,856,144,0.144,0.016045850570180164
792,896,104,0.104,0.015169711976221151
750,875,125,0.125,0.019714940916208432
764,882,118,0.118,0.021421943685043517
738,869,131,0.131,0.01957251891631313
716,858,142,0.142,0.02118298164358862
740,870,130,0.13,0.022524064740971652
712,856,144,0.144,0.02015831170979891
720,860,140,0.14,0.02116953161120125
754,877,123,0.123,0.015257320807322686
758,879,121,0.121,0.02003888644842482
732,866,134,0.134,0.01821207682221916
728,864,136,0.136,0.017822206713775813
736,868,132,0.132,0.017726973735292632
712,856,144,0.144,0.0250881038143998
720,860,140,0.14,0.022240270875758143
706,853,147,0.147,0.014978276490331496
736,868,132,0.132,0.01931724394878529
714,857,143,0.143,0.017672752270504133
750,875,125,0.125,0.016647568294611118
702,851,149,0.149,0.017614965036522334
728,864,136,0.136,0.01845405350571309
738,869,131,0.131,0.01642988896363022
774,887,113,0.113,0.015313637762312282
718,859,141,0.141,0.01465736474841242
756,878,122,0.122,0.017978154062579053
680,840,160,0.16,0.015458565582662231
740,870,130,0.13,0.011926355455265963
740,870,130,0.13,0.01513234177316906
746,873,127,0.127,0.01383517151917613
718,859,141,0.141,0.013128537516499932
740,870,130,0.13,0.011672904801762115
662,831,169,0.169,0.012633648457129765
722,861,139,0.139,0.011238308805107408
684,842,158,0.158,0.012190524836643818
788,894,106,0.106,0.009460123389255386
702,851,149,0.149,0.014036825652146263
740,870,130,0.13,0.013076156165309384
726,863,137,0.137,0.01377016361038477
708,854,146,0.146,0.011294606193614528
730,865,135,0.135,0.009833514834488142
774,887,113,0.113,0.012913918249827362
812,906,94,0.094,0.01545839429473699
680,840,160,0.16,0.010217034297087594
746,873,127,0.127,0.012219414113397761
742,871,129,0.129,0.015400965656144763
750,875,125,0.125,0.014331536357783307
706,853,147,0.147,0.012515818496573957
736,868,132,0.132,0.014326474234264879
706,853,147,0.147,0.019707719205000102
724,862,138,0.138,0.01602857023852425
754,877,123,0.123,0.014472464261245477
706,853,147,0.147,0.015508872071255609
704,852,148,0.148,0.019229334765339445
728,864,136,0.136,0.015488033570272819
704,852,148,0.148,0.018905791477256798
718,859,141,0.141,0.016844402100892695
710,855,145,0.145,0.015648951543248274
686,843,157,0.157,0.015630004972682854
736,868,132,0.132,0.014832941928028958
758,879,121,0.121,0.013874326071334736
718,859,141,0.141,0.012819806410776437
734,867,133,0.133,0.016790561888860793
796,898,102,0.102,0.012845962584059635
744,872,128,0.128,0.014862356355934025
684,842,158,0.158,0.012290679154195374
710,855,145,0.145,0.01398275831009596
808,904,96,0.096,0.017320130464010958
808,904,96,0.096,0.017253178753122482
704,852,148,0.148,0.01891687471688692
676,838,162,0.162,0.01783022084975164
768,884,116,0.116,0.02060092102537783
722,861,139,0.139,0.01610900133658731
752,876,124,0.124,0.016477902038983985
754,877,123,0.123,0.01672486633058361
708,854,146,0.146,0.018299204472208657
764,882,118,0.118,0.01573283334984626
730,865,135,0.135,0.018457642239278357
740,870,130,0.13,0.017759560972138388
758,879,121,0.121,0.016284394774481143
770,885,115,0.115,0.020870042999983525
766,883,117,0.117,0.017349408630556354
718,859,141,0.141,0.016341226350164106
748,874,126,0.126,0.017031987158718037
720,860,140,0.14,0.01962224780879842
716,858,142,0.142,0.013282218384598764
752,876,124,0.124,0.015836012336707426
762,881,119,0.119,0.013533625917353447
728,864,136,0.136,0.017118506239746468
772,886,114,0.114,0.01517580754472874
746,873,127,0.127,0.015668588107736924
696,848,152,0.152,0.013604524425077216
792,896,104,0.104,0.015184104919186212
764,882,118,0.118,0.015981496282986882
740,870,130,0.13,0.014676701880210204
652,826,174,0.174,0.01838484536003307
726,863,137,0.137,0.017379962322301254
710,855,145,0.145,0.017110986112184038
722,861,139,0.139,0.018936871387319115
696,848,152,0.152,0.01771342208455644
726,863,137,0.137,0.019044871215926833
706,853,147,0.147,0.021929577417991824
742,871,129,0.129,0.020697056248040097
672,836,164,0.164,0.020387510851753176
746,873,127,0.127,0.02334476871408697
796,898,102,0.102,0.02101697031515505
742,871,129,0.129,0.019822976589950487
774,887,113,0.113,0.020042431533627676
766,883,117,0.117,0.020217543371174544
722,861,139,0.139,0.02423792991481241
778,889,111,0.111,0.020107910131722747
718,859,141,0.141,0.019365204982525027
790,895,105,0.105,0.018649926544920616
692,846,154,0.154,0.019022566898605875
756,878,122,0.122,0.022549517440247427
764,882,118,0.118,0.017130276704694098
674,837,163,0.163,0.02097382112786363
756,878,122,0.122,0.022158552834100193
738,869,131,0.131,0.022568090501417826
698,849,151,0.151,0.01996955658834486
758,879,121,0.121,0.02295231979219534
734,867,133,0.133,0.02177335266150112
712,856,144,0.144,0.025210645824896346
684,842,158,0.158,0.022806684565613976
768,884,116,0.116,0.025192463049603247
752,876,124,0.124,0.019899013253372688
764,882,118,0.118,0.021880672150666216
732,866,134,0.134,0.024500236069106906
746,873,127,0.127,0.024353351407669834
776,888,112,0.112,0.024409717533517325
750,875,125,0.125,0.02358836467258061
690,845,155,0.155,0.019102184039526036
760,880,120,0.12,0.017829899956876033
740,870,130,0.13,0.023274009724293138
706,853,147,0.147,0.02701385602722803
724,862,138,0.138,0.02498944203609426
690,845,155,0.155,0.024956714060928788
772,886,114,0.114,0.02519499592223292
732,866,134,0.134,0.022036712974844705
776,888,112,0.112,0.02742284649522662
722,861,139,0.139,0.020546542339288862
726,863,137,0.137,0.026816622594073122
764,882,118,0.118,0.025358073781193525
746,873,127,0.127,0.02382605251335917
734,867,133,0.133,0.021309018342391937
740,870,130,0.13,0.023407820055945196
744,872,128,0.128,0.023814268071568223
724,862,138,0.138,0.017902231626256253
758,879,121,0.121,0.021973828955895443
746,873,127,0.127,0.023117049404194404
768,884,116,0.116,0.021166915722187696
690,845,155,0.155,0.023804842319141244
746,873,127,0.127,0.01988266640909569
724,862,138,0.138,0.020188234662258765
724,862,138,0.138,0.019851359842155945
720,860,140,0.14,0.019396335175411877
712,856,144,0.144,0.018162387997924724
724,862,138,0.138,0.02066266253228605
766,883,117,0.117,0.022561814220440284
692,846,154,0.154,0.01898856263337075
676,838,162,0.162,0.01877546180906211
748,874,126,0.126,0.01784960893920106
722,861,139,0.139,0.018621825050518966
748,874,126,0.126,0.01896066821849854
724,862,138,0.138,0.018503358222580573
750,875,125,0.125,0.022380414944047515
740,870,130,0.13,0.029503182589571224
682,841,159,0.159,0.021486018112838793
722,861,139,0.139,0.021061001456211672
686,843,157,0.157,0.025834013881692954
730,865,135,0.135,0.02094218769874351
662,831,169,0.169,0.022470241519677074
744,872,128,0.128,0.021598085542396804
766,883,117,0.117,0.019189813443988898
744,872,128,0.128,0.022534887141295257
712,856,144,0.144,0.019869045852098678
740,870,130,0.13,0.017736284509208416
762,881,119,0.119,0.02092541081745003
704,852,148,0.148,0.020873982255056035
796,898,102,0.102,0.024492811490243186
700,850,150,0.15,0.02268509314610128
728,864,136,0.136,0.023737165598751744
788,894,106,0.106,0.029426593980619146
736,868,132,0.132,0.025071434217941713
774,887,113,0.113,0.02273308756969345
736,868,132,0.132,0.025316063299267624
744,872,128,0.128,0.025888280965002196
768,884,116,0.116,0.023041423193677475
680,840,160,0.16,0.023725437734407023
730,865,135,0.135,0.022409732927397272
712,856,144,0.144,0.024554091452708236
724,862,138,0.138,0.01958166570558751
742,871,129,0.129,0.02479467743161149
716,858,142,0.142,0.019529953372046292
756,878,122,0.122,0.02068874181479623
700,850,150,0.15,0.02332960790620359
742,871,129,0.129,0.02494252121151294
764,882,118,0.118,0.023574867454823106
758,879,121,0.121,0.022451019207410355
748,874,126,0.126,0.030874630824690028
714,857,143,0.143,0.030080315393999628
772,886,114,0.114,0.026743649911535612
780,890,110,0.11,0.028879933678821544
664,832,168,0.168,0.03432209914074338
644,822,178,0.178,0.03024075376053952
774,887,113,0.113,0.026141019309459806
720,860,140,0.14,0.02663521626434522
706,853,147,0.147,0.02558483608471579
738,869,131,0.131,0.028050249744719622
718,859,141,0.141,0.031013284018819833
736,868,132,0.132,0.0292226673727273
692,846,154,0.154,0.024471333847453935
776,888,112,0.112,0.02552902860237373
726,863,137,0.137,0.029453012065314397
720,860,140,0.14,0.03239871166303783
778,889,111,0.111,0.02621749476025798
816,908,92,0.092,0.02525740553857031
692,846,154,0.154,0.02891738981245726
718,859,141,0.141,0.025590415719141675
714,857,143,0.143,0.028516744345055484
746,873,127,0.127,0.023202534623058456
728,864,136,0.136,0.024152480182990984
722,861,139,0.139,0.02188124301551579
766,883,117,0.117,0.023269191374691217
702,851,149,0.149,0.024629640436774933
704,852,148,0.148,0.026334177263008313
732,866,134,0.134,0.025855933343613288
774,887,113,0.113,0.025149921477670433
692,846,154,0.154,0.02953199797905836
770,885,115,0.115,0.030482599413080607
732,866,134,0.134,0.028244379475589085
704,852,148,0.148,0.026749018269198132
730,865,135,0.135,0.028721284629933508
686,843,157,0.157,0.03249631939033134
730,865,135,0.135,0.033428188049874734
746,873,127,0.127,0.026975800234220516
770,885,115,0.115,0.02868350452609593
666,833,167,0.167,0.028691665483347607
706,853,147,0.147,0.03370959571949789
746,873,127,0.127,0.03253607270542125
774,887,113,0.113,0.03309604857736849
738,869,131,0.131,0.03530019351569354
672,836,164,0.164,0.03134737234763452
694,847,153,0.153,0.030511725581862267
736,868,132,0.132,0.0390817677679006
716,858,142,0.142,0.040314358895140685
676,838,162,0.162,0.04039236257178709
766,883,117,0.117,0.04639937601825659
780,890,110,0.11,0.046931796181132086
686,843,157,0.157,0.048950728054565844
744,872,128,0.128,0.04394904345751274
712,856,144,0.144,0.05532387204043334
728,864,136,0.136,0.047354138890979815
726,863,137,0.137,0.05775748886400834
700,850,150,0.15,0.046946779192396204
768,884,116,0.116,0.049681198110687545
734,867,133,0.133,0.05066984202340245
674,837,163,0.163,0.04397945229755715
660,830,170,0.17,0.04061368543680874
754,877,123,0.123,0.043584030658355914
726,863,137,0.137,0.04299060057674069
684,842,158,0.158,0.04356106842613371
734,867,133,0.133,0.04542777365130314
746,873,127,0.127,0.03989240118890302
686,843,157,0.157,0.04958848808147013
674,837,163,0.163,0.04075783251762914
754,877,123,0.123,0.041903816261445175
712,856,144,0.144,0.0472696941063441
722,861,139,0.139,0.05242124807462096
740,870,130,0.13,0.04659678179089678
782,891,109,0.109,0.05056116216990631
722,861,139,0.139,0.047674701402866046
720,860,140,0.14,0.04799587221868569
722,861,139,0.139,0.05429975410719635
748,874,126,0.126,0.047355224418279246
762,881,119,0.119,0.05258399240951257
746,873,127,0.127,0.03489293589420959
738,869,131,0.131,0.04909065459435078
772,886,114,0.114,0.0493925294118817
730,865,135,0.135,0.05018110991141293
688,844,156,0.156,0.041802243984813685
716,858,142,0.142,0.040713949722499816
752,876,124,0.124,0.049833205946953965
770,885,115,0.115,0.05064006678119767
654,827,173,0.173,0.05632721760962158
726,863,137,0.137,0.04323757876639138
744,872,128,0.128,0.05053286686456704
712,856,144,0.144,0.060620260574738495
694,847,153,0.153,0.05606317230139393
774,887,113,0.113,0.04831387893724604
796,898,102,0.102,0.05158363040466793
726,863,137,0.137,0.05674110183573794
780,890,110,0.11,0.05096807914084638
716,858,142,0.142,0.046345610267708254
722,861,139,0.139,0.05092702143685892
722,861,139,0.139,0.04762712812999962
726,863,137,0.137,0.04298801987754996
738,869,131,0.131,0.04342129281790403
774,887,113,0.113,0.053959336096639166
754,877,123,0.123,0.052814585843647364
716,858,142,0.142,0.04174880889436463
748,874,126,0.126,0.04217186068953015
726,863,137,0.137,0.0421072468579514
746,873,127,0.127,0.042734960796544326
702,851,149,0.149,0.034428129427004024
702,851,149,0.149,0.038374879101291295
788,894,106,0.106,0.038693016325560166
794,897,103,0.103,0.038083554734796056
782,891,109,0.109,0.03471028642190504
720,860,140,0.14,0.03417441758076893
766,883,117,0.117,0.0393355348049663
704,852,148,0.148,0.03155915043366258
728,864,136,0.136,0.0385161234660045
722,861,139,0.139,0.03327297270818963
658,829,171,0.171,0.03447783028083768
776,888,112,0.112,0.03515520126187039
766,883,117,0.117,0.0324704155815125
710,855,145,0.145,0.036203816117449605
710,855,145,0.145,0.04220929169876035
782,891,109,0.109,0.03932749399665045
700,850,150,0.15,0.044084338795175426
720,860,140,0.14,0.04322024185868213
698,849,151,0.151,0.04774851748649962
744,872,128,0.128,0.04399725809463416
714,857,143,0.143,0.06033258656819817
736,868,132,0.132,0.04290722899523098
750,875,125,0.125,0.05382551759283524
708,854,146,0.146,0.054997170058311895
728,864,136,0.136,0.052030390583793634
706,853,147,0.147,0.0498174529193202
734,867,133,0.133,0.04484509857062949
774,887,113,0.113,0.04346880314461305
732,866,134,0.134,0.046779554735141574
740,870,130,0.13,0.03998147847416112
758,879,121,0.121,0.04750763844465837
748,874,126,0.126,0.04297537528064276
784,892,108,0.108,0.044824592347838914
774,887,113,0.113,0.05013936304312665
738,869,131,0.131,0.04311989540273498
690,845,155,0.155,0.04599146646400914
742,871,129,0.129,0.047045409649028445
738,869,131,0.131,0.04797537178749917
726,863,137,0.137,0.03991215379653295
736,868,132,0.132,0.04234800745308166
726,863,137,0.137,0.05139778607804328
698,849,151,0.151,0.053612830501690044
742,871,129,0.129,0.05429279969781055
738,869,131,0.131,0.06700470034207683
728,864,136,0.136,0.05674926532083191
750,875,125,0.125,0.052333366562088486
768,884,116,0.116,0.048742812732234596
790,895,105,0.105,0.05133018038830778
744,872,128,0.128,0.04347682610724587
742,871,129,0.129,0.05660552238931996
686,843,157,0.157,0.043301214057020844
722,861,139,0.139,0.04299118744174484
776,888,112,0.112,0.04283874231498339
772,886,114,0.114,0.03601247487301589
760,880,120,0.12,0.040709328989523785
750,875,125,0.125,0.03915589775063563
728,864,136,0.136,0.042059100347483766
770,885,115,0.115,0.037150473666726615
752,876,124,0.124,0.03693598552688491
746,873,127,0.127,0.03859622504925937
750,875,125,0.125,0.042223953611242905
706,853,147,0.147,0.03675657588696049
742,871,129,0.129,0.03632778521889122
722,861,139,0.139,0.03881423084120615
720,860,140,0.14,0.042357942894203006
680,840,160,0.16,0.03864769024379348
656,828,172,0.172,0.037825635742541636
778,889,111,0.111,0.03694911113429407
708,854,146,0.146,0.0310701859609926
764,882,118,0.118,0.0408900259109505
766,883,117,0.117,0.036792060293402755
740,870,130,0.13,0.0343187178215303
738,869,131,0.131,0.037562717451772185
768,884,116,0.116,0.03469162936232169
754,877,123,0.123,0.03753305553541577
758,879,121,0.121,0.038646280426415616
772,886,114,0.114,0.042525580236455425
730,865,135,0.135,0.03717178726664861
704,852,148,0.148,0.038273987929627766
690,845,155,0.155,0.0432152436573524
718,859,141,0.141,0.042470243376796134
676,838,162,0.162,0.04314322972355876
760,880,120,0.12,0.043532392594876
752,876,124,0.124,0.04505074975115713
760,880,120,0.12,0.05021785368368728
704,852,148,0.148,0.05028923774192299
