log_avg_ept_score,log_avg_succ_req,log_avg_blk_req,log_avg_BP_req,log_avg_entropy
66,533,467,0.467,2.298677057707231
56,528,472,0.472,2.300193838238716
30,515,485,0.485,2.30085116314888
82,541,459,0.459,2.2986200675964357
58,529,471,0.471,2.300990650653839
42,521,479,0.479,2.300947512149811
-16,492,508,0.508,2.300878244400024
10,505,495,0.495,2.3009842221736907
84,542,458,0.458,2.3009808948040007
20,510,490,0.49,2.300895699262619
88,544,456,0.456,2.3009854435920714
44,522,478,0.478,2.3009677152633667
-8,496,504,0.504,2.3008199265003206
80,540,460,0.46,2.299667304396629
0,500,500,0.5,2.300880658864975
58,529,471,0.471,2.2990763235390186
82,541,459,0.459,2.3009470655918123
20,510,490,0.49,2.29978478372097
74,537,463,0.463,2.30097718667984
78,539,461,0.461,2.3009011924266813
66,533,467,0.467,2.300954128265381
48,524,476,0.476,2.3005402221679687
64,532,468,0.468,2.299573903799057
30,515,485,0.485,2.300802190065384
50,525,475,0.475,2.3009967713356017
22,511,489,0.489,2.3007922501564027
94,547,453,0.453,2.2995911350250244
0,500,500,0.5,2.300533987522125
50,525,475,0.475,2.298908479809761
2,501,499,0.499,2.3009234871864317
-10,495,505,0.505,2.300959233999252
18,509,491,0.491,2.300960074901581
-2,499,501,0.501,2.2984955440610646
60,530,470,0.47,2.3009578068256378
36,518,482,0.482,2.3006467344760897
0,500,500,0.5,2.300986690044403
74,537,463,0.463,2.300982199192047
24,512,488,0.488,2.2995867696404457
44,522,478,0.478,2.2994669053554535
82,541,459,0.459,2.2988256535977127
52,526,474,0.474,2.301004508495331
76,538,462,0.462,2.300279662847519
74,537,463,0.463,2.3009999804496766
30,515,485,0.485,2.300368715763092
40,520,480,0.48,2.3005253534317016
64,532,468,0.468,2.300819241285324
56,528,472,0.472,2.30093711233139
28,514,486,0.486,2.300986449956894
72,536,464,0.464,2.299258139371872
70,535,465,0.465,2.2984773819128166
32,516,484,0.484,2.2980910383462905
56,528,472,0.472,2.3008838262557982
-2,499,501,0.501,2.3008652286529543
24,512,488,0.488,2.3009762864112853
14,507,493,0.493,2.300571270227432
68,534,466,0.466,2.2990764183998107
100,550,450,0.45,2.29887137645483
46,523,477,0.477,2.300836508989334
14,507,493,0.493,2.3006518104076386
-46,477,523,0.523,2.3009293506145476
38,519,481,0.481,2.299528381347656
90,545,455,0.455,2.2963881942337885
-24,488,512,0.512,2.300993281841278
20,510,490,0.49,2.300670109987259
10,505,495,0.495,2.301004133462906
0,500,500,0.5,2.2999005082845687
-46,477,523,0.523,2.300963931322098
64,532,468,0.468,2.3008980193138124
48,524,476,0.476,2.299759008169174
20,510,490,0.49,2.300909384727478
78,539,461,0.461,2.3008950839042663
64,532,468,0.468,2.299843215584755
16,508,492,0.492,2.297601421535015
80,540,460,0.46,2.2974139282107355
28,514,486,0.486,2.2991486741304397
18,509,491,0.491,2.2985409285901115
62,531,469,0.469,2.3009823842048647
22,511,489,0.489,2.300864817380905
12,506,494,0.494,2.2978384537696837
-14,493,507,0.507,2.300915845632553
-22,489,511,0.511,2.3009593045711516
72,536,464,0.464,2.300442563056946
60,530,470,0.47,2.3008815388679507
40,520,480,0.48,2.3003016257286073
14,507,493,0.493,2.298240582540631
80,540,460,0.46,2.300649116039276
44,522,478,0.478,2.3009814083576203
74,537,463,0.463,2.300955865621567
26,513,487,0.487,2.2998422235250473
80,540,460,0.46,2.300947900533676
30,515,485,0.485,2.298724096896066
96,548,452,0.452,2.301025873184204
24,512,488,0.488,2.3009663045406343
52,526,474,0.474,2.3008324654102323
40,520,480,0.48,2.300196520447731
84,542,458,0.458,2.2997627750635146
46,523,477,0.477,2.300974528312683
46,523,477,0.477,2.3009209997653963
106,553,447,0.447,2.3010065870285032
60,530,470,0.47,2.297096014857292
52,526,474,0.474,2.300717966556549
44,522,478,0.478,2.300565790057182
74,537,463,0.463,2.300961094856262
66,533,467,0.467,2.300743310689926
30,515,485,0.485,2.300980562210083
30,515,485,0.485,2.3008239967823028
58,529,471,0.471,2.299617819905281
86,543,457,0.457,2.301004348754883
70,535,465,0.465,2.3009512424468994
78,539,461,0.461,2.300663723230362
48,524,476,0.476,2.300963457107544
46,523,477,0.477,2.3009552373886106
54,527,473,0.473,2.3009786570072173
100,550,450,0.45,2.3009965472221374
102,551,449,0.449,2.3009691133499146
52,526,474,0.474,2.3009220490455626
16,508,492,0.492,2.300998874425888
-10,495,505,0.505,2.3009452672004698
34,517,483,0.483,2.301013163805008
6,503,497,0.497,2.30070898938179
84,542,458,0.458,2.3004591493606568
20,510,490,0.49,2.3010067319869996
28,514,486,0.486,2.299615169763565
78,539,461,0.461,2.298890210315585
-8,496,504,0.504,2.300909248352051
-56,472,528,0.528,2.301023547410965
-46,477,523,0.523,2.300110646724701
64,532,468,0.468,2.3001554223299028
86,543,457,0.457,2.3007424471378326
68,534,466,0.466,2.300885576248169
38,519,481,0.481,2.3008194041252135
0,500,500,0.5,2.3007354650497436
68,534,466,0.466,2.2993479067087175
48,524,476,0.476,2.3010066673755647
28,514,486,0.486,2.300964982032776
40,520,480,0.48,2.2986746815759687
20,510,490,0.49,2.300094141483307
52,526,474,0.474,2.3010093665122984
60,530,470,0.47,2.2986918527423406
62,531,469,0.469,2.300294617652893
82,541,459,0.459,2.3009712991714477
138,569,431,0.431,2.298945198252797
88,544,456,0.456,2.300820422887802
34,517,483,0.483,2.2994904886484147
42,521,479,0.479,2.3009860949516296
42,521,479,0.479,2.3007290987968445
-2,499,501,0.501,2.30093421459198
56,528,472,0.472,2.3004137765169146
58,529,471,0.471,2.2991081475019457
46,523,477,0.477,2.3009008991718294
68,534,466,0.466,2.3000357496738433
52,526,474,0.474,2.2976806972026824
32,516,484,0.484,2.2986506321430205
20,510,490,0.49,2.299144129574299
62,531,469,0.469,2.3009378144741057
32,516,484,0.484,2.3009962635040284
52,526,474,0.474,2.3008241951465607
76,538,462,0.462,2.3008158509731294
76,538,462,0.462,2.3000186876058577
56,528,472,0.472,2.300987181186676
42,521,479,0.479,2.2953095581829546
68,534,466,0.466,2.2993461041450503
66,533,467,0.467,2.299900336265564
30,515,485,0.485,2.3003619030714035
-8,496,504,0.504,2.2994714752435685
70,535,465,0.465,2.3008564510345457
88,544,456,0.456,2.2989928830862043
58,529,471,0.471,2.3009358823299406
6,503,497,0.497,2.298808533012867
80,540,460,0.46,2.300188660740852
8,504,496,0.496,2.2997319164276124
40,520,480,0.48,2.300818900823593
-10,495,505,0.505,2.295280624091625
80,540,460,0.46,2.300834533929825
54,527,473,0.473,2.3009549345970153
36,518,482,0.482,2.3005067553520204
54,527,473,0.473,2.3008036830425262
60,530,470,0.47,2.3009438965320586
76,538,462,0.462,2.2962945632439222
138,569,431,0.431,2.3009803032875062
94,547,453,0.453,2.3009599158763887
-24,488,512,0.512,2.3006967346668246
-8,496,504,0.504,2.300969464302063
22,511,489,0.489,2.2983538794517515
78,539,461,0.461,2.30096080827713
54,527,473,0.473,2.2999345923662187
110,555,445,0.445,2.300981195449829
54,527,473,0.473,2.3009462418556215
58,529,471,0.471,2.300709282398224
94,547,453,0.453,2.300960828065872
70,535,465,0.465,2.298940239995718
80,540,460,0.46,2.3009072365760805
32,516,484,0.484,2.300763668298721
100,550,450,0.45,2.297210547208786
44,522,478,0.478,2.2987034932971
34,517,483,0.483,2.300751336097717
60,530,470,0.47,2.3003910377025605
68,534,466,0.466,2.2992118325829507
42,521,479,0.479,2.2986586160063744
70,535,465,0.465,2.3002996578216552
-4,498,502,0.502,2.300887395620346
38,519,481,0.481,2.3008625299930574
92,546,454,0.454,2.3008544204235077
-24,488,512,0.512,2.3009577231407166
42,521,479,0.479,2.3008808901309967
62,531,469,0.469,2.3009549736976624
72,536,464,0.464,2.2998527479171753
66,533,467,0.467,2.2992437213659285
22,511,489,0.489,2.299674945354462
26,513,487,0.487,2.300895466566086
38,519,481,0.481,2.2991405521035193
86,543,457,0.457,2.3008266603946685
10,505,495,0.495,2.3009450244903564
40,520,480,0.48,2.2997127586603163
36,518,482,0.482,2.2999495326280592
74,537,463,0.463,2.3009225125312804
68,534,466,0.466,2.300331859230995
46,523,477,0.477,2.3008164353370666
56,528,472,0.472,2.2987953296899795
52,526,474,0.474,2.3005056726932525
-24,488,512,0.512,2.298628734527156
-6,497,503,0.503,2.300701621055603
38,519,481,0.481,2.300967233657837
22,511,489,0.489,2.29847178375721
-18,491,509,0.509,2.3009448232650755
90,545,455,0.455,2.30069575881958
52,526,474,0.474,2.300047606229782
72,536,464,0.464,2.2990171007514
36,518,482,0.482,2.298856220364571
46,523,477,0.477,2.3009238204956053
56,528,472,0.472,2.300774913787842
2,501,499,0.499,2.299518315196037
40,520,480,0.48,2.3005644925832747
48,524,476,0.476,2.299015487343073
18,509,491,0.491,2.29813278862834
78,539,461,0.461,2.3009439170360566
8,504,496,0.496,2.3009579179286956
84,542,458,0.458,2.300874632358551
6,503,497,0.497,2.300926645040512
6,503,497,0.497,2.3003434381484986
76,538,462,0.462,2.3008962047100066
28,514,486,0.486,2.3009001939296723
96,548,452,0.452,2.2999284368753434
60,530,470,0.47,2.300842037200928
42,521,479,0.479,2.2991750162243845
40,520,480,0.48,2.294954441900598
-18,491,509,0.509,2.3009402282238005
12,506,494,0.494,2.3008438808918
14,507,493,0.493,2.300905050754547
-14,493,507,0.507,2.3007943372726443
-6,497,503,0.503,2.300854586362839
62,531,469,0.469,2.300919327259064
64,532,468,0.468,2.299540648818016
28,514,486,0.486,2.3008540098667143
44,522,478,0.478,2.2994784280657767
42,521,479,0.479,2.299874128460884
74,537,463,0.463,2.3009211637973785
80,540,460,0.46,2.297656200945377
118,559,441,0.441,2.2993776237368584
106,553,447,0.447,2.300124913215637
78,539,461,0.461,2.299611033439636
116,558,442,0.442,2.300617707014084
58,529,471,0.471,2.30072220993042
22,511,489,0.489,2.300284727573395
72,536,464,0.464,2.3008916199207308
56,528,472,0.472,2.2984228266603313
8,504,496,0.496,2.2984433929920196
38,519,481,0.481,2.300865970134735
74,537,463,0.463,2.299964843273163
82,541,459,0.459,2.300197908878326
42,521,479,0.479,2.2953756248354913
78,539,461,0.461,2.2999217364788054
66,533,467,0.467,2.2983636037111284
64,532,468,0.468,2.300818865060806
22,511,489,0.489,2.2997668709754944
34,517,483,0.483,2.300777441978455
28,514,486,0.486,2.300846699714661
54,527,473,0.473,2.2983946283459664
78,539,461,0.461,2.2985707029104234
-16,492,508,0.508,2.300609456062317
64,532,468,0.468,2.300912974357605
64,532,468,0.468,2.300678815603256
98,549,451,0.451,2.2997989159822465
104,552,448,0.448,2.3009023633003234
42,521,479,0.479,2.300733881950378
28,514,486,0.486,2.3005016070604323
32,516,484,0.484,2.300457656621933
80,540,460,0.46,2.3009085607528688
22,511,489,0.489,2.299202546596527
94,547,453,0.453,2.300368630647659
104,552,448,0.448,2.3003566498756407
94,547,453,0.453,2.2937732284593078
36,518,482,0.482,2.295222144317202
72,536,464,0.464,2.298102847546339
68,534,466,0.466,2.3008039276599885
2,501,499,0.499,2.299497711181641
106,553,447,0.447,2.297007924079895
80,540,460,0.46,2.300848263502121
8,504,496,0.496,2.300727074623108
70,535,465,0.465,2.3008116734027864
36,518,482,0.482,2.300824097633362
100,550,450,0.45,2.3008350841999055
34,517,483,0.483,2.3008477385044097
40,520,480,0.48,2.3000401302576066
58,529,471,0.471,2.30076366186142
26,513,487,0.487,2.3008505375385284
74,537,463,0.463,2.3008600940704347
64,532,468,0.468,2.2975949153900146
-26,487,513,0.513,2.3007516486644746
88,544,456,0.456,2.3008797438144684
42,521,479,0.479,2.300733974456787
50,525,475,0.475,2.3008275158405302
44,522,478,0.478,2.2994675327539444
92,546,454,0.454,2.300871742725372
18,509,491,0.491,2.2988237280845643
68,534,466,0.466,2.300811741113663
20,510,490,0.49,2.296760489165783
2,501,499,0.499,2.3005666725635527
104,552,448,0.448,2.3008583688735964
104,552,448,0.448,2.2994588868618013
64,532,468,0.468,2.3005269186496733
20,510,490,0.49,2.2983778572678566
42,521,479,0.479,2.300847729444504
64,532,468,0.468,2.3002763208150863
120,560,440,0.44,2.300527685880661
140,570,430,0.43,2.2984680661521852
100,550,450,0.45,2.300851402759552
88,544,456,0.456,2.3003021866083144
8,504,496,0.496,2.300871369123459
74,537,463,0.463,2.3008113005161284
66,533,467,0.467,2.3000563741922377
100,550,450,0.45,2.3006656973361967
32,516,484,0.484,2.300824520587921
62,531,469,0.469,2.3006954605579377
56,528,472,0.472,2.3007149820327757
68,534,466,0.466,2.300618574619293
100,550,450,0.45,2.3008333072662355
110,555,445,0.445,2.29899225756526
-2,499,501,0.501,2.300654086112976
64,532,468,0.468,2.3003066070079803
36,518,482,0.482,2.3006994462013246
52,526,474,0.474,2.3001968994140625
46,523,477,0.477,2.300601725578308
32,516,484,0.484,2.300791523218155
84,542,458,0.458,2.3008514358997343
58,529,471,0.471,2.3007749869823457
88,544,456,0.456,2.300775819301605
64,532,468,0.468,2.298784529864788
76,538,462,0.462,2.299399217128754
102,551,449,0.449,2.3008186411857605
84,542,458,0.458,2.30069855260849
60,530,470,0.47,2.2992011623382567
56,528,472,0.472,2.2986126091480257
2,501,499,0.499,2.3003163635730743
54,527,473,0.473,2.3005368695259096
18,509,491,0.491,2.2997304805517196
66,533,467,0.467,2.3006888086795807
84,542,458,0.458,2.2999574822187423
68,534,466,0.466,2.299809198856354
46,523,477,0.477,2.3005393006801604
-18,491,509,0.509,2.2997908507585527
100,550,450,0.45,2.300595895767212
66,533,467,0.467,2.297424560584128
72,536,464,0.464,2.3007798824310304
60,530,470,0.47,2.300395784020424
82,541,459,0.459,2.300810227870941
118,559,441,0.441,2.3007512335777283
30,515,485,0.485,2.300625457763672
6,503,497,0.497,2.3001323775053026
52,526,474,0.474,2.300467830657959
82,541,459,0.459,2.2964940010905264
72,536,464,0.464,2.298454440332949
52,526,474,0.474,2.299452591300011
28,514,486,0.486,2.3006888539791106
102,551,449,0.449,2.3007456011772156
-12,494,506,0.506,2.3006990761756896
96,548,452,0.452,2.3007417366504668
54,527,473,0.473,2.3000924146175383
68,534,466,0.466,2.2998211616277695
54,527,473,0.473,2.299264522433281
34,517,483,0.483,2.3002733082771303
8,504,496,0.496,2.2993106095194817
110,555,445,0.445,2.3007832522392273
70,535,465,0.465,2.2999849987030028
34,517,483,0.483,2.300742817401886
40,520,480,0.48,2.300757523059845
28,514,486,0.486,2.2975772290229797
-36,482,518,0.518,2.300406268119812
66,533,467,0.467,2.300667128801346
40,520,480,0.48,2.3007760093212126
68,534,466,0.466,2.300712341785431
48,524,476,0.476,2.299923514842987
50,525,475,0.475,2.2999587668180466
76,538,462,0.462,2.2994313673973084
48,524,476,0.476,2.297330478489399
60,530,470,0.47,2.2995456062555313
58,529,471,0.471,2.3006917979717256
74,537,463,0.463,2.2998856011629103
22,511,489,0.489,2.3004030985832213
76,538,462,0.462,2.30058407497406
22,511,489,0.489,2.2974427099227905
-8,496,504,0.504,2.2990710864067077
82,541,459,0.459,2.300693109035492
76,538,462,0.462,2.299680816054344
94,547,453,0.453,2.300188487172127
110,555,445,0.445,2.2984195066029205
64,532,468,0.468,2.30055827832222
74,537,463,0.463,2.3006954033374787
32,516,484,0.484,2.3007138154506683
92,546,454,0.454,2.300557466506958
56,528,472,0.472,2.300275266289711
88,544,456,0.456,2.29832150554657
-18,491,509,0.509,2.300057996749878
108,554,446,0.446,2.2996741530895233
50,525,475,0.475,2.30042294383049
46,523,477,0.477,2.2982715897466988
84,542,458,0.458,2.3006003694534303
104,552,448,0.448,2.3006682522296904
58,529,471,0.471,2.3002630895376206
74,537,463,0.463,2.3000346573591233
26,513,487,0.487,2.3004313480854033
10,505,495,0.495,2.2932092317715287
82,541,459,0.459,2.300649485349655
86,543,457,0.457,2.2995305287837984
46,523,477,0.477,2.3002420201301574
98,549,451,0.451,2.300535892486572
74,537,463,0.463,2.3001046245098116
40,520,480,0.48,2.300501920700073
-2,499,501,0.501,2.2944724021926524
54,527,473,0.473,2.300435222864151
110,555,445,0.445,2.3003173724412918
16,508,492,0.492,2.2992602952718735
82,541,459,0.459,2.298988340854645
94,547,453,0.453,2.299643877744675
86,543,457,0.457,2.300659695148468
94,547,453,0.453,2.3004669868946075
36,518,482,0.482,2.2993806380033495
46,523,477,0.477,2.300106563091278
36,518,482,0.482,2.2995107676982878
34,517,483,0.483,2.299967018485069
114,557,443,0.443,2.3006480920314787
92,546,454,0.454,2.300167363882065
30,515,485,0.485,2.3005361816883085
38,519,481,0.481,2.3006455829143526
82,541,459,0.459,2.300531981468201
8,504,496,0.496,2.298291682839394
52,526,474,0.474,2.300020488023758
72,536,464,0.464,2.300636885881424
16,508,492,0.492,2.298517831981182
88,544,456,0.456,2.3003956351280213
72,536,464,0.464,2.300272479057312
22,511,489,0.489,2.3006412031650543
58,529,471,0.471,2.300408703327179
2,501,499,0.499,2.3006488146781923
0,500,500,0.5,2.2982424570024014
34,517,483,0.483,2.2983254803419113
70,535,465,0.465,2.3005580558776857
20,510,490,0.49,2.298792851150036
72,536,464,0.464,2.298677517294884
46,523,477,0.477,2.3005223982334138
28,514,486,0.486,2.2994037380218506
32,516,484,0.484,2.3002754483222962
82,541,459,0.459,2.3002042782306673
48,524,476,0.476,2.2980154284238816
66,533,467,0.467,2.299379373192787
96,548,452,0.452,2.300231924891472
84,542,458,0.458,2.3005590126514437
56,528,472,0.472,2.2983859775662423
42,521,479,0.479,2.3004970819950104
30,515,485,0.485,2.2991313049793245
56,528,472,0.472,2.3005485944747925
56,528,472,0.472,2.299746710419655
64,532,468,0.468,2.3005005226135253
36,518,482,0.482,2.3003077564239502
44,522,478,0.478,2.3005335371494295
46,523,477,0.477,2.300353028535843
56,528,472,0.472,2.3003162517547606
24,512,488,0.488,2.30033785033226
78,539,461,0.461,2.298868117570877
52,526,474,0.474,2.297104341208935
-34,483,517,0.517,2.2968130616955458
108,554,446,0.446,2.2982360907606783
54,527,473,0.473,2.2998225659132006
54,527,473,0.473,2.3001261476278305
128,564,436,0.436,2.3004481990337373
68,534,466,0.466,2.299989542722702
20,510,490,0.49,2.299397388100624
48,524,476,0.476,2.300432910680771
78,539,461,0.461,2.2984266281425954
-22,489,511,0.511,2.30042222905159
14,507,493,0.493,2.3002163906097413
50,525,475,0.475,2.300547602176666
78,539,461,0.461,2.3002476284503937
132,566,434,0.434,2.300520795345306
154,577,423,0.423,2.3002294986248017
48,524,476,0.476,2.298209212601185
74,537,463,0.463,2.300418084859848
88,544,456,0.456,2.3005080196857453
72,536,464,0.464,2.299164620280266
14,507,493,0.493,2.300317739725113
12,506,494,0.494,2.3004336993694308
62,531,469,0.469,2.299923423886299
44,522,478,0.478,2.299551710605621
76,538,462,0.462,2.3004029378890993
8,504,496,0.496,2.299825742483139
16,508,492,0.492,2.300444334745407
84,542,458,0.458,2.3004620389938353
136,568,432,0.432,2.2981493376675064
54,527,473,0.473,2.2985420982837677
-36,482,518,0.518,2.2993867208957672
50,525,475,0.475,2.2981921787261963
88,544,456,0.456,2.3004104177951814
38,519,481,0.481,2.296858584523201
52,526,474,0.474,2.3004301581382753
12,506,494,0.494,2.3003961973190306
8,504,496,0.496,2.297596502304077
-28,486,514,0.514,2.3002206847667694
42,521,479,0.479,2.3004382317066194
80,540,460,0.46,2.300390648365021
62,531,469,0.469,2.3002981722354887
108,554,446,0.446,2.300011122941971
58,529,471,0.471,2.299968293905258
90,545,455,0.455,2.3003821415901182
38,519,481,0.481,2.3003611044883727
92,546,454,0.454,2.298111850500107
36,518,482,0.482,2.297849045261741
110,555,445,0.445,2.29935035443306
54,527,473,0.473,2.2999789404869078
116,558,442,0.442,2.297881820902884
10,505,495,0.495,2.300301737785339
-4,498,502,0.502,2.299494473695755
66,533,467,0.467,2.30033428645134
64,532,468,0.468,2.299964883685112
12,506,494,0.494,2.298320843011141
38,519,481,0.481,2.3003719127178193
52,526,474,0.474,2.300331707715988
50,525,475,0.475,2.2960431156447156
36,518,482,0.482,2.2979619411230097
94,547,453,0.453,2.3003266863822938
24,512,488,0.488,2.30039448094368
58,529,471,0.471,2.3001488535404206
84,542,458,0.458,2.3002060966491698
72,536,464,0.464,2.300272448539734
20,510,490,0.49,2.2989648007154466
24,512,488,0.488,2.3002739152908327
20,510,490,0.49,2.300330586671829
22,511,489,0.489,2.2982112647295
54,527,473,0.473,2.297765195712447
52,526,474,0.474,2.299601804614067
-6,497,503,0.503,2.300049208164215
58,529,471,0.471,2.300020735502243
96,548,452,0.452,2.299406823158264
76,538,462,0.462,2.2979723492115736
64,532,468,0.468,2.2998205114603043
32,516,484,0.484,2.2973063482642173
94,547,453,0.453,2.2971371754202994
-24,488,512,0.512,2.2986275103092195
72,536,464,0.464,2.2994628863334654
46,523,477,0.477,2.3002894105911253
16,508,492,0.492,2.2926337706781923
-10,495,505,0.505,2.3002987418174743
-22,489,511,0.511,2.296245385406539
134,567,433,0.433,2.2999844353199004
62,531,469,0.469,2.30020543551445
46,523,477,0.477,2.3001551654338837
14,507,493,0.493,2.2990712217092515
40,520,480,0.48,2.3002632410526274
-8,496,504,0.504,2.299244858145714
112,556,444,0.444,2.2959381714090705
20,510,490,0.49,2.3002748992443083
16,508,492,0.492,2.297612172592635
8,504,496,0.496,2.299799895644188
88,544,456,0.456,2.300105122804642
94,547,453,0.453,2.2998559985160827
64,532,468,0.468,2.299947804927826
40,520,480,0.48,2.3002061026096343
56,528,472,0.472,2.3001592421531676
36,518,482,0.482,2.300255362510681
-34,483,517,0.517,2.300200770139694
46,523,477,0.477,2.2991410862207413
4,502,498,0.498,2.29871767616272
14,507,493,0.493,2.300235726594925
66,533,467,0.467,2.2989365438222884
72,536,464,0.464,2.30015961766243
-4,498,502,0.502,2.300098750591278
76,538,462,0.462,2.300222506284714
98,549,451,0.451,2.2953142023200637
84,542,458,0.458,2.2988674508333204
42,521,479,0.479,2.2980574057847263
104,552,448,0.448,2.3002257874011995
-10,495,505,0.505,2.299326990842819
66,533,467,0.467,2.2996134823560714
42,521,479,0.479,2.2981966941356657
20,510,490,0.49,2.2990880522727966
8,504,496,0.496,2.3000417904853823
40,520,480,0.48,2.2999619202613832
54,527,473,0.473,2.299702896118164
22,511,489,0.489,2.2996997380256654
40,520,480,0.48,2.2987602798938753
32,516,484,0.484,2.298115075916052
34,517,483,0.483,2.2995592885017393
130,565,435,0.435,2.299760770082474
34,517,483,0.483,2.299997238636017
84,542,458,0.458,2.299264936208725
62,531,469,0.469,2.3000029127597807
52,526,474,0.474,2.3001177225112914
6,503,497,0.497,2.299087512731552
-10,495,505,0.505,2.2997157685756684
72,536,464,0.464,2.3000498347282408
64,532,468,0.468,2.297909558773041
26,513,487,0.487,2.2995966985225675
68,534,466,0.466,2.2993631628751756
22,511,489,0.489,2.299878154993057
70,535,465,0.465,2.2980249583125114
36,518,482,0.482,2.2980626462101936
36,518,482,0.482,2.2996990728378295
62,531,469,0.469,2.3000360753536224
92,546,454,0.454,2.300023255825043
98,549,451,0.451,2.2976493587493896
96,548,452,0.452,2.2987981868982317
96,548,452,0.452,2.2999267745018006
64,532,468,0.468,2.2999845502376557
6,503,497,0.497,2.2986752424240113
8,504,496,0.496,2.299260900259018
72,536,464,0.464,2.2967783948332072
36,518,482,0.482,2.299905012130737
90,545,455,0.455,2.2971732667684557
84,542,458,0.458,2.29983944106102
48,524,476,0.476,2.3000081548690794
8,504,496,0.496,2.2974588200747967
88,544,456,0.456,2.3000008020401
44,522,478,0.478,2.2998884773254393
36,518,482,0.482,2.299978397846222
54,527,473,0.473,2.298742964029312
36,518,482,0.482,2.297054745554924
30,515,485,0.485,2.299759736537933
112,556,444,0.444,2.299304268360138
2,501,499,0.499,2.29955858874321
8,504,496,0.496,2.29986492562294
32,516,484,0.484,2.299861770629883
116,558,442,0.442,2.29938172352314
148,574,426,0.426,2.2998914296627047
74,537,463,0.463,2.2996776535511017
26,513,487,0.487,2.299835396528244
116,558,442,0.442,2.29861121404171
146,573,427,0.427,2.2975247263349594
70,535,465,0.465,2.299845004081726
54,527,473,0.473,2.2999132080078124
110,555,445,0.445,2.2976595113277436
122,561,439,0.439,2.2987481534481047
116,558,442,0.442,2.2997487149238585
50,525,475,0.475,2.2998990623950957
24,512,488,0.488,2.297520585058257
24,512,488,0.488,2.299400097846985
72,536,464,0.464,2.2997076740264895
82,541,459,0.459,2.297103100327742
4,502,498,0.498,2.299733077287674
82,541,459,0.459,2.299738240480423
52,526,474,0.474,2.299837289094925
84,542,458,0.458,2.29962424993515
86,543,457,0.457,2.299225315451622
60,530,470,0.47,2.2972871654629707
44,522,478,0.478,2.299651457309723
46,523,477,0.477,2.299583883047104
42,521,479,0.479,2.299682444572449
4,502,498,0.498,2.298214898943901
94,547,453,0.453,2.299326215028763
136,568,432,0.432,2.2996089539527893
-4,498,502,0.502,2.2997758119106293
46,523,477,0.477,2.297824364721775
76,538,462,0.462,2.2996667251586915
42,521,479,0.479,2.29878436589241
-22,489,511,0.511,2.2982259147167206
96,548,452,0.452,2.2981667740345
4,502,498,0.498,2.2994113311767577
38,519,481,0.481,2.299296725511551
104,552,448,0.448,2.299219537854195
48,524,476,0.476,2.29907621717453
60,530,470,0.47,2.298912954092026
48,524,476,0.476,2.2987839818000793
84,542,458,0.458,2.299508975982666
26,513,487,0.487,2.2994239239692686
80,540,460,0.46,2.2995684401988985
114,557,443,0.443,2.2982373358011245
108,554,446,0.446,2.2995143377780916
32,516,484,0.484,2.299510324716568
38,519,481,0.481,2.2984607318639756
98,549,451,0.451,2.2976326027512552
186,593,407,0.407,2.2972125087082387
82,541,459,0.459,2.2994208137989043
72,536,464,0.464,2.2980632226467135
52,526,474,0.474,2.296952356532216
84,542,458,0.458,2.2975936845541
68,534,466,0.466,2.2995339980125427
68,534,466,0.466,2.2979798797369004
56,528,472,0.472,2.2983965592384337
68,534,466,0.466,2.2993303515911103
26,513,487,0.487,2.2976997326016426
48,524,476,0.476,2.2995050790309906
82,541,459,0.459,2.297883148789406
76,538,462,0.462,2.2995006499290467
90,545,455,0.455,2.298517356514931
12,506,494,0.494,2.2993301210403443
54,527,473,0.473,2.2973099570423363
32,516,484,0.484,2.2989236958026886
52,526,474,0.474,2.2957914059758187
76,538,462,0.462,2.2989300651550293
44,522,478,0.478,2.297782329142094
78,539,461,0.461,2.2993919920921324
14,507,493,0.493,2.296576200425625
68,534,466,0.466,2.297191797912121
86,543,457,0.457,2.2965108701039134
74,537,463,0.463,2.299366450071335
58,529,471,0.471,2.299364920377731
72,536,464,0.464,2.2986296578645704
62,531,469,0.469,2.2984448059797287
36,518,482,0.482,2.2991472976207734
86,543,457,0.457,2.2992536458969117
48,524,476,0.476,2.2975311789512634
92,546,454,0.454,2.297574182033539
120,560,440,0.44,2.2992831137180327
72,536,464,0.464,2.2992067906856537
22,511,489,0.489,2.298884510755539
80,540,460,0.46,2.294353132724762
86,543,457,0.457,2.2981997542381287
-6,497,503,0.503,2.296116906762123
-2,499,501,0.501,2.2988418412208556
48,524,476,0.476,2.298565443277359
56,528,472,0.472,2.299054488658905
76,538,462,0.462,2.297085624486208
72,536,464,0.464,2.2990149981975554
68,534,466,0.466,2.299142023086548
92,546,454,0.454,2.296888370037079
44,522,478,0.478,2.2987566044330596
82,541,459,0.459,2.296552764162421
52,526,474,0.474,2.29910219168663
40,520,480,0.48,2.299035379886627
62,531,469,0.469,2.2958540544807913
34,517,483,0.483,2.297278674006462
66,533,467,0.467,2.2986838862895964
112,556,444,0.444,2.298959456205368
92,546,454,0.454,2.295805500923656
62,531,469,0.469,2.297681645512581
22,511,489,0.489,2.296466360896826
112,556,444,0.444,2.2986352331638336
14,507,493,0.493,2.295874790966511
18,509,491,0.491,2.298173111081123
94,547,453,0.453,2.2986408030986785
60,530,470,0.47,2.2986683638095857
104,552,448,0.448,2.2990094165802004
102,551,449,0.449,2.298874039888382
92,546,454,0.454,2.2968689091205596
56,528,472,0.472,2.2988935129642485
70,535,465,0.465,2.2963035807609558
90,545,455,0.455,2.2974977283477784
90,545,455,0.455,2.2984930148124696
34,517,483,0.483,2.2988421893119813
92,546,454,0.454,2.2985202021598816
36,518,482,0.482,2.295350741028786
24,512,488,0.488,2.29660200715065
54,527,473,0.473,2.298709023952484
66,533,467,0.467,2.296440454363823
50,525,475,0.475,2.298177331328392
92,546,454,0.454,2.295803427815794
58,529,471,0.471,2.298782951116562
90,545,455,0.455,2.2986772835254667
122,561,439,0.439,2.2985076100826265
102,551,449,0.449,2.296990035355091
64,532,468,0.468,2.2973444427251817
98,549,451,0.451,2.2985334157943726
104,552,448,0.448,2.296842126429081
94,547,453,0.453,2.298683918714523
116,558,442,0.442,2.2979120659828185
112,556,444,0.444,2.2986937403678893
96,548,452,0.452,2.298586168050766
16,508,492,0.492,2.298238313674927
44,522,478,0.478,2.2979353613853455
92,546,454,0.454,2.298381344079971
78,539,461,0.461,2.298182359933853
64,532,468,0.468,2.2971925855278967
50,525,475,0.475,2.2986392323970795
98,549,451,0.451,2.298489295244217
54,527,473,0.473,2.298435830116272
86,543,457,0.457,2.298014331102371
54,527,473,0.473,2.291273466724902
42,521,479,0.479,2.2982458620071413
168,584,416,0.416,2.2974167524576186
148,574,426,0.426,2.2983174707889558
12,506,494,0.494,2.297656967282295
70,535,465,0.465,2.2982287695407866
40,520,480,0.48,2.2972622014284134
108,554,446,0.446,2.2980782613754274
34,517,483,0.483,2.2977816421985624
70,535,465,0.465,2.298009708404541
56,528,472,0.472,2.2979567363262174
98,549,451,0.451,2.2981263644695282
58,529,471,0.471,2.2979779658317567
80,540,460,0.46,2.296320193052292
52,526,474,0.474,2.298193165063858
-36,482,518,0.518,2.2975690324306486
86,543,457,0.457,2.29782192158699
80,540,460,0.46,2.2980000507831573
94,547,453,0.453,2.2981707279682158
38,519,481,0.481,2.297302034020424
128,564,436,0.436,2.2967196794748306
100,550,450,0.45,2.297403926491737
98,549,451,0.451,2.297826614022255
54,527,473,0.473,2.297679535150528
12,506,494,0.494,2.2981529908180236
84,542,458,0.458,2.297221725463867
120,560,440,0.44,2.2972780663967134
114,557,443,0.443,2.2945410729944706
68,534,466,0.466,2.297651894211769
46,523,477,0.477,2.2979343276023867
118,559,441,0.441,2.297838108778
60,530,470,0.47,2.296298717021942
108,554,446,0.446,2.2968326275348665
110,555,445,0.445,2.2973673938512804
-4,498,502,0.502,2.2978263831138612
22,511,489,0.489,2.297459862232208
88,544,456,0.456,2.2979299275875094
66,533,467,0.467,2.295501921892166
52,526,474,0.474,2.2916322902441024
64,532,468,0.468,2.297076623916626
74,537,463,0.463,2.295631740450859
86,543,457,0.457,2.2957336279153826
86,543,457,0.457,2.2960702239274977
110,555,445,0.445,2.2951830496788026
162,581,419,0.419,2.2949906260371207
90,545,455,0.455,2.2976328403949737
60,530,470,0.47,2.2975789132118227
36,518,482,0.482,2.2953774572545664
34,517,483,0.483,2.2956803460121153
58,529,471,0.471,2.2976380457878114
118,559,441,0.441,2.2970208690166474
94,547,453,0.453,2.29727028465271
88,544,456,0.456,2.2961300715208055
96,548,452,0.452,2.2961971615552903
116,558,442,0.442,2.2975670835971833
80,540,460,0.46,2.29750745677948
98,549,451,0.451,2.296760629534721
-16,492,508,0.508,2.296561363816261
76,538,462,0.462,2.2967119890451433
96,548,452,0.452,2.29770520401001
66,533,467,0.467,2.294127376913326
70,535,465,0.465,2.29733532333374
98,549,451,0.451,2.2967838077545166
118,559,441,0.441,2.2972349038124085
34,517,483,0.483,2.2970530529022217
40,520,480,0.48,2.2955881168842316
86,543,457,0.457,2.297170769929886
40,520,480,0.48,2.297278522014618
140,570,430,0.43,2.293038198150694
48,524,476,0.476,2.2966920683383942
64,532,468,0.468,2.2965614888668062
38,519,481,0.481,2.2956797491312027
100,550,450,0.45,2.296705934047699
42,521,479,0.479,2.2970153629779815
32,516,484,0.484,2.296641709804535
144,572,428,0.428,2.296887508869171
28,514,486,0.486,2.2958653391599655
78,539,461,0.461,2.2964225294589995
86,543,457,0.457,2.296745181798935
64,532,468,0.468,2.2934817187786103
102,551,449,0.449,2.290272785274312
22,511,489,0.489,2.293650807470083
106,553,447,0.447,2.2967771644592285
24,512,488,0.488,2.2932459252476693
146,573,427,0.427,2.2965189645290374
50,525,475,0.475,2.2969241483211515
144,572,428,0.428,2.295453931927681
116,558,442,0.442,2.296591036081314
112,556,444,0.444,2.296076551914215
126,563,437,0.437,2.296800194978714
92,546,454,0.454,2.296652504682541
48,524,476,0.476,2.2966013445854188
76,538,462,0.462,2.295580174088478
56,528,472,0.472,2.2963968045711516
54,527,473,0.473,2.2966009228229525
90,545,455,0.455,2.29398880207818
98,549,451,0.451,2.2964672672748567
70,535,465,0.465,2.296511206865311
84,542,458,0.458,2.296630705833435
114,557,443,0.443,2.296440416574478
104,552,448,0.448,2.2962529480457308
66,533,467,0.467,2.295970779657364
120,560,440,0.44,2.2962921447753906
56,528,472,0.472,2.2961269402503968
70,535,465,0.465,2.294756052851677
64,532,468,0.468,2.296142642021179
68,534,466,0.466,2.296144255399704
94,547,453,0.453,2.29610449886322
84,542,458,0.458,2.295842788219452
64,532,468,0.468,2.295412164568901
56,528,472,0.472,2.2929323082161717
128,564,436,0.436,2.293889308810234
78,539,461,0.461,2.290157831681523
104,552,448,0.448,2.294930125594139
124,562,438,0.438,2.295849688768387
46,523,477,0.477,2.2956427457332613
54,527,473,0.473,2.292925003647804
52,526,474,0.474,2.295888109922409
70,535,465,0.465,2.293349002867937
96,548,452,0.452,2.295268712759018
88,544,456,0.456,2.2946250373125077
80,540,460,0.46,2.2956017489433287
128,564,436,0.436,2.2920765867829322
114,557,443,0.443,2.2958262643814087
40,520,480,0.48,2.2957701411247253
198,599,401,0.401,2.29532621884346
98,549,451,0.451,2.2954207882881166
150,575,425,0.425,2.2954408087730407
74,537,463,0.463,2.294797888159752
84,542,458,0.458,2.2956057584285734
30,515,485,0.485,2.2953424348831177
36,518,482,0.482,2.2956842954158785
32,516,484,0.484,2.295449879169464
42,521,479,0.479,2.2951946642398835
112,556,444,0.444,2.295290323257446
104,552,448,0.448,2.2954720611572266
88,544,456,0.456,2.2951345057487487
62,531,469,0.469,2.2952752068042757
50,525,475,0.475,2.293484047472477
52,526,474,0.474,2.294922401189804
116,558,442,0.442,2.2954770317077635
128,564,436,0.436,2.2951789424419404
90,545,455,0.455,2.2950582020282746
70,535,465,0.465,2.2927592513412236
-14,493,507,0.507,2.295105544090271
26,513,487,0.487,2.295119398355484
140,570,430,0.43,2.294699469327927
6,503,497,0.497,2.2930359567403795
84,542,458,0.458,2.2947757008075715
98,549,451,0.451,2.2923258303855545
96,548,452,0.452,2.2949629881381988
88,544,456,0.456,2.2922672826808412
80,540,460,0.46,2.2946192815303803
116,558,442,0.442,2.2940636143684388
94,547,453,0.453,2.2923823128938676
32,516,484,0.484,2.294046277284622
148,574,426,0.426,2.294346400976181
66,533,467,0.467,2.2861758380532264
104,552,448,0.448,2.293151273727417
94,547,453,0.453,2.293934166431427
88,544,456,0.456,2.2934873185157776
58,529,471,0.471,2.2941105513572695
26,513,487,0.487,2.2916908864974976
74,537,463,0.463,2.2944399616718294
98,549,451,0.451,2.294264268398285
60,530,470,0.47,2.2937974101305008
56,528,472,0.472,2.2937692096233366
94,547,453,0.453,2.291860089659691
122,561,439,0.439,2.2931435766220094
76,538,462,0.462,2.2936655504703523
42,521,479,0.479,2.291577407300472
106,553,447,0.447,2.291167367592454
22,511,489,0.489,2.2933600717782974
128,564,436,0.436,2.290526910662651
60,530,470,0.47,2.2928282539844513
52,526,474,0.474,2.294115343093872
86,543,457,0.457,2.2911200519166885
104,552,448,0.448,2.2931292386054993
42,521,479,0.479,2.2931380034685134
84,542,458,0.458,2.2935546572208403
98,549,451,0.451,2.2914697546809912
68,534,466,0.466,2.2913753058314326
116,558,442,0.442,2.2922768979668615
114,557,443,0.443,2.293258599281311
54,527,473,0.473,2.2937396051883696
42,521,479,0.479,2.2915704619288446
92,546,454,0.454,2.2932873916625978
100,550,450,0.45,2.2932513682842255
128,564,436,0.436,2.292972833633423
106,553,447,0.447,2.291918265104294
98,549,451,0.451,2.2894730578660965
138,569,431,0.431,2.2908236467838288
180,590,410,0.41,2.2903116839826105
78,539,461,0.461,2.2930703353881836
62,531,469,0.469,2.292067964553833
44,522,478,0.478,2.2920186433792114
60,530,470,0.47,2.2922500134706496
96,548,452,0.452,2.2906571116298435
108,554,446,0.446,2.292771155834198
82,541,459,0.459,2.287749045405537
84,542,458,0.458,2.2923079617023467
110,555,445,0.445,2.292305732011795
132,566,434,0.434,2.290222197294235
58,529,471,0.471,2.2921377985477447
90,545,455,0.455,2.2882055824995104
74,537,463,0.463,2.2872737150490283
56,528,472,0.472,2.289483190894127
86,543,457,0.457,2.2918579580783844
108,554,446,0.446,2.291241686820984
16,508,492,0.492,2.289731272727251
46,523,477,0.477,2.288488942205906
64,532,468,0.468,2.2906925132274627
142,571,429,0.429,2.2898945931196213
118,559,441,0.441,2.291418928384781
116,558,442,0.442,2.291894314289093
72,536,464,0.464,2.2917447772026063
56,528,472,0.472,2.2865995431542396
58,529,471,0.471,2.2916535732746124
36,518,482,0.482,2.291581615924835
178,589,411,0.411,2.288804470896721
116,558,442,0.442,2.291001153111458
60,530,470,0.47,2.2884287833571433
70,535,465,0.465,2.289951683759689
112,556,444,0.444,2.2915045058727266
160,580,420,0.42,2.290912870168686
90,545,455,0.455,2.2907437698841093
130,565,435,0.435,2.2867578703695908
52,526,474,0.474,2.2887904869318008
88,544,456,0.456,2.290568860769272
118,559,441,0.441,2.288728943705559
152,576,424,0.424,2.2907916061878204
98,549,451,0.451,2.2905479407310487
104,552,448,0.448,2.2910415568351747
36,518,482,0.482,2.290245171070099
86,543,457,0.457,2.2888101168870927
28,514,486,0.486,2.2867204675674437
70,535,465,0.465,2.2900629110336306
88,544,456,0.456,2.2902535734176634
122,561,439,0.439,2.289614932537079
78,539,461,0.461,2.284966817725537
112,556,444,0.444,2.2893101459741594
36,518,482,0.482,2.2896268808841707
122,561,439,0.439,2.2890945687294004
122,561,439,0.439,2.2895209608078004
36,518,482,0.482,2.289627693653107
94,547,453,0.453,2.2879569460749627
84,542,458,0.458,2.289011470556259
126,563,437,0.437,2.283689697831869
100,550,450,0.45,2.2898304648399352
76,538,462,0.462,2.2894790315628053
142,571,429,0.429,2.28856843829155
74,537,463,0.463,2.2893595905303954
38,519,481,0.481,2.2896760532855986
76,538,462,0.462,2.28910360455513
84,542,458,0.458,2.289353405714035
38,519,481,0.481,2.2869703155755996
118,559,441,0.441,2.285133984863758
106,553,447,0.447,2.2879794849157333
146,573,427,0.427,2.2889547293186188
114,557,443,0.443,2.288388571023941
60,530,470,0.47,2.288376620054245
56,528,472,0.472,2.2863030727072675
128,564,436,0.436,2.2877657322883604
78,539,461,0.461,2.287723576068878
76,538,462,0.462,2.2878017828464507
58,529,471,0.471,2.2873293232917784
208,604,396,0.396,2.287684257984161
96,548,452,0.452,2.287095192193985
86,543,457,0.457,2.2854269781112673
62,531,469,0.469,2.2866242706775664
84,542,458,0.458,2.2879487793445588
140,570,430,0.43,2.287156572341919
140,570,430,0.43,2.286442218780518
112,556,444,0.444,2.2791201319396497
112,556,444,0.444,2.2848192176818847
112,556,444,0.444,2.2859102073907853
142,571,429,0.429,2.2860663883686065
70,535,465,0.465,2.28661568236351
122,561,439,0.439,2.2849443205595015
90,545,455,0.455,2.2842017127871515
196,598,402,0.402,2.2867796757221224
134,567,433,0.433,2.283967994645238
120,560,440,0.44,2.2838034739494324
88,544,456,0.456,2.28485667270422
88,544,456,0.456,2.2849787354469298
94,547,453,0.453,2.2860255353450776
102,551,449,0.449,2.285711083173752
72,536,464,0.464,2.2866545588970184
120,560,440,0.44,2.2852385704517366
134,567,433,0.433,2.2859800050258636
220,610,390,0.39,2.2818948586583137
110,555,445,0.445,2.2829895932674407
128,564,436,0.436,2.2847547204494476
120,560,440,0.44,2.2827433998528868
66,533,467,0.467,2.2826650844812395
92,546,454,0.454,2.2844336498975752
108,554,446,0.446,2.283930855989456
118,559,441,0.441,2.2845474870204927
70,535,465,0.465,2.2805607162625527
166,583,417,0.417,2.2823711220026017
106,553,447,0.447,2.2815544231534006
104,552,448,0.448,2.283884428739548
82,541,459,0.459,2.282247082829475
82,541,459,0.459,2.284143836736679
46,523,477,0.477,2.281367736428976
130,565,435,0.435,2.2822834169864654
126,563,437,0.437,2.279006447851658
130,565,435,0.435,2.282522809505463
114,557,443,0.443,2.2838208328485488
96,548,452,0.452,2.2837502131462095
64,532,468,0.468,2.282483934879303
126,563,437,0.437,2.2785052572414277
84,542,458,0.458,2.27897822573781
142,571,429,0.429,2.2789555190311512
52,526,474,0.474,2.2805071721076966
142,571,429,0.429,2.282059492588043
186,593,407,0.407,2.278668898046017
166,583,417,0.417,2.2800531210899355
94,547,453,0.453,2.2820589361190797
106,553,447,0.447,2.2818526635169984
156,578,422,0.422,2.2811374126672743
128,564,436,0.436,2.2789819477796556
120,560,440,0.44,2.2812164623737337
120,560,440,0.44,2.2762674755835905
110,555,445,0.445,2.28056235229969
66,533,467,0.467,2.2810775945186617
104,552,448,0.448,2.2775221636742353
106,553,447,0.447,2.280708792209625
92,546,454,0.454,2.2783549743890763
136,568,432,0.432,2.279489520192146
94,547,453,0.453,2.2777022780478
134,567,433,0.433,2.281587829589844
108,554,446,0.446,2.279592571973801
136,568,432,0.432,2.280308035850525
136,568,432,0.432,2.2796770377159117
28,514,486,0.486,2.2764205617886035
128,564,436,0.436,2.2747410584240133
114,557,443,0.443,2.276895756781101
140,570,430,0.43,2.2783377363681794
108,554,446,0.446,2.2752849245484033
98,549,451,0.451,2.279181912899017
110,555,445,0.445,2.276029607522434
70,535,465,0.465,2.276386232495308
120,560,440,0.44,2.2789309742450716
102,551,449,0.449,2.2769989372491835
72,536,464,0.464,2.2770780193805695
128,564,436,0.436,2.276407616019249
130,565,435,0.435,2.2768466089963915
142,571,429,0.429,2.276321158647537
100,550,450,0.45,2.277847047328949
154,577,423,0.423,2.2773514721393586
140,570,430,0.43,2.275897437304258
190,595,405,0.405,2.2774140100479126
166,583,417,0.417,2.2768629853725435
104,552,448,0.448,2.2754407507181167
44,522,478,0.478,2.2752540673315527
100,550,450,0.45,2.2753607041835786
94,547,453,0.453,2.276839131832123
78,539,461,0.461,2.275529262304306
148,574,426,0.426,2.27379368519783
122,561,439,0.439,2.274749004125595
112,556,444,0.444,2.273700270652771
108,554,446,0.446,2.2747338497638703
104,552,448,0.448,2.2717663625478743
68,534,466,0.466,2.272314631819725
180,590,410,0.41,2.2728298817873003
104,552,448,0.448,2.27453696501255
162,581,419,0.419,2.2750048983097075
188,594,406,0.406,2.2742463710308076
152,576,424,0.424,2.272172631621361
152,576,424,0.424,2.2698412024918944
84,542,458,0.458,2.274123480558395
156,578,422,0.422,2.273089504480362
110,555,445,0.445,2.2735626230239867
134,567,433,0.433,2.2714331464767454
156,578,422,0.422,2.2714634095430375
48,524,476,0.476,2.267736534833908
120,560,440,0.44,2.2709873478412628
134,567,433,0.433,2.267940123796463
136,568,432,0.432,2.270765951156616
120,560,440,0.44,2.2683676701039075
152,576,424,0.424,2.2691738047599794
94,547,453,0.453,2.2706190576553347
82,541,459,0.459,2.26916303730011
138,569,431,0.431,2.270199021100998
136,568,432,0.432,2.2684830179214477
82,541,459,0.459,2.270227171897888
166,583,417,0.417,2.2678799328804016
156,578,422,0.422,2.269382678747177
176,588,412,0.412,2.269429650068283
176,588,412,0.412,2.26846724152565
162,581,419,0.419,2.2687905638217924
156,578,422,0.422,2.267839696407318
118,559,441,0.441,2.2683639407157896
94,547,453,0.453,2.2659216147661208
50,525,475,0.475,2.2688548963069914
72,536,464,0.464,2.2667840266227723
152,576,424,0.424,2.2658628692626954
140,570,430,0.43,2.2654204465150833
130,565,435,0.435,2.2643390040397646
72,536,464,0.464,2.2646788606643677
104,552,448,0.448,2.265805511474609
146,573,427,0.427,2.2661543709039687
168,584,416,0.416,2.262354604125023
170,585,415,0.415,2.2626575306653978
180,590,410,0.41,2.2611651170253753
98,549,451,0.451,2.2653015245199204
150,575,425,0.425,2.264468075156212
148,574,426,0.426,2.2634077553749083
150,575,425,0.425,2.2615006477832793
226,613,387,0.387,2.259728679865599
124,562,438,0.438,2.2615993978977205
112,556,444,0.444,2.2609363338947297
182,591,409,0.409,2.2609875774383545
182,591,409,0.409,2.258789400577545
148,574,426,0.426,2.26027566409111
202,601,399,0.399,2.2627506511211397
124,562,438,0.438,2.2575427672863007
130,565,435,0.435,2.259797098040581
162,581,419,0.419,2.2580413781404496
138,569,431,0.431,2.2600007162094116
78,539,461,0.461,2.2587510223388674
160,580,420,0.42,2.257406580686569
204,602,398,0.398,2.258715466737747
194,597,403,0.403,2.2538377122879028
182,591,409,0.409,2.2577503521442415
180,590,410,0.41,2.250373818129301
192,596,404,0.404,2.2565351622104646
96,548,452,0.452,2.2552552411556244
124,562,438,0.438,2.2542767131328585
158,579,421,0.421,2.2553284564018248
148,574,426,0.426,2.253303990487009
100,550,450,0.45,2.2515992322729437
112,556,444,0.444,2.2529818848669527
186,593,407,0.407,2.2504659496955575
178,589,411,0.411,2.2538252170085906
116,558,442,0.442,2.2520451226234437
184,592,408,0.408,2.2502371958494187
86,543,457,0.457,2.2544910740852355
110,555,445,0.445,2.253038771152496
106,553,447,0.447,2.2503799533843996
162,581,419,0.419,2.2507579671144486
170,585,415,0.415,2.249656028151512
110,555,445,0.445,2.2506006103754044
172,586,414,0.414,2.2457846248447897
238,619,381,0.381,2.246923960328102
168,584,416,0.416,2.24893461561203
134,567,433,0.433,2.2471719816327096
164,582,418,0.418,2.246648513793945
214,607,393,0.393,2.243607563406229
134,567,433,0.433,2.2453958489894865
200,600,400,0.4,2.2472682542800904
198,599,401,0.401,2.244932671070099
104,552,448,0.448,2.2442854919433595
180,590,410,0.41,2.2422468552589416
200,600,400,0.4,2.2405175726413726
136,568,432,0.432,2.2423115071058275
178,589,411,0.411,2.2384150439500807
160,580,420,0.42,2.242547042965889
146,573,427,0.427,2.24389937710762
196,598,402,0.402,2.239552508831024
146,573,427,0.427,2.243806582450867
124,562,438,0.438,2.241658409357071
150,575,425,0.425,2.237716854274273
154,577,423,0.423,2.2405429908037187
226,613,387,0.387,2.238314153432846
146,573,427,0.427,2.2393034468591213
172,586,414,0.414,2.237563251495361
140,570,430,0.43,2.2383577685654164
220,610,390,0.39,2.235831162214279
142,571,429,0.429,2.2339461666345595
182,591,409,0.409,2.233148185633872
212,606,394,0.394,2.2295865003824873
220,610,390,0.39,2.2329497953653337
156,578,422,0.422,2.2330617985725403
152,576,424,0.424,2.226917433825867
198,599,401,0.401,2.230817688703537
200,600,400,0.4,2.226035586953163
174,587,413,0.413,2.227265989780426
158,579,421,0.421,2.227992270886898
164,582,418,0.418,2.2326693713665007
264,632,368,0.368,2.225186864078045
144,572,428,0.428,2.229614416360855
264,632,368,0.368,2.2224154415130615
152,576,424,0.424,2.2260858265161514
172,586,414,0.414,2.2262868745326996
162,581,419,0.419,2.2246246754527093
184,592,408,0.408,2.2253980753421785
168,584,416,0.416,2.226881276369095
194,597,403,0.403,2.22410213637352
200,600,400,0.4,2.2188536232709883
196,598,402,0.402,2.2188165843486787
230,615,385,0.385,2.2199117329120637
210,605,395,0.395,2.2174115894436834
170,585,415,0.415,2.2213599112033844
170,585,415,0.415,2.2222250952720644
210,605,395,0.395,2.2184095673561095
166,583,417,0.417,2.2184795089960097
232,616,384,0.384,2.2156038113832475
188,594,406,0.406,2.2153186823129656
190,595,405,0.405,2.2173960860967634
196,598,402,0.402,2.215428595662117
202,601,399,0.399,2.2118564237300307
202,601,399,0.399,2.210716230273247
224,612,388,0.388,2.212967613339424
166,583,417,0.417,2.2154475796222686
192,596,404,0.404,2.2106984895169735
178,589,411,0.411,2.215359405875206
158,579,421,0.421,2.2052152943611145
216,608,392,0.392,2.2146373974084854
200,600,400,0.4,2.212213037967682
194,597,403,0.403,2.2057797256708147
262,631,369,0.369,2.203313982963562
226,613,387,0.387,2.1995943058729175
266,633,367,0.367,2.2050938730239866
230,615,385,0.385,2.20347108656168
208,604,396,0.396,2.2061161823272704
236,618,382,0.382,2.198785302054137
216,608,392,0.392,2.203663436293602
218,609,391,0.391,2.202360747098923
242,621,379,0.379,2.1987636045217513
216,608,392,0.392,2.1986276686142663
228,614,386,0.386,2.194597329854965
212,606,394,0.394,2.1988395025730134
252,626,374,0.374,2.1952978093624114
250,625,375,0.375,2.191988437950611
250,625,375,0.375,2.189301779150963
214,607,393,0.393,2.19178574693203
232,616,384,0.384,2.186391519159079
242,621,379,0.379,2.1918302403092382
220,610,390,0.39,2.190841928243637
254,627,373,0.373,2.1883802000284196
210,605,395,0.395,2.186624471902847
232,616,384,0.384,2.1882171085476876
208,604,396,0.396,2.1886069717407226
282,641,359,0.359,2.1843264608383177
210,605,395,0.395,2.1829875605106355
208,604,396,0.396,2.1835685027837752
190,595,405,0.405,2.1877308829426765
242,621,379,0.379,2.182243705034256
160,580,420,0.42,2.1865236407518385
266,633,367,0.367,2.1713191137313843
188,594,406,0.406,2.1774751204252243
258,629,371,0.371,2.1735993416830897
198,599,401,0.401,2.1751048834323883
196,598,402,0.402,2.1795166705846785
244,622,378,0.378,2.1787212718725204
208,604,396,0.396,2.172172995585948
202,601,399,0.399,2.1670058447122575
226,613,387,0.387,2.1724526528120043
222,611,389,0.389,2.1662552473545076
208,604,396,0.396,2.171613314807415
238,619,381,0.381,2.168617907166481
254,627,373,0.373,2.1556864761412142
250,625,375,0.375,2.170523800492287
292,646,354,0.354,2.1595653233528136
310,655,345,0.345,2.1630239703655243
256,628,372,0.372,2.15827754342556
302,651,349,0.349,2.154502611398697
216,608,392,0.392,2.1581034754514694
264,632,368,0.368,2.156881021618843
280,640,360,0.36,2.1471714757084848
266,633,367,0.367,2.147661875963211
236,618,382,0.382,2.1505947417020796
278,639,361,0.361,2.147184268116951
260,630,370,0.37,2.1457536566257476
214,607,393,0.393,2.149372015595436
272,636,364,0.364,2.1480917645692825
306,653,347,0.347,2.1478733838796615
296,648,352,0.352,2.1371512222886087
314,657,343,0.343,2.139236350953579
246,623,377,0.377,2.1388367482423782
202,601,399,0.399,2.1397294532060624
312,656,344,0.344,2.1355749913454054
266,633,367,0.367,2.132246286511421
286,643,357,0.357,2.1243880128860475
218,609,391,0.391,2.1318145130872725
250,625,375,0.375,2.1321425794661044
218,609,391,0.391,2.130357063651085
192,596,404,0.404,2.1272373540401457
294,647,353,0.353,2.1240047650635243
254,627,373,0.373,2.1284119186401367
302,651,349,0.349,2.12098980653286
282,641,359,0.359,2.1222170149087907
310,655,345,0.345,2.1193878977298737
270,635,365,0.365,2.122546726644039
260,630,370,0.37,2.114601983308792
258,629,371,0.371,2.116321977853775
260,630,370,0.37,2.111404804468155
280,640,360,0.36,2.1077535057067873
296,648,352,0.352,2.1053133257627485
336,668,332,0.332,2.103608387470245
292,646,354,0.354,2.1055340154767035
408,704,296,0.296,2.089503313302994
300,650,350,0.35,2.102703210353851
360,680,320,0.32,2.094511867105961
336,668,332,0.332,2.0899746485948563
272,636,364,0.364,2.08770132291317
284,642,358,0.358,2.0842834726572037
242,621,379,0.379,2.094021211385727
324,662,338,0.338,2.0843262995481493
306,653,347,0.347,2.080255130112171
332,666,334,0.334,2.075920643925667
332,666,334,0.334,2.0794514275905294
206,603,397,0.397,2.0934637442827224
310,655,345,0.345,2.0718762370347976
340,670,330,0.33,2.0644017671123147
270,635,365,0.365,2.0742878897190096
292,646,354,0.354,2.0730760346651076
296,648,352,0.352,2.065252493739128
364,682,318,0.318,2.0663737790584564
344,672,328,0.328,2.051830794990063
348,674,326,0.326,2.058996336802142
282,641,359,0.359,2.07283323097229
328,664,336,0.336,2.0618845137357713
266,633,367,0.367,2.0529768224954603
364,682,318,0.318,2.04716527402401
266,633,367,0.367,2.0563706266880035
326,663,337,0.337,2.0432252197265623
288,644,356,0.356,2.0435669538378716
336,668,332,0.332,2.0371449198722837
308,654,346,0.346,2.0428578025102615
338,669,331,0.331,2.039339703321457
308,654,346,0.346,2.0368887372016906
352,676,324,0.324,2.036258432269096
302,651,349,0.349,2.04125541305542
362,681,319,0.319,2.034440959572792
304,652,348,0.348,2.022007589817047
332,666,334,0.334,2.0280069333314894
294,647,353,0.353,2.0348689314126966
306,653,347,0.347,2.021587534189224
270,635,365,0.365,2.034289220929146
368,684,316,0.316,2.013555598735809
358,679,321,0.321,2.013103656768799
324,662,338,0.338,2.0142738108634948
330,665,335,0.335,2.0156587573289872
300,650,350,0.35,2.006272040784359
332,666,334,0.334,2.0058220714330672
342,671,329,0.329,1.9956055209636687
346,673,327,0.327,2.0065035381623275
316,658,342,0.342,2.00638436383009
352,676,324,0.324,1.998067233800888
338,669,331,0.331,1.9924677067399026
356,678,322,0.322,1.9909396787881852
388,694,306,0.306,1.9846878936290742
358,679,321,0.321,1.991647447526455
410,705,295,0.295,1.97384383392334
402,701,299,0.299,1.9704322836399077
332,666,334,0.334,1.9871977475881577
394,697,303,0.303,1.9665430411100389
414,707,293,0.293,1.9521512281894684
418,709,291,0.291,1.9468259041309357
308,654,346,0.346,1.9761936343312263
394,697,303,0.303,1.950584132194519
298,649,351,0.351,1.964112939953804
432,716,284,0.284,1.9418945156335832
398,699,301,0.301,1.9587919112443923
454,727,273,0.273,1.94113689661026
400,700,300,0.3,1.9461565323472023
366,683,317,0.317,1.9393045085668563
346,673,327,0.327,1.9582320393919945
454,727,273,0.273,1.9353092814683914
424,712,288,0.288,1.928893865602171
410,705,295,0.295,1.928389355301857
356,678,322,0.322,1.927070401906967
416,708,292,0.292,1.910145767211914
374,687,313,0.313,1.9134207404851913
390,695,305,0.305,1.9066344618797302
380,690,310,0.31,1.9157885620594024
434,717,283,0.283,1.9097130229473114
370,685,315,0.315,1.916630364894867
362,681,319,0.319,1.8927968666553496
344,672,328,0.328,1.9199854035377502
398,699,301,0.301,1.9008125675224146
382,691,309,0.309,1.8848772069215776
344,672,328,0.328,1.8945439345836639
406,703,297,0.297,1.894912607252598
412,706,294,0.294,1.8927725664377213
358,679,321,0.321,1.8806532549858093
376,688,312,0.312,1.8943054131269454
370,685,315,0.315,1.8919655287265777
402,701,299,0.299,1.8836398624181747
362,681,319,0.319,1.8754307488203048
366,683,317,0.317,1.8833045475482941
442,721,279,0.279,1.8473062641620637
428,714,286,0.286,1.8613856120109558
484,742,258,0.258,1.8469031287431716
452,726,274,0.274,1.8530560207366944
468,734,266,0.266,1.8488516503572463
412,706,294,0.294,1.8430719114542007
414,707,293,0.293,1.8459352337121964
470,735,265,0.265,1.8346359870433808
384,692,308,0.308,1.8524929823875427
410,705,295,0.295,1.8477156226634979
486,743,257,0.257,1.824700524330139
466,733,267,0.267,1.8341335462331771
442,721,279,0.279,1.8250859873294831
418,709,291,0.291,1.815163813352585
416,708,292,0.292,1.8153902364969254
390,695,305,0.305,1.8260682755708695
364,682,318,0.318,1.809956290245056
400,700,300,0.3,1.8202882732152939
478,739,261,0.261,1.8183555636405946
450,725,275,0.275,1.821033200621605
510,755,245,0.245,1.7845032662258018
516,758,242,0.242,1.7672317782640456
468,734,266,0.266,1.8021324041113258
458,729,271,0.271,1.797063269853592
482,741,259,0.259,1.7850849323272706
414,707,293,0.293,1.7880918811559676
484,742,258,0.258,1.7691505959033966
452,726,274,0.274,1.791685949921608
444,722,278,0.278,1.7730133096203209
412,706,294,0.294,1.7720665217638016
444,722,278,0.278,1.7882441217303275
476,738,262,0.262,1.7701744678020477
466,733,267,0.267,1.7607502808570863
526,763,237,0.237,1.7309464153051377
462,731,269,0.269,1.7647283735275268
414,707,293,0.293,1.772075275093317
498,749,251,0.251,1.7361015093326568
478,739,261,0.261,1.7423957750797272
408,704,296,0.296,1.7640821616649627
508,754,246,0.246,1.7591527062654495
484,742,258,0.258,1.7284250238668173
474,737,263,0.263,1.7441484278440476
420,710,290,0.29,1.7424248416423798
494,747,253,0.253,1.7151340280771254
458,729,271,0.271,1.750161732852459
512,756,244,0.244,1.715810310602188
478,739,261,0.261,1.7323039011359216
460,730,270,0.27,1.7378596450090409
514,757,243,0.243,1.7002522042989732
548,774,226,0.226,1.686385594546795
432,716,284,0.284,1.7442640464305879
530,765,235,0.235,1.6993139690160752
564,782,218,0.218,1.7101571572721004
506,753,247,0.247,1.7048733583688735
518,759,241,0.241,1.674885905623436
522,761,239,0.239,1.6846858937740326
516,758,242,0.242,1.6830297085046768
438,719,281,0.281,1.7063904087543487
520,760,240,0.24,1.6766107458472252
452,726,274,0.274,1.6793957347869872
494,747,253,0.253,1.687110867381096
526,763,237,0.237,1.6736284638643264
428,714,286,0.286,1.668371653497219
476,738,262,0.262,1.6586492413282394
536,768,232,0.232,1.673049248099327
538,769,231,0.231,1.6340210423469543
532,766,234,0.234,1.6469619185924531
522,761,239,0.239,1.6529559351205825
542,771,229,0.229,1.664098734140396
522,761,239,0.239,1.6317947265915573
470,735,265,0.265,1.665803612854459
532,766,234,0.234,1.647207243323326
430,715,285,0.285,1.668830049276352
496,748,252,0.252,1.6564057855606078
498,749,251,0.251,1.6419185653924941
500,750,250,0.25,1.6230456921458245
550,775,225,0.225,1.622493278324604
516,758,242,0.242,1.6091681703329086
498,749,251,0.251,1.6320821940898895
536,768,232,0.232,1.6360547616481782
550,775,225,0.225,1.5960837060809134
530,765,235,0.235,1.6388421700000764
552,776,224,0.224,1.6222976644039153
550,775,225,0.225,1.6214159914255142
522,761,239,0.239,1.625660729944706
476,738,262,0.262,1.626870795249939
502,751,249,0.249,1.6341039725542068
472,736,264,0.264,1.609473143696785
520,760,240,0.24,1.6202093409299851
528,764,236,0.236,1.5857141768932344
496,748,252,0.252,1.601932058006525
502,751,249,0.249,1.6246701576709748
534,767,233,0.233,1.59352381169796
546,773,227,0.227,1.6288376444280148
546,773,227,0.227,1.5905120154619217
572,786,214,0.214,1.5843236738443374
530,765,235,0.235,1.601481587871909
554,777,223,0.223,1.5767823258638383
522,761,239,0.239,1.5837419335842133
568,784,216,0.216,1.5798253849744797
538,769,231,0.231,1.589877506196499
554,777,223,0.223,1.5792077569961547
546,773,227,0.227,1.572425503015518
558,779,221,0.221,1.5426833879947663
572,786,214,0.214,1.562111577451229
546,773,227,0.227,1.5662700223326682
462,731,269,0.269,1.5889934001863002
494,747,253,0.253,1.577543892264366
580,790,210,0.21,1.536583771646023
480,740,260,0.26,1.568220443725586
578,789,211,0.211,1.5488219223618507
528,764,236,0.236,1.5325530691742897
568,784,216,0.216,1.550093972146511
520,760,240,0.24,1.5657754926681517
526,763,237,0.237,1.5576539311408997
586,793,207,0.207,1.5320701714754104
526,763,237,0.237,1.5487000564336777
614,807,193,0.193,1.4980803767355966
534,767,233,0.233,1.522838702082634
594,797,203,0.203,1.5344412531852722
578,789,211,0.211,1.515662447810173
576,788,212,0.212,1.524280772805214
578,789,211,0.211,1.5027092697620392
604,802,198,0.198,1.5041647868081054
570,785,215,0.215,1.5359037973880767
594,797,203,0.203,1.5137092547534194
544,772,228,0.228,1.5165715389251708
532,766,234,0.234,1.520353532552719
606,803,197,0.197,1.4941060783863067
524,762,238,0.238,1.5164430255889894
618,809,191,0.191,1.5001104323863983
556,778,222,0.222,1.4996269463300704
540,770,230,0.23,1.5283893072903156
612,806,194,0.194,1.4961614731457085
606,803,197,0.197,1.5018026812076568
606,803,197,0.197,1.4941916764974594
560,780,220,0.22,1.535869218826294
592,796,204,0.204,1.474136378735304
594,797,203,0.203,1.498724550485611
590,795,205,0.205,1.4651642034053802
470,735,265,0.265,1.5043305989503861
558,779,221,0.221,1.502440451979637
530,765,235,0.235,1.5064556807875633
542,771,229,0.229,1.496709749341011
572,786,214,0.214,1.4660351070165634
640,820,180,0.18,1.4675666538476944
614,807,193,0.193,1.4608728940093425
562,781,219,0.219,1.4785237665176392
514,757,243,0.243,1.47294224691391
638,819,181,0.181,1.4635182064771652
560,780,220,0.22,1.4546008362174034
626,813,187,0.187,1.4453896099328996
576,788,212,0.212,1.4512375037670135
478,739,261,0.261,1.475581507205963
522,761,239,0.239,1.462313892543316
562,781,219,0.219,1.4448220226168633
598,799,201,0.201,1.460335486292839
612,806,194,0.194,1.4211246519088745
560,780,220,0.22,1.4709572650790215
582,791,209,0.209,1.4329113552570343
640,820,180,0.18,1.4310590544939041
556,778,222,0.222,1.4434489421844483
540,770,230,0.23,1.4433990557193757
586,793,207,0.207,1.4448772614002228
572,786,214,0.214,1.4618852280378343
564,782,218,0.218,1.4394307370781898
592,796,204,0.204,1.4252141498327255
572,786,214,0.214,1.4597206819653512
632,816,184,0.184,1.4298918492794037
602,801,199,0.199,1.4239580726623535
610,805,195,0.195,1.4218037602901459
620,810,190,0.19,1.4219163913950323
570,785,215,0.215,1.4296198853254318
574,787,213,0.213,1.4461703052930535
588,794,206,0.206,1.427391771942377
662,831,169,0.169,1.404124047279358
628,814,186,0.186,1.427249593794346
568,784,216,0.216,1.4217553898096085
632,816,184,0.184,1.4080883005857467
610,805,195,0.195,1.4353796529769898
546,773,227,0.227,1.432913014829159
522,761,239,0.239,1.4147945063114167
568,784,216,0.216,1.394476400701329
568,784,216,0.216,1.410853774368763
550,775,225,0.225,1.4128797677755356
566,783,217,0.217,1.425087135784328
594,797,203,0.203,1.404671372294426
584,792,208,0.208,1.4263487808406352
566,783,217,0.217,1.3972864933609963
558,779,221,0.221,1.4042701565027238
590,795,205,0.205,1.4204235510230065
624,812,188,0.188,1.3874167516231537
588,794,206,0.206,1.4185518724918365
608,804,196,0.196,1.4002447877526283
588,794,206,0.206,1.4236974076628686
540,770,230,0.23,1.4005969295501708
538,769,231,0.231,1.3964888688325883
630,815,185,0.185,1.3711636334657669
576,788,212,0.212,1.4155297619104386
642,821,179,0.179,1.3719323891401292
644,822,178,0.178,1.3848323580026627
570,785,215,0.215,1.4040856905579566
640,820,180,0.18,1.3981098369956018
592,796,204,0.204,1.3996123896241188
596,798,202,0.202,1.4078309503793716
562,781,219,0.219,1.401011323750019
614,807,193,0.193,1.3749640075862408
644,822,178,0.178,1.38064584505558
622,811,189,0.189,1.3839524099379779
622,811,189,0.189,1.3404432457089424
662,831,169,0.169,1.3543401001691817
604,802,198,0.198,1.3982371801137925
666,833,167,0.167,1.3707357804786224
668,834,166,0.166,1.3651922442317008
582,791,209,0.209,1.4153097668994743
580,790,210,0.21,1.3720364176034927
628,814,186,0.186,1.3669002869725226
574,787,213,0.213,1.3883835086226464
594,797,203,0.203,1.3871302085518837
632,816,184,0.184,1.3714649043083191
568,784,216,0.216,1.4003130739927292
620,810,190,0.19,1.3681545065641403
586,793,207,0.207,1.3783504353761673
628,814,186,0.186,1.373166365981102
606,803,197,0.197,1.3830379452109336
646,823,177,0.177,1.3507859813645482
584,792,208,0.208,1.3847300656437873
644,822,178,0.178,1.363872684776783
674,837,163,0.163,1.3562143278867007
654,827,173,0.173,1.349436714425101
578,789,211,0.211,1.3752379837930202
544,772,228,0.228,1.3655724281072616
602,801,199,0.199,1.367650616466999
590,795,205,0.205,1.3544978200793267
640,820,180,0.18,1.373467940032482
640,820,180,0.18,1.3455813055038452
588,794,206,0.206,1.352165239930153
664,832,168,0.168,1.3401017466783522
644,822,178,0.178,1.352941840648651
592,796,204,0.204,1.3712538818120956
576,788,212,0.212,1.341096149623394
576,788,212,0.212,1.3663588379449922
610,805,195,0.195,1.3328788006678223
636,818,182,0.182,1.3364883572421968
644,822,178,0.178,1.357081863760948
612,806,194,0.194,1.361912100672722
688,844,156,0.156,1.3158412472084164
642,821,179,0.179,1.3364339915513992
590,795,205,0.205,1.3719342410303652
624,812,188,0.188,1.3630713676810264
620,810,190,0.19,1.349875732794404
648,824,176,0.176,1.3328716805577279
586,793,207,0.207,1.372053125604987
698,849,151,0.151,1.3172377236485482
602,801,199,0.199,1.3454285504817962
582,791,209,0.209,1.3465098628997803
624,812,188,0.188,1.339300830245018
596,798,202,0.202,1.326253764282912
618,809,191,0.191,1.3370302579616895
598,799,201,0.201,1.3226311129592359
626,813,187,0.187,1.3231550130844116
628,814,186,0.186,1.3240343628525735
660,830,170,0.17,1.3319646420130367
600,800,200,0.2,1.3280495561249555
648,824,176,0.176,1.3324058703742732
600,800,200,0.2,1.323231379508972
658,829,171,0.171,1.3493114461302758
578,789,211,0.211,1.355941386282444
634,817,183,0.183,1.322977198600769
674,837,163,0.163,1.2929568059444427
610,805,195,0.195,1.3184178925156593
680,840,160,0.16,1.3043062801361085
544,772,228,0.228,1.3386384724330274
654,827,173,0.173,1.3191549006700516
632,816,184,0.184,1.3228208745121957
566,783,217,0.217,1.335967605113983
670,835,165,0.165,1.303088096320629
590,795,205,0.205,1.3092449836730957
576,788,212,0.212,1.308359329879284
630,815,185,0.185,1.3315557686686517
616,808,192,0.192,1.3055394678749144
614,807,193,0.193,1.3304231090545655
702,851,149,0.149,1.2921399954571389
594,797,203,0.203,1.3353489385843278
588,794,206,0.206,1.3307679661512375
596,798,202,0.202,1.313283859282732
650,825,175,0.175,1.3159644927978515
620,810,190,0.19,1.3275797842741013
658,829,171,0.171,1.312099158704281
658,829,171,0.171,1.2947340403795242
610,805,195,0.195,1.3106509653627874
640,820,180,0.18,1.3469939566254616
630,815,185,0.185,1.3063610503673553
698,849,151,0.151,1.301951602369547
604,802,198,0.198,1.316968450665474
680,840,160,0.16,1.2917915821075439
626,813,187,0.187,1.2852322623440995
672,836,164,0.164,1.2804839555174112
620,810,190,0.19,1.3115043672919273
616,808,192,0.192,1.3030616457462312
666,833,167,0.167,1.2802008025050162
596,798,202,0.202,1.296835408816114
660,830,170,0.17,1.2888534675836563
608,804,196,0.196,1.3123208929747343
678,839,161,0.161,1.2924003509283066
624,812,188,0.188,1.294407945472747
664,832,168,0.168,1.2971385593861342
644,822,178,0.178,1.2926322762072087
626,813,187,0.187,1.286669766485691
620,810,190,0.19,1.2778650665059685
650,825,175,0.175,1.3152295257151128
650,825,175,0.175,1.2965147802233696
668,834,166,0.166,1.2961373376846312
584,792,208,0.208,1.3063641855716706
656,828,172,0.172,1.2895177978277206
642,821,179,0.179,1.2927036105394363
702,851,149,0.149,1.2660686687231064
594,797,203,0.203,1.3238950386098587
678,839,161,0.161,1.2706851976290106
596,798,202,0.202,1.2784421442449092
670,835,165,0.165,1.3001864078044891
634,817,183,0.183,1.2814118601679803
644,822,178,0.178,1.2657013589739798
626,813,187,0.187,1.284898626925779
622,811,189,0.189,1.2858283393383025
650,825,175,0.175,1.2744212632775307
558,779,221,0.221,1.2974330115914345
676,838,162,0.162,1.2697827306985856
630,815,185,0.185,1.2833081923127174
620,810,190,0.19,1.283140562477056
642,821,179,0.179,1.2906469336748123
606,803,197,0.197,1.3031759853363036
642,821,179,0.179,1.2588833501935006
646,823,177,0.177,1.2960491342991591
702,851,149,0.149,1.2668324361145495
708,854,146,0.146,1.256773018979933
570,785,215,0.215,1.2843585250094476
664,832,168,0.168,1.271652388572693
656,828,172,0.172,1.2736662455499173
592,796,204,0.204,1.2802804713249207
622,811,189,0.189,1.2849130679368972
710,855,145,0.145,1.2797083933204412
698,849,151,0.151,1.249224185347557
684,842,158,0.158,1.25765752106905
588,794,206,0.206,1.3119729812218721
608,804,196,0.196,1.2953022683858872
624,812,188,0.188,1.2662043835669756
582,791,209,0.209,1.306292617201805
616,808,192,0.192,1.3036716951727867
646,823,177,0.177,1.2750265083312988
626,813,187,0.187,1.2646723047494888
590,795,205,0.205,1.307766947388649
636,818,182,0.182,1.273420480132103
708,854,146,0.146,1.2390314620062708
628,814,186,0.186,1.2675906816124916
620,810,190,0.19,1.276590118587017
684,842,158,0.158,1.24776100897789
688,844,156,0.156,1.2764506180882453
686,843,157,0.157,1.242182982981205
626,813,187,0.187,1.2821455343365669
668,834,166,0.166,1.261931144118309
678,839,161,0.161,1.2694833211302756
692,846,154,0.154,1.2390312209129333
578,789,211,0.211,1.2795189341902733
652,826,174,0.174,1.269450132727623
650,825,175,0.175,1.2627489249110222
658,829,171,0.171,1.31140267175436
710,855,145,0.145,1.2614348073601722
678,839,161,0.161,1.2695355828404427
600,800,200,0.2,1.271997357606888
622,811,189,0.189,1.2754107944369315
608,804,196,0.196,1.2778218649029731
708,854,146,0.146,1.2546942582130431
602,801,199,0.199,1.274426321208477
692,846,154,0.154,1.2648544923067093
550,775,225,0.225,1.3001066220402717
618,809,191,0.191,1.2764899635910987
614,807,193,0.193,1.2670705069303512
600,800,200,0.2,1.2718563883304597
572,786,214,0.214,1.2959011206030846
600,800,200,0.2,1.2779142856001855
598,799,201,0.201,1.2888276635408402
616,808,192,0.192,1.2828297853469848
634,817,183,0.183,1.2702029233574867
678,839,161,0.161,1.252215079665184
616,808,192,0.192,1.2571225992441177
678,839,161,0.161,1.2640852564573288
648,824,176,0.176,1.2375553426858883
638,819,181,0.181,1.2439494570158423
598,799,201,0.201,1.276737619433552
684,842,158,0.158,1.2401300199478864
608,804,196,0.196,1.284293592095375
666,833,167,0.167,1.2468685959577561
648,824,176,0.176,1.2593005457371473
622,811,189,0.189,1.2691894645690918
662,831,169,0.169,1.255058944761753
690,845,155,0.155,1.2459424167275428
624,812,188,0.188,1.2897736007869243
652,826,174,0.174,1.2498151537775994
644,822,178,0.178,1.258165622525016
600,800,200,0.2,1.2884393886327743
620,810,190,0.19,1.2650435972213745
692,846,154,0.154,1.2765854364037514
690,845,155,0.155,1.2556869253516196
662,831,169,0.169,1.2274310479164123
654,827,173,0.173,1.2781470694541932
648,824,176,0.176,1.2505874456763268
656,828,172,0.172,1.2542321464419366
692,846,154,0.154,1.2360657232522718
578,789,211,0.211,1.2611483389139175
754,877,123,0.123,1.2239803081804856
654,827,173,0.173,1.2562127416729927
674,837,163,0.163,1.233329749405384
604,802,198,0.198,1.2695443691015245
664,832,168,0.168,1.238557092848234
668,834,166,0.166,1.2235071250200271
704,852,148,0.148,1.2241885824203491
582,791,209,0.209,1.2676334006786347
650,825,175,0.175,1.2776829235553742
656,828,172,0.172,1.2452895635366439
616,808,192,0.192,1.2693456879854201
638,819,181,0.181,1.2686770818829536
658,829,171,0.171,1.2486076782941817
660,830,170,0.17,1.2232262272834777
658,829,171,0.171,1.2739096847772597
648,824,176,0.176,1.2578098250757903
640,820,180,0.18,1.251439511716366
576,788,212,0.212,1.267104654610157
634,817,183,0.183,1.2313369691371918
694,847,153,0.153,1.2178948931694031
628,814,186,0.186,1.24969804251194
608,804,196,0.196,1.2494800825715064
636,818,182,0.182,1.2782006799448282
686,843,157,0.157,1.2249061111211776
648,824,176,0.176,1.2308048553466797
692,846,154,0.154,1.226667763531208
714,857,143,0.143,1.2027642141580581
652,826,174,0.174,1.2390562185645104
658,829,171,0.171,1.2374733040332795
618,809,191,0.191,1.272537018418312
644,822,178,0.178,1.2303075103163719
636,818,182,0.182,1.2437930062264204
624,812,188,0.188,1.244189754050225
662,831,169,0.169,1.2317303201258183
628,814,186,0.186,1.2271150403618813
674,837,163,0.163,1.234149957895279
692,846,154,0.154,1.23357590085268
660,830,170,0.17,1.2303362453281879
586,793,207,0.207,1.2421021234989167
632,816,184,0.184,1.2312787814736366
716,858,142,0.142,1.205073707640171
732,866,134,0.134,1.1998038163632154
684,842,158,0.158,1.228042474925518
682,841,159,0.159,1.22308731970191
642,821,179,0.179,1.2400656866831705
652,826,174,0.174,1.2431524292826652
706,853,147,0.147,1.202878844022751
710,855,145,0.145,1.2215755419433116
624,812,188,0.188,1.2571675269603728
640,820,180,0.18,1.2214301298856736
760,880,120,0.12,1.1994695291519164
676,838,162,0.162,1.2280008102059363
714,857,143,0.143,1.2046723216176034
684,842,158,0.158,1.2479455781430007
632,816,184,0.184,1.2482452843934297
676,838,162,0.162,1.2257413843870162
620,810,190,0.19,1.2362866914495825
622,811,189,0.189,1.2373416012525558
632,816,184,0.184,1.2131871495842934
602,801,199,0.199,1.225065652102232
612,806,194,0.194,1.274969777405262
686,843,157,0.157,1.192050672531128
712,856,144,0.144,1.2108479308485984
644,822,178,0.178,1.230766144280322
606,803,197,0.197,1.2451903563141822
680,840,160,0.16,1.224654168844223
620,810,190,0.19,1.247628792643547
688,844,156,0.156,1.1999168121814727
684,842,158,0.158,1.2234636527914553
686,843,157,0.157,1.2095500500215481
598,799,201,0.201,1.257725809454918
680,840,160,0.16,1.210917831659317
676,838,162,0.162,1.2170621073246002
660,830,170,0.17,1.2356346884965896
670,835,165,0.165,1.20947745873034
614,807,193,0.193,1.228348766386509
686,843,157,0.157,1.2168570142239332
646,823,177,0.177,1.2164683321528136
696,848,152,0.152,1.2001749304533005
684,842,158,0.158,1.1828724943595008
632,816,184,0.184,1.2346726193279027
640,820,180,0.18,1.2054528930187225
648,824,176,0.176,1.2251262701153756
598,799,201,0.201,1.2261336207985878
622,811,189,0.189,1.2349419424235821
602,801,199,0.199,1.2406183856129647
682,841,159,0.159,1.2153435712605716
686,843,157,0.157,1.2139481479525567
644,822,178,0.178,1.2196441432237626
628,814,186,0.186,1.2270035734772682
680,840,160,0.16,1.2187551597822457
646,823,177,0.177,1.2161675608158111
678,839,161,0.161,1.2090555461645127
708,854,146,0.146,1.2102928135991096
656,828,172,0.172,1.1965307430624963
634,817,183,0.183,1.2548105902671813
612,806,194,0.194,1.2395131897628306
686,843,157,0.157,1.2091216355115175
674,837,163,0.163,1.2080960261821747
646,823,177,0.177,1.2323196044564246
660,830,170,0.17,1.2006473349928857
656,828,172,0.172,1.2179663830399514
710,855,145,0.145,1.2067086265087128
708,854,146,0.146,1.1780733639597893
662,831,169,0.169,1.1936737537384032
658,829,171,0.171,1.199836869597435
642,821,179,0.179,1.1971096783429385
612,806,194,0.194,1.2264840906858445
606,803,197,0.197,1.2397015319764615
648,824,176,0.176,1.2015714941620828
666,833,167,0.167,1.2027020450234414
708,854,146,0.146,1.183316192150116
712,856,144,0.144,1.1869735938310624
628,814,186,0.186,1.1653171126246453
686,843,157,0.157,1.1911401267200707
700,850,150,0.15,1.182653746008873
564,782,218,0.218,1.215265459626913
652,826,174,0.174,1.1806033684844006
622,811,189,0.189,1.2248515591621398
728,864,136,0.136,1.1769612227678299
664,832,168,0.168,1.1900881277110893
654,827,173,0.173,1.1869879352748394
678,839,161,0.161,1.1774755201935767
660,830,170,0.17,1.2061319622397422
664,832,168,0.168,1.165161990404129
638,819,181,0.181,1.1906796924471854
702,851,149,0.149,1.1687153045013547
640,820,180,0.18,1.2163346856832504
714,857,143,0.143,1.1840684930086136
642,821,179,0.179,1.2004573476910592
686,843,157,0.157,1.1774721482396127
666,833,167,0.167,1.1545854768157005
690,845,155,0.155,1.1870490746498108
606,803,197,0.197,1.180920310974121
692,846,154,0.154,1.1906711725592614
658,829,171,0.171,1.2126226278543473
692,846,154,0.154,1.176167476773262
614,807,193,0.193,1.1977939971089364
664,832,168,0.168,1.2011813077926636
666,833,167,0.167,1.2066031614653767
658,829,171,0.171,1.2024242869350532
624,812,188,0.188,1.1968445050010341
662,831,169,0.169,1.1808664777874947
656,828,172,0.172,1.1775795188897027
626,813,187,0.187,1.2082631020843984
656,828,172,0.172,1.196167564868927
646,823,177,0.177,1.1840315563472104
638,819,181,0.181,1.1852227013707162
652,826,174,0.174,1.1679044784903527
726,863,137,0.137,1.1470909422039985
634,817,183,0.183,1.1572583770155906
666,833,167,0.167,1.1998090404570103
654,827,173,0.173,1.17213861566782
606,803,197,0.197,1.2077837712466717
768,884,116,0.116,1.1430650828182698
630,815,185,0.185,1.1849901991486549
696,848,152,0.152,1.1828868100643157
644,822,178,0.178,1.1907223202511668
650,825,175,0.175,1.1842690559029578
654,827,173,0.173,1.1669815912246704
670,835,165,0.165,1.1741828338942033
696,848,152,0.152,1.1697918862104415
630,815,185,0.185,1.2005416622757912
712,856,144,0.144,1.1844171848297118
706,853,147,0.147,1.167554291188717
704,852,148,0.148,1.1563086245059968
582,791,209,0.209,1.226487726688385
720,860,140,0.14,1.1731740728616715
598,799,201,0.201,1.1792218134999275
634,817,183,0.183,1.2146162142157555
710,855,145,0.145,1.155998832464218
686,843,157,0.157,1.1644176101004704
710,855,145,0.145,1.1687143752868288
700,850,150,0.15,1.1680892395377158
682,841,159,0.159,1.1775123821347953
640,820,180,0.18,1.1709920677244663
644,822,178,0.178,1.1662449187636375
678,839,161,0.161,1.1693597900271415
610,805,195,0.195,1.1816282457113265
740,870,130,0.13,1.1741003779172898
708,854,146,0.146,1.1591203917562962
702,851,149,0.149,1.1775648798942566
704,852,148,0.148,1.1807518808245658
718,859,141,0.141,1.158236162512796
726,863,137,0.137,1.1396641601622104
722,861,139,0.139,1.1614198604112025
704,852,148,0.148,1.1434300090670586
654,827,173,0.173,1.1943143174648285
588,794,206,0.206,1.1838714415058493
678,839,161,0.161,1.1847871836276924
632,816,184,0.184,1.155424350879155
666,833,167,0.167,1.1666692517995834
672,836,164,0.164,1.1910956174135208
636,818,182,0.182,1.1709993409514428
668,834,166,0.166,1.1669468194842338
666,833,167,0.167,1.1575555324475282
696,848,152,0.152,1.1408914461135864
658,829,171,0.171,1.1859142048358917
684,842,158,0.158,1.169446094887331
640,820,180,0.18,1.1735814892984926
736,868,132,0.132,1.165401637017727
710,855,145,0.145,1.1411842436790467
718,859,141,0.141,1.1452720853090286
626,813,187,0.187,1.164605785369873
680,840,160,0.16,1.1468276128768922
644,822,178,0.178,1.166725594036281
698,849,151,0.151,1.148047163259238
670,835,165,0.165,1.1613849308490753
638,819,181,0.181,1.15190816244483
710,855,145,0.145,1.1386272140145302
660,830,170,0.17,1.1627450625896454
660,830,170,0.17,1.154778394341469
604,802,198,0.198,1.1951143117249012
716,858,142,0.142,1.1338051616474987
658,829,171,0.171,1.1608682680130005
582,791,209,0.209,1.1828479958176612
712,856,144,0.144,1.1653884807694703
766,883,117,0.117,1.1222094867825507
592,796,204,0.204,1.165233444094658
704,852,148,0.148,1.154645281843972
740,870,130,0.13,1.1549311463236809
684,842,158,0.158,1.1625284343361855
716,858,142,0.142,1.14969582888484
658,829,171,0.171,1.155471989452839
646,823,177,0.177,1.1664647134542465
682,841,159,0.159,1.1605068978965283
608,804,196,0.196,1.1434669537097215
652,826,174,0.174,1.1425490129590035
664,832,168,0.168,1.1443473923802376
624,812,188,0.188,1.1779360356330872
618,809,191,0.191,1.1873598471432925
648,824,176,0.176,1.1514684478640556
684,842,158,0.158,1.1630976726710796
638,819,181,0.181,1.179952166557312
708,854,146,0.146,1.1365274564027785
718,859,141,0.141,1.1332682155370712
662,831,169,0.169,1.1691914944946766
670,835,165,0.165,1.1688672118186951
640,820,180,0.18,1.169128200552659
690,845,155,0.155,1.14110956376791
652,826,174,0.174,1.1770028948616236
622,811,189,0.189,1.1495213468670844
752,876,124,0.124,1.1193789514899253
690,845,155,0.155,1.1257041667103767
642,821,179,0.179,1.1637164967656135
686,843,157,0.157,1.1527518176957965
682,841,159,0.159,1.1282663887117592
652,826,174,0.174,1.142751673221588
744,872,128,0.128,1.1062185164690017
678,839,161,0.161,1.1379535245448351
674,837,163,0.163,1.161738485455513
680,840,160,0.16,1.1178538132309914
686,843,157,0.157,1.1768896366357804
664,832,168,0.168,1.138816383600235
706,853,147,0.147,1.1315280708670616
704,852,148,0.148,1.1487038786411286
628,814,186,0.186,1.1638208472728728
638,819,181,0.181,1.1620546898245812
704,852,148,0.148,1.1405032700262965
666,833,167,0.167,1.169745710104704
642,821,179,0.179,1.1492506220340728
714,857,143,0.143,1.097798216700554
688,844,156,0.156,1.142459244698286
636,818,182,0.182,1.1290763660669327
708,854,146,0.146,1.1294416463077068
676,838,162,0.162,1.1435810724645854
740,870,130,0.13,1.12613419141344
604,802,198,0.198,1.1761839531380682
670,835,165,0.165,1.1351219519674778
654,827,173,0.173,1.144512264713645
740,870,130,0.13,1.1147206203341484
638,819,181,0.181,1.1392904440164566
658,829,171,0.171,1.1685410274686292
712,856,144,0.144,1.1294153579473496
662,831,169,0.169,1.1863260136591272
680,840,160,0.16,1.105701452612877
724,862,138,0.138,1.113524252653122
734,867,133,0.133,1.0916379432678223
692,846,154,0.154,1.1316303977370261
642,821,179,0.179,1.1609973670244218
654,827,173,0.173,1.1313465530835092
666,833,167,0.167,1.1327263722419738
672,836,164,0.164,1.1289110946655274
626,813,187,0.187,1.1542077243329998
712,856,144,0.144,1.1212655770629645
650,825,175,0.175,1.1349337096512317
710,855,145,0.145,1.0851771538406612
764,882,118,0.118,1.0958660854697226
704,852,148,0.148,1.1520119329690934
658,829,171,0.171,1.1581146643739193
676,838,162,0.162,1.1508551009297372
642,821,179,0.179,1.1377849124073982
702,851,149,0.149,1.1202794674932957
708,854,146,0.146,1.1098858587145806
664,832,168,0.168,1.1372800335288047
762,881,119,0.119,1.1043185181617736
598,799,201,0.201,1.178335936486721
706,853,147,0.147,1.1270040479898453
702,851,149,0.149,1.1136900394558906
692,846,154,0.154,1.115035806298256
624,812,188,0.188,1.127709544658661
680,840,160,0.16,1.1244125571250916
616,808,192,0.192,1.1395637263059617
672,836,164,0.164,1.1315569878220557
742,871,129,0.129,1.1538322482705117
716,858,142,0.142,1.1203247438669204
692,846,154,0.154,1.121972533226013
686,843,157,0.157,1.133323856711388
674,837,163,0.163,1.1188415126204492
680,840,160,0.16,1.1262456188201904
660,830,170,0.17,1.1195859827399255
640,820,180,0.18,1.132396747648716
652,826,174,0.174,1.1132658631801606
692,846,154,0.154,1.1217311897873878
728,864,136,0.136,1.1239303591400385
662,831,169,0.169,1.1354282859563827
704,852,148,0.148,1.1252719895243646
706,853,147,0.147,1.1138426744937897
652,826,174,0.174,1.1601076888144015
618,809,191,0.191,1.1521325586438178
690,845,155,0.155,1.1195419445801527
606,803,197,0.197,1.1073376712414191
654,827,173,0.173,1.1550939225554466
722,861,139,0.139,1.0964988966584206
696,848,152,0.152,1.1003722152113915
718,859,141,0.141,1.1069288225919007
666,833,167,0.167,1.106807464659214
632,816,184,0.184,1.1468742192983628
692,846,154,0.154,1.117090897023678
718,859,141,0.141,1.10564727550745
702,851,149,0.149,1.125961927190423
682,841,159,0.159,1.1179446962475776
736,868,132,0.132,1.0992626259922982
716,858,142,0.142,1.1369512240290642
652,826,174,0.174,1.1234591884016991
750,875,125,0.125,1.095805352240801
646,823,177,0.177,1.1547569723129272
624,812,188,0.188,1.1486554378047586
720,860,140,0.14,1.150317415356636
706,853,147,0.147,1.1046535301804543
654,827,173,0.173,1.1111895173788071
636,818,182,0.182,1.0922343484759331
708,854,146,0.146,1.0891461790534667
722,861,139,0.139,1.0660129215717316
758,879,121,0.121,1.0798570442795754
736,868,132,0.132,1.1155022933483123
592,796,204,0.204,1.1586479817032813
660,830,170,0.17,1.1006869774495136
730,865,135,0.135,1.0889550599455833
680,840,160,0.16,1.115483965098858
666,833,167,0.167,1.1272449297628773
696,848,152,0.152,1.0975484573096037
668,834,166,0.166,1.1221349136107601
748,874,126,0.126,1.057612726688385
718,859,141,0.141,1.116379208266735
748,874,126,0.126,1.1228531548380851
678,839,161,0.161,1.129677631314844
652,826,174,0.174,1.1000211594104767
638,819,181,0.181,1.1199196275211871
688,844,156,0.156,1.1158106642961503
720,860,140,0.14,1.079903834760189
654,827,173,0.173,1.114225947448518
670,835,165,0.165,1.1489397826355416
658,829,171,0.171,1.1212965652346611
722,861,139,0.139,1.098647801714625
644,822,178,0.178,1.1053804118037225
672,836,164,0.164,1.1003793237893316
700,850,150,0.15,1.0810522846791726
590,795,205,0.205,1.1274636114835739
730,865,135,0.135,1.111754521459341
694,847,153,0.153,1.1206938300728797
652,826,174,0.174,1.1159312484264374
694,847,153,0.153,1.0892507283091546
690,845,155,0.155,1.114712773680687
724,862,138,0.138,1.0848180898545452
714,857,143,0.143,1.1084218460321427
690,845,155,0.155,1.1261140592484442
680,840,160,0.16,1.099655274733901
682,841,159,0.159,1.1127750526666642
706,853,147,0.147,1.111125530950725
678,839,161,0.161,1.102706996679306
790,895,105,0.105,1.0748625898361206
688,844,156,0.156,1.1206288405656815
706,853,147,0.147,1.0774168865680696
684,842,158,0.158,1.0998269432783128
672,836,164,0.164,1.1187373741567135
710,855,145,0.145,1.1195448289513588
636,818,182,0.182,1.127117831528187
656,828,172,0.172,1.1116485797166824
646,823,177,0.177,1.1185566489100456
636,818,182,0.182,1.112564271118492
688,844,156,0.156,1.1218005895018577
714,857,143,0.143,1.0966663259267806
678,839,161,0.161,1.1028827666640282
656,828,172,0.172,1.1012269114255906
730,865,135,0.135,1.0906283019185066
710,855,145,0.145,1.1031984707713127
760,880,120,0.12,1.0744834473133087
686,843,157,0.157,1.1037766110002996
762,881,119,0.119,1.0672724834680558
764,882,118,0.118,1.0873282649228349
712,856,144,0.144,1.098922009379603
660,830,170,0.17,1.1259726678431035
668,834,166,0.166,1.1102583402991295
704,852,148,0.148,1.1121707547605038
738,869,131,0.131,1.0901542999744416
668,834,166,0.166,1.1070251520276069
702,851,149,0.149,1.0887248157858849
684,842,158,0.158,1.101887652158737
752,876,124,0.124,1.0759856260083616
696,848,152,0.152,1.0866063774228096
644,822,178,0.178,1.1092157615371347
672,836,164,0.164,1.0869150055497885
742,871,129,0.129,1.0950314049124719
746,873,127,0.127,1.0702609466910362
708,854,146,0.146,1.1069779958724975
678,839,161,0.161,1.10147373372793
666,833,167,0.167,1.0892158076167107
662,831,169,0.169,1.1054575406030671
716,858,142,0.142,1.0805895779132844
654,827,173,0.173,1.1147437289953233
726,863,137,0.137,1.093650959610939
644,822,178,0.178,1.11412902957201
632,816,184,0.184,1.120113756209612
710,855,145,0.145,1.0878224203437568
720,860,140,0.14,1.0851129068136216
664,832,168,0.168,1.101987625002861
734,867,133,0.133,1.063923728592694
692,846,154,0.154,1.117551285982132
758,879,121,0.121,1.061107072353363
742,871,129,0.129,1.0699327937364578
654,827,173,0.173,1.0982893226407469
676,838,162,0.162,1.0993995938897132
734,867,133,0.133,1.091847213923931
676,838,162,0.162,1.1053166282176972
682,841,159,0.159,1.1099359073638917
652,826,174,0.174,1.10215174968093
726,863,137,0.137,1.0848882712461054
718,859,141,0.141,1.079556205391884
686,843,157,0.157,1.103436790148029
646,823,177,0.177,1.1057794978618622
728,864,136,0.136,1.0734504766315223
668,834,166,0.166,1.0768292682617904
720,860,140,0.14,1.0937501513361931
718,859,141,0.141,1.1132689056396485
696,848,152,0.152,1.1042855259180069
682,841,159,0.159,1.0885427092313766
664,832,168,0.168,1.083585278585553
740,870,130,0.13,1.064043164074421
680,840,160,0.16,1.119223574757576
730,865,135,0.135,1.0853152289390564
714,857,143,0.143,1.079876116886735
728,864,136,0.136,1.0993941807746888
640,820,180,0.18,1.129454481005693
664,832,168,0.168,1.1075783306360245
638,819,181,0.181,1.1134141929149628
672,836,164,0.164,1.1108663407564163
718,859,141,0.141,1.0613003731200006
664,832,168,0.168,1.0852356836199761
628,814,186,0.186,1.0990739370658993
710,855,145,0.145,1.08115648239851
674,837,163,0.163,1.084988595187664
642,821,179,0.179,1.1212397281254294
762,881,119,0.119,1.0405114241540432
766,883,117,0.117,1.0619558218047023
626,813,187,0.187,1.1184290289590135
656,828,172,0.172,1.116125183045864
630,815,185,0.185,1.115998138487339
678,839,161,0.161,1.0802549950192915
714,857,143,0.143,1.0653121240139007
602,801,199,0.199,1.1232571533322335
738,869,131,0.131,1.0813711767159402
724,862,138,0.138,1.062499294097645
664,832,168,0.168,1.0924291475415229
702,851,149,0.149,1.0530813600420952
702,851,149,0.149,1.099311854660511
676,838,162,0.162,1.0677221685051919
680,840,160,0.16,1.0912175071239472
672,836,164,0.164,1.0934001158624886
734,867,133,0.133,1.0397796725630761
640,820,180,0.18,1.1069489339590073
684,842,158,0.158,1.0813407136201858
680,840,160,0.16,1.093027043926997
666,833,167,0.167,1.0717331172376872
682,841,159,0.159,1.089892138007097
672,836,164,0.164,1.077262752942741
648,824,176,0.176,1.0818324390053748
674,837,163,0.163,1.1049628264009952
658,829,171,0.171,1.1129491975009442
668,834,166,0.166,1.0915112369060516
730,865,135,0.135,1.0596713871359824
718,859,141,0.141,1.0827662230730057
672,836,164,0.164,1.0744599817842244
682,841,159,0.159,1.0918775955289601
732,866,134,0.134,1.081301184743643
592,796,204,0.204,1.0871236405968665
670,835,165,0.165,1.0669345673918724
686,843,157,0.157,1.0588343297839165
644,822,178,0.178,1.1012580326795578
674,837,163,0.163,1.0784053318947553
682,841,159,0.159,1.0849141358342023
666,833,167,0.167,1.0844091613590718
670,835,165,0.165,1.0779245363473893
696,848,152,0.152,1.0799283737540244
678,839,161,0.161,1.0994537012577057
658,829,171,0.171,1.0929322814643383
662,831,169,0.169,1.110052869617939
670,835,165,0.165,1.080880607843399
670,835,165,0.165,1.0948125311732293
674,837,163,0.163,1.0802483094334603
640,820,180,0.18,1.076434474825859
680,840,160,0.16,1.0902773424573242
688,844,156,0.156,1.0741246310253045
672,836,164,0.164,1.1196559857217945
696,848,152,0.152,1.0762174317240716
698,849,151,0.151,1.0783706628996879
690,845,155,0.155,1.0593458837866783
708,854,146,0.146,1.0790774978399276
676,838,162,0.162,1.0800650202333928
718,859,141,0.141,1.0773772314488888
642,821,179,0.179,1.084743881434202
690,845,155,0.155,1.0695916228890419
648,824,176,0.176,1.0746071124468
682,841,159,0.159,1.0917436442086692
654,827,173,0.173,1.1130989628247916
672,836,164,0.164,1.0777224747538567
738,869,131,0.131,1.046387274980545
654,827,173,0.173,1.1025268925344571
742,871,129,0.129,1.0542441571950913
696,848,152,0.152,1.073931698143482
652,826,174,0.174,1.1180309615135193
650,825,175,0.175,1.1074809923917055
620,810,190,0.19,1.123530013775453
628,814,186,0.186,1.1173062408939003
694,847,153,0.153,1.0773561627864838
640,820,180,0.18,1.10284293371439
670,835,165,0.165,1.1134506506919861
680,840,160,0.16,1.0877304796515963
700,850,150,0.15,1.0818193085193635
668,834,166,0.166,1.105242865383625
710,855,145,0.145,1.0751302320957183
706,853,147,0.147,1.079338821530342
722,861,139,0.139,1.084266471207142
654,827,173,0.173,1.0942094992399216
658,829,171,0.171,1.095486854618248
680,840,160,0.16,1.059484752058983
720,860,140,0.14,1.0616981976032258
706,853,147,0.147,1.0948622161746024
650,825,175,0.175,1.0880506025478245
612,806,194,0.194,1.1081884776949882
632,816,184,0.184,1.1244833308756352
700,850,150,0.15,1.0615613212585449
708,854,146,0.146,1.0920211666226387
732,866,134,0.134,1.0551923074277583
722,861,139,0.139,1.066219716846943
700,850,150,0.15,1.0787593622803688
654,827,173,0.173,1.091855850994587
712,856,144,0.144,1.0786405883729457
664,832,168,0.168,1.094770957738161
724,862,138,0.138,1.0636259068250655
644,822,178,0.178,1.092018564105034
750,875,125,0.125,1.059597959935665
702,851,149,0.149,1.0585913701355458
652,826,174,0.174,1.0910675557032228
634,817,183,0.183,1.08907302069664
636,818,182,0.182,1.1077517237216234
700,850,150,0.15,1.0702876151204108
728,864,136,0.136,1.0672059639006948
694,847,153,0.153,1.0963771131038667
726,863,137,0.137,1.0849422654509544
664,832,168,0.168,1.0923441758155823
654,827,173,0.173,1.0839666065275668
656,828,172,0.172,1.0844298573732376
690,845,155,0.155,1.0651042645573616
668,834,166,0.166,1.0993125954270362
678,839,161,0.161,1.0888180234581233
708,854,146,0.146,1.0535648190975189
718,859,141,0.141,1.0389124578237534
654,827,173,0.173,1.1008135822572804
684,842,158,0.158,1.0733607841730117
626,813,187,0.187,1.1327576887011528
642,821,179,0.179,1.0840975781679154
714,857,143,0.143,1.075481664299965
754,877,123,0.123,1.0611652292013167
682,841,159,0.159,1.0831216579675675
706,853,147,0.147,1.0540399131178857
728,864,136,0.136,1.0408429301977158
682,841,159,0.159,1.0753807529211044
676,838,162,0.162,1.077800203114748
690,845,155,0.155,1.093198487592861
684,842,158,0.158,1.0620948832035064
740,870,130,0.13,1.0454163619875907
758,879,121,0.121,1.0395193567276002
692,846,154,0.154,1.0378256093263627
722,861,139,0.139,1.0454994875788688
658,829,171,0.171,1.0663692879080773
670,835,165,0.165,1.0449068889757618
674,837,163,0.163,1.0819048323631286
684,842,158,0.158,1.0651230255365371
596,798,202,0.202,1.0903301410079003
696,848,152,0.152,1.0399814384579658
660,830,170,0.17,1.0987944499254227
686,843,157,0.157,1.066872353374958
660,830,170,0.17,1.0826010449658416
744,872,128,0.128,1.0478214579820633
646,823,177,0.177,1.083440903235341
682,841,159,0.159,1.0485430192947387
726,863,137,0.137,1.043646240413189
686,843,157,0.157,1.0682133215069771
724,862,138,0.138,1.0351038222014903
726,863,137,0.137,1.0859497226476669
690,845,155,0.155,1.0764883550405502
692,846,154,0.154,1.070220551893115
656,828,172,0.172,1.0706026209592818
698,849,151,0.151,1.0844743306934834
738,869,131,0.131,1.0314134495705367
770,885,115,0.115,1.0376903346031905
724,862,138,0.138,1.0569466958045959
696,848,152,0.152,1.0481283210515977
720,860,140,0.14,1.0309594447612762
706,853,147,0.147,1.067927888361908
734,867,133,0.133,1.0480807011909783
718,859,141,0.141,1.04870093652606
646,823,177,0.177,1.057611800417304
650,825,175,0.175,1.0727291684262454
742,871,129,0.129,1.0269586892724036
658,829,171,0.171,1.0693069316446782
642,821,179,0.179,1.0912157769799233
624,812,188,0.188,1.0704077595472337
652,826,174,0.174,1.1028201299160718
688,844,156,0.156,1.0537334399819374
698,849,151,0.151,1.0451240548554341
700,850,150,0.15,1.0256377375125885
726,863,137,0.137,1.0413648940324782
662,831,169,0.169,1.0880380183085798
716,858,142,0.142,1.062235699415207
742,871,129,0.129,1.0552329736351966
648,824,176,0.176,1.055416544675827
658,829,171,0.171,1.071514837376526
686,843,157,0.157,1.0595767340199091
622,811,189,0.189,1.0837944100797177
678,839,161,0.161,1.055300719494
628,814,186,0.186,1.088979725241661
682,841,159,0.159,1.0631408982798458
700,850,150,0.15,1.049247508764267
708,854,146,0.146,1.0650206509083509
716,858,142,0.142,1.0454855352044106
696,848,152,0.152,1.043408445417881
722,861,139,0.139,1.0452880302071572
686,843,157,0.157,1.0427761932611466
734,867,133,0.133,1.0718411364555358
662,831,169,0.169,1.0617472649812698
606,803,197,0.197,1.1022200905680657
738,869,131,0.131,1.0481516790543683
710,855,145,0.145,1.0419363273382187
710,855,145,0.145,1.0469600555896759
678,839,161,0.161,1.0479324776679277
738,869,131,0.131,1.046629052758217
700,850,150,0.15,1.0424578065276147
688,844,156,0.156,1.0407203071117401
656,828,172,0.172,1.059150254547596
740,870,130,0.13,1.050941660106182
816,908,92,0.092,0.9953227455802262
670,835,165,0.165,1.0503871853351594
696,848,152,0.152,1.0404762477874756
712,856,144,0.144,1.0423662730306387
686,843,157,0.157,1.0321532352268696
716,858,142,0.142,1.0225295178703964
684,842,158,0.158,1.0653113915100694
614,807,193,0.193,1.0697403349876404
640,820,180,0.18,1.0808496511280536
728,864,136,0.136,1.0385718992948532
672,836,164,0.164,1.0733875537365676
706,853,147,0.147,1.0047983800768852
676,838,162,0.162,1.0598340594768525
686,843,157,0.157,1.038289204478264
702,851,149,0.149,1.048937694609165
678,839,161,0.161,1.0467924094051122
668,834,166,0.166,1.0642028489112854
708,854,146,0.146,1.034254009127617
642,821,179,0.179,1.0254544305801392
782,891,109,0.109,0.9969581871628761
706,853,147,0.147,1.0578797734379768
700,850,150,0.15,1.0711866500377656
748,874,126,0.126,1.0389580762982369
684,842,158,0.158,1.058348408980295
706,853,147,0.147,1.0306924274619418
704,852,148,0.148,1.0225771731734277
740,870,130,0.13,1.043106941640377
746,873,127,0.127,1.0111275473982095
664,832,168,0.168,1.0820402052998543
736,868,132,0.132,1.0411931527256966
764,882,118,0.118,1.0300068566203118
646,823,177,0.177,1.033254608510062
736,868,132,0.132,0.9998159139156342
640,820,180,0.18,1.0696659889221192
656,828,172,0.172,1.0277759233340975
654,827,173,0.173,1.0488496112823487
714,857,143,0.143,1.0185200550556184
698,849,151,0.151,1.0379319844953716
642,821,179,0.179,1.057209193110466
656,828,172,0.172,1.084556091427803
692,846,154,0.154,1.0286877958774567
750,875,125,0.125,1.020241478458047
642,821,179,0.179,1.0462326097786427
638,819,181,0.181,1.0618266632556916
762,881,119,0.119,1.0317935984283686
684,842,158,0.158,1.0450974524021148
690,845,155,0.155,1.017378076940775
622,811,189,0.189,1.0703880820572376
694,847,153,0.153,1.0256806686581694
686,843,157,0.157,1.013663433611393
694,847,153,0.153,1.0349678832292557
674,837,163,0.163,1.0421802407205105
678,839,161,0.161,1.033129176557064
694,847,153,0.153,1.0325347205400468
702,851,149,0.149,1.015822379410267
674,837,163,0.163,1.0337477891147138
666,833,167,0.167,1.0429202278256415
706,853,147,0.147,1.022530272871256
714,857,143,0.143,1.0358905234336853
720,860,140,0.14,1.008230910718441
676,838,162,0.162,1.0312160569131374
660,830,170,0.17,1.0480844054818153
684,842,158,0.158,1.0255132151842117
736,868,132,0.132,1.0051414629220963
658,829,171,0.171,1.0145320246815681
720,860,140,0.14,1.02674365234375
664,832,168,0.168,1.0467797470092775
712,856,144,0.144,1.0399931312361732
662,831,169,0.169,1.0386490024924278
670,835,165,0.165,1.0402052421569825
706,853,147,0.147,1.0436849922395777
690,845,155,0.155,1.0093262540578143
724,862,138,0.138,1.0257032343149186
726,863,137,0.137,1.0154044984281063
660,830,170,0.17,1.0158923189640046
758,879,121,0.121,1.009173832654953
656,828,172,0.172,1.0102747948477913
732,866,134,0.134,1.0246897250413896
666,833,167,0.167,1.025116489505021
638,819,181,0.181,1.0396341858182567
668,834,166,0.166,1.024780193209648
664,832,168,0.168,1.0303953122496605
660,830,170,0.17,0.9966109516024589
656,828,172,0.172,1.0460103001389653
712,856,144,0.144,1.043023676455021
686,843,157,0.157,1.0262403513491154
660,830,170,0.17,1.0155534600615501
744,872,128,0.128,0.996839546740055
650,825,175,0.175,1.0088353078365326
704,852,148,0.148,1.021229083777809
656,828,172,0.172,1.0410499129891395
664,832,168,0.168,1.043545437820605
658,829,171,0.171,1.0403696192502976
680,840,160,0.16,1.0385882679522038
736,868,132,0.132,0.9756414808630943
674,837,163,0.163,1.0161620461344718
694,847,153,0.153,1.0113434337037615
720,860,140,0.14,0.9968842512965203
712,856,144,0.144,1.0043107640147209
688,844,156,0.156,1.0270902823209762
734,867,133,0.133,0.97668842035532
668,834,166,0.166,1.012775845438242
674,837,163,0.163,1.0145025579631328
700,850,150,0.15,1.019599096864462
736,868,132,0.132,1.0025063505768776
676,838,162,0.162,1.0019460217058658
658,829,171,0.171,1.0047352550029756
710,855,145,0.145,0.972061658591032
718,859,141,0.141,0.9922289570569992
642,821,179,0.179,1.0395458725873032
762,881,119,0.119,1.00299081787467
710,855,145,0.145,1.0024747218396515
708,854,146,0.146,1.0191307096481337
714,857,143,0.143,1.0043684147000314
638,819,181,0.181,1.0266704127192496
756,878,122,0.122,0.9771944909095764
728,864,136,0.136,0.9760388560295105
676,838,162,0.162,1.010371576666832
710,855,145,0.145,0.9994737082272768
742,871,129,0.129,1.0025261942110957
656,828,172,0.172,1.0174038413167
682,841,159,0.159,0.9907989306151866
748,874,126,0.126,0.9822698524594307
704,852,148,0.148,1.0275735688209533
694,847,153,0.153,1.0092844840169064
782,891,109,0.109,0.9782852429747582
710,855,145,0.145,1.004403535604477
730,865,135,0.135,0.9729074826836586
642,821,179,0.179,1.041937778014806
670,835,165,0.165,1.032938218892769
732,866,134,0.134,0.9685810987949371
728,864,136,0.136,0.9678934928681702
720,860,140,0.14,0.978235350266099
692,846,154,0.154,0.9991600054502487
678,839,161,0.161,0.9837993304766715
720,860,140,0.14,0.9847573798298835
720,860,140,0.14,0.970742828130722
638,819,181,0.181,1.0276200169622898
680,840,160,0.16,1.0053953073695303
706,853,147,0.147,1.0025019561052322
724,862,138,0.138,0.9736211759448051
702,851,149,0.149,0.986280964076519
700,850,150,0.15,1.0041865872740745
682,841,159,0.159,1.0109470868110657
718,859,141,0.141,0.9916769649386405
748,874,126,0.126,0.9653501975312829
668,834,166,0.166,1.0064797471761704
726,863,137,0.137,0.969055912911892
664,832,168,0.168,1.0034606120586396
722,861,139,0.139,0.9943367832303047
686,843,157,0.157,0.9807775312287281
774,887,113,0.113,0.9597763283848763
716,858,142,0.142,1.001583927899599
760,880,120,0.12,0.9710718383193016
746,873,127,0.127,1.0089833730459212
682,841,159,0.159,0.9658607865273953
694,847,153,0.153,0.9898204399541719
714,857,143,0.143,0.9819622749686241
688,844,156,0.156,0.9917659567594528
616,808,192,0.192,1.0338678664565086
718,859,141,0.141,1.0021543834027835
720,860,140,0.14,0.9586949732899666
652,826,174,0.174,0.9935461367964744
638,819,181,0.181,1.004917505761903
718,859,141,0.141,1.012617770522833
754,877,123,0.123,0.9635215981602668
704,852,148,0.148,0.9904088786840439
756,878,122,0.122,0.9789600139856338
690,845,155,0.155,0.9747903882265091
706,853,147,0.147,0.9738813785910606
664,832,168,0.168,1.0042643659114838
702,851,149,0.149,0.9886527003049851
718,859,141,0.141,0.9846880374870491
706,853,147,0.147,0.9886696783900261
690,845,155,0.155,0.9984137619137764
664,832,168,0.168,1.0026361521482468
716,858,142,0.142,0.9750344837177545
636,818,182,0.182,1.0238840528726578
690,845,155,0.155,0.9714056311249732
722,861,139,0.139,1.0107296400070191
652,826,174,0.174,1.0085296193361282
676,838,162,0.162,0.9918385073244572
694,847,153,0.153,0.9896410232782364
734,867,133,0.133,0.9908070727586746
724,862,138,0.138,0.975863306850195
676,838,162,0.162,0.979114673435688
754,877,123,0.123,0.9652620617151261
686,843,157,0.157,1.005139640033245
672,836,164,0.164,1.02827058583498
676,838,162,0.162,0.978154985487461
716,858,142,0.142,0.9914809648990631
700,850,150,0.15,0.9780134546756745
718,859,141,0.141,0.9963714014589786
668,834,166,0.166,0.9871705896258354
700,850,150,0.15,0.9758899513781071
704,852,148,0.148,0.9746656148433686
632,816,184,0.184,0.9967432174086571
702,851,149,0.149,0.9595438758134842
692,846,154,0.154,0.9918929527997971
762,881,119,0.119,0.9636417127847672
676,838,162,0.162,0.9911702540516854
724,862,138,0.138,0.9548488213019446
700,850,150,0.15,0.9835691310316325
728,864,136,0.136,0.9526988073587418
734,867,133,0.133,0.9825948697328567
722,861,139,0.139,0.9932916701436043
752,876,124,0.124,0.9576131941080094
654,827,173,0.173,1.0210016498863697
704,852,148,0.148,0.9905263567566872
692,846,154,0.154,0.9907081578965299
696,848,152,0.152,0.9860082399249077
742,871,129,0.129,0.9784717720150947
670,835,165,0.165,0.9703754077553749
784,892,108,0.108,0.9331642369031906
728,864,136,0.136,0.989976362044577
692,846,154,0.154,0.998037830123233
724,862,138,0.138,0.9539605060815811
766,883,117,0.117,0.9742137419292703
702,851,149,0.149,0.9898254566788673
684,842,158,0.158,0.9559964679479599
728,864,136,0.136,0.9502589282989502
716,858,142,0.142,0.9860009834766388
708,854,146,0.146,0.9543792806863785
746,873,127,0.127,0.9697621932625771
688,844,156,0.156,0.973856121122837
732,866,134,0.134,0.9858329019546509
688,844,156,0.156,0.9775522087216377
714,857,143,0.143,0.9789742823839188
670,835,165,0.165,1.0039336563944816
716,858,142,0.142,0.9839733811616898
688,844,156,0.156,0.9851984088718891
712,856,144,0.144,0.9916924241930246
710,855,145,0.145,0.9630180597901344
742,871,129,0.129,0.9522096364572644
720,860,140,0.14,0.9933161121010781
664,832,168,0.168,0.9985647908207175
698,849,151,0.151,0.9416367112398147
728,864,136,0.136,0.9671337851490825
662,831,169,0.169,0.972220317363739
648,824,176,0.176,1.0079896374344826
650,825,175,0.175,0.976727965593338
702,851,149,0.149,0.9847434796094895
788,894,106,0.106,0.9278603449165821
674,837,163,0.163,0.9957473436892033
750,875,125,0.125,0.9648660649210214
682,841,159,0.159,0.9891164068877697
720,860,140,0.14,0.9517226604223251
714,857,143,0.143,0.9697358554005623
712,856,144,0.144,0.9791576853394508
636,818,182,0.182,1.0015397468805314
676,838,162,0.162,0.9989609825313092
700,850,150,0.15,0.9796073232628405
656,828,172,0.172,0.9971379972845316
738,869,131,0.131,0.9789852068328078
678,839,161,0.161,1.0037381595373154
698,849,151,0.151,0.9830916864275933
692,846,154,0.154,0.9772847427427769
720,860,140,0.14,0.9578005508184433
668,834,166,0.166,0.9803416049927474
654,827,173,0.173,0.9926596446037292
684,842,158,0.158,0.9798987819552422
738,869,131,0.131,0.9698043672442436
712,856,144,0.144,0.9477120468616486
718,859,141,0.141,0.9461065922379494
762,881,119,0.119,0.9523120985031128
692,846,154,0.154,0.9529464135617017
734,867,133,0.133,0.9314228903651237
718,859,141,0.141,0.9326174517364707
674,837,163,0.163,0.9651470705270767
790,895,105,0.105,0.9305960768163204
728,864,136,0.136,0.9560373807556461
734,867,133,0.133,0.9471331639327109
694,847,153,0.153,0.9572687768183191
694,847,153,0.153,0.9684559033513069
646,823,177,0.177,0.9747424464523792
634,817,183,0.183,0.9677956206798554
784,892,108,0.108,0.9381156628131866
746,873,127,0.127,0.9317299844920636
718,859,141,0.141,0.9836279899775981
718,859,141,0.141,0.9616160339210182
694,847,153,0.153,0.9596458603441715
686,843,157,0.157,0.9918441286087036
696,848,152,0.152,0.9711398552060128
688,844,156,0.156,0.9628754644989967
634,817,183,0.183,0.9788580479621887
702,851,149,0.149,0.9454884579181672
782,891,109,0.109,0.9117259016335011
716,858,142,0.142,0.9364076821804047
730,865,135,0.135,0.9286005190610885
706,853,147,0.147,0.9518197354972362
672,836,164,0.164,0.956026362001896
720,860,140,0.14,0.9403229619264603
698,849,151,0.151,0.9880744403632871
750,875,125,0.125,0.9586679257154465
742,871,129,0.129,0.9131906571537256
706,853,147,0.147,0.9228125689178706
722,861,139,0.139,0.9543264616150409
644,822,178,0.178,0.9668724366426468
678,839,161,0.161,0.9258830784521997
724,862,138,0.138,0.9283577433824539
714,857,143,0.143,0.9330281720459461
670,835,165,0.165,0.9532983844280243
658,829,171,0.171,0.9474497069716453
692,846,154,0.154,0.9389660423696041
656,828,172,0.172,0.9452292646917995
648,824,176,0.176,0.9724965510368347
732,866,134,0.134,0.9170351061820984
734,867,133,0.133,0.9131497411727906
748,874,126,0.126,0.8822545412778854
782,891,109,0.109,0.9056489410251379
724,862,138,0.138,0.9388373146344821
644,822,178,0.178,0.9270471824613778
682,841,159,0.159,0.9383440918734705
738,869,131,0.131,0.9318078120835126
786,893,107,0.107,0.9011008303463459
650,825,175,0.175,0.9655915121138096
684,842,158,0.158,0.9496868114471435
684,842,158,0.158,0.9390724887251853
660,830,170,0.17,0.9391169550418854
732,866,134,0.134,0.9221175138652324
724,862,138,0.138,0.9150953175171744
726,863,137,0.137,0.9312517937123775
742,871,129,0.129,0.9058588677942753
650,825,175,0.175,0.939404270529747
716,858,142,0.142,0.941623509402436
724,862,138,0.138,0.9111663510203362
714,857,143,0.143,0.9197863186299801
692,846,154,0.154,0.9307482784092427
754,877,123,0.123,0.8957364195585251
702,851,149,0.149,0.9562526238560677
710,855,145,0.145,0.9521809079349041
662,831,169,0.169,0.9371282373964787
674,837,163,0.163,0.9580122473835945
738,869,131,0.131,0.9153110304176807
720,860,140,0.14,0.9111799856424332
672,836,164,0.164,0.9471122269034385
706,853,147,0.147,0.9703327781111002
718,859,141,0.141,0.9353392211431637
724,862,138,0.138,0.9028987433314324
722,861,139,0.139,0.9291093600988388
706,853,147,0.147,0.91255412527312
692,846,154,0.154,0.9426360667347908
710,855,145,0.145,0.9248040093779564
726,863,137,0.137,0.9120954273045063
778,889,111,0.111,0.8959281187653542
726,863,137,0.137,0.9441777058558073
706,853,147,0.147,0.9287980870375454
748,874,126,0.126,0.9139800973534584
692,846,154,0.154,0.9169408785514533
706,853,147,0.147,0.934729070417583
716,858,142,0.142,0.9305268933326006
708,854,146,0.146,0.9525341940913349
692,846,154,0.154,0.963017834186554
714,857,143,0.143,0.9340581454634667
652,826,174,0.174,0.958548683077097
728,864,136,0.136,0.9087436940073967
722,861,139,0.139,0.9027947211507708
738,869,131,0.131,0.9028244920670986
702,851,149,0.149,0.9358523090779781
752,876,124,0.124,0.9450970589339267
708,854,146,0.146,0.957404071688652
724,862,138,0.138,0.9216152330636979
730,865,135,0.135,0.9163913649331484
808,904,96,0.096,0.9033819927573205
686,843,157,0.157,0.9098568598330021
754,877,123,0.123,0.9222158792018891
752,876,124,0.124,0.899538602411747
662,831,169,0.169,0.9410987813472748
660,830,170,0.17,0.9137397157549858
702,851,149,0.149,0.9010769166648388
708,854,146,0.146,0.9235643435120583
762,881,119,0.119,0.8801920575499534
708,854,146,0.146,0.9101824225485324
646,823,177,0.177,0.9175336475297808
720,860,140,0.14,0.9089687284529209
698,849,151,0.151,0.9303820046335459
764,882,118,0.118,0.8872732665836811
752,876,124,0.124,0.9005873278677463
682,841,159,0.159,0.9167911551880852
670,835,165,0.165,0.9733867516533865
740,870,130,0.13,0.9145703967809677
642,821,179,0.179,0.9069099058806896
740,870,130,0.13,0.8933276027739048
730,865,135,0.135,0.9012948149293661
748,874,126,0.126,0.8936316712498665
724,862,138,0.138,0.9169796890318394
730,865,135,0.135,0.8842841678047553
764,882,118,0.118,0.8591756268441677
690,845,155,0.155,0.9310957259237767
716,858,142,0.142,0.907057310253382
772,886,114,0.114,0.8968190085589886
736,868,132,0.132,0.907046397190541
676,838,162,0.162,0.9062426016032695
770,885,115,0.115,0.8503909547626972
674,837,163,0.163,0.911740706294775
766,883,117,0.117,0.9077287178114056
696,848,152,0.152,0.9253131330511951
766,883,117,0.117,0.8541198731958866
728,864,136,0.136,0.8820538709461689
644,822,178,0.178,0.9600620236332172
708,854,146,0.146,0.8864853114783764
676,838,162,0.162,0.8907781065702438
734,867,133,0.133,0.8813243685476482
674,837,163,0.163,0.9181453086137772
678,839,161,0.161,0.9020688824057579
792,896,104,0.104,0.8375439252853394
698,849,151,0.151,0.9331167352795601
712,856,144,0.144,0.8924484086153097
672,836,164,0.164,0.9268335354328155
670,835,165,0.165,0.923146001547575
672,836,164,0.164,0.9087433852553367
688,844,156,0.156,0.9219915366172791
730,865,135,0.135,0.8851997460722923
664,832,168,0.168,0.9033359270393848
710,855,145,0.145,0.9472681274116039
672,836,164,0.164,0.9522788478583097
760,880,120,0.12,0.8803147045077058
728,864,136,0.136,0.9060509150922298
670,835,165,0.165,0.9313932031393051
772,886,114,0.114,0.8963982053995132
736,868,132,0.132,0.8716181010471773
726,863,137,0.137,0.9257935571372509
748,874,126,0.126,0.8703764633834362
824,912,88,0.088,0.8632174196541309
628,814,186,0.186,0.9316089954376221
662,831,169,0.169,0.937873531460762
716,858,142,0.142,0.9091070001125335
742,871,129,0.129,0.8609640754759311
694,847,153,0.153,0.8935909789486546
714,857,143,0.143,0.9143609463572502
650,825,175,0.175,0.9365532653927803
718,859,141,0.141,0.9165886099282652
748,874,126,0.126,0.8804762526750565
716,858,142,0.142,0.9126655420958996
706,853,147,0.147,0.916093855753541
760,880,120,0.12,0.9036318407068029
690,845,155,0.155,0.9078081197738648
736,868,132,0.132,0.9130443853139877
700,850,150,0.15,0.889533832907678
682,841,159,0.159,0.9141923565864563
676,838,162,0.162,0.9016735013574362
700,850,150,0.15,0.9305864322781563
722,861,139,0.139,0.9373056593537331
696,848,152,0.152,0.878686335414648
746,873,127,0.127,0.9211988599300385
752,876,124,0.124,0.8950945132374764
750,875,125,0.125,0.8958522955030203
732,866,134,0.134,0.89914053074471
690,845,155,0.155,0.8979966380973347
702,851,149,0.149,0.9233381648696959
734,867,133,0.133,0.9252603600723669
716,858,142,0.142,0.9106493022888899
668,834,166,0.166,0.9107658162117004
740,870,130,0.13,0.8616150127947331
738,869,131,0.131,0.9034497087374329
778,889,111,0.111,0.8696553277373313
732,866,134,0.134,0.9132456322014332
704,852,148,0.148,0.9117385927140713
778,889,111,0.111,0.8765512460172177
698,849,151,0.151,0.9444209944456816
734,867,133,0.133,0.8926379797160625
704,852,148,0.148,0.89557054489851
768,884,116,0.116,0.8750484679043293
704,852,148,0.148,0.9080750704109669
682,841,159,0.159,0.9353169177472591
710,855,145,0.145,0.9237804007232189
744,872,128,0.128,0.8879271104335785
754,877,123,0.123,0.8744819534420967
708,854,146,0.146,0.8975011092722416
694,847,153,0.153,0.8981161546111107
724,862,138,0.138,0.8829585788091645
704,852,148,0.148,0.8927293218672275
746,873,127,0.127,0.8480072503387928
700,850,150,0.15,0.8828940978646278
734,867,133,0.133,0.893405005171895
668,834,166,0.166,0.9088320162340974
808,904,96,0.096,0.8657370307147503
704,852,148,0.148,0.9022751716375351
706,853,147,0.147,0.8948219144344329
708,854,146,0.146,0.9274093164801598
718,859,141,0.141,0.9023615581393242
676,838,162,0.162,0.891849021510905
728,864,136,0.136,0.91027775400877
746,873,127,0.127,0.8974380863010883
772,886,114,0.114,0.8683850239813328
748,874,126,0.126,0.8480796339511871
686,843,157,0.157,0.8884048498868943
758,879,121,0.121,0.8829822843968869
740,870,130,0.13,0.8829749812781811
788,894,106,0.106,0.8958121058344841
694,847,153,0.153,0.9166683490276337
706,853,147,0.147,0.9171492819488049
720,860,140,0.14,0.8842385967373848
732,866,134,0.134,0.8887959515303373
750,875,125,0.125,0.8740522559881211
638,819,181,0.181,0.9455100407153368
760,880,120,0.12,0.8896234180331231
738,869,131,0.131,0.8683588330149651
718,859,141,0.141,0.8843761028945446
736,868,132,0.132,0.8926933401674032
646,823,177,0.177,0.9436656317412854
770,885,115,0.115,0.8784705519893905
660,830,170,0.17,0.8777374780774116
686,843,157,0.157,0.9367467803359032
624,812,188,0.188,0.918992825999856
680,840,160,0.16,0.8827465128749609
716,858,142,0.142,0.8714553344845771
752,876,124,0.124,0.8623610609173775
728,864,136,0.136,0.8937138789594173
660,830,170,0.17,0.9000977779328823
646,823,177,0.177,0.920557593524456
820,910,90,0.09,0.8594498417675495
774,887,113,0.113,0.8807604681998491
692,846,154,0.154,0.8880013120770455
660,830,170,0.17,0.9241863416805863
678,839,161,0.161,0.9004895419180393
720,860,140,0.14,0.892723096460104
714,857,143,0.143,0.9041800663471222
694,847,153,0.153,0.9025487949848175
734,867,133,0.133,0.8761434368342161
646,823,177,0.177,0.9131777966440788
692,846,154,0.154,0.8960187403559685
730,865,135,0.135,0.9005986693203449
724,862,138,0.138,0.8956337501406669
728,864,136,0.136,0.8955179543793201
674,837,163,0.163,0.8918391167074442
696,848,152,0.152,0.8794683135151863
746,873,127,0.127,0.8797202248573304
696,848,152,0.152,0.9008726062178611
728,864,136,0.136,0.8743726642131805
696,848,152,0.152,0.8999751128740608
782,891,109,0.109,0.849269533097744
654,827,173,0.173,0.9251042246520519
730,865,135,0.135,0.8739726185202599
736,868,132,0.132,0.8762574900557102
742,871,129,0.129,0.8718269513249397
650,825,175,0.175,0.894703697436133
684,842,158,0.158,0.8915551228523254
746,873,127,0.127,0.8633125256001949
722,861,139,0.139,0.8762156129777432
608,804,196,0.196,0.9415986622869968
700,850,150,0.15,0.8928041738122702
706,853,147,0.147,0.8566073574870825
674,837,163,0.163,0.8901627214252948
750,875,125,0.125,0.8669635272324085
714,857,143,0.143,0.8701525742411613
730,865,135,0.135,0.8734882060289383
678,839,161,0.161,0.8920821400284767
680,840,160,0.16,0.8937960604888795
694,847,153,0.153,0.8906755768507719
700,850,150,0.15,0.8764244607686996
712,856,144,0.144,0.9007852027416229
702,851,149,0.149,0.8793033792396338
706,853,147,0.147,0.9027568354904651
708,854,146,0.146,0.9194908611476421
696,848,152,0.152,0.8758643925189972
754,877,123,0.123,0.8681566726267338
702,851,149,0.149,0.8919602628797293
738,869,131,0.131,0.8914795217216015
686,843,157,0.157,0.9047409469783306
728,864,136,0.136,0.8737184059023857
702,851,149,0.149,0.8705965397059917
760,880,120,0.12,0.8430734984576702
766,883,117,0.117,0.8666568134725093
704,852,148,0.148,0.8846735164225101
754,877,123,0.123,0.8568014082110021
730,865,135,0.135,0.8847506335675717
708,854,146,0.146,0.8844132728017866
674,837,163,0.163,0.8608998361229897
650,825,175,0.175,0.9117413780391216
600,800,200,0.2,0.9314678900241852
712,856,144,0.144,0.8260915129184723
674,837,163,0.163,0.8868419251143932
720,860,140,0.14,0.8872202198803425
720,860,140,0.14,0.8896341526806355
678,839,161,0.161,0.9055347836022265
718,859,141,0.141,0.8464143956303597
682,841,159,0.159,0.9043532174229622
648,824,176,0.176,0.8927973428564147
714,857,143,0.143,0.8741583955287934
726,863,137,0.137,0.8512749242410064
734,867,133,0.133,0.8379363280832768
714,857,143,0.143,0.8680441240668297
736,868,132,0.132,0.879482732564211
720,860,140,0.14,0.8957071225941181
714,857,143,0.143,0.881908671040088
716,858,142,0.142,0.8836438345313072
716,858,142,0.142,0.8874287472367287
732,866,134,0.134,0.8402849036157132
772,886,114,0.114,0.8565862501561642
654,827,173,0.173,0.8865638194978237
708,854,146,0.146,0.8971088491380215
728,864,136,0.136,0.8882785957455636
716,858,142,0.142,0.8809995054900647
744,872,128,0.128,0.85154201734066
700,850,150,0.15,0.8741892028450966
640,820,180,0.18,0.9297521690169523
712,856,144,0.144,0.8732524154782295
700,850,150,0.15,0.8892817575484514
656,828,172,0.172,0.9051164719238878
716,858,142,0.142,0.8661960100904107
760,880,120,0.12,0.8653097393922508
740,870,130,0.13,0.8656289219819009
726,863,137,0.137,0.8792143521904945
672,836,164,0.164,0.8613049367144704
696,848,152,0.152,0.887740652263863
782,891,109,0.109,0.8523079961836338
746,873,127,0.127,0.82428888463974
748,874,126,0.126,0.8645710659623146
684,842,158,0.158,0.8609649070799351
708,854,146,0.146,0.8398717754483223
656,828,172,0.172,0.8823868185281754
750,875,125,0.125,0.8282695640270065
666,833,167,0.167,0.8778957754075527
730,865,135,0.135,0.8767975080013275
706,853,147,0.147,0.8722976461946964
712,856,144,0.144,0.845799562305212
784,892,108,0.108,0.8690707783699035
674,837,163,0.163,0.8793714761137962
760,880,120,0.12,0.863961588382721
734,867,133,0.133,0.848572275608778
724,862,138,0.138,0.8550208818018437
730,865,135,0.135,0.8596198822259903
720,860,140,0.14,0.8658752742707729
704,852,148,0.148,0.8852038399875164
742,871,129,0.129,0.8679761814177036
734,867,133,0.133,0.831182924747467
740,870,130,0.13,0.826119744181633
720,860,140,0.14,0.8523178091943264
652,826,174,0.174,0.8598182813227176
738,869,131,0.131,0.8483536514639854
704,852,148,0.148,0.874016805306077
668,834,166,0.166,0.8572839935421943
722,861,139,0.139,0.8370570302465931
710,855,145,0.145,0.8725973466336727
762,881,119,0.119,0.822727878762409
714,857,143,0.143,0.8582472190558911
744,872,128,0.128,0.8479856511950493
678,839,161,0.161,0.8812435022294521
744,872,128,0.128,0.8300680383145809
714,857,143,0.143,0.8540473202466965
700,850,150,0.15,0.8204431514441967
724,862,138,0.138,0.8391353635489941
744,872,128,0.128,0.7979404263347387
718,859,141,0.141,0.8393497621417045
730,865,135,0.135,0.8256050209105015
762,881,119,0.119,0.813739551384002
722,861,139,0.139,0.874756067700684
728,864,136,0.136,0.871350346069783
712,856,144,0.144,0.8358278249468131
702,851,149,0.149,0.8363536385829948
762,881,119,0.119,0.8501901498287916
724,862,138,0.138,0.8462445675469935
762,881,119,0.119,0.8297109941989184
738,869,131,0.131,0.8327475990042149
762,881,119,0.119,0.8222465426921844
742,871,129,0.129,0.8213979386389255
740,870,130,0.13,0.813063316643238
782,891,109,0.109,0.8308368351459503
708,854,146,0.146,0.834370957672596
754,877,123,0.123,0.8075028917491436
714,857,143,0.143,0.8420050187408924
722,861,139,0.139,0.8468098796606064
662,831,169,0.169,0.8528141216039657
762,881,119,0.119,0.8101200116872788
682,841,159,0.159,0.842400156410411
746,873,127,0.127,0.8242131719440222
706,853,147,0.147,0.837677721619606
712,856,144,0.144,0.8377820063233375
740,870,130,0.13,0.8165710596442223
696,848,152,0.152,0.8305575223565101
690,845,155,0.155,0.8533602296784545
680,840,160,0.16,0.8362590848617607
760,880,120,0.12,0.7868570308983326
724,862,138,0.138,0.8370200679600239
674,837,163,0.163,0.8452808564305305
720,860,140,0.14,0.8394628747403622
710,855,145,0.145,0.8226962165236473
638,819,181,0.181,0.8910650585591793
668,834,166,0.166,0.8649973370750121
678,839,161,0.161,0.8887421339601278
756,878,122,0.122,0.8285674544796348
734,867,133,0.133,0.8500827654898166
740,870,130,0.13,0.8253897540569305
718,859,141,0.141,0.8073497824370861
748,874,126,0.126,0.8062078620642423
714,857,143,0.143,0.8447007312617172
742,871,129,0.129,0.8106415908038617
752,876,124,0.124,0.8152530484842864
730,865,135,0.135,0.8173157344684004
736,868,132,0.132,0.8372833966017788
736,868,132,0.132,0.8374709433317185
636,818,182,0.182,0.8671026994818821
738,869,131,0.131,0.8199804209172725
794,897,103,0.103,0.8325467442795634
714,857,143,0.143,0.8667517856359482
724,862,138,0.138,0.7962446565628052
756,878,122,0.122,0.7917026585489512
666,833,167,0.167,0.8075166819393634
716,858,142,0.142,0.8179807713674382
696,848,152,0.152,0.8110557414889336
634,817,183,0.183,0.8675527524650097
716,858,142,0.142,0.8029915946088731
736,868,132,0.132,0.844621249940712
664,832,168,0.168,0.857120036303997
722,861,139,0.139,0.8179379360037273
664,832,168,0.168,0.8438308251798153
730,865,135,0.135,0.8123817334473133
748,874,126,0.126,0.8188404308259487
694,847,153,0.153,0.8403422008752823
736,868,132,0.132,0.8103636085681938
704,852,148,0.148,0.8637066882252693
736,868,132,0.132,0.8172901893556118
752,876,124,0.124,0.8177058019144545
650,825,175,0.175,0.8757019630074501
710,855,145,0.145,0.8398704801499843
686,843,157,0.157,0.8294926995933056
726,863,137,0.137,0.8041816146075725
758,879,121,0.121,0.8076596547961234
758,879,121,0.121,0.8222786253988743
684,842,158,0.158,0.826475834555924
678,839,161,0.161,0.8385422066810142
706,853,147,0.147,0.8474324820339679
734,867,133,0.133,0.7974329984784126
672,836,164,0.164,0.8675104307522997
760,880,120,0.12,0.8027479490637779
770,885,115,0.115,0.7968636593986302
692,846,154,0.154,0.8544609808623791
716,858,142,0.142,0.8096813507080078
766,883,117,0.117,0.8460870804190636
722,861,139,0.139,0.7991032461300492
708,854,146,0.146,0.8187964153820648
740,870,130,0.13,0.8320632103085518
648,824,176,0.176,0.896192043684423
770,885,115,0.115,0.8117013705968856
764,882,118,0.118,0.8035324537456036
708,854,146,0.146,0.8348835336863994
652,826,174,0.174,0.8702398484051228
714,857,143,0.143,0.8115298373103141
790,895,105,0.105,0.7733225657343864
708,854,146,0.146,0.8075487276911736
726,863,137,0.137,0.7865145346419886
696,848,152,0.152,0.7963948559910059
696,848,152,0.152,0.8181048047840596
744,872,128,0.128,0.7885249796807766
738,869,131,0.131,0.8193746523787282
720,860,140,0.14,0.8362959499657154
676,838,162,0.162,0.8424472520947457
714,857,143,0.143,0.8076090645781886
666,833,167,0.167,0.8488421342521906
712,856,144,0.144,0.7827318331092828
750,875,125,0.125,0.8114947370886803
732,866,134,0.134,0.8074346207380295
772,886,114,0.114,0.7738051914162933
734,867,133,0.133,0.7701219482421875
696,848,152,0.152,0.8194981632828713
742,871,129,0.129,0.817835666552186
730,865,135,0.135,0.8186851730942726
740,870,130,0.13,0.8096076367546339
694,847,153,0.153,0.808271810144186
772,886,114,0.114,0.7462536613345147
740,870,130,0.13,0.8064637986049056
780,890,110,0.11,0.7718751414120197
742,871,129,0.129,0.8038109908103943
742,871,129,0.129,0.7868358359970152
734,867,133,0.133,0.8083982334434986
708,854,146,0.146,0.812228974108526
768,884,116,0.116,0.7881620475509262
726,863,137,0.137,0.8054598287642002
704,852,148,0.148,0.7923909463174641
778,889,111,0.111,0.7231823481619358
710,855,145,0.145,0.7858516914248467
680,840,160,0.16,0.8404019388905727
766,883,117,0.117,0.7683692498505116
738,869,131,0.131,0.7801369041800499
718,859,141,0.141,0.7801533658662811
744,872,128,0.128,0.7848617957234496
794,897,103,0.103,0.7564636951386928
594,797,203,0.203,0.8285309764824705
674,837,163,0.163,0.8475360350012779
698,849,151,0.151,0.770067139770719
694,847,153,0.153,0.7807149745970965
774,887,113,0.113,0.7512007918953896
758,879,121,0.121,0.7379911657273769
728,864,136,0.136,0.7993123460188508
716,858,142,0.142,0.8007422711253166
796,898,102,0.102,0.7202460040450096
704,852,148,0.148,0.7957874558102339
720,860,140,0.14,0.7891262893166858
642,821,179,0.179,0.8107239625155925
722,861,139,0.139,0.800935361802578
626,813,187,0.187,0.8264958215057849
714,857,143,0.143,0.7943201509556966
754,877,123,0.123,0.7924042748510838
744,872,128,0.128,0.7886968023478985
740,870,130,0.13,0.7847186634615063
732,866,134,0.134,0.7853644748479128
716,858,142,0.142,0.7750686530768871
754,877,123,0.123,0.7724340480864048
724,862,138,0.138,0.7388149451315403
636,818,182,0.182,0.8590696632172913
726,863,137,0.137,0.813116845458746
754,877,123,0.123,0.7472561025898904
756,878,122,0.122,0.7591644660234451
634,817,183,0.183,0.8089013883471489
778,889,111,0.111,0.7503164413571358
714,857,143,0.143,0.7781313479728996
730,865,135,0.135,0.791748668640852
774,887,113,0.113,0.7676639970839025
760,880,120,0.12,0.7632061231136322
710,855,145,0.145,0.7610653854608536
684,842,158,0.158,0.8026065963581205
706,853,147,0.147,0.80816986964643
746,873,127,0.127,0.7587840010300279
632,816,184,0.184,0.8193550842106342
758,879,121,0.121,0.7693676020503044
722,861,139,0.139,0.7825277838408947
750,875,125,0.125,0.7990257325768471
734,867,133,0.133,0.7837624826095998
738,869,131,0.131,0.7567786359915044
728,864,136,0.136,0.750212533891201
700,850,150,0.15,0.7752466126349755
738,869,131,0.131,0.7718449127376079
728,864,136,0.136,0.7825164097845554
636,818,182,0.182,0.8047120508849621
674,837,163,0.163,0.829243528932333
722,861,139,0.139,0.8151998052299023
722,861,139,0.139,0.7730120755434037
740,870,130,0.13,0.7367705519050359
700,850,150,0.15,0.7730311696976423
728,864,136,0.136,0.7882571913599968
756,878,122,0.122,0.7544335436224937
702,851,149,0.149,0.7578811470745132
702,851,149,0.149,0.7578645849227905
654,827,173,0.173,0.7850073008835315
760,880,120,0.12,0.7463455597758293
734,867,133,0.133,0.7797442222833634
736,868,132,0.132,0.7787539174109698
694,847,153,0.153,0.7917047497406602
762,881,119,0.119,0.7714410491287709
766,883,117,0.117,0.772485402816456
720,860,140,0.14,0.7596619181036949
716,858,142,0.142,0.8025570791723058
692,846,154,0.154,0.7725186499357224
718,859,141,0.141,0.804754604132846
686,843,157,0.157,0.7918378921449184
740,870,130,0.13,0.7717148377895355
698,849,151,0.151,0.7841243994981051
724,862,138,0.138,0.7577249978780747
720,860,140,0.14,0.7701886574327945
728,864,136,0.136,0.7777202634215354
738,869,131,0.131,0.7571983337167185
670,835,165,0.165,0.7872056824862957
698,849,151,0.151,0.7631692583858967
734,867,133,0.133,0.7438133717477322
700,850,150,0.15,0.7925296890363097
696,848,152,0.152,0.7677937685698271
746,873,127,0.127,0.7392864257395267
744,872,128,0.128,0.7529598170220851
738,869,131,0.131,0.7526511466801167
748,874,126,0.126,0.7484950576120063
776,888,112,0.112,0.7345287976562976
710,855,145,0.145,0.7834739172756687
700,850,150,0.15,0.795342040900141
704,852,148,0.148,0.7872768216729165
734,867,133,0.133,0.773969325363636
696,848,152,0.152,0.7746885376572609
726,863,137,0.137,0.771418935544265
756,878,122,0.122,0.7543185707507655
722,861,139,0.139,0.7749082550164312
656,828,172,0.172,0.7998986083567142
746,873,127,0.127,0.749979386240244
690,845,155,0.155,0.8255170705150813
752,876,124,0.124,0.7400000582188367
748,874,126,0.126,0.7810713366419076
726,863,137,0.137,0.739130757689476
730,865,135,0.135,0.7750266042649746
746,873,127,0.127,0.7781181863844394
790,895,105,0.105,0.7145950775970268
708,854,146,0.146,0.784844750295606
722,861,139,0.139,0.744991566285491
700,850,150,0.15,0.7526794059723616
834,917,83,0.083,0.7151960945725441
690,845,155,0.155,0.8065396061241626
696,848,152,0.152,0.8019059331994504
712,856,144,0.144,0.7412014828026294
716,858,142,0.142,0.7696838370859623
758,879,121,0.121,0.7140781230479479
688,844,156,0.156,0.786290304005146
686,843,157,0.157,0.7853546871840954
740,870,130,0.13,0.785122917216283
776,888,112,0.112,0.7403700669258833
758,879,121,0.121,0.7688646547801327
724,862,138,0.138,0.7511537849605083
708,854,146,0.146,0.7688531041741371
782,891,109,0.109,0.7324587594270706
752,876,124,0.124,0.7616949315965176
696,848,152,0.152,0.8103551485362696
716,858,142,0.142,0.7576302320808173
704,852,148,0.148,0.7875357145592571
740,870,130,0.13,0.7613115841150284
776,888,112,0.112,0.7277548374831676
754,877,123,0.123,0.7161366534037515
720,860,140,0.14,0.7693627989269007
774,887,113,0.113,0.7144769593030215
774,887,113,0.113,0.7144392965435982
698,849,151,0.151,0.7857822985053062
716,858,142,0.142,0.7431592019796371
688,844,156,0.156,0.7881500001456588
772,886,114,0.114,0.7145386255383491
680,840,160,0.16,0.7620361535055563
744,872,128,0.128,0.7660287520435232
712,856,144,0.144,0.7839067253768444
694,847,153,0.153,0.7647260500490666
680,840,160,0.16,0.7956254599094391
718,859,141,0.141,0.7990568402511999
746,873,127,0.127,0.7361541556715965
690,845,155,0.155,0.7614169904589653
702,851,149,0.149,0.7541258315118299
678,839,161,0.161,0.7414464532136917
820,910,90,0.09,0.6820487777590751
770,885,115,0.115,0.7371674466133118
736,868,132,0.132,0.7475309432651848
806,903,97,0.097,0.7245391929922625
668,834,166,0.166,0.7830836283336976
680,840,160,0.16,0.7911863275468349
772,886,114,0.114,0.7039631687998772
722,861,139,0.139,0.7980848960094153
726,863,137,0.137,0.7329760646298528
728,864,136,0.136,0.7444417013823986
748,874,126,0.126,0.6986104993894696
650,825,175,0.175,0.7723824864476919
760,880,120,0.12,0.7153645853996277
734,867,133,0.133,0.7600156104833586
776,888,112,0.112,0.7558226679861546
708,854,146,0.146,0.7424675513803959
688,844,156,0.156,0.7693030076920986
754,877,123,0.123,0.7311825115535815
750,875,125,0.125,0.7239138417840004
756,878,122,0.122,0.7395160067435884
714,857,143,0.143,0.7279770760834217
746,873,127,0.127,0.7457715119570494
712,856,144,0.144,0.7653960347473622
710,855,145,0.145,0.7420200027901374
758,879,121,0.121,0.6968428886979818
734,867,133,0.133,0.7497877092659473
802,901,99,0.099,0.7339252583533525
754,877,123,0.123,0.7354731974601746
750,875,125,0.125,0.7142202248871327
708,854,146,0.146,0.732996333854273
768,884,116,0.116,0.7425989654958248
714,857,143,0.143,0.7730491840988397
722,861,139,0.139,0.7187154361903667
776,888,112,0.112,0.7277700869441096
716,858,142,0.142,0.7253189633190632
688,844,156,0.156,0.7743759709000587
696,848,152,0.152,0.7571199330392847
626,813,187,0.187,0.7738108212649822
748,874,126,0.126,0.7120314582311362
666,833,167,0.167,0.762120591789484
676,838,162,0.162,0.7719794472455979
768,884,116,0.116,0.7388617645390332
674,837,163,0.163,0.7867636249939725
686,843,157,0.157,0.7901885198950768
722,861,139,0.139,0.7294244176074862
718,859,141,0.141,0.7503727907836437
676,838,162,0.162,0.8018968855113612
742,871,129,0.129,0.7551242813766003
746,873,127,0.127,0.7414027094042657
750,875,125,0.125,0.7822456609010696
690,845,155,0.155,0.7660996047933597
786,893,107,0.107,0.6871697905957699
674,837,163,0.163,0.7661246063113213
728,864,136,0.136,0.7742815562486649
786,893,107,0.107,0.707201815187931
786,893,107,0.107,0.710348510235548
800,900,100,0.1,0.7123519887626171
784,892,108,0.108,0.7345424546301365
756,878,122,0.122,0.7159677778929472
728,864,136,0.136,0.7617667086720467
672,836,164,0.164,0.7681289800633676
760,880,120,0.12,0.6947822935283184
744,872,128,0.128,0.7304389166235924
704,852,148,0.148,0.7356198291480541
718,859,141,0.141,0.7350341623425484
776,888,112,0.112,0.7364721099585295
764,882,118,0.118,0.7358753714344259
740,870,130,0.13,0.738546089798212
708,854,146,0.146,0.7535410383939743
774,887,113,0.113,0.694180733948946
710,855,145,0.145,0.7506466018855572
690,845,155,0.155,0.7601262807250023
718,859,141,0.141,0.7474019617438317
742,871,129,0.129,0.7413273206565937
766,883,117,0.117,0.7244804889261722
746,873,127,0.127,0.6954297685749017
746,873,127,0.127,0.7439984238147735
748,874,126,0.126,0.7164519400894642
700,850,150,0.15,0.7359442842006684
778,889,111,0.111,0.7400950009673833
698,849,151,0.151,0.764679437622428
702,851,149,0.149,0.7649995776712895
734,867,133,0.133,0.7164723324775696
706,853,147,0.147,0.7051662994790823
646,823,177,0.177,0.7946289438903332
748,874,126,0.126,0.7128244695961475
714,857,143,0.143,0.7411185538470745
768,884,116,0.116,0.7251434822678566
752,876,124,0.124,0.7369937993194908
746,873,127,0.127,0.6930144837498665
742,871,129,0.129,0.7447734979987144
710,855,145,0.145,0.7601008794736117
800,900,100,0.1,0.7041786832511425
682,841,159,0.159,0.7469558825492859
808,904,96,0.096,0.7275089408354833
746,873,127,0.127,0.6842327486872674
762,881,119,0.119,0.7222568774521351
716,858,142,0.142,0.7234201537701301
722,861,139,0.139,0.7279112632200122
720,860,140,0.14,0.7503676306605339
714,857,143,0.143,0.7496095990464091
736,868,132,0.132,0.741888174623251
734,867,133,0.133,0.7050647686719894
716,858,142,0.142,0.6958426198363304
728,864,136,0.136,0.7034277429282665
712,856,144,0.144,0.7412257084995508
666,833,167,0.167,0.73496280965209
638,819,181,0.181,0.7641532139182091
732,866,134,0.134,0.7238330681025982
712,856,144,0.144,0.7266256642714143
688,844,156,0.156,0.7435080036974104
722,861,139,0.139,0.7378995495438576
726,863,137,0.137,0.7319394520819187
782,891,109,0.109,0.7020579225420952
756,878,122,0.122,0.7285868873894215
714,857,143,0.143,0.7446637113690376
728,864,136,0.136,0.7204647183418273
698,849,151,0.151,0.7420292636454106
736,868,132,0.132,0.722426817166619
734,867,133,0.133,0.7092978277802467
722,861,139,0.139,0.7218663022369146
678,839,161,0.161,0.7514738574326039
772,886,114,0.114,0.7016346186101436
682,841,159,0.159,0.7626037696301937
762,881,119,0.119,0.6960653001070023
782,891,109,0.109,0.7082213527262211
680,840,160,0.16,0.7633065490424633
740,870,130,0.13,0.7089612970650196
734,867,133,0.133,0.7515874577462673
782,891,109,0.109,0.7078585696518421
762,881,119,0.119,0.7182585935145617
708,854,146,0.146,0.7536229907423257
748,874,126,0.126,0.703255014449358
706,853,147,0.147,0.7165763930529356
774,887,113,0.113,0.7038657387197018
732,866,134,0.134,0.741653458151035
732,866,134,0.134,0.7456260504568927
712,856,144,0.144,0.7269291919686238
752,876,124,0.124,0.7336619004309177
704,852,148,0.148,0.7213203052580357
730,865,135,0.135,0.7183593343794346
790,895,105,0.105,0.7043869354724884
728,864,136,0.136,0.7374499476253986
722,861,139,0.139,0.7172602274641394
766,883,117,0.117,0.7340962211191654
768,884,116,0.116,0.7199693721830844
726,863,137,0.137,0.7162545166313649
712,856,144,0.144,0.7426166431980673
740,870,130,0.13,0.7473411840796471
750,875,125,0.125,0.7338079243898392
736,868,132,0.132,0.7152179003208876
736,868,132,0.132,0.7336214706670121
754,877,123,0.123,0.7059011490345001
728,864,136,0.136,0.740577816605568
720,860,140,0.14,0.7014365254838485
794,897,103,0.103,0.6884590535312891
730,865,135,0.135,0.7687122517824173
830,915,85,0.085,0.6587898236066103
738,869,131,0.131,0.6871525390446186
758,879,121,0.121,0.6956404528915882
764,882,118,0.118,0.6722472245954186
680,840,160,0.16,0.7356029730066657
712,856,144,0.144,0.7062533723413944
744,872,128,0.128,0.7026205038279295
734,867,133,0.133,0.7292983093261719
766,883,117,0.117,0.7077677638530732
696,848,152,0.152,0.7374968282729387
692,846,154,0.154,0.712737147450447
742,871,129,0.129,0.7065924204046182
744,872,128,0.128,0.7168320252299308
678,839,161,0.161,0.7575278945565224
706,853,147,0.147,0.729548192113638
674,837,163,0.163,0.7889147718539689
712,856,144,0.144,0.7087403702437878
758,879,121,0.121,0.7133423765398329
746,873,127,0.127,0.7249405063092709
744,872,128,0.128,0.7277841294407844
752,876,124,0.124,0.7016402135938405
776,888,112,0.112,0.6585962684005499
804,902,98,0.098,0.6719627286577597
796,898,102,0.102,0.6884220442324877
740,870,130,0.13,0.7024024820029735
738,869,131,0.131,0.68793239720352
736,868,132,0.132,0.7051923519080737
706,853,147,0.147,0.7212013293392956
732,866,134,0.134,0.7292412828505039
722,861,139,0.139,0.726292969301343
754,877,123,0.123,0.7107923858463764
734,867,133,0.133,0.7100708820819854
714,857,143,0.143,0.6864744656980037
794,897,103,0.103,0.6527918740361929
800,900,100,0.1,0.6657193397283554
716,858,142,0.142,0.6935849641859532
766,883,117,0.117,0.7025869280993938
708,854,146,0.146,0.7184794964790344
716,858,142,0.142,0.6968627709597349
744,872,128,0.128,0.6901826252639294
770,885,115,0.115,0.6918076567649841
700,850,150,0.15,0.7406830676719547
698,849,151,0.151,0.713627613261342
746,873,127,0.127,0.6954725846168585
660,830,170,0.17,0.7144939367473125
772,886,114,0.114,0.6962760604992508
616,808,192,0.192,0.7300320250838995
708,854,146,0.146,0.6910755145698786
766,883,117,0.117,0.712501385755837
702,851,149,0.149,0.7137459371984005
732,866,134,0.134,0.7007747504030122
744,872,128,0.128,0.7038614623638957
764,882,118,0.118,0.6894738319367171
712,856,144,0.144,0.7152390080839398
748,874,126,0.126,0.7173247244264931
734,867,133,0.133,0.6709077157232527
762,881,119,0.119,0.6680151200592518
672,836,164,0.164,0.7128245882689953
720,860,140,0.14,0.675073608061648
778,889,111,0.111,0.6810659943670034
778,889,111,0.111,0.6614285384714603
710,855,145,0.145,0.6676341462880373
670,835,165,0.165,0.7442717063426971
762,881,119,0.119,0.664568178370595
774,887,113,0.113,0.6560974408984184
760,880,120,0.12,0.674975362251047
688,844,156,0.156,0.6692668406739831
770,885,115,0.115,0.633548765361309
734,867,133,0.133,0.7145732771496986
788,894,106,0.106,0.6581875724196434
700,850,150,0.15,0.6727678603678942
740,870,130,0.13,0.689293214738369
716,858,142,0.142,0.6877883188575507
712,856,144,0.144,0.7224803778172645
760,880,120,0.12,0.6950923271179199
748,874,126,0.126,0.6720841390192509
692,846,154,0.154,0.7111873959600925
742,871,129,0.129,0.6870358628332615
722,861,139,0.139,0.6801466728262603
754,877,123,0.123,0.6906755066215992
718,859,141,0.141,0.6422974652051926
706,853,147,0.147,0.7192862052619458
664,832,168,0.168,0.7127624789327383
814,907,93,0.093,0.635883909240365
690,845,155,0.155,0.7082220685184002
646,823,177,0.177,0.7197807340850122
732,866,134,0.134,0.6738847290873528
792,896,104,0.104,0.6379940533787012
778,889,111,0.111,0.6719684718000936
716,858,142,0.142,0.6899324382375925
734,867,133,0.133,0.6886231262609362
716,858,142,0.142,0.6672731556147337
716,858,142,0.142,0.6763736090457533
702,851,149,0.149,0.6963387677073478
744,872,128,0.128,0.6581882999539376
774,887,113,0.113,0.6298994354386634
742,871,129,0.129,0.6811311880946159
720,860,140,0.14,0.6806261233314872
778,889,111,0.111,0.6574301388508175
716,858,142,0.142,0.6916707820473239
784,892,108,0.108,0.627840766966343
660,830,170,0.17,0.6965065473914146
712,856,144,0.144,0.6809408656358719
760,880,120,0.12,0.6295819213688374
716,858,142,0.142,0.6839999564117752
742,871,129,0.129,0.6997262390553951
770,885,115,0.115,0.6467050062716008
714,857,143,0.143,0.657446806833148
776,888,112,0.112,0.6569486885219813
810,905,95,0.095,0.6121025078296661
744,872,128,0.128,0.6819883025928866
698,849,151,0.151,0.6943724924297421
756,878,122,0.122,0.6734390995800495
766,883,117,0.117,0.6449310835003853
754,877,123,0.123,0.6737690064907074
794,897,103,0.103,0.6490807785280048
772,886,114,0.114,0.6767431787997484
716,858,142,0.142,0.6661139056831599
730,865,135,0.135,0.6731267735064029
780,890,110,0.11,0.6234477954655886
688,844,156,0.156,0.7007586616724729
730,865,135,0.135,0.6630973438024521
680,840,160,0.16,0.7086185895502567
716,858,142,0.142,0.6587688933610916
784,892,108,0.108,0.6287879489958287
714,857,143,0.143,0.652288112565875
724,862,138,0.138,0.6901631950139999
750,875,125,0.125,0.6943647392289131
704,852,148,0.148,0.6683833267092705
772,886,114,0.114,0.6501278639137745
720,860,140,0.14,0.655215148945048
684,842,158,0.158,0.6699795414358377
740,870,130,0.13,0.6709683733582497
718,859,141,0.141,0.689322073964635
730,865,135,0.135,0.6980160742551088
760,880,120,0.12,0.6652048046141863
770,885,115,0.115,0.6491378137618303
662,831,169,0.169,0.7175347256660461
766,883,117,0.117,0.6274486871734262
668,834,166,0.166,0.6692509104907512
726,863,137,0.137,0.6734875692535889
718,859,141,0.141,0.6863870095610619
704,852,148,0.148,0.6723762712888274
758,879,121,0.121,0.5899587827483193
708,854,146,0.146,0.6800221855929122
662,831,169,0.169,0.7155063167192525
764,882,118,0.118,0.6466446992885322
688,844,156,0.156,0.722214643124491
706,853,147,0.147,0.7001450148522854
712,856,144,0.144,0.7021048415447585
706,853,147,0.147,0.7002609163522721
740,870,130,0.13,0.6596425012014806
730,865,135,0.135,0.6774535954585299
706,853,147,0.147,0.7136215120697743
760,880,120,0.12,0.6690533732848999
766,883,117,0.117,0.6486153103429824
750,875,125,0.125,0.6425943643301726
770,885,115,0.115,0.6846996640563011
728,864,136,0.136,0.6877642548741087
652,826,174,0.174,0.7044550796002149
768,884,116,0.116,0.6463290933519602
736,868,132,0.132,0.6713895465135574
708,854,146,0.146,0.6837323235869408
664,832,168,0.168,0.6962501046210527
698,849,151,0.151,0.6896446580439844
694,847,153,0.153,0.6736099556982518
746,873,127,0.127,0.6813907012245763
742,871,129,0.129,0.6654959467872977
750,875,125,0.125,0.6502095208019019
666,833,167,0.167,0.7055333695709706
672,836,164,0.164,0.6991415124312044
708,854,146,0.146,0.6331792569756508
750,875,125,0.125,0.6754912878721953
728,864,136,0.136,0.669322345419816
700,850,150,0.15,0.695347553178668
774,887,113,0.113,0.6319977114698849
688,844,156,0.156,0.7106909550726414
736,868,132,0.132,0.650398149445653
682,841,159,0.159,0.6710703476928175
696,848,152,0.152,0.7186164286881686
718,859,141,0.141,0.6705042773708701
748,874,126,0.126,0.702684824922122
758,879,121,0.121,0.6524084453742253
650,825,175,0.175,0.738946691274643
738,869,131,0.131,0.681675113722682
730,865,135,0.135,0.6469324137148796
784,892,108,0.108,0.6783875664845109
734,867,133,0.133,0.6766062169051729
758,879,121,0.121,0.671546852350235
698,849,151,0.151,0.6954389564096928
726,863,137,0.137,0.6469132242947817
802,901,99,0.099,0.6001489163416555
710,855,145,0.145,0.6965448097140756
724,862,138,0.138,0.7000294753164052
754,877,123,0.123,0.6464451532363892
760,880,120,0.12,0.6664303710460663
694,847,153,0.153,0.6985801006965362
740,870,130,0.13,0.6705271002352238
766,883,117,0.117,0.6840835063308477
722,861,139,0.139,0.6756326081287116
782,891,109,0.109,0.6542523034065962
770,885,115,0.115,0.6501880117803812
736,868,132,0.132,0.6509362584948539
808,904,96,0.096,0.6119898141855374
684,842,158,0.158,0.7151779601871967
738,869,131,0.131,0.6521796199530363
734,867,133,0.133,0.6767437750767276
740,870,130,0.13,0.6812747432142496
724,862,138,0.138,0.7194037067053505
696,848,152,0.152,0.7022372934520245
698,849,151,0.151,0.7045768492668867
760,880,120,0.12,0.6508133951161071
744,872,128,0.128,0.6819140057590253
718,859,141,0.141,0.700354223281145
744,872,128,0.128,0.675875719934702
754,877,123,0.123,0.658473482504487
722,861,139,0.139,0.691216434719041
730,865,135,0.135,0.6653089002538473
700,850,150,0.15,0.693462155455266
772,886,114,0.114,0.6331858154386282
736,868,132,0.132,0.6899832156486809
748,874,126,0.126,0.6617785022296011
688,844,156,0.156,0.634594232276082
724,862,138,0.138,0.6875376918017865
744,872,128,0.128,0.6417483718025032
744,872,128,0.128,0.6739822348058224
740,870,130,0.13,0.6406118386686024
680,840,160,0.16,0.6821746422201395
798,899,101,0.101,0.6159730854332447
768,884,116,0.116,0.6248192660957574
736,868,132,0.132,0.6500121855735779
710,855,145,0.145,0.6578418884128332
736,868,132,0.132,0.6501568665802478
770,885,115,0.115,0.6480654475986958
780,890,110,0.11,0.642326288446784
790,895,105,0.105,0.6444337428467115
712,856,144,0.144,0.6916674982309341
814,907,93,0.093,0.5947460523247718
744,872,128,0.128,0.6825675489604474
772,886,114,0.114,0.6511916305348278
746,873,127,0.127,0.6482308267205954
738,869,131,0.131,0.6478799344599246
738,869,131,0.131,0.6484220221191644
744,872,128,0.128,0.6360354177877307
740,870,130,0.13,0.6615378811508417
720,860,140,0.14,0.6829630695283413
762,881,119,0.119,0.6644442210942507
766,883,117,0.117,0.6220892503492432
722,861,139,0.139,0.6767922710725688
744,872,128,0.128,0.6280787508487702
738,869,131,0.131,0.6866169186085462
808,904,96,0.096,0.6508640829622746
768,884,116,0.116,0.6836648421760038
740,870,130,0.13,0.6612746775671839
740,870,130,0.13,0.6559504219343653
786,893,107,0.107,0.6334515344328829
720,860,140,0.14,0.6923203609883786
740,870,130,0.13,0.6714012201875448
734,867,133,0.133,0.6654723909087479
728,864,136,0.136,0.6712119218989974
768,884,116,0.116,0.6217015762784317
710,855,145,0.145,0.7049487334936857
748,874,126,0.126,0.6437994708120823
738,869,131,0.131,0.6360534549951553
778,889,111,0.111,0.6473513577207923
680,840,160,0.16,0.6597633154541254
706,853,147,0.147,0.6804734230339528
794,897,103,0.103,0.6209262252398766
722,861,139,0.139,0.6552237474752347
764,882,118,0.118,0.6446618403121829
710,855,145,0.145,0.6604859253019094
716,858,142,0.142,0.6836187681555748
748,874,126,0.126,0.6556593276858343
740,870,130,0.13,0.6643748667887246
712,856,144,0.144,0.6407293060719967
714,857,143,0.143,0.6832789953798055
718,859,141,0.141,0.671445209980011
750,875,125,0.125,0.6527201242148876
762,881,119,0.119,0.6534133319719291
776,888,112,0.112,0.6494732221402227
684,842,158,0.158,0.6907477191388607
772,886,114,0.114,0.5924791859984397
780,890,110,0.11,0.6345554506778717
810,905,95,0.095,0.6427693297481164
724,862,138,0.138,0.6538705163598061
736,868,132,0.132,0.6244956892207265
772,886,114,0.114,0.6472047532945872
788,894,106,0.106,0.627173279447481
800,900,100,0.1,0.603735829167068
740,870,130,0.13,0.6692786907702685
710,855,145,0.145,0.6710644121468067
748,874,126,0.126,0.6291824414208531
708,854,146,0.146,0.6601651991009713
742,871,129,0.129,0.647032260209322
762,881,119,0.119,0.6433331365470148
674,837,163,0.163,0.6985909685492516
748,874,126,0.126,0.646005271166563
682,841,159,0.159,0.6783709879517555
744,872,128,0.128,0.6380488034886648
744,872,128,0.128,0.6614933414906263
772,886,114,0.114,0.6128973964761298
750,875,125,0.125,0.6391436298675836
796,898,102,0.102,0.6343855857998133
738,869,131,0.131,0.6817757407948375
734,867,133,0.133,0.6602236991077661
750,875,125,0.125,0.6297740370929241
704,852,148,0.148,0.6852316992850974
768,884,116,0.116,0.6397806418893451
740,870,130,0.13,0.6298359371423722
780,890,110,0.11,0.6292904749959707
740,870,130,0.13,0.6616012519108263
778,889,111,0.111,0.6653746775202453
706,853,147,0.147,0.7031024799561127
722,861,139,0.139,0.6431496551036835
732,866,134,0.134,0.6488327698409557
740,870,130,0.13,0.6127845167666673
754,877,123,0.123,0.6267365596741438
734,867,133,0.133,0.6762174399495124
686,843,157,0.157,0.6912334443479776
764,882,118,0.118,0.6387962431907653
778,889,111,0.111,0.6049324916005134
768,884,116,0.116,0.5622693687081337
788,894,106,0.106,0.6322791004180908
746,873,127,0.127,0.6393066189959645
754,877,123,0.123,0.5946649001985789
778,889,111,0.111,0.6216440833210946
784,892,108,0.108,0.6090709698861756
762,881,119,0.119,0.6734846806824207
756,878,122,0.122,0.647880474343896
786,893,107,0.107,0.6038289201408624
816,908,92,0.092,0.603577279652437
738,869,131,0.131,0.6158727436810731
684,842,158,0.158,0.6508412984013557
714,857,143,0.143,0.6476792351430922
720,860,140,0.14,0.6941728276610375
702,851,149,0.149,0.6173609255924821
712,856,144,0.144,0.6697110247658565
752,876,124,0.124,0.6289905439391732
784,892,108,0.108,0.6123302469700574
746,873,127,0.127,0.6121813301146031
764,882,118,0.118,0.6032426060438156
778,889,111,0.111,0.6048471469581229
720,860,140,0.14,0.6479850746691227
732,866,134,0.134,0.6042973364777863
694,847,153,0.153,0.6607349515706301
698,849,151,0.151,0.6068617235571147
746,873,127,0.127,0.5970879183755141
736,868,132,0.132,0.6245114598274231
744,872,128,0.128,0.5943318137228489
774,887,113,0.113,0.5891952564567328
712,856,144,0.144,0.6531106417626142
682,841,159,0.159,0.6254778435043991
756,878,122,0.122,0.6054981344491244
756,878,122,0.122,0.6515747431516647
726,863,137,0.137,0.6484328790247007
670,835,165,0.165,0.6894061073980348
712,856,144,0.144,0.63121370652318
688,844,156,0.156,0.6689470900893212
750,875,125,0.125,0.6171591484099627
792,896,104,0.104,0.6506160506857559
736,868,132,0.132,0.6408684348985553
808,904,96,0.096,0.5964433121643961
712,856,144,0.144,0.6384190344512463
744,872,128,0.128,0.6555238973610104
666,833,167,0.167,0.6466927544027566
708,854,146,0.146,0.6726075117588043
750,875,125,0.125,0.6411494472622872
774,887,113,0.113,0.6065347351878881
710,855,145,0.145,0.6678480611741543
690,845,155,0.155,0.6786555165424943
752,876,124,0.124,0.647484320159303
694,847,153,0.153,0.6503301728963852
784,892,108,0.108,0.6006985474973917
710,855,145,0.145,0.6553793423771859
732,866,134,0.134,0.6356372128427029
750,875,125,0.125,0.6498889450244606
648,824,176,0.176,0.6697304274104535
728,864,136,0.136,0.634205579906702
764,882,118,0.118,0.6255061955600977
748,874,126,0.126,0.6541743623614311
684,842,158,0.158,0.625331782951951
698,849,151,0.151,0.6698279283642768
734,867,133,0.133,0.6254424110203981
750,875,125,0.125,0.5933575298041105
744,872,128,0.128,0.6446956605315208
698,849,151,0.151,0.6448173207491636
720,860,140,0.14,0.6423276725560426
738,869,131,0.131,0.6310339977145195
734,867,133,0.133,0.6148736998122185
724,862,138,0.138,0.6450380799174309
694,847,153,0.153,0.6433656786233187
762,881,119,0.119,0.6364686494469642
704,852,148,0.148,0.6679185159951448
696,848,152,0.152,0.6631461605952652
728,864,136,0.136,0.644712189733982
714,857,143,0.143,0.6423471077978611
754,877,123,0.123,0.6646804287135601
736,868,132,0.132,0.5972721523046494
764,882,118,0.118,0.6173482362277809
736,868,132,0.132,0.6342918413877487
816,908,92,0.092,0.5876557421088219
764,882,118,0.118,0.6355502569824457
706,853,147,0.147,0.6399008084218367
730,865,135,0.135,0.6492972252918408
772,886,114,0.114,0.5955580425262451
754,877,123,0.123,0.6311141970157623
736,868,132,0.132,0.662096013572067
720,860,140,0.14,0.6029281630490857
728,864,136,0.136,0.6405341010987758
750,875,125,0.125,0.6433030762821436
772,886,114,0.114,0.5749292853027582
650,825,175,0.175,0.6950097943339497
718,859,141,0.141,0.6209444805681705
700,850,150,0.15,0.640858781605959
756,878,122,0.122,0.5817661613374948
748,874,126,0.126,0.6001634262651205
742,871,129,0.129,0.624944404900074
702,851,149,0.149,0.6350348612368106
726,863,137,0.137,0.6166170265232213
738,869,131,0.131,0.6157405093931593
740,870,130,0.13,0.6118944223076105
704,852,148,0.148,0.6428324368502945
716,858,142,0.142,0.6399869102984667
768,884,116,0.116,0.5874391484111547
722,861,139,0.139,0.6490816927552223
760,880,120,0.12,0.5859240768104792
714,857,143,0.143,0.6091930447654429
766,883,117,0.117,0.5897187861651182
812,906,94,0.094,0.6050162117928266
754,877,123,0.123,0.5799183568954468
720,860,140,0.14,0.6205578783731908
774,887,113,0.113,0.5937485316842794
702,851,149,0.149,0.6584035156667233
654,827,173,0.173,0.6598900294303894
820,910,90,0.09,0.570664115935564
714,857,143,0.143,0.5965269821882248
764,882,118,0.118,0.6482482350617648
756,878,122,0.122,0.6015126457354054
752,876,124,0.124,0.5922066220864654
676,838,162,0.162,0.6532529459148645
706,853,147,0.147,0.636640346897053
708,854,146,0.146,0.620963640794158
680,840,160,0.16,0.6633206536024809
658,829,171,0.171,0.6413846705258475
770,885,115,0.115,0.6069986678725109
700,850,150,0.15,0.6388501836809357
736,868,132,0.132,0.655726234793663
732,866,134,0.134,0.6545045317411423
734,867,133,0.133,0.6159320145035163
704,852,148,0.148,0.6423672934109345
778,889,111,0.111,0.5814307913780212
744,872,128,0.128,0.6119294329285622
720,860,140,0.14,0.6298523622140055
794,897,103,0.103,0.5467633279114962
748,874,126,0.126,0.6202733143121004
752,876,124,0.124,0.6057805058509111
710,855,145,0.145,0.5798350470215082
764,882,118,0.118,0.6309315806627274
762,881,119,0.119,0.6166639149188995
744,872,128,0.128,0.5923721456974744
738,869,131,0.131,0.6084739114493132
690,845,155,0.155,0.6522437658619455
738,869,131,0.131,0.5992896276265383
730,865,135,0.135,0.6114827539026737
764,882,118,0.118,0.6086097694784403
738,869,131,0.131,0.618061962068081
720,860,140,0.14,0.6303311553448439
674,837,163,0.163,0.6464342539161444
694,847,153,0.153,0.5977212644517421
764,882,118,0.118,0.6232822425961494
710,855,145,0.145,0.6356097905337811
716,858,142,0.142,0.5873124731779098
782,891,109,0.109,0.5915899762660265
712,856,144,0.144,0.6429455086439848
716,858,142,0.142,0.6360989438593387
664,832,168,0.168,0.6440020438879729
758,879,121,0.121,0.6300472007542849
790,895,105,0.105,0.5837355883420576
726,863,137,0.137,0.6070749042928218
706,853,147,0.147,0.6196038921177387
752,876,124,0.124,0.629371950313449
758,879,121,0.121,0.6000195787250996
672,836,164,0.164,0.6536516895890236
734,867,133,0.133,0.6231512702554465
708,854,146,0.146,0.6352448475807905
746,873,127,0.127,0.6123008855208755
692,846,154,0.154,0.6508683271165937
724,862,138,0.138,0.6080943363308906
748,874,126,0.126,0.6185364129993802
764,882,118,0.118,0.6114183687400073
732,866,134,0.134,0.6142065097689628
718,859,141,0.141,0.6274325220137834
698,849,151,0.151,0.6749105016291141
774,887,113,0.113,0.5775924707055092
732,866,134,0.134,0.5862331591397524
754,877,123,0.123,0.6209785657972098
704,852,148,0.148,0.6136052455633472
710,855,145,0.145,0.626838676944375
700,850,150,0.15,0.6169040620923042
762,881,119,0.119,0.5780496684610844
730,865,135,0.135,0.6039406732469798
748,874,126,0.126,0.62442816747725
764,882,118,0.118,0.5873921598079614
712,856,144,0.144,0.6282019613655284
758,879,121,0.121,0.6111944210380316
696,848,152,0.152,0.6377052734196186
760,880,120,0.12,0.5991813379753289
794,897,103,0.103,0.6182051930427551
748,874,126,0.126,0.6038301235288381
712,856,144,0.144,0.6363524066060782
722,861,139,0.139,0.6110692292153835
740,870,130,0.13,0.6153526966571807
738,869,131,0.131,0.5635575916469097
708,854,146,0.146,0.5893663306087256
700,850,150,0.15,0.6292556360512972
752,876,124,0.124,0.5870142067819833
728,864,136,0.136,0.5838500168155879
722,861,139,0.139,0.6138451645076275
710,855,145,0.145,0.6119973428323865
714,857,143,0.143,0.5819641774698976
672,836,164,0.164,0.6714946346953511
730,865,135,0.135,0.5949207956641912
726,863,137,0.137,0.6064870159700513
688,844,156,0.156,0.6370394307076931
734,867,133,0.133,0.5707445187680423
736,868,132,0.132,0.6159758445031084
722,861,139,0.139,0.6109853300899267
726,863,137,0.137,0.6131186496019363
696,848,152,0.152,0.6317445004060864
722,861,139,0.139,0.6108226135373116
740,870,130,0.13,0.5958153051436056
728,864,136,0.136,0.6041868391054377
776,888,112,0.112,0.5877472830452025
786,893,107,0.107,0.5629399727284908
740,870,130,0.13,0.5711665424853564
732,866,134,0.134,0.5857765219062567
792,896,104,0.104,0.5743091085702181
718,859,141,0.141,0.6077189294248819
704,852,148,0.148,0.6233315894901752
750,875,125,0.125,0.5745692315995693
724,862,138,0.138,0.58374892464187
672,836,164,0.164,0.6173548765786324
764,882,118,0.118,0.6056229146122932
814,907,93,0.093,0.5772397439479828
718,859,141,0.141,0.6130513773355633
718,859,141,0.141,0.5793589856289327
704,852,148,0.148,0.6119652160853147
696,848,152,0.152,0.6414544828087091
678,839,161,0.161,0.6245211887061596
732,866,134,0.134,0.6015885524302721
816,908,92,0.092,0.5694334776438773
720,860,140,0.14,0.6098507309854031
758,879,121,0.121,0.5834769630804658
750,875,125,0.125,0.5882652725046419
720,860,140,0.14,0.594114665158093
756,878,122,0.122,0.5684519750028849
760,880,120,0.12,0.5786546142576262
788,894,106,0.106,0.5815660621498974
704,852,148,0.148,0.5748315038979054
800,900,100,0.1,0.5574843049611663
772,886,114,0.114,0.5388063149440568
758,879,121,0.121,0.5604300986123272
692,846,154,0.154,0.6159626096040011
728,864,136,0.136,0.621758120700717
668,834,166,0.166,0.6520524471849203
698,849,151,0.151,0.6100221690617982
728,864,136,0.136,0.5663828625231981
708,854,146,0.146,0.5687693202495575
728,864,136,0.136,0.5965402583479882
712,856,144,0.144,0.5941723483651876
722,861,139,0.139,0.575901324108243
752,876,124,0.124,0.5722115999609232
790,895,105,0.105,0.5465864600539208
738,869,131,0.131,0.6089478962770626
656,828,172,0.172,0.6320130623281002
740,870,130,0.13,0.6235811005234718
706,853,147,0.147,0.5906238888949156
784,892,108,0.108,0.5443091266900301
764,882,118,0.118,0.5840291934013366
658,829,171,0.171,0.6640240608153154
768,884,116,0.116,0.5474882148662
772,886,114,0.114,0.5957252966612577
712,856,144,0.144,0.5879710787758231
770,885,115,0.115,0.5414200740754604
808,904,96,0.096,0.5605765837281942
760,880,120,0.12,0.5699960675251786
770,885,115,0.115,0.5499377090558409
732,866,134,0.134,0.5831867078989855
734,867,133,0.133,0.6272670540511608
702,851,149,0.149,0.5804133361417771
722,861,139,0.139,0.5946437002494931
744,872,128,0.128,0.5651447521746159
730,865,135,0.135,0.5652164351427346
752,876,124,0.124,0.6100064736753702
762,881,119,0.119,0.5844969376772642
796,898,102,0.102,0.5593189245909452
734,867,133,0.133,0.5710312245041131
704,852,148,0.148,0.5637449143156409
760,880,120,0.12,0.5804470649659633
756,878,122,0.122,0.5797960429340601
726,863,137,0.137,0.6082900580838323
672,836,164,0.164,0.5895313692326783
772,886,114,0.114,0.566666918111965
734,867,133,0.133,0.5643457318544388
680,840,160,0.16,0.6055248700082302
744,872,128,0.128,0.5803909162133932
734,867,133,0.133,0.5718207722455263
728,864,136,0.136,0.5345105174332857
726,863,137,0.137,0.5903604673882946
738,869,131,0.131,0.5527695279214488
758,879,121,0.121,0.5363012705445289
738,869,131,0.131,0.5966115532138793
712,856,144,0.144,0.6001949437111617
804,902,98,0.098,0.5374076254181563
784,892,108,0.108,0.5465716326534749
676,838,162,0.162,0.6086477361768484
722,861,139,0.139,0.5859060673117638
724,862,138,0.138,0.574125969901681
766,883,117,0.117,0.596465765550267
700,850,150,0.15,0.5986021270718193
810,905,95,0.095,0.5516775119900703
682,841,159,0.159,0.5735090757012368
758,879,121,0.121,0.5946769439429045
684,842,158,0.158,0.5787261454090477
738,869,131,0.131,0.5833208592385054
780,890,110,0.11,0.5357582604683828
726,863,137,0.137,0.5730660441070795
762,881,119,0.119,0.550458317309618
752,876,124,0.124,0.5661442212611437
758,879,121,0.121,0.5637913112193346
836,918,82,0.082,0.49873916557194026
708,854,146,0.146,0.6117571854144335
748,874,126,0.126,0.5612785523086786
768,884,116,0.116,0.5636419914960861
748,874,126,0.126,0.5786656224280595
696,848,152,0.152,0.613009111136198
784,892,108,0.108,0.5570677917450666
780,890,110,0.11,0.5270520855784416
722,861,139,0.139,0.5729316133111715
776,888,112,0.112,0.5367905533611774
722,861,139,0.139,0.5786959162652493
740,870,130,0.13,0.5659120416641236
690,845,155,0.155,0.5950831277482211
730,865,135,0.135,0.5629281506054103
734,867,133,0.133,0.543488040949218
710,855,145,0.145,0.5906492525041104
766,883,117,0.117,0.5771156035831873
708,854,146,0.146,0.5758497912436724
740,870,130,0.13,0.5718730478584766
778,889,111,0.111,0.5533347231596708
714,857,143,0.143,0.5833721421808005
754,877,123,0.123,0.5144672834556732
672,836,164,0.164,0.6002767027914524
718,859,141,0.141,0.5646715319384821
708,854,146,0.146,0.5611596446186304
774,887,113,0.113,0.5584318838864565
720,860,140,0.14,0.5661303540170193
788,894,106,0.106,0.5222642325907946
746,873,127,0.127,0.5358622605651617
778,889,111,0.111,0.5446512962739216
692,846,154,0.154,0.5765369460582733
788,894,106,0.106,0.5270845363140106
676,838,162,0.162,0.6077883570911363
770,885,115,0.115,0.5528417253196239
706,853,147,0.147,0.6020958978831769
742,871,129,0.129,0.5916604563731025
776,888,112,0.112,0.5480338196754455
724,862,138,0.138,0.5890577675923705
774,887,113,0.113,0.5455648325819057
746,873,127,0.127,0.5596194944458548
762,881,119,0.119,0.5365638645580039
780,890,110,0.11,0.5609906683681766
792,896,104,0.104,0.5312702204436064
768,884,116,0.116,0.563352654830087
718,859,141,0.141,0.5835431208293157
794,897,103,0.103,0.5402818637496093
768,884,116,0.116,0.5594580200240016
736,868,132,0.132,0.5553906469793146
712,856,144,0.144,0.5658915379941464
762,881,119,0.119,0.5402494186908007
716,858,142,0.142,0.585254226848483
736,868,132,0.132,0.5769659927712055
758,879,121,0.121,0.5520125199630856
778,889,111,0.111,0.5273372909873724
760,880,120,0.12,0.5648664973229169
764,882,118,0.118,0.5421257221689447
724,862,138,0.138,0.5641771836738771
718,859,141,0.141,0.5909936812392261
738,869,131,0.131,0.5913717990244286
838,919,81,0.081,0.4833188495635986
818,909,91,0.091,0.5358008019370621
736,868,132,0.132,0.5575589135959744
784,892,108,0.108,0.5536642223000526
730,865,135,0.135,0.5341073315516114
804,902,98,0.098,0.46842167585343125
724,862,138,0.138,0.5658744834656536
788,894,106,0.106,0.5049615374360114
698,849,151,0.151,0.6224887772351504
746,873,127,0.127,0.5184967720517327
774,887,113,0.113,0.5132078628391027
742,871,129,0.129,0.534514049127698
750,875,125,0.125,0.5326054809093476
774,887,113,0.113,0.5292776299864054
760,880,120,0.12,0.551625129295513
754,877,123,0.123,0.5258282956033945
748,874,126,0.126,0.5418663587146075
696,848,152,0.152,0.6010105057060718
712,856,144,0.144,0.5580981537997722
816,908,92,0.092,0.513808228187263
806,903,97,0.097,0.5282145849913359
742,871,129,0.129,0.5614655095934867
754,877,123,0.123,0.5475948003688828
718,859,141,0.141,0.5090791984200478
720,860,140,0.14,0.5607258562296629
802,901,99,0.099,0.51723526263237
762,881,119,0.119,0.5242229713946581
786,893,107,0.107,0.5130595091752476
774,887,113,0.113,0.5078253529965877
714,857,143,0.143,0.5472638927102089
760,880,120,0.12,0.5312338191270828
744,872,128,0.128,0.5219521507322789
760,880,120,0.12,0.4996839952468872
650,825,175,0.175,0.5706770014520735
750,875,125,0.125,0.5518398544043303
702,851,149,0.149,0.568174567838665
712,856,144,0.144,0.559627802863717
748,874,126,0.126,0.5475970348566771
728,864,136,0.136,0.5655328208059073
706,853,147,0.147,0.5656934034273727
760,880,120,0.12,0.5417158841992495
780,890,110,0.11,0.4858154877643974
766,883,117,0.117,0.5078328203763813
718,859,141,0.141,0.5395615522563457
744,872,128,0.128,0.5886368592940271
798,899,101,0.101,0.5126095632873475
726,863,137,0.137,0.540940246284008
708,854,146,0.146,0.5784118065983057
662,831,169,0.169,0.5872757641898397
720,860,140,0.14,0.5437002647292393
680,840,160,0.16,0.5766987908134324
750,875,125,0.125,0.5109572938537261
682,841,159,0.159,0.5847022891645504
762,881,119,0.119,0.5194068739309441
750,875,125,0.125,0.5387596622258425
758,879,121,0.121,0.533964432395696
734,867,133,0.133,0.5510446037203074
692,846,154,0.154,0.5684777936339378
740,870,130,0.13,0.5596832257062196
772,886,114,0.114,0.5289866332262755
694,847,153,0.153,0.5636011778712272
724,862,138,0.138,0.5303973427861929
780,890,110,0.11,0.5208549263030291
750,875,125,0.125,0.5257119265794754
722,861,139,0.139,0.5680907345116138
716,858,142,0.142,0.5821807665885426
766,883,117,0.117,0.5379428128749132
736,868,132,0.132,0.5309700928777457
824,912,88,0.088,0.48924436744302513
698,849,151,0.151,0.5445276811122894
722,861,139,0.139,0.5595287265479565
772,886,114,0.114,0.517457271374762
748,874,126,0.126,0.516882788054645
720,860,140,0.14,0.5202868386209011
700,850,150,0.15,0.5715451444461942
676,838,162,0.162,0.5752662442326546
698,849,151,0.151,0.5299616089956835
728,864,136,0.136,0.5366576043739915
744,872,128,0.128,0.5547801350429654
752,876,124,0.124,0.5452996508553624
710,855,145,0.145,0.5251794495433569
744,872,128,0.128,0.5367097957264632
740,870,130,0.13,0.5291429214591917
742,871,129,0.129,0.5431735733598471
784,892,108,0.108,0.5419988552695141
672,836,164,0.164,0.5403822735771537
768,884,116,0.116,0.5116074059307575
776,888,112,0.112,0.5441060574352741
682,841,159,0.159,0.5810071887969971
750,875,125,0.125,0.5158804057314992
698,849,151,0.151,0.5524508767426014
674,837,163,0.163,0.5573919426649809
766,883,117,0.117,0.5360238825976849
726,863,137,0.137,0.5404781426489353
742,871,129,0.129,0.5346003795266151
730,865,135,0.135,0.541740348264575
714,857,143,0.143,0.5555285478457809
712,856,144,0.144,0.5743665266335011
784,892,108,0.108,0.5416203612060927
704,852,148,0.148,0.5707862548977136
816,908,92,0.092,0.49647665497660637
706,853,147,0.147,0.5480185076221824
778,889,111,0.111,0.5003854809342173
796,898,102,0.102,0.5231550861895085
746,873,127,0.127,0.5269860427826643
774,887,113,0.113,0.4731760990172625
734,867,133,0.133,0.5401741493763402
800,900,100,0.1,0.4848934531658888
756,878,122,0.122,0.5472601347593591
746,873,127,0.127,0.5209094027876854
764,882,118,0.118,0.5535228395462036
760,880,120,0.12,0.5427838009521365
764,882,118,0.118,0.5297952793538571
780,890,110,0.11,0.5102232907265425
760,880,120,0.12,0.497224196882773
778,889,111,0.111,0.5057338069393663
762,881,119,0.119,0.5108106015622615
704,852,148,0.148,0.5192318575903774
792,896,104,0.104,0.5098701800396666
772,886,114,0.114,0.4831971839568578
754,877,123,0.123,0.536298141464591
762,881,119,0.119,0.4925409920038105
732,866,134,0.134,0.5240865265578032
754,877,123,0.123,0.5417936808319719
804,902,98,0.098,0.47623180311918256
758,879,121,0.121,0.5054115345180035
756,878,122,0.122,0.5146527051478624
654,827,173,0.173,0.5783195467442274
772,886,114,0.114,0.5106295808356954
704,852,148,0.148,0.5283205116763711
754,877,123,0.123,0.5097877103351056
780,890,110,0.11,0.5256118016066029
718,859,141,0.141,0.5411761053234805
790,895,105,0.105,0.46994323171675206
760,880,120,0.12,0.4849575939029455
742,871,129,0.129,0.5364828430339694
718,859,141,0.141,0.5405333914011717
716,858,142,0.142,0.5426410589702427
808,904,96,0.096,0.4823247269615531
694,847,153,0.153,0.5245433905108366
734,867,133,0.133,0.5159239229559899
740,870,130,0.13,0.5020260412245989
692,846,154,0.154,0.530531703807414
768,884,116,0.116,0.4934801510795951
764,882,118,0.118,0.5121887445449829
794,897,103,0.103,0.4931841865112074
740,870,130,0.13,0.5114711374342441
698,849,151,0.151,0.5534350739121437
718,859,141,0.141,0.5470991520136594
782,891,109,0.109,0.505610961779952
724,862,138,0.138,0.5364716395437717
734,867,133,0.133,0.5302492697425186
752,876,124,0.124,0.5182234982997179
742,871,129,0.129,0.5089108318202198
650,825,175,0.175,0.5518288945555687
774,887,113,0.113,0.48187654958013443
800,900,100,0.1,0.4948088152706623
714,857,143,0.143,0.5347692160792649
722,861,139,0.139,0.5164378483521578
806,903,97,0.097,0.478097303904593
720,860,140,0.14,0.5267845828160643
766,883,117,0.117,0.46387581200897693
720,860,140,0.14,0.5474122548699379
702,851,149,0.149,0.5583565312176942
758,879,121,0.121,0.5234033586834558
712,856,144,0.144,0.5252610341757535
788,894,106,0.106,0.5213045528593866
746,873,127,0.127,0.4917892201989889
738,869,131,0.131,0.5332228772044182
702,851,149,0.149,0.5129711487963796
788,894,106,0.106,0.5075677300896495
786,893,107,0.107,0.47962509978935125
746,873,127,0.127,0.5033553117066621
796,898,102,0.102,0.4664147755540907
696,848,152,0.152,0.5538744225995615
784,892,108,0.108,0.516996153742075
770,885,115,0.115,0.5047992726348457
768,884,116,0.116,0.5227072990778834
688,844,156,0.156,0.5196699344029184
764,882,118,0.118,0.5203070537298917
784,892,108,0.108,0.5015872261971235
700,850,150,0.15,0.5234835742870273
738,869,131,0.131,0.5490510806590319
822,911,89,0.089,0.4614415103048086
736,868,132,0.132,0.5073289359509945
730,865,135,0.135,0.516666671320796
774,887,113,0.113,0.4898661280199885
728,864,136,0.136,0.5228675159215928
738,869,131,0.131,0.521122293189168
760,880,120,0.12,0.4773078650832176
716,858,142,0.142,0.5188680471852422
736,868,132,0.132,0.5107318640053272
750,875,125,0.125,0.5188769144564866
720,860,140,0.14,0.5049247727580368
772,886,114,0.114,0.4959875806561751
818,909,91,0.091,0.4828824633657932
744,872,128,0.128,0.5009238510802388
812,906,94,0.094,0.4681441805190989
714,857,143,0.143,0.5419385061948561
776,888,112,0.112,0.5071730573448349
772,886,114,0.114,0.4883708910122514
810,905,95,0.095,0.4924105007275939
782,891,109,0.109,0.49273608371615407
782,891,109,0.109,0.5050102140456438
774,887,113,0.113,0.4553911162018776
718,859,141,0.141,0.5028352649509906
742,871,129,0.129,0.48689399113878606
740,870,130,0.13,0.49486389894783495
712,856,144,0.144,0.48735007071495073
776,888,112,0.112,0.469899232365191
720,860,140,0.14,0.5517498057644336
804,902,98,0.098,0.47102092059701683
710,855,145,0.145,0.5440460502877832
666,833,167,0.167,0.5355933010727167
770,885,115,0.115,0.48959599536657333
740,870,130,0.13,0.5304257927462459
742,871,129,0.129,0.5163958111783946
758,879,121,0.121,0.5136342424075119
746,873,127,0.127,0.49570387390628456
848,924,76,0.076,0.4587709578126669
726,863,137,0.137,0.5654721837491852
808,904,96,0.096,0.4719742089435458
694,847,153,0.153,0.48397645056250643
718,859,141,0.141,0.5131026323437691
720,860,140,0.14,0.4996218028496951
720,860,140,0.14,0.4844555651694536
720,860,140,0.14,0.512793345361948
756,878,122,0.122,0.4913915260732174
730,865,135,0.135,0.4836433481089771
748,874,126,0.126,0.5217430443614721
664,832,168,0.168,0.5380115361511707
754,877,123,0.123,0.5165878321016207
778,889,111,0.111,0.4836399684399366
730,865,135,0.135,0.5371405147537589
788,894,106,0.106,0.4849339856430888
794,897,103,0.103,0.4711458454579115
692,846,154,0.154,0.5482802527993917
706,853,147,0.147,0.540036935403943
726,863,137,0.137,0.4868184577077627
814,907,93,0.093,0.48645543917268513
752,876,124,0.124,0.5047837120592594
738,869,131,0.131,0.5021042662225663
762,881,119,0.119,0.45986879979074
752,876,124,0.124,0.4864061314463615
704,852,148,0.148,0.5376795770227909
778,889,111,0.111,0.4779053796912922
800,900,100,0.1,0.4760756341516972
698,849,151,0.151,0.5436323654428125
728,864,136,0.136,0.5293860017433762
772,886,114,0.114,0.47267728100717066
748,874,126,0.126,0.50413215842098
720,860,140,0.14,0.529550304800272
774,887,113,0.113,0.4706169323697686
748,874,126,0.126,0.49952493292838335
742,871,129,0.129,0.5395231014192104
748,874,126,0.126,0.5078459729817707
716,858,142,0.142,0.5137826170325279
684,842,158,0.158,0.5176287844628096
740,870,130,0.13,0.516085202626884
782,891,109,0.109,0.49080718934349715
778,889,111,0.111,0.4841313492283225
700,850,150,0.15,0.5465606935876751
732,866,134,0.134,0.5418353622853755
732,866,134,0.134,0.5196541631889995
714,857,143,0.143,0.4951334447711706
696,848,152,0.152,0.5042612488977611
724,862,138,0.138,0.5321262612044853
686,843,157,0.157,0.5117543066700455
762,881,119,0.119,0.481347516015172
710,855,145,0.145,0.5571434315219521
750,875,125,0.125,0.49435653157532217
724,862,138,0.138,0.5178726711869239
708,854,146,0.146,0.5348949537426233
712,856,144,0.144,0.5009793747365475
754,877,123,0.123,0.5061730560921133
758,879,121,0.121,0.5179636978060007
748,874,126,0.126,0.4986148271039128
732,866,134,0.134,0.4919921600926318
732,866,134,0.134,0.5001794457137585
740,870,130,0.13,0.5037763342242688
770,885,115,0.115,0.5071505284458399
742,871,129,0.129,0.5331932959372954
792,896,104,0.104,0.4647252768278122
738,869,131,0.131,0.5435045916214585
770,885,115,0.115,0.48287649065256116
734,867,133,0.133,0.5143054520040751
744,872,128,0.128,0.5055762050151825
816,908,92,0.092,0.4742128463499248
782,891,109,0.109,0.4777788977585733
754,877,123,0.123,0.48288097926974294
764,882,118,0.118,0.514097885414958
724,862,138,0.138,0.4780290514975786
720,860,140,0.14,0.5002903733626008
730,865,135,0.135,0.4854067569449544
726,863,137,0.137,0.5233850119896233
754,877,123,0.123,0.4871263902001083
748,874,126,0.126,0.48664299777150155
736,868,132,0.132,0.4769139806032181
708,854,146,0.146,0.5062976226732134
712,856,144,0.144,0.5194454766735435
756,878,122,0.122,0.43817294146865604
754,877,123,0.123,0.5158942046896855
766,883,117,0.117,0.4630044104531407
738,869,131,0.131,0.5075755969583988
784,892,108,0.108,0.4642643121890724
766,883,117,0.117,0.4717731479555368
712,856,144,0.144,0.5293095595091581
718,859,141,0.141,0.5258580821678043
748,874,126,0.126,0.49953574348427354
698,849,151,0.151,0.5208327045016976
832,916,84,0.084,0.4637824763357639
694,847,153,0.153,0.5437681253477931
744,872,128,0.128,0.4992360916957261
676,838,162,0.162,0.5026835907250643
682,841,159,0.159,0.5439607598856091
760,880,120,0.12,0.4906454647183418
730,865,135,0.135,0.47836672725342216
786,893,107,0.107,0.44729088837653397
716,858,142,0.142,0.5473214829768985
716,858,142,0.142,0.537544692337513
748,874,126,0.126,0.5035398686677217
782,891,109,0.109,0.45981249836832283
754,877,123,0.123,0.49381574474275114
708,854,146,0.146,0.548176617577672
656,828,172,0.172,0.5071984161287546
758,879,121,0.121,0.4647418529689312
780,890,110,0.11,0.4831768685504794
754,877,123,0.123,0.5052818480078076
752,876,124,0.124,0.4984121762216091
750,875,125,0.125,0.5261336557520554
806,903,97,0.097,0.46247247364372013
772,886,114,0.114,0.517693497389555
712,856,144,0.144,0.5095288373306394
688,844,156,0.156,0.5271283744067768
736,868,132,0.132,0.5351348058730364
766,883,117,0.117,0.45650356375426054
726,863,137,0.137,0.49218143747746945
778,889,111,0.111,0.4581388491205871
742,871,129,0.129,0.48953305278718473
754,877,123,0.123,0.48371196234226227
754,877,123,0.123,0.47523228797698164
678,839,161,0.161,0.515771361843883
788,894,106,0.106,0.49076168548315763
712,856,144,0.144,0.4714689012859017
752,876,124,0.124,0.4698967085033655
716,858,142,0.142,0.5079714140221476
744,872,128,0.128,0.47784204549342396
760,880,120,0.12,0.47628776932795336
690,845,155,0.155,0.5033442559232936
786,893,107,0.107,0.4965256084548182
682,841,159,0.159,0.534067979652973
702,851,149,0.149,0.5397304232567549
762,881,119,0.119,0.4587914698924869
748,874,126,0.126,0.5051154962852598
734,867,133,0.133,0.5087570227310061
790,895,105,0.105,0.4472403014582674
808,904,96,0.096,0.47570480235666035
750,875,125,0.125,0.49754424019902943
760,880,120,0.12,0.48305612076818943
806,903,97,0.097,0.5007499119564891
738,869,131,0.131,0.49227430972333824
738,869,131,0.131,0.530714356220019
786,893,107,0.107,0.4536000187918544
678,839,161,0.161,0.5289095092231765
732,866,134,0.134,0.4948604128807783
750,875,125,0.125,0.4536346807852387
696,848,152,0.152,0.5016701392538271
724,862,138,0.138,0.47692451150715354
782,891,109,0.109,0.47494170686602594
744,872,128,0.128,0.46984040320664644
726,863,137,0.137,0.5004045952495008
730,865,135,0.135,0.5010649332813919
718,859,141,0.141,0.5273780539426952
770,885,115,0.115,0.47122415960704295
736,868,132,0.132,0.49717326088249686
826,913,87,0.087,0.4232039301097393
728,864,136,0.136,0.5066847903430461
766,883,117,0.117,0.4838818131014705
740,870,130,0.13,0.5054295867738037
760,880,120,0.12,0.4836475134938955
754,877,123,0.123,0.4883948176507638
782,891,109,0.109,0.46235576464608313
754,877,123,0.123,0.486871447622776
788,894,106,0.106,0.4502689780108631
748,874,126,0.126,0.5276661874875431
800,900,100,0.1,0.4742477927878499
724,862,138,0.138,0.4893660533875227
642,821,179,0.179,0.5489752755016089
772,886,114,0.114,0.5084754883050921
696,848,152,0.152,0.5078280869647861
778,889,111,0.111,0.45942243713513015
780,890,110,0.11,0.47442754021286965
792,896,104,0.104,0.4509171317666769
678,839,161,0.161,0.49992529207254827
796,898,102,0.102,0.4610920035392046
732,866,134,0.134,0.5175661914423109
690,845,155,0.155,0.5140820778366179
744,872,128,0.128,0.4815805969238322
754,877,123,0.123,0.49309687631577254
800,900,100,0.1,0.45564619506523013
720,860,140,0.14,0.4678171865046024
768,884,116,0.116,0.4816883599832654
760,880,120,0.12,0.4735481093004346
756,878,122,0.122,0.48898440165352075
772,886,114,0.114,0.42733404053235424
758,879,121,0.121,0.4549823249131441
744,872,128,0.128,0.5119762298390269
752,876,124,0.124,0.5077268323078752
690,845,155,0.155,0.49122963797301056
722,861,139,0.139,0.45299040351063014
798,899,101,0.101,0.4457100631147623
704,852,148,0.148,0.4980755103677511
714,857,143,0.143,0.5077389362305402
692,846,154,0.154,0.5246606788467616
808,904,96,0.096,0.4747107219297177
758,879,121,0.121,0.4602892056852579
744,872,128,0.128,0.47345009591057896
748,874,126,0.126,0.4787702796682715
744,872,128,0.128,0.47591985237598416
754,877,123,0.123,0.4684112030960387
756,878,122,0.122,0.45182211899012326
750,875,125,0.125,0.48283472952991724
730,865,135,0.135,0.47479694237560033
742,871,129,0.129,0.4717757394910006
718,859,141,0.141,0.49622125608846546
728,864,136,0.136,0.5134055204614997
714,857,143,0.143,0.5210640510851517
698,849,151,0.151,0.4905198937356472
762,881,119,0.119,0.4799307635187979
720,860,140,0.14,0.5136600951738656
780,890,110,0.11,0.4769130870252848
716,858,142,0.142,0.4888932691290975
768,884,116,0.116,0.4682289091795683
690,845,155,0.155,0.4962359020086005
712,856,144,0.144,0.4697729457440564
714,857,143,0.143,0.4840682779997587
794,897,103,0.103,0.4525436499025673
692,846,154,0.154,0.498760546579957
750,875,125,0.125,0.4653858207911253
768,884,116,0.116,0.46755833354592324
762,881,119,0.119,0.5056269588577561
692,846,154,0.154,0.4993601373806596
736,868,132,0.132,0.4658619547486305
704,852,148,0.148,0.5361741491705179
774,887,113,0.113,0.4649965581210674
772,886,114,0.114,0.5015358138660667
732,866,134,0.134,0.4758011499196291
784,892,108,0.108,0.49087591756880283
764,882,118,0.118,0.4798225899338722
774,887,113,0.113,0.4745864862767048
734,867,133,0.133,0.44918734272103755
704,852,148,0.148,0.500737702794373
758,879,121,0.121,0.46039214347302915
744,872,128,0.128,0.4808330557197332
756,878,122,0.122,0.4440566620528698
770,885,115,0.115,0.47114974646246993
786,893,107,0.107,0.4172881823629141
746,873,127,0.127,0.4676419579088688
710,855,145,0.145,0.5043210029378533
756,878,122,0.122,0.42806305227801206
638,819,181,0.181,0.5243208095871378
812,906,94,0.094,0.47305734203290195
740,870,130,0.13,0.4648047295647734
768,884,116,0.116,0.5067258842140436
712,856,144,0.144,0.47776933160424234
818,909,91,0.091,0.4679808614552021
688,844,156,0.156,0.5131334776710719
760,880,120,0.12,0.4847474885210395
732,866,134,0.134,0.5043191585019231
714,857,143,0.143,0.49554107429517896
764,882,118,0.118,0.44176533619314434
734,867,133,0.133,0.49682946506145353
704,852,148,0.148,0.5083421573741361
774,887,113,0.113,0.47000098384490435
812,906,94,0.094,0.4492747466005385
756,878,122,0.122,0.506731987753883
784,892,108,0.108,0.49685155843943357
672,836,164,0.164,0.5034022170528769
744,872,128,0.128,0.5019557316973805
772,886,114,0.114,0.463876384370029
706,853,147,0.147,0.4852425696041028
716,858,142,0.142,0.4701553573086858
710,855,145,0.145,0.5367155076228082
818,909,91,0.091,0.487229967826292
704,852,148,0.148,0.5173806915730238
820,910,90,0.09,0.4365762160901577
774,887,113,0.113,0.4631334787532687
790,895,105,0.105,0.5098022692741487
674,837,163,0.163,0.5362284464016557
740,870,130,0.13,0.486409875541936
756,878,122,0.122,0.4588800495342584
754,877,123,0.123,0.46648563497513534
770,885,115,0.115,0.4414307399711106
788,894,106,0.106,0.4873466894347221
762,881,119,0.119,0.4637162832394242
706,853,147,0.147,0.48448290910461494
800,900,100,0.1,0.41129952473938464
760,880,120,0.12,0.44499630802869794
764,882,118,0.118,0.44530687960237264
732,866,134,0.134,0.4509298308407888
782,891,109,0.109,0.43686663949489596
764,882,118,0.118,0.45274906981736424
772,886,114,0.114,0.49309233751520515
798,899,101,0.101,0.46006101004034283
720,860,140,0.14,0.4708213960099965
698,849,151,0.151,0.4638041491806507
752,876,124,0.124,0.4649277201360892
734,867,133,0.133,0.4752294507473707
770,885,115,0.115,0.4425441734865308
744,872,128,0.128,0.44755284693092107
764,882,118,0.118,0.44542203735560176
814,907,93,0.093,0.4384944460615516
738,869,131,0.131,0.47029118829220534
798,899,101,0.101,0.40911948326230047
816,908,92,0.092,0.43569116488844156
678,839,161,0.161,0.519863343374338
762,881,119,0.119,0.45707030156283923
726,863,137,0.137,0.4744977730810642
766,883,117,0.117,0.45745566507428886
738,869,131,0.131,0.4984293127321871
812,906,94,0.094,0.45533654603362084
716,858,142,0.142,0.5068469161093235
706,853,147,0.147,0.4779610523954034
776,888,112,0.112,0.45121878416836264
736,868,132,0.132,0.4709363745674491
790,895,105,0.105,0.44596110380251774
756,878,122,0.122,0.4216326255600434
756,878,122,0.122,0.47831303981297035
756,878,122,0.122,0.46889358820021154
762,881,119,0.119,0.46035187848363424
772,886,114,0.114,0.47986196173913775
816,908,92,0.092,0.4078359458764189
730,865,135,0.135,0.48130085447430804
826,913,87,0.087,0.4489558090940118
658,829,171,0.171,0.5101226886622607
782,891,109,0.109,0.43816439786553385
796,898,102,0.102,0.45440185886994006
732,866,134,0.134,0.5067127702131402
786,893,107,0.107,0.42594958542380484
780,890,110,0.11,0.47160479878634215
754,877,123,0.123,0.43028580949455497
690,845,155,0.155,0.4719602879062295
690,845,155,0.155,0.4868602007329464
752,876,124,0.124,0.45417943949997425
802,901,99,0.099,0.4351251142770052
732,866,134,0.134,0.48082749473718833
808,904,96,0.096,0.41347629761323335
802,901,99,0.099,0.4527539543136954
716,858,142,0.142,0.467758891761303
792,896,104,0.104,0.4434337104484439
712,856,144,0.144,0.44461070488393306
732,866,134,0.134,0.47497024646401403
726,863,137,0.137,0.4898628507331014
762,881,119,0.119,0.45261983325332406
708,854,146,0.146,0.4715376923829317
708,854,146,0.146,0.5140732041150331
788,894,106,0.106,0.4605869311094284
718,859,141,0.141,0.4896924867928028
746,873,127,0.127,0.4526783034335822
762,881,119,0.119,0.46316686490112
684,842,158,0.158,0.4962381350621581
796,898,102,0.102,0.4353601503074169
758,879,121,0.121,0.44967568868771196
694,847,153,0.153,0.49360910572111605
760,880,120,0.12,0.45219985675014324
762,881,119,0.119,0.4794683753177524
740,870,130,0.13,0.48530746425688265
738,869,131,0.131,0.48064640402048825
724,862,138,0.138,0.4963014402911067
694,847,153,0.153,0.5198007710799575
700,850,150,0.15,0.4849019772708416
730,865,135,0.135,0.4719411497190595
774,887,113,0.113,0.44219628005474804
776,888,112,0.112,0.4327759927585721
676,838,162,0.162,0.492570696413517
744,872,128,0.128,0.46737708951346574
672,836,164,0.164,0.48464165103435514
718,859,141,0.141,0.5047174255922436
740,870,130,0.13,0.49561590306088327
708,854,146,0.146,0.4838333740904927
800,900,100,0.1,0.4603614459098037
722,861,139,0.139,0.5033019299134612
748,874,126,0.126,0.4566624393761158
776,888,112,0.112,0.43007002060860394
758,879,121,0.121,0.47743411126732826
740,870,130,0.13,0.45292717473208904
696,848,152,0.152,0.5000640719011425
800,900,100,0.1,0.4641227053438779
778,889,111,0.111,0.4402638983987272
758,879,121,0.121,0.46993284882232544
756,878,122,0.122,0.4649256284460425
758,879,121,0.121,0.4890845445767045
772,886,114,0.114,0.4396827417723835
786,893,107,0.107,0.47023540313996015
794,897,103,0.103,0.4494278317466378
734,867,133,0.133,0.5111256192475557
718,859,141,0.141,0.4968164013558999
730,865,135,0.135,0.43719235603511336
784,892,108,0.108,0.42175158459693196
740,870,130,0.13,0.4938348976969719
690,845,155,0.155,0.5287324203848839
684,842,158,0.158,0.5204205956310034
712,856,144,0.144,0.5446671925187111
714,857,143,0.143,0.4814763061404228
764,882,118,0.118,0.4583168971687555
724,862,138,0.138,0.466373102337122
802,901,99,0.099,0.4298131818670272
740,870,130,0.13,0.4654778158143163
762,881,119,0.119,0.4798406383097172
732,866,134,0.134,0.4827372791222297
752,876,124,0.124,0.46402085264772175
768,884,116,0.116,0.4383853425234556
780,890,110,0.11,0.49015146924555303
704,852,148,0.148,0.48392939914810607
716,858,142,0.142,0.4781622152402997
652,826,174,0.174,0.501631420240195
754,877,123,0.123,0.4957795317918062
762,881,119,0.119,0.4436339060217142
726,863,137,0.137,0.4811339572742581
714,857,143,0.143,0.493160783321131
726,863,137,0.137,0.49344107449799773
700,850,150,0.15,0.4859025108340393
746,873,127,0.127,0.4603796008527279
732,866,134,0.134,0.494966629549861
758,879,121,0.121,0.4617827059328556
782,891,109,0.109,0.4491413396522403
722,861,139,0.139,0.5071241790716159
682,841,159,0.159,0.47145821098983287
712,856,144,0.144,0.5084588984698057
792,896,104,0.104,0.4563323485180736
758,879,121,0.121,0.45819194887578485
748,874,126,0.126,0.475839765407145
728,864,136,0.136,0.493214592307806
760,880,120,0.12,0.45737675518915055
758,879,121,0.121,0.4857607525959611
722,861,139,0.139,0.44755805712032226
744,872,128,0.128,0.5003126887808831
740,870,130,0.13,0.46868824907392265
752,876,124,0.124,0.45372017032653095
710,855,145,0.145,0.47780196999525654
710,855,145,0.145,0.47228584297001364
760,880,120,0.12,0.4192520571742207
790,895,105,0.105,0.43581339974701405
756,878,122,0.122,0.47472606144100427
752,876,124,0.124,0.46323957013338807
742,871,129,0.129,0.47115677934885025
766,883,117,0.117,0.47563432475924494
692,846,154,0.154,0.46050763708725573
778,889,111,0.111,0.4674141633219385
768,884,116,0.116,0.41517086493223904
736,868,132,0.132,0.48286025612056255
758,879,121,0.121,0.4559601786732674
694,847,153,0.153,0.49542537111788987
782,891,109,0.109,0.45558348674327137
756,878,122,0.122,0.4485757614001632
800,900,100,0.1,0.43610877587646246
788,894,106,0.106,0.42452919839874087
692,846,154,0.154,0.46879601579904556
718,859,141,0.141,0.4847049343883991
720,860,140,0.14,0.4803695579767227
732,866,134,0.134,0.4962530563622713
752,876,124,0.124,0.4664410075135529
770,885,115,0.115,0.45127464244514703
728,864,136,0.136,0.47503186682239174
780,890,110,0.11,0.44125162265077233
760,880,120,0.12,0.4529311884343624
744,872,128,0.128,0.43370215231925247
802,901,99,0.099,0.4391004756516777
782,891,109,0.109,0.4496334224268794
774,887,113,0.113,0.4371630211174488
800,900,100,0.1,0.41235746977105736
740,870,130,0.13,0.4784470392391086
782,891,109,0.109,0.4198864075317979
762,881,119,0.119,0.447276239387691
756,878,122,0.122,0.4653549129888415
744,872,128,0.128,0.47325605928897857
794,897,103,0.103,0.44507874037325384
756,878,122,0.122,0.49282488727010787
714,857,143,0.143,0.4821503941016272
746,873,127,0.127,0.46466063167899846
724,862,138,0.138,0.47051748528843745
738,869,131,0.131,0.45201285441964867
800,900,100,0.1,0.43467222717404363
812,906,94,0.094,0.4399287290275097
720,860,140,0.14,0.5198737103790044
784,892,108,0.108,0.45299629601091146
736,868,132,0.132,0.46912142135202883
768,884,116,0.116,0.45531910749524834
762,881,119,0.119,0.4490984769165516
758,879,121,0.121,0.4770579916834831
750,875,125,0.125,0.44995676797628403
744,872,128,0.128,0.457242549251765
728,864,136,0.136,0.5201872478313744
774,887,113,0.113,0.4446454835166223
