log_avg_ept_score,log_avg_succ_req,log_avg_blk_req,log_avg_BP_req,log_avg_entropy
34,517,483,0.483,2.2767483773231505
56,528,472,0.472,2.2763590388298036
120,560,440,0.44,2.2783419668674467
114,557,443,0.443,2.2765161685943602
4,502,498,0.498,2.2761622657775877
-22,489,511,0.511,2.2743549584150315
-14,493,507,0.507,2.2755123052597046
68,534,466,0.466,2.2772672183513643
86,543,457,0.457,2.2756665617227556
20,510,490,0.49,2.2752486996650694
94,547,453,0.453,2.2762709374427796
22,511,489,0.489,2.2756027203798292
40,520,480,0.48,2.274249719142914
64,532,468,0.468,2.2749289873838423
32,516,484,0.484,2.2761200749874115
-14,493,507,0.507,2.274330598592758
30,515,485,0.485,2.2743801070451735
50,525,475,0.475,2.2736907168626783
86,543,457,0.457,2.274225433588028
72,536,464,0.464,2.2747063105106355
74,537,463,0.463,2.2722691169977187
88,544,456,0.456,2.2731648874282837
52,526,474,0.474,2.2721926974058153
86,543,457,0.457,2.270908750295639
72,536,464,0.464,2.2708836414813995
68,534,466,0.466,2.270785854935646
46,523,477,0.477,2.2723045449256896
84,542,458,0.458,2.271625635623932
164,582,418,0.418,2.271331337451935
64,532,468,0.468,2.2720257283449175
-4,498,502,0.502,2.2699842143058775
18,509,491,0.491,2.270560921430588
94,547,453,0.453,2.2683947031497955
158,579,421,0.421,2.2672304821014406
120,560,440,0.44,2.2685302428007126
124,562,438,0.438,2.269911202788353
158,579,421,0.421,2.2679066081047057
80,540,460,0.46,2.26657594704628
88,544,456,0.456,2.2672892571687697
100,550,450,0.45,2.2667546701431274
90,545,455,0.455,2.265037289381027
88,544,456,0.456,2.267758421063423
106,553,447,0.447,2.2633879432678223
92,546,454,0.454,2.2632066667079926
130,565,435,0.435,2.265870393395424
118,559,441,0.441,2.2640650626420973
104,552,448,0.448,2.2604436671733854
98,549,451,0.451,2.259815075039864
96,548,452,0.452,2.259651677250862
126,563,437,0.437,2.259810767889023
104,552,448,0.448,2.2583688279390337
106,553,447,0.447,2.258598222851753
122,561,439,0.439,2.2594791094064712
138,569,431,0.431,2.2552050375938415
94,547,453,0.453,2.2571063903570177
142,571,429,0.429,2.2567411592006685
160,580,420,0.42,2.257896439433098
68,534,466,0.466,2.252126161336899
174,587,413,0.413,2.2543861379623413
90,545,455,0.455,2.249119712948799
112,556,444,0.444,2.2515126047134397
148,574,426,0.426,2.249883276939392
196,598,402,0.402,2.2472097808122635
110,555,445,0.445,2.2462657301425932
126,563,437,0.437,2.2454647464752195
124,562,438,0.438,2.2440128927230836
132,566,434,0.434,2.2420103447437287
198,599,401,0.401,2.2415549474954606
178,589,411,0.411,2.2362164797782897
90,545,455,0.455,2.238523453593254
138,569,431,0.431,2.2340228388309478
170,585,415,0.415,2.232174565076828
196,598,402,0.402,2.2306487441062925
144,572,428,0.428,2.229995946288109
222,611,389,0.389,2.2305977997779847
150,575,425,0.425,2.2289305211901667
164,582,418,0.418,2.2253740681409835
168,584,416,0.416,2.2243831940293313
206,603,397,0.397,2.225577154994011
198,599,401,0.401,2.2189438149929046
146,573,427,0.427,2.2154911675453186
156,578,422,0.422,2.207995606422424
148,574,426,0.426,2.2164866009950637
246,623,377,0.377,2.2158880667686462
184,592,408,0.408,2.21571845883131
118,559,441,0.441,2.215584456920624
186,593,407,0.407,2.210200088620186
156,578,422,0.422,2.204986627459526
198,599,401,0.401,2.206963829398155
178,589,411,0.411,2.196181841611862
234,617,383,0.383,2.204108142375946
160,580,420,0.42,2.2019601516723633
114,557,443,0.443,2.2007827536463735
196,598,402,0.402,2.1969141312241556
164,582,418,0.418,2.1952800176143645
164,582,418,0.418,2.203276037335396
254,627,373,0.373,2.185989735752344
238,619,381,0.381,2.190711872935295
218,609,391,0.391,2.1819394852519034
210,605,395,0.395,2.1888613045811653
148,574,426,0.426,2.1756841069459916
172,586,414,0.414,2.173401937097311
170,585,415,0.415,2.1829407945871355
210,605,395,0.395,2.163985764563084
218,609,391,0.391,2.1703766788244248
260,630,370,0.37,2.16924555015564
238,619,381,0.381,2.1589213939905165
178,589,411,0.411,2.167005443453789
274,637,363,0.363,2.166114275485277
206,603,397,0.397,2.1571924572587013
166,583,417,0.417,2.1609291405677795
228,614,386,0.386,2.1649990581274032
264,632,368,0.368,2.1603005541563034
242,621,379,0.379,2.147014554858208
252,626,374,0.374,2.1425732802152635
212,606,394,0.394,2.1461059656739234
260,630,370,0.37,2.1326014233231545
186,593,407,0.407,2.136101967871189
234,617,383,0.383,2.1456445479989052
292,646,354,0.354,2.135438116788864
240,620,380,0.38,2.1182535750865936
314,657,343,0.343,2.1273562099933625
242,621,379,0.379,2.1265103444457054
278,639,361,0.361,2.1194731008410455
228,614,386,0.386,2.1074278354048728
196,598,402,0.402,2.098447694540024
240,620,380,0.38,2.097979347527027
304,652,348,0.348,2.1105765961408616
282,641,359,0.359,2.082163577914238
230,615,385,0.385,2.0592050722837447
282,641,359,0.359,2.0668642236590387
306,653,347,0.347,2.0710242278575897
218,609,391,0.391,2.068628958761692
256,628,372,0.372,2.054019411981106
300,650,350,0.35,2.0435257461965084
314,657,343,0.343,2.0510506035983562
306,653,347,0.347,2.0428778958916665
322,661,339,0.339,2.047595342248678
280,640,360,0.36,2.0493479076325896
298,649,351,0.351,2.027278487920761
244,622,378,0.378,2.0116775635778903
250,625,375,0.375,1.9907408160567284
362,681,319,0.319,1.9981859730035068
316,658,342,0.342,1.9923046483546496
308,654,346,0.346,1.9934847081899643
288,644,356,0.356,1.9821679913699628
276,638,362,0.362,1.972454687628895
288,644,356,0.356,1.9737852054685354
302,651,349,0.349,1.976736851722002
370,685,315,0.315,1.9745743449777364
322,661,339,0.339,1.9490567242279648
312,656,344,0.344,1.931386720843613
364,682,318,0.318,1.9267049308046698
342,671,329,0.329,1.9477238419502974
312,656,344,0.344,1.9453399823531508
346,673,327,0.327,1.9291272482573987
350,675,325,0.325,1.9159872332662344
330,665,335,0.335,1.9146749764680862
278,639,361,0.361,1.9133589122593402
334,667,333,0.333,1.911536900356412
338,669,331,0.331,1.8773763380944728
372,686,314,0.314,1.8719862106740475
308,654,346,0.346,1.8567234114147724
382,691,309,0.309,1.8640220470800997
364,682,318,0.318,1.858953794926405
338,669,331,0.331,1.8338415644094348
362,681,319,0.319,1.8155055150687696
420,710,290,0.29,1.8336641350984573
396,698,302,0.302,1.815103892400861
366,683,317,0.317,1.7822557098167018
290,645,355,0.355,1.7658772431015968
364,682,318,0.318,1.7827943301722406
382,691,309,0.309,1.8095446327999234
404,702,298,0.298,1.7362462277524173
402,701,299,0.299,1.7711878913715482
344,672,328,0.328,1.756367290176451
390,695,305,0.305,1.7294762973599136
416,708,292,0.292,1.7381859614253043
402,701,299,0.299,1.7505310981832445
368,684,316,0.316,1.7423820537626744
414,707,293,0.293,1.7001359405573457
376,688,312,0.312,1.6922309615183622
486,743,257,0.257,1.684932448586449
398,699,301,0.301,1.654959527886007
410,705,295,0.295,1.643563543446362
428,714,286,0.286,1.6472367263659835
364,682,318,0.318,1.6009523095674814
412,706,294,0.294,1.5838126468248666
416,708,292,0.292,1.5956251003909856
488,744,256,0.256,1.5842599635161458
460,730,270,0.27,1.5069320784425364
428,714,286,0.286,1.554541419774294
416,708,292,0.292,1.522145376071334
440,720,280,0.28,1.5088574048932641
448,724,276,0.276,1.5084683735072613
438,719,281,0.281,1.477050892777741
516,758,242,0.242,1.4942042475845665
416,708,292,0.292,1.469245361766778
452,726,274,0.274,1.4488198962435126
414,707,293,0.293,1.468983312804252
482,741,259,0.259,1.451643508657813
452,726,274,0.274,1.4513025329019875
464,732,268,0.268,1.4048449973594397
498,749,251,0.251,1.3993338234276744
546,773,227,0.227,1.3787864332185127
488,744,256,0.256,1.3462531080776825
500,750,250,0.25,1.3144294258300215
486,743,257,0.257,1.3146855195974931
508,754,246,0.246,1.2922879083091394
490,745,255,0.255,1.2755611107051372
502,751,249,0.249,1.3060260365847498
540,770,230,0.23,1.2540409356951714
456,728,272,0.272,1.249182022973895
458,729,271,0.271,1.2546562858559192
578,789,211,0.211,1.2332709622029214
500,750,250,0.25,1.1662682133389752
440,720,280,0.28,1.1658383938018233
514,757,243,0.243,1.1731835777438246
536,768,232,0.232,1.1564754390674643
560,780,220,0.22,1.1194032662053068
526,763,237,0.237,1.1342850461937488
520,760,240,0.24,1.136964109517634
520,760,240,0.24,1.139752152081579
538,769,231,0.231,1.1224638525736519
500,750,250,0.25,1.0833206857787445
520,760,240,0.24,1.1204318999805254
554,777,223,0.223,1.1221613337825984
594,797,203,0.203,1.0727769985024351
548,774,226,0.226,1.0770775879770518
480,740,260,0.26,1.0570955907803
614,807,193,0.193,1.062834644829767
554,777,223,0.223,1.006526198254898
524,762,238,0.238,0.9997009801494423
582,791,209,0.209,0.979092526474502
568,784,216,0.216,1.0044327273520466
560,780,220,0.22,0.9779613469310571
562,781,219,0.219,0.9769682022240013
560,780,220,0.22,0.969764174128417
656,828,172,0.172,0.9970241122329607
546,773,227,0.227,0.9321351143906359
584,792,208,0.208,0.9593434196721063
602,801,199,0.199,0.9200838657227578
570,785,215,0.215,0.9170853970965837
570,785,215,0.215,0.8835431954397355
604,802,198,0.198,0.8667699667612633
594,797,203,0.203,0.8462716533291851
602,801,199,0.199,0.8546386681427248
550,775,225,0.225,0.8346587819657288
630,815,185,0.185,0.8282759315007424
584,792,208,0.208,0.8263556286721723
620,810,190,0.19,0.8096136535633123
656,828,172,0.172,0.8103498119624565
536,768,232,0.232,0.7725137535449467
588,794,206,0.206,0.7777526604931772
492,746,254,0.254,0.7610702974959859
572,786,214,0.214,0.7710440430832969
626,813,187,0.187,0.7812241967869485
548,774,226,0.226,0.7631715186471884
562,781,219,0.219,0.7523749055750086
576,788,212,0.212,0.7455884390150822
544,772,228,0.228,0.7183357925451564
608,804,196,0.196,0.7585587672601105
606,803,197,0.197,0.714050205094507
622,811,189,0.189,0.727613701713155
624,812,188,0.188,0.736005724280607
606,803,197,0.197,0.7227892702174722
610,805,195,0.195,0.7201654047610063
562,781,219,0.219,0.6934116294452688
600,800,200,0.2,0.7245874422782217
662,831,169,0.169,0.6825662867181236
554,777,223,0.223,0.7220829097862334
588,794,206,0.206,0.7152019490681123
598,799,201,0.201,0.6725791170187003
620,810,190,0.19,0.6670466302688656
666,833,167,0.167,0.7015303035898832
628,814,186,0.186,0.6700307110835565
660,830,170,0.17,0.6267372849252554
572,786,214,0.214,0.6685389935363346
592,796,204,0.204,0.6443602763868621
562,781,219,0.219,0.6638130074152541
654,827,173,0.173,0.6505267211922328
592,796,204,0.204,0.6204402459518406
610,805,195,0.195,0.6678988929814659
626,813,187,0.187,0.6059509592531722
618,809,191,0.191,0.6654819557063384
638,819,181,0.181,0.6490097883157214
686,843,157,0.157,0.5792661293837591
630,815,185,0.185,0.6154000720324766
626,813,187,0.187,0.583468288137703
622,811,189,0.189,0.5755804485625995
606,803,197,0.197,0.5957538990922548
542,771,229,0.229,0.6275021267286065
658,829,171,0.171,0.591354996959033
612,806,194,0.194,0.6000989782180405
580,790,210,0.21,0.6201182672678369
666,833,167,0.167,0.5823869514571538
650,825,175,0.175,0.5721546604290018
580,790,210,0.21,0.5993068653462906
608,804,196,0.196,0.5910962515418651
656,828,172,0.172,0.5929322326926049
528,764,236,0.236,0.6233451337529695
630,815,185,0.185,0.5629461704267328
578,789,211,0.211,0.5610084186835593
612,806,194,0.194,0.5390496586777918
650,825,175,0.175,0.5417811861112068
644,822,178,0.178,0.5793785520856909
646,823,177,0.177,0.557907081979356
658,829,171,0.171,0.5699348161974981
616,808,192,0.192,0.5652463748947048
684,842,158,0.158,0.5397623259296234
592,796,204,0.204,0.5285884668077633
602,801,199,0.199,0.5641873012939032
714,857,143,0.143,0.5478995775707463
634,817,183,0.183,0.5149565716523011
616,808,192,0.192,0.5414889319783833
646,823,177,0.177,0.5399447991799998
546,773,227,0.227,0.5079924506002681
630,815,185,0.185,0.5498565560162402
618,809,191,0.191,0.528771202690019
636,818,182,0.182,0.5257200858015008
652,826,174,0.174,0.4885697354498625
650,825,175,0.175,0.5389676769241923
624,812,188,0.188,0.5297015029072208
632,816,184,0.184,0.5416646910490581
544,772,228,0.228,0.5389172902837381
620,810,190,0.19,0.526219079442556
658,829,171,0.171,0.5173815962711523
632,816,184,0.184,0.5374162651693041
642,821,179,0.179,0.5139783989325833
634,817,183,0.183,0.5657662018604905
606,803,197,0.197,0.5251943893596567
658,829,171,0.171,0.5396111777542301
656,828,172,0.172,0.516341414243926
622,811,189,0.189,0.47758639895278066
584,792,208,0.208,0.4795624061103008
636,818,182,0.182,0.48003410288979287
642,821,179,0.179,0.4801182551013503
690,845,155,0.155,0.5312254013223019
686,843,157,0.157,0.5031514412777688
668,834,166,0.166,0.45970368690979013
614,807,193,0.193,0.49819999817032135
662,831,169,0.169,0.46898125551285014
610,805,195,0.195,0.4694880244022643
616,808,192,0.192,0.4750979453388427
624,812,188,0.188,0.45746547656781333
658,829,171,0.171,0.4583819037409703
670,835,165,0.165,0.48181280232341217
682,841,159,0.159,0.4366938119815677
648,824,176,0.176,0.46942667886069467
634,817,183,0.183,0.45498785084843624
608,804,196,0.196,0.42572704169977077
622,811,189,0.189,0.4479011247188846
654,827,173,0.173,0.4305531073089205
666,833,167,0.167,0.44703024144149256
636,818,182,0.182,0.46634743231642234
624,812,188,0.188,0.43630131374875053
618,809,191,0.191,0.4405670019643294
672,836,164,0.164,0.4427356796495669
632,816,184,0.184,0.47070419365897304
642,821,179,0.179,0.4625753800079692
604,802,198,0.198,0.4557610725305221
656,828,172,0.172,0.4136913556673819
640,820,180,0.18,0.46910739755914166
656,828,172,0.172,0.41753888668560285
630,815,185,0.185,0.43822966556544996
680,840,160,0.16,0.4422322673259332
648,824,176,0.176,0.45465447697824646
634,817,183,0.183,0.4294909316536523
668,834,166,0.166,0.4669185245617018
560,780,220,0.22,0.42782018394645804
658,829,171,0.171,0.4280147296898861
656,828,172,0.172,0.4029346647535399
596,798,202,0.202,0.40981322637388123
682,841,159,0.159,0.4108254852049058
618,809,191,0.191,0.42075803168237325
714,857,143,0.143,0.40342690417174343
606,803,197,0.197,0.4122075391402025
596,798,202,0.202,0.4609406701017579
604,802,198,0.198,0.39919279901730553
682,841,159,0.159,0.41889813026461936
664,832,168,0.168,0.41402919646205194
668,834,166,0.166,0.42180829341815773
666,833,167,0.167,0.39023101151683476
632,816,184,0.184,0.39385557777832103
540,770,230,0.23,0.38817728929781
692,846,154,0.154,0.38761298508505343
700,850,150,0.15,0.3889858283301337
724,862,138,0.138,0.39855409021242805
636,818,182,0.182,0.36928106352938905
710,855,145,0.145,0.4194038276611336
700,850,150,0.15,0.4102783932389684
666,833,167,0.167,0.4018066018167373
596,798,202,0.202,0.419028446430877
690,845,155,0.155,0.4374722832857492
660,830,170,0.17,0.4127409126063476
620,810,190,0.19,0.38438082430397846
640,820,180,0.18,0.4332138828789207
682,841,159,0.159,0.39009733827104354
704,852,148,0.148,0.36991653458482504
702,851,149,0.149,0.3896916606774662
666,833,167,0.167,0.3944155834393805
638,819,181,0.181,0.37978136416589225
648,824,176,0.176,0.3805338740653551
632,816,184,0.184,0.35586273471957064
700,850,150,0.15,0.3822116266210355
658,829,171,0.171,0.3648971061475631
668,834,166,0.166,0.3571492511371962
682,841,159,0.159,0.36871898276324644
646,823,177,0.177,0.40075730815169297
616,808,192,0.192,0.38027073661937755
704,852,148,0.148,0.386369705142557
686,843,157,0.157,0.37371480739230956
642,821,179,0.179,0.38234142822753986
708,854,146,0.146,0.3664528617053903
688,844,156,0.156,0.38885607219397933
624,812,188,0.188,0.3792930293382453
708,854,146,0.146,0.3547769029305405
640,820,180,0.18,0.34909437966584894
716,858,142,0.142,0.3830513522740157
654,827,173,0.173,0.3249954694751282
624,812,188,0.188,0.32504216703844124
714,857,143,0.143,0.34699714797105663
638,819,181,0.181,0.2977166404749901
682,841,159,0.159,0.378464419899468
634,817,183,0.183,0.36767738540625144
680,840,160,0.16,0.36723485191874544
604,802,198,0.198,0.32961163534018717
598,799,201,0.201,0.3395274412341938
672,836,164,0.164,0.35797784734398963
674,837,163,0.163,0.3501529612853123
678,839,161,0.161,0.3486506979080468
686,843,157,0.157,0.32411718123763605
646,823,177,0.177,0.3405913598532741
670,835,165,0.165,0.35689197770010694
646,823,177,0.177,0.32069992971317424
662,831,169,0.169,0.3380263355031466
636,818,182,0.182,0.32828458524136295
684,842,158,0.158,0.3416676659670816
638,819,181,0.181,0.33709914331599794
710,855,145,0.145,0.3433082075139268
674,837,163,0.163,0.30341987975566326
640,820,180,0.18,0.34122251678299653
698,849,151,0.151,0.32178839756943856
668,834,166,0.166,0.3373481345056543
662,831,169,0.169,0.33582185663449127
736,868,132,0.132,0.324502211802871
662,831,169,0.169,0.30893205533093
588,794,206,0.206,0.3048067614403798
656,828,172,0.172,0.2991597013473267
638,819,181,0.181,0.31647935546949213
674,837,163,0.163,0.3201343114569513
682,841,159,0.159,0.3236700405471403
572,786,214,0.214,0.3304597802201087
730,865,135,0.135,0.33296812795845654
658,829,171,0.171,0.28786963360769824
726,863,137,0.137,0.31320360776918005
704,852,148,0.148,0.3035353068325111
682,841,159,0.159,0.29299081176736147
700,850,150,0.15,0.3021185264248907
662,831,169,0.169,0.32801804727475703
602,801,199,0.199,0.2892997734568836
694,847,153,0.153,0.2936678695564542
646,823,177,0.177,0.29366901519423416
602,801,199,0.199,0.2832225394626463
680,840,160,0.16,0.3068577263361371
676,838,162,0.162,0.29764384410579076
614,807,193,0.193,0.27957788200129324
632,816,184,0.184,0.28339075406192726
754,877,123,0.123,0.2986878553537263
592,796,204,0.204,0.2605683756491289
662,831,169,0.169,0.26907555762633817
690,845,155,0.155,0.26504298840811746
730,865,135,0.135,0.26771749442975123
684,842,158,0.158,0.3089103595136971
684,842,158,0.158,0.25727304087102676
652,826,174,0.174,0.30040812467465633
710,855,145,0.145,0.288405181580634
622,811,189,0.189,0.25474980472500286
668,834,166,0.166,0.28217378253850195
628,814,186,0.186,0.2698043280120078
652,826,174,0.174,0.29593119922053346
636,818,182,0.182,0.29905240557111507
742,871,129,0.129,0.27986297672372645
656,828,172,0.172,0.2559411482106616
644,822,178,0.178,0.27950570323739954
682,841,159,0.159,0.278868672754095
626,813,187,0.187,0.2550556455526543
674,837,163,0.163,0.2567171386813126
692,846,154,0.154,0.2637579785520126
632,816,184,0.184,0.2746929577494752
644,822,178,0.178,0.28008688731428166
618,809,191,0.191,0.30124098328705257
660,830,170,0.17,0.28808582198906435
674,837,163,0.163,0.2663511160692142
674,837,163,0.163,0.28676287116638105
666,833,167,0.167,0.26605943962982975
662,831,169,0.169,0.27023240079294364
650,825,175,0.175,0.26790583660077427
652,826,174,0.174,0.26570448792589135
706,853,147,0.147,0.2624958695838942
704,852,148,0.148,0.2728462030507251
682,841,159,0.159,0.2733491015672048
664,832,168,0.168,0.2649131647471472
670,835,165,0.165,0.2651394578553405
686,843,157,0.157,0.24248489138202056
670,835,165,0.165,0.25882215142932524
722,861,139,0.139,0.2373447434782439
612,806,194,0.194,0.2521819909577608
640,820,180,0.18,0.25112283368107696
668,834,166,0.166,0.24449544446704397
710,855,145,0.145,0.22422120238105925
710,855,145,0.145,0.24228158076582063
692,846,154,0.154,0.2264358619083602
664,832,168,0.168,0.2177925990768444
700,850,150,0.15,0.22890449345026867
628,814,186,0.186,0.2702545663563166
702,851,149,0.149,0.2509789405195294
648,824,176,0.176,0.22071029933134179
686,843,157,0.157,0.2513831569641419
664,832,168,0.168,0.25206899386571785
648,824,176,0.176,0.2506998485262493
666,833,167,0.167,0.2371542123311221
634,817,183,0.183,0.24079482410768077
690,845,155,0.155,0.23775475634201315
678,839,161,0.161,0.23518102035302188
706,853,147,0.147,0.2386902476321967
664,832,168,0.168,0.2271981099122677
650,825,175,0.175,0.23400365598191883
660,830,170,0.17,0.24566928202092023
688,844,156,0.156,0.2437967180103702
672,836,164,0.164,0.23612647874888534
672,836,164,0.164,0.20854618999832653
636,818,182,0.182,0.2364869516928235
642,821,179,0.179,0.23702500989563305
698,849,151,0.151,0.24123581159438254
666,833,167,0.167,0.24622746894516553
676,838,162,0.162,0.21660646635749006
630,815,185,0.185,0.221696645203002
614,807,193,0.193,0.24796527292527643
678,839,161,0.161,0.22396682960454517
632,816,184,0.184,0.23788660414138463
740,870,130,0.13,0.23812312361601806
636,818,182,0.182,0.2389711828538904
656,828,172,0.172,0.2387852899318463
670,835,165,0.165,0.2160836646978455
658,829,171,0.171,0.24896171233809394
688,844,156,0.156,0.22781098936281496
706,853,147,0.147,0.2209175402671264
672,836,164,0.164,0.26024154578000575
744,872,128,0.128,0.21343795063847823
722,861,139,0.139,0.23493347553201677
678,839,161,0.161,0.2534148473339632
692,846,154,0.154,0.22258084935847985
672,836,164,0.164,0.22250812396623112
692,846,154,0.154,0.22319412554306206
684,842,158,0.158,0.22841377272834187
718,859,141,0.141,0.2667281850668794
644,822,178,0.178,0.23909336224076766
724,862,138,0.138,0.23495586716039202
652,826,174,0.174,0.21373988334756736
650,825,175,0.175,0.2094290528993925
674,837,163,0.163,0.22353479758425482
688,844,156,0.156,0.2389345507804319
622,811,189,0.189,0.2479321544985094
670,835,165,0.165,0.2518418410640688
722,861,139,0.139,0.23657729454956633
664,832,168,0.168,0.19711182302565033
676,838,162,0.162,0.23318202634867768
704,852,148,0.148,0.21737921384700293
704,852,148,0.148,0.2076117490042399
630,815,185,0.185,0.23161821848216768
634,817,183,0.183,0.21039878030555645
740,870,130,0.13,0.22556476774231626
684,842,158,0.158,0.2172727545365966
638,819,181,0.181,0.21570986550414592
704,852,148,0.148,0.20884523855429915
626,813,187,0.187,0.21469719578682256
648,824,176,0.176,0.23543896582733465
654,827,173,0.173,0.21359511618136298
666,833,167,0.167,0.22268136338467057
682,841,159,0.159,0.2339929741481206
598,799,201,0.201,0.23031348638848578
704,852,148,0.148,0.21514030289780398
698,849,151,0.151,0.22989320046355238
676,838,162,0.162,0.21409941010694905
626,813,187,0.187,0.24597333611830088
646,823,177,0.177,0.18687265980493223
610,805,195,0.195,0.22111722938047068
672,836,164,0.164,0.20954246037034063
732,866,134,0.134,0.2208170908781263
676,838,162,0.162,0.19387881685852698
698,849,151,0.151,0.22872258167999882
614,807,193,0.193,0.23839642022378074
702,851,149,0.149,0.23341493150182593
672,836,164,0.164,0.2173803163420283
750,875,125,0.125,0.23089276327152328
626,813,187,0.187,0.2102040901692339
670,835,165,0.165,0.22600125756234235
706,853,147,0.147,0.228646245964491
682,841,159,0.159,0.2133792474847702
628,814,186,0.186,0.21229334048397502
704,852,148,0.148,0.22903441689722015
640,820,180,0.18,0.22743545629093187
660,830,170,0.17,0.21364418494349685
700,850,150,0.15,0.22192934024941763
680,840,160,0.16,0.18914420295570084
716,858,142,0.142,0.21576223072347883
728,864,136,0.136,0.19680165628018798
694,847,153,0.153,0.2236546052672419
716,858,142,0.142,0.19964684518536796
704,852,148,0.148,0.21177434422586128
618,809,191,0.191,0.2044501768987126
684,842,158,0.158,0.21451526817979105
668,834,166,0.166,0.19900506670616233
684,842,158,0.158,0.21371856984326604
646,823,177,0.177,0.19362137375630928
726,863,137,0.137,0.20572991190197626
592,796,204,0.204,0.1932342829816199
704,852,148,0.148,0.20082225667223524
694,847,153,0.153,0.19531597198107883
644,822,178,0.178,0.21072940491601985
630,815,185,0.185,0.21269349834248438
672,836,164,0.164,0.17984652469268114
676,838,162,0.162,0.1994294534506238
676,838,162,0.162,0.22323256192440066
700,850,150,0.15,0.2016884939780329
632,816,184,0.184,0.2011960591146108
686,843,157,0.157,0.22913692001434494
680,840,160,0.16,0.21690499077892145
666,833,167,0.167,0.2019090607011781
674,837,163,0.163,0.192268146881591
676,838,162,0.162,0.20579448230306055
680,840,160,0.16,0.18145359780463208
682,841,159,0.159,0.20785391622193206
668,834,166,0.166,0.19184867472441505
664,832,168,0.168,0.1989946391899842
674,837,163,0.163,0.19518331248673088
668,834,166,0.166,0.18955586882273628
662,831,169,0.169,0.18123740016352258
690,845,155,0.155,0.2019774222487541
726,863,137,0.137,0.1969672731876312
642,821,179,0.179,0.18196120340071592
658,829,171,0.171,0.19550074796854233
630,815,185,0.185,0.2075525580842705
694,847,153,0.153,0.17596823632452255
688,844,156,0.156,0.20097261793418633
636,818,182,0.182,0.20344041190750983
690,845,155,0.155,0.17785990018403425
652,826,174,0.174,0.20090793876278096
648,824,176,0.176,0.1839705713305869
678,839,161,0.161,0.17981806374706372
678,839,161,0.161,0.2012225633302204
662,831,169,0.169,0.20913376653242174
680,840,160,0.16,0.20225553406574545
708,854,146,0.146,0.19825556401263025
704,852,148,0.148,0.2024468993019632
696,848,152,0.152,0.20492028893361328
654,827,173,0.173,0.1924799621221373
648,824,176,0.176,0.20979157684120014
646,823,177,0.177,0.19741075510088807
668,834,166,0.166,0.17862289140965754
698,849,151,0.151,0.19794121790143818
676,838,162,0.162,0.18756777020933102
722,861,139,0.139,0.19241398223639306
718,859,141,0.141,0.18431794924652412
656,828,172,0.172,0.20178560573393964
718,859,141,0.141,0.2011569590096095
698,849,151,0.151,0.19626212037954632
710,855,145,0.145,0.19954554227545462
706,853,147,0.147,0.1643751044309979
630,815,185,0.185,0.2083599974412237
684,842,158,0.158,0.1684193044427667
698,849,151,0.151,0.19404650165410708
664,832,168,0.168,0.1875143178321624
662,831,169,0.169,0.1903315335831071
736,868,132,0.132,0.18551761116719614
700,850,150,0.15,0.2005284683856024
714,857,143,0.143,0.16993184385566973
634,817,183,0.183,0.20748049060102727
650,825,175,0.175,0.19051669803830135
722,861,139,0.139,0.14748501575847375
634,817,183,0.183,0.20636623640695048
704,852,148,0.148,0.18572853046336463
674,837,163,0.163,0.17966693179334964
672,836,164,0.164,0.18451070293846533
680,840,160,0.16,0.16029087066433922
636,818,182,0.182,0.179205706050946
686,843,157,0.157,0.18331971729347254
726,863,137,0.137,0.17665700677278495
678,839,161,0.161,0.18357530855549567
666,833,167,0.167,0.17390970028220346
648,824,176,0.176,0.1825330314970962
728,864,136,0.136,0.1848066610847627
714,857,143,0.143,0.17950515420563737
682,841,159,0.159,0.1777998940419868
678,839,161,0.161,0.15201126026596842
682,841,159,0.159,0.19851690142592174
676,838,162,0.162,0.16766153006689227
702,851,149,0.149,0.1670728374989914
748,874,126,0.126,0.18077578640330308
650,825,175,0.175,0.1552694944832365
646,823,177,0.177,0.16809471811371002
638,819,181,0.181,0.17268962606527466
694,847,153,0.153,0.18172471550362293
676,838,162,0.162,0.18682091156678893
702,851,149,0.149,0.17304361503398702
662,831,169,0.169,0.15464443349689655
686,843,157,0.157,0.17860919149744642
690,845,155,0.155,0.1749114049128027
670,835,165,0.165,0.16629751139548185
648,824,176,0.176,0.16925612177624635
736,868,132,0.132,0.18075333465045174
682,841,159,0.159,0.17455738571011725
660,830,170,0.17,0.19327347718922686
706,853,147,0.147,0.17934895903559728
742,871,129,0.129,0.1861072393932613
706,853,147,0.147,0.17680416481441852
690,845,155,0.155,0.17455251812314004
608,804,196,0.196,0.1728156520828033
692,846,154,0.154,0.16461534374903133
646,823,177,0.177,0.1854394381548898
684,842,158,0.158,0.17058207709132522
676,838,162,0.162,0.17693343241528012
690,845,155,0.155,0.19704857221421593
742,871,129,0.129,0.1724631006596934
664,832,168,0.168,0.1958519496049492
692,846,154,0.154,0.173985969882478
650,825,175,0.175,0.1750224046881703
700,850,150,0.15,0.19240976466550103
662,831,169,0.169,0.17248732996327878
704,852,148,0.148,0.19401234102476975
712,856,144,0.144,0.1706976492901104
714,857,143,0.143,0.17214519456585217
670,835,165,0.165,0.18462355021645716
712,856,144,0.144,0.17137182011505686
682,841,159,0.159,0.16900821302425176
698,849,151,0.151,0.15085508952516086
654,827,173,0.173,0.14861436483956358
670,835,165,0.165,0.1546234387524741
684,842,158,0.158,0.17495611529091265
716,858,142,0.142,0.16948749678388209
670,835,165,0.165,0.16220552403705585
728,864,136,0.136,0.15956886616301014
756,878,122,0.122,0.15753345087790147
674,837,163,0.163,0.15948258114611713
692,846,154,0.154,0.16531698480710436
702,851,149,0.149,0.14489621261255656
678,839,161,0.161,0.15512233825130317
648,824,176,0.176,0.16233457433649284
726,863,137,0.137,0.1554442986170385
686,843,157,0.157,0.15036003451579216
714,857,143,0.143,0.16502331667466222
688,844,156,0.156,0.17208000406607998
630,815,185,0.185,0.1610529664838117
644,822,178,0.178,0.16124558061681588
694,847,153,0.153,0.1715805951985584
656,828,172,0.172,0.16062095425068024
674,837,163,0.163,0.15654664963872808
688,844,156,0.156,0.16669653930738257
672,836,164,0.164,0.1392914979868519
696,848,152,0.152,0.17025245934297695
676,838,162,0.162,0.15392612747939882
678,839,161,0.161,0.17004022718908493
712,856,144,0.144,0.1898159689016064
674,837,163,0.163,0.16871340335736731
666,833,167,0.167,0.13758920550119363
718,859,141,0.141,0.1725937802397873
682,841,159,0.159,0.13817916969542296
640,820,180,0.18,0.15079089142497695
692,846,154,0.154,0.13780965905422252
648,824,176,0.176,0.14478386717775246
682,841,159,0.159,0.17321799857736628
666,833,167,0.167,0.14099368945854934
700,850,150,0.15,0.15158215334139005
706,853,147,0.147,0.17362669707844777
702,851,149,0.149,0.15988516543458167
654,827,173,0.173,0.15526577740269815
640,820,180,0.18,0.14913840285572066
710,855,145,0.145,0.15116401789577877
608,804,196,0.196,0.15582858356002605
630,815,185,0.185,0.1499261941439142
750,875,125,0.125,0.1652875194439129
742,871,129,0.129,0.15193206725120434
670,835,165,0.165,0.1459459844062413
684,842,158,0.158,0.15835420366071457
728,864,136,0.136,0.1583141959892331
718,859,141,0.141,0.147542318223497
708,854,146,0.146,0.1488712054039174
682,841,159,0.159,0.16558878732387158
672,836,164,0.164,0.13505131644787713
690,845,155,0.155,0.16557734887071457
640,820,180,0.18,0.1527224703607172
668,834,166,0.166,0.14226979193817324
682,841,159,0.159,0.1582438426054306
664,832,168,0.168,0.15384411679309593
632,816,184,0.184,0.1702948849906004
668,834,166,0.166,0.13998309673645565
674,837,163,0.163,0.18095351255619674
608,804,196,0.196,0.1530440275163885
654,827,173,0.173,0.13859396965041595
718,859,141,0.141,0.13193837328691102
738,869,131,0.131,0.1358588327282128
748,874,126,0.126,0.11745263273500044
680,840,160,0.16,0.1599181009950451
680,840,160,0.16,0.15629482001834968
668,834,166,0.166,0.147824645083583
698,849,151,0.151,0.16711865278161644
722,861,139,0.139,0.169140437557625
638,819,181,0.181,0.15245352756611755
636,818,182,0.182,0.14675457153553753
736,868,132,0.132,0.14343648602139536
708,854,146,0.146,0.15451188463826632
664,832,168,0.168,0.1441464944924236
688,844,156,0.156,0.14299281032236505
674,837,163,0.163,0.13255290158690042
678,839,161,0.161,0.11407686172564736
734,867,133,0.133,0.12916883949496186
736,868,132,0.132,0.14995385244773546
680,840,160,0.16,0.14003560610644705
578,789,211,0.211,0.1299458900690891
654,827,173,0.173,0.15797164829210827
690,845,155,0.155,0.14156023216414323
738,869,131,0.131,0.14768832156791248
598,799,201,0.201,0.1517339890007353
616,808,192,0.192,0.1372323778500525
686,843,157,0.157,0.1282000742712333
608,804,196,0.196,0.13933768707001132
698,849,151,0.151,0.14454774998825615
682,841,159,0.159,0.145483292714667
678,839,161,0.161,0.13084498888774931
726,863,137,0.137,0.13933246137454292
748,874,126,0.126,0.13274015147932347
726,863,137,0.137,0.12505842961661198
732,866,134,0.134,0.12485595192293934
734,867,133,0.133,0.13815415471795575
718,859,141,0.141,0.13112336924727666
640,820,180,0.18,0.1235329872110047
676,838,162,0.162,0.1328967584339602
686,843,157,0.157,0.13491839083244359
672,836,164,0.164,0.1366423566444285
684,842,158,0.158,0.14824454401853746
680,840,160,0.16,0.1290247355913661
688,844,156,0.156,0.13768866958405754
660,830,170,0.17,0.1209959252521298
646,823,177,0.177,0.1320586365129638
678,839,161,0.161,0.12137959935006343
682,841,159,0.159,0.13867283593134305
628,814,186,0.186,0.13167837464119364
654,827,173,0.173,0.12359923727109086
684,842,158,0.158,0.12379397233729514
700,850,150,0.15,0.12026850993595609
648,824,176,0.176,0.12349517877598137
770,885,115,0.115,0.13704050229968967
710,855,145,0.145,0.1215371799130665
728,864,136,0.136,0.13158618535877714
704,852,148,0.148,0.14672049085871125
674,837,163,0.163,0.14566792147527302
698,849,151,0.151,0.13995931139076412
678,839,161,0.161,0.13374988493609163
726,863,137,0.137,0.13510593562181822
700,850,150,0.15,0.13247017851348017
700,850,150,0.15,0.1333060777996056
706,853,147,0.147,0.13694831717892145
648,824,176,0.176,0.12732757360846153
636,818,182,0.182,0.12725448851976223
688,844,156,0.156,0.13444088284192798
680,840,160,0.16,0.1249186505677851
702,851,149,0.149,0.13413833765242206
668,834,166,0.166,0.12124521287111721
684,842,158,0.158,0.1350595720711385
588,794,206,0.206,0.15825693999890855
664,832,168,0.168,0.12590351970808947
684,842,158,0.158,0.1242790219193017
690,845,155,0.155,0.12944372765919512
688,844,156,0.156,0.12717673213895372
774,887,113,0.113,0.13968950877509587
654,827,173,0.173,0.1305879045302461
704,852,148,0.148,0.12597271177096064
702,851,149,0.149,0.13662108772720474
678,839,161,0.161,0.14378508543218774
654,827,173,0.173,0.11392575913633572
768,884,116,0.116,0.12268272442477188
692,846,154,0.154,0.13785520961235903
716,858,142,0.142,0.13894096434526398
702,851,149,0.149,0.11261815681591927
664,832,168,0.168,0.13246186114472255
642,821,179,0.179,0.12525601018570381
682,841,159,0.159,0.14821361819321296
690,845,155,0.155,0.14107797752607537
700,850,150,0.15,0.12143782520632937
704,852,148,0.148,0.13588801841549542
732,866,134,0.134,0.12910937785717835
696,848,152,0.152,0.11897677211138614
676,838,162,0.162,0.12101827322424584
664,832,168,0.168,0.13006862956974086
624,812,188,0.188,0.12240923844975796
726,863,137,0.137,0.13932691775534498
654,827,173,0.173,0.13841493706999702
744,872,128,0.128,0.1358998110032656
758,879,121,0.121,0.13120253386632022
670,835,165,0.165,0.12737879301284605
684,842,158,0.158,0.1339589228758161
674,837,163,0.163,0.1126792515067483
638,819,181,0.181,0.13888856053561188
636,818,182,0.182,0.12530940850096497
666,833,167,0.167,0.12506631495564002
652,826,174,0.174,0.11731798788312227
674,837,163,0.163,0.12834008021582538
672,836,164,0.164,0.12636767344320407
668,834,166,0.166,0.12211723832317065
702,851,149,0.149,0.12135561146887616
740,870,130,0.13,0.11540628494064419
722,861,139,0.139,0.1335224972082818
744,872,128,0.128,0.1164941589493798
644,822,178,0.178,0.10829307119576087
710,855,145,0.145,0.11193412988524891
632,816,184,0.184,0.12325562421480234
636,818,182,0.182,0.11790054810117495
678,839,161,0.161,0.1201356145864227
670,835,165,0.165,0.129238890001453
628,814,186,0.186,0.12270764422138607
706,853,147,0.147,0.12734529564536157
714,857,143,0.143,0.11798945124099339
722,861,139,0.139,0.13119828971333117
720,860,140,0.14,0.11986192142226319
720,860,140,0.14,0.1391681465232498
694,847,153,0.153,0.10229598182876806
654,827,173,0.173,0.12434846208790262
746,873,127,0.127,0.12313709438243169
738,869,131,0.131,0.12529744295949147
682,841,159,0.159,0.12570938355459338
702,851,149,0.149,0.13623098169865527
666,833,167,0.167,0.12195777760801915
644,822,178,0.178,0.11537223680040133
676,838,162,0.162,0.11106932589601491
710,855,145,0.145,0.11250173328605689
702,851,149,0.149,0.10241438445896259
694,847,153,0.153,0.14385109333401555
716,858,142,0.142,0.10455884571618303
738,869,131,0.131,0.12823583321111773
690,845,155,0.155,0.12627954623136523
754,877,123,0.123,0.11969020483150807
724,862,138,0.138,0.12485446751673905
692,846,154,0.154,0.10858629215357483
756,878,122,0.122,0.11115968144398096
646,823,177,0.177,0.1272929397595242
716,858,142,0.142,0.11807634314375819
768,884,116,0.116,0.10127570956588221
646,823,177,0.177,0.10476280765377076
670,835,165,0.165,0.11740204452113824
680,840,160,0.16,0.11758392388226431
710,855,145,0.145,0.13019329275796435
674,837,163,0.163,0.12412677118984969
670,835,165,0.165,0.12309112738940653
714,857,143,0.143,0.1100970867377986
666,833,167,0.167,0.1100671327052511
656,828,172,0.172,0.09764387666893871
720,860,140,0.14,0.11745706256139105
686,843,157,0.157,0.11497445391409243
658,829,171,0.171,0.10685753564131231
698,849,151,0.151,0.11935114206572332
744,872,128,0.128,0.11110953392293192
736,868,132,0.132,0.12029076047184015
710,855,145,0.145,0.11090077098607476
664,832,168,0.168,0.10830270618517625
726,863,137,0.137,0.09924498824006993
670,835,165,0.165,0.1039394327889665
642,821,179,0.179,0.11000786221837207
634,817,183,0.183,0.10382830007003607
662,831,169,0.169,0.11544822410628752
728,864,136,0.136,0.12879536522649862
594,797,203,0.203,0.11637815147203066
724,862,138,0.138,0.10548632189987446
728,864,136,0.136,0.11851942859065034
710,855,145,0.145,0.11550326783486096
686,843,157,0.157,0.10366544968159479
624,812,188,0.188,0.11803934314548797
710,855,145,0.145,0.1165464174353386
726,863,137,0.137,0.1171184768589489
692,846,154,0.154,0.09339637496312873
694,847,153,0.153,0.11381306179848781
650,825,175,0.175,0.11017230980486621
696,848,152,0.152,0.1046577487625392
672,836,164,0.164,0.1066141522276974
736,868,132,0.132,0.09404938661070511
740,870,130,0.13,0.10712506062487169
720,860,140,0.14,0.09140708298067887
664,832,168,0.168,0.10675594742342752
686,843,157,0.157,0.11447251799265411
646,823,177,0.177,0.12642455717777354
660,830,170,0.17,0.11708916660054475
698,849,151,0.151,0.11876838813396944
670,835,165,0.165,0.1149012027025623
742,871,129,0.129,0.11449429098045924
646,823,177,0.177,0.12041710255069457
706,853,147,0.147,0.1075391485014039
658,829,171,0.171,0.11284051139907136
704,852,148,0.148,0.11286371693602625
700,850,150,0.15,0.11817611088115694
692,846,154,0.154,0.10126064163192927
