log_avg_ept_score,log_avg_succ_req,log_avg_blk_req,log_avg_BP_req,log_avg_entropy
80,540,460,0.46,1.607249494791031
64,532,468,0.468,1.6070935914516449
84,542,458,0.458,1.6069677016735078
88,544,456,0.456,1.6069624189138412
106,553,447,0.447,1.6059856858253478
86,543,457,0.457,1.6057937991619111
104,552,448,0.448,1.6056246260404587
120,560,440,0.44,1.6056821994781494
114,557,443,0.443,1.6034234368801117
118,559,441,0.441,1.6031132748126984
146,573,427,0.427,1.602705433011055
130,565,435,0.435,1.6025975885391235
120,560,440,0.44,1.5978548837900162
112,556,444,0.444,1.596244097471237
168,584,416,0.416,1.5958127781152724
160,580,420,0.42,1.5954699754714965
164,582,418,0.418,1.5800408300161362
154,577,423,0.423,1.5749317463636399
166,583,417,0.417,1.5736521100997924
190,595,405,0.405,1.5710695984363556
180,590,410,0.41,1.5257810524702071
256,628,372,0.372,1.5218265419602395
242,621,379,0.379,1.5152108141779899
210,605,395,0.395,1.5131861439943313
322,661,339,0.339,1.371341305732727
298,649,351,0.351,1.3597201527953149
306,653,347,0.347,1.3328827750533818
262,631,369,0.369,1.3342515676915645
400,700,300,0.3,0.9994932465255261
354,677,323,0.323,0.9689918942973018
464,732,268,0.268,0.9436254026442766
504,752,248,0.248,0.9010602926015854
468,734,266,0.266,0.6114035222581587
360,680,320,0.32,0.6495827102605254
426,713,287,0.287,0.6001454908549786
436,718,282,0.282,0.6039309872821905
504,752,248,0.248,0.6570699733346701
454,727,273,0.273,0.6885291845276952
498,749,251,0.251,0.6720978538393975
476,738,262,0.262,0.6601467856019735
462,731,269,0.269,0.484139876967296
364,682,318,0.318,0.5015953959496692
424,712,288,0.288,0.4915444243233651
326,663,337,0.337,0.48997343524172904
444,722,278,0.278,0.552356001097709
440,720,280,0.28,0.5938426407910884
426,713,287,0.287,0.589878325752914
464,732,268,0.268,0.6167876611594111
588,794,206,0.206,0.65862622384727
650,825,175,0.175,0.635404351502657
658,829,171,0.171,0.6369113209396601
634,817,183,0.183,0.5999878924675286
780,890,110,0.11,0.3359944038235117
784,892,108,0.108,0.3130510170807829
716,858,142,0.142,0.3225960661829449
688,844,156,0.156,0.28969463685638036
752,876,124,0.124,0.14249798023746552
814,907,93,0.093,0.119915471282795
772,886,114,0.114,0.11715217185256416
722,861,139,0.139,0.09275050137090378
748,874,126,0.126,0.06397320404275382
766,883,117,0.117,0.05659867553807049
772,886,114,0.114,0.04586889564560316
750,875,125,0.125,0.06165150204778834
800,900,100,0.1,0.04427178653487124
742,871,129,0.129,0.043659915770136476
756,878,122,0.122,0.050321031905734004
798,899,101,0.101,0.03301271026291187
722,861,139,0.139,0.05124975030849397
740,870,130,0.13,0.04204086468331167
712,856,144,0.144,0.03363968529897095
748,874,126,0.126,0.037173459383566226
724,862,138,0.138,0.04735104885669017
832,916,84,0.084,0.032240029287431186
776,888,112,0.112,0.042896653900509764
754,877,123,0.123,0.03725930901110942
754,877,123,0.123,0.03390168522485194
738,869,131,0.131,0.029344009643148383
780,890,110,0.11,0.028747057953717615
732,866,134,0.134,0.030924950356887748
784,892,108,0.108,0.03293839449517645
778,889,111,0.111,0.023842147097264798
808,904,96,0.096,0.024163256133276235
770,885,115,0.115,0.027412859386552513
798,899,101,0.101,0.0216101062189843
774,887,113,0.113,0.022182461185399772
794,897,103,0.103,0.017277496848874505
714,857,143,0.143,0.019888193530541984
754,877,123,0.123,0.01847297128965387
806,903,97,0.097,0.009918106818399594
766,883,117,0.117,0.011826510696289745
698,849,151,0.151,0.02180134313150194
760,880,120,0.12,0.012722111898947631
736,868,132,0.132,0.016256157640472908
832,916,84,0.084,0.010940483123248568
728,864,136,0.136,0.01893898665337123
814,907,93,0.093,0.011977846903147708
748,874,126,0.126,0.015208798117801948
758,879,121,0.121,0.011941236153434048
760,880,120,0.12,0.014428528671477566
706,853,147,0.147,0.010785565085475667
782,891,109,0.109,0.008035744501375603
740,870,130,0.13,0.01004024672891677
704,852,148,0.148,0.010592223824412727
788,894,106,0.106,0.010563722319954295
796,898,102,0.102,0.013192511767212877
758,879,121,0.121,0.008734394057043304
732,866,134,0.134,0.011033906164662738
756,878,122,0.122,0.015232560840828498
780,890,110,0.11,0.01059059646677825
724,862,138,0.138,0.01256765166089113
750,875,125,0.125,0.009962556617741697
764,882,118,0.118,0.009995794359446536
730,865,135,0.135,0.009456128452916119
800,900,100,0.1,0.011353058895347844
788,894,106,0.106,0.008822721781049508
728,864,136,0.136,0.012446965058903515
796,898,102,0.102,0.009240044727362019
772,886,114,0.114,0.011246777740019639
728,864,136,0.136,0.008311277080881837
778,889,111,0.111,0.005833057844177773
750,875,125,0.125,0.005831127766312733
848,924,76,0.076,0.003814927732652606
774,887,113,0.113,0.004985750655308052
750,875,125,0.125,0.0037180136629378496
722,861,139,0.139,0.005182574886281202
806,903,97,0.097,0.004179643469650444
742,871,129,0.129,0.006450089357854977
758,879,121,0.121,0.005884342837756407
754,877,123,0.123,0.006835084102202046
752,876,124,0.124,0.008529999709002596
734,867,133,0.133,0.009238029402603218
792,896,104,0.104,0.0044583077770264335
788,894,106,0.106,0.006203562981488986
840,920,80,0.08,0.005668181297154263
794,897,103,0.103,0.004250740371854959
772,886,114,0.114,0.005938281050800981
796,898,102,0.102,0.005397337749001594
780,890,110,0.11,0.004266711160749693
768,884,116,0.116,0.005390998843161611
778,889,111,0.111,0.003904848334114405
772,886,114,0.114,0.0051483922633242685
802,901,99,0.099,0.006217942363481441
754,877,123,0.123,0.0057604817758821125
776,888,112,0.112,0.0055846783384471905
730,865,135,0.135,0.006854971064259885
828,914,86,0.086,0.00468884653192572
688,844,156,0.156,0.007439214995772914
760,880,120,0.12,0.00596651025261356
778,889,111,0.111,0.005713051486132571
794,897,103,0.103,0.003956019580282984
810,905,95,0.095,0.003663159378283666
766,883,117,0.117,0.004567325999160048
870,935,65,0.065,0.004068260976857417
772,886,114,0.114,0.003286458317043767
798,899,101,0.101,0.0028576102561491297
772,886,114,0.114,0.0028462377082674665
700,850,150,0.15,0.0025305839529659977
724,862,138,0.138,0.003071814636517189
760,880,120,0.12,0.0032080585659865902
702,851,149,0.149,0.004197419848387867
766,883,117,0.117,0.0041345794329321565
784,892,108,0.108,0.0038377956957218375
782,891,109,0.109,0.002559170777478627
720,860,140,0.14,0.004135376887272273
798,899,101,0.101,0.003677414945337432
732,866,134,0.134,0.005302155960735504
770,885,115,0.115,0.0033661191016699237
750,875,125,0.125,0.003148861304572932
734,867,133,0.133,0.004764792731629114
764,882,118,0.118,0.005348635583852115
740,870,130,0.13,0.0031807557399277614
832,916,84,0.084,0.0035183435937594966
802,901,99,0.099,0.0042522148987820425
748,874,126,0.126,0.0037301126458431926
766,883,117,0.117,0.0039758163024924045
772,886,114,0.114,0.0028207465878155205
710,855,145,0.145,0.0036414159868688074
768,884,116,0.116,0.0028921314173483525
766,883,117,0.117,0.004170793780951854
780,890,110,0.11,0.004051002121783966
856,928,72,0.072,0.004123392158102902
832,916,84,0.084,0.003519658938309263
800,900,100,0.1,0.005665598622838104
758,879,121,0.121,0.004630549728467173
722,861,139,0.139,0.005535131840715337
816,908,92,0.092,0.0068806343739267395
810,905,95,0.095,0.008235883157415757
748,874,126,0.126,0.007255636732240248
770,885,115,0.115,0.006864991910534172
766,883,117,0.117,0.006981529546772663
740,870,130,0.13,0.008935401075573083
720,860,140,0.14,0.008237373576269278
754,877,123,0.123,0.005933984764663705
764,882,118,0.118,0.006661221362348044
754,877,123,0.123,0.006516623967432963
780,890,110,0.11,0.007598376283902155
720,860,140,0.14,0.006606833730998233
750,875,125,0.125,0.006319200242223133
758,879,121,0.121,0.005784027454818784
742,871,129,0.129,0.006244143996661251
742,871,129,0.129,0.00523007169037021
738,869,131,0.131,0.005466585526906783
794,897,103,0.103,0.004859193419518277
760,880,120,0.12,0.004695547342196193
818,909,91,0.091,0.004098455766524125
814,907,93,0.093,0.004524157087403836
752,876,124,0.124,0.003989292841650766
770,885,115,0.115,0.004206972987975561
750,875,125,0.125,0.003923229634168251
764,882,118,0.118,0.0037115413373037427
754,877,123,0.123,0.004718333664515768
782,891,109,0.109,0.003349463681261497
736,868,132,0.132,0.004261724063481054
824,912,88,0.088,0.005138783027405907
790,895,105,0.105,0.003876178772357747
782,891,109,0.109,0.004340698740766357
800,900,100,0.1,0.004634362903552727
744,872,128,0.128,0.008141063793698805
748,874,126,0.126,0.006459355218285964
814,907,93,0.093,0.006075275992933655
748,874,126,0.126,0.007465443044577682
758,879,121,0.121,0.006457746806873274
680,840,160,0.16,0.007635539091093961
802,901,99,0.099,0.006632331670347412
772,886,114,0.114,0.005202140171903921
786,893,107,0.107,0.004537212388422801
776,888,112,0.112,0.003817711483505974
822,911,89,0.089,0.003927318679793899
778,889,111,0.111,0.0032039803986196633
758,879,121,0.121,0.002335360192201222
810,905,95,0.095,0.0020808399206886747
714,857,143,0.143,0.0031090022690807473
724,862,138,0.138,0.002888665719293385
818,909,91,0.091,0.0028592838908899692
802,901,99,0.099,0.0027272718952866767
790,895,105,0.105,0.0025474209954594756
758,879,121,0.121,0.004019694909773819
724,862,138,0.138,0.0034025620005012484
760,880,120,0.12,0.0025829446528440486
778,889,111,0.111,0.0018913748387419673
746,873,127,0.127,0.003320845146191516
756,878,122,0.122,0.002982201542817961
718,859,141,0.141,0.0036371102728771803
740,870,130,0.13,0.002141920936131697
780,890,110,0.11,0.003691646173183443
800,900,100,0.1,0.0031068385836707647
766,883,117,0.117,0.00333729702253558
794,897,103,0.103,0.003036597128847134
698,849,151,0.151,0.0033669563177583088
782,891,109,0.109,0.0024689484935457814
786,893,107,0.107,0.002082270368682856
752,876,124,0.124,0.002825090706969277
736,868,132,0.132,0.0017958555600526155
770,885,115,0.115,0.0019053636040067374
794,897,103,0.103,0.0015665095650474114
740,870,130,0.13,0.0010751553406923762
770,885,115,0.115,0.0013220070518734702
808,904,96,0.096,0.0016733844287528826
726,863,137,0.137,0.0019321583151562295
726,863,137,0.137,0.0017843941880603892
818,909,91,0.091,0.0017887248872906411
788,894,106,0.106,0.002236202983006919
790,895,105,0.105,0.0030775564960684393
760,880,120,0.12,0.0024196260894863712
746,873,127,0.127,0.002565879733844781
812,906,94,0.094,0.002575451547798096
728,864,136,0.136,0.0027118643480707476
710,855,145,0.145,0.0020949272854001036
770,885,115,0.115,0.002001951716954068
788,894,106,0.106,0.002285829662333697
690,845,155,0.155,0.0026029136875959013
754,877,123,0.123,0.002112542927804384
776,888,112,0.112,0.0026728186187891653
748,874,126,0.126,0.0027824857489998607
764,882,118,0.118,0.0029802659957680363
758,879,121,0.121,0.0033061461670001223
782,891,109,0.109,0.0021887868952328235
702,851,149,0.149,0.0023816285622399107
778,889,111,0.111,0.0022270553933713016
756,878,122,0.122,0.002811457181137072
712,856,144,0.144,0.0018715854672765886
728,864,136,0.136,0.0028630717991168664
742,871,129,0.129,0.0022025452805686714
740,870,130,0.13,0.002106994889281822
852,926,74,0.074,0.002686856599985731
802,901,99,0.099,0.003918242125565939
746,873,127,0.127,0.0035420452422589505
786,893,107,0.107,0.0032682474779248878
812,906,94,0.094,0.0034007429966313794
808,904,96,0.096,0.002893726687297999
802,901,99,0.099,0.0034789450836386353
782,891,109,0.109,0.0028403488296614796
722,861,139,0.139,0.0026664912903114554
772,886,114,0.114,0.0014609295426058111
788,894,106,0.106,0.0029309059350874802
762,881,119,0.119,0.0019421664745111116
786,893,107,0.107,0.0015523616420635732
778,889,111,0.111,0.0016284060268254735
746,873,127,0.127,0.001589096627344361
782,891,109,0.109,0.0015771291020808605
822,911,89,0.089,0.0012234892401985604
758,879,121,0.121,0.0012849085939200932
764,882,118,0.118,0.001873339307326404
738,869,131,0.131,0.00097893321088452
780,890,110,0.11,0.0007055761830384739
782,891,109,0.109,0.0010322903777424842
780,890,110,0.11,0.0010969397826196996
786,893,107,0.107,0.0006562707275831343
726,863,137,0.137,0.0008417563533889308
814,907,93,0.093,0.001216140832869712
768,884,116,0.116,0.0011489135885550468
728,864,136,0.136,0.0017529845023400413
766,883,117,0.117,0.0017138331107588414
750,875,125,0.125,0.0023005768743230987
772,886,114,0.114,0.0017630812564071335
782,891,109,0.109,0.00173623799487504
786,893,107,0.107,0.0029365561080065845
786,893,107,0.107,0.0029854201497434758
756,878,122,0.122,0.0028747414463875885
764,882,118,0.118,0.002710069374805741
766,883,117,0.117,0.001919418424895298
702,851,149,0.149,0.0022508253906162283
724,862,138,0.138,0.0019738256327955384
768,884,116,0.116,0.0016268335502392119
812,906,94,0.094,0.0015079720072323824
710,855,145,0.145,0.001274186022843267
734,867,133,0.133,0.0017448804370263815
782,891,109,0.109,0.0014947291756581649
714,857,143,0.143,0.002276250099613833
746,873,127,0.127,0.0027776799454780417
762,881,119,0.119,0.0017371070564261544
706,853,147,0.147,0.0017556199876652841
778,889,111,0.111,0.0012957416734729462
786,893,107,0.107,0.0013410352682839174
734,867,133,0.133,0.0014606454521127717
760,880,120,0.12,0.0011500102631128186
760,880,120,0.12,0.0010605921747337704
754,877,123,0.123,0.0009572238406927057
814,907,93,0.093,0.0009291781352270334
720,860,140,0.14,0.0008469353850942696
720,860,140,0.14,0.0013575606645843266
724,862,138,0.138,0.0007028089835438749
738,869,131,0.131,0.0007318888867426097
808,904,96,0.096,0.0011805040823296338
796,898,102,0.102,0.00129855769264924
802,901,99,0.099,0.0010377502704044873
826,913,87,0.087,0.0012545276365021607
712,856,144,0.144,0.0013037702177282995
746,873,127,0.127,0.0012704102822873153
726,863,137,0.137,0.0010755926287037596
762,881,119,0.119,0.0010830718187901595
784,892,108,0.108,0.0011967643137866162
776,888,112,0.112,0.001143394641590902
736,868,132,0.132,0.000977758221403974
818,909,91,0.091,0.001048290806559308
716,858,142,0.142,0.001278453323948085
778,889,111,0.111,0.001694223437723906
778,889,111,0.111,0.0012009776199488442
796,898,102,0.102,0.00139876567274149
680,840,160,0.16,0.0023969550715398783
720,860,140,0.14,0.0021039254523907117
776,888,112,0.112,0.0027599600579225124
756,878,122,0.122,0.0024364153992689807
756,878,122,0.122,0.002458431198446817
736,868,132,0.132,0.002804560621626479
724,862,138,0.138,0.0025174157395671274
826,913,87,0.087,0.0027438378707080346
710,855,145,0.145,0.0026736301816854395
774,887,113,0.113,0.002090544979449106
672,836,164,0.164,0.0019030327928749103
822,911,89,0.089,0.00306314110255164
790,895,105,0.105,0.001947610222049036
706,853,147,0.147,0.0011972589185099878
766,883,117,0.117,0.0018971754754511635
756,878,122,0.122,0.0018809889311957022
704,852,148,0.148,0.0014514459016590137
704,852,148,0.148,0.0017001361937455642
778,889,111,0.111,0.0018859437309712206
772,886,114,0.114,0.0032038412114233665
768,884,116,0.116,0.0027247938568066275
796,898,102,0.102,0.0018992597230271713
784,892,108,0.108,0.002234134006752811
770,885,115,0.115,0.0023507491840732654
786,893,107,0.107,0.002746064216993318
804,902,98,0.098,0.001381880556915661
754,877,123,0.123,0.0018033933959020487
792,896,104,0.104,0.001203805881314338
828,914,86,0.086,0.0011179558479149137
762,881,119,0.119,0.0012202395796352902
746,873,127,0.127,0.0010957150040628392
738,869,131,0.131,0.001119404692347757
754,877,123,0.123,0.001320246930495557
768,884,116,0.116,0.0010037791754524505
786,893,107,0.107,0.0012908402358758194
712,856,144,0.144,0.0013536791112247499
750,875,125,0.125,0.0013226671178986464
758,879,121,0.121,0.0015916342593522473
740,870,130,0.13,0.0016195283955396462
764,882,118,0.118,0.001522954121830935
796,898,102,0.102,0.0015766912324044996
686,843,157,0.157,0.002523937139216173
708,854,146,0.146,0.0016309072816649178
784,892,108,0.108,0.0015347096026065259
738,869,131,0.131,0.0018616919949477051
742,871,129,0.129,0.0016468399334567038
796,898,102,0.102,0.0023252032219143073
770,885,115,0.115,0.0026757139302771406
646,823,177,0.177,0.001300648975646979
756,878,122,0.122,0.00119922576820791
754,877,123,0.123,0.0011307389417202671
730,865,135,0.135,0.001047756704070963
734,867,133,0.133,0.0016130089778282012
752,876,124,0.124,0.0013445958591455564
758,879,121,0.121,0.0016040672324580782
720,860,140,0.14,0.0013187797637705784
724,862,138,0.138,0.001032698009479006
722,861,139,0.139,0.0015483906083022703
764,882,118,0.118,0.0017720135724447915
780,890,110,0.11,0.0014132469716358856
788,894,106,0.106,0.001551276023728235
678,839,161,0.161,0.0015821573855786255
728,864,136,0.136,0.0022532036009349668
794,897,103,0.103,0.002497370828180692
760,880,120,0.12,0.0027518922923197805
786,893,107,0.107,0.002676349237164459
782,891,109,0.109,0.0034996873942617413
748,874,126,0.126,0.00318234918857479
778,889,111,0.111,0.0030858407565856395
744,872,128,0.128,0.0025620931106888063
710,855,145,0.145,0.0029004219614319027
742,871,129,0.129,0.002909517761455561
750,875,125,0.125,0.001989198316997772
720,860,140,0.14,0.0014018213292631572
690,845,155,0.155,0.0020239715525985956
744,872,128,0.128,0.001932623547982928
742,871,129,0.129,0.0024919958128898543
762,881,119,0.119,0.0025599541374576804
728,864,136,0.136,0.001984310746444294
754,877,123,0.123,0.002077824110360325
806,903,97,0.097,0.002092914177152352
848,924,76,0.076,0.0015618235786690774
784,892,108,0.108,0.0015762906011208314
750,875,125,0.125,0.0011352928178824868
764,882,118,0.118,0.0006946723431642994
782,891,109,0.109,0.0006756801965359073
766,883,117,0.117,0.0008134850535863905
796,898,102,0.102,0.0006291766895537165
742,871,129,0.129,0.0005838788637002353
762,881,119,0.119,0.00042985450448300357
730,865,135,0.135,0.0006080346339757909
790,895,105,0.105,0.001054922603659236
760,880,120,0.12,0.0010740777670894771
728,864,136,0.136,0.001072275122848282
810,905,95,0.095,0.0011172271029674333
800,900,100,0.1,0.001147864881150383
794,897,103,0.103,0.0013759792692186181
780,890,110,0.11,0.0013252175280044297
744,872,128,0.128,0.00176398211945218
764,882,118,0.118,0.0011626189940049584
764,882,118,0.118,0.0011119400033899182
748,874,126,0.126,0.0009300329904835252
792,896,104,0.104,0.0010726986896334267
778,889,111,0.111,0.0011450249767628975
648,824,176,0.176,0.0007913229462199638
738,869,131,0.131,0.0007679564159276425
794,897,103,0.103,0.0007920960263095224
732,866,134,0.134,0.0011511339005023018
768,884,116,0.116,0.0008816739801907972
738,869,131,0.131,0.0011649429249128219
782,891,109,0.109,0.0007982874746509197
712,856,144,0.144,0.0016202776230427958
798,899,101,0.101,0.0010475673911266767
800,900,100,0.1,0.0008583061785504924
772,886,114,0.114,0.000991509542218438
722,861,139,0.139,0.0009208421413138126
766,883,117,0.117,0.0009131051849513483
768,884,116,0.116,0.0010791197222760616
822,911,89,0.089,0.0008290672924597402
774,887,113,0.113,0.0009154741420003632
780,890,110,0.11,0.0008979338912272965
788,894,106,0.106,0.0007428426408470727
774,887,113,0.113,0.0010443782486732403
782,891,109,0.109,0.0007822153916995091
632,816,184,0.184,0.0008205490845999464
784,892,108,0.108,0.0003609217682174517
772,886,114,0.114,0.000603846645681827
732,866,134,0.134,0.0005983360373118529
810,905,95,0.095,0.0006277005680556016
772,886,114,0.114,0.0005311871786907289
754,877,123,0.123,0.00045068947255589366
714,857,143,0.143,0.000809746173786408
778,889,111,0.111,0.0009607383534507221
756,878,122,0.122,0.000841037030843097
714,857,143,0.143,0.0011830830912508644
830,915,85,0.085,0.0010652863585213339
710,855,145,0.145,0.0007106124161583694
718,859,141,0.141,0.00057131134740888
754,877,123,0.123,0.0008103685959580105
764,882,118,0.118,0.0005684284051973379
778,889,111,0.111,0.0005413508058957319
738,869,131,0.131,0.0005377991832724973
754,877,123,0.123,0.0008247406153334822
774,887,113,0.113,0.000686939993213798
730,865,135,0.135,0.0007941129539369456
770,885,115,0.115,0.00039785412254046546
764,882,118,0.118,0.0007294984023489235
762,881,119,0.119,0.000930852393865564
784,892,108,0.108,0.001124076008111743
766,883,117,0.117,0.0007730892703834797
770,885,115,0.115,0.0008254737973011288
750,875,125,0.125,0.0008560404774932095
784,892,108,0.108,0.0009062493818933035
764,882,118,0.118,0.0008435239491001028
674,837,163,0.163,0.0007438368260813775
742,871,129,0.129,0.0005883330750197189
764,882,118,0.118,0.0007044129240162249
772,886,114,0.114,0.0005682100630682498
736,868,132,0.132,0.0009210309698864449
794,897,103,0.103,0.0003651364059427209
756,878,122,0.122,0.00024007519248188202
732,866,134,0.134,0.00044747782690586745
774,887,113,0.113,0.00018148009641392093
772,886,114,0.114,0.00015906444461637648
782,891,109,0.109,9.800082470111705e-05
812,906,94,0.094,0.00026828427456987924
744,872,128,0.128,0.00033543471230875355
696,848,152,0.152,0.0002498578570080383
716,858,142,0.142,0.0003507321608226306
850,925,75,0.075,0.0005130730940791466
790,895,105,0.105,0.0007106061718122589
682,841,159,0.159,0.0008289155624971159
748,874,126,0.126,0.0006218029311413602
742,871,129,0.129,0.0007505485859932151
768,884,116,0.116,0.0005807226400181094
818,909,91,0.091,0.0007259268230528875
774,887,113,0.113,0.0007824057065831198
830,915,85,0.085,0.00045838296408844316
792,896,104,0.104,0.0002606193647661712
830,915,85,0.085,0.0005156033694507869
772,886,114,0.114,0.0002030197840380481
722,861,139,0.139,0.0003139176606345302
788,894,106,0.106,0.0003874361535092419
790,895,105,0.105,0.0004404230965240998
778,889,111,0.111,0.00036193284168828654
784,892,108,0.108,0.00047314470352795014
782,891,109,0.109,0.0005872828449550837
806,903,97,0.097,0.00044337907337521187
786,893,107,0.107,0.0004396424747570933
720,860,140,0.14,0.0008032038186199486
822,911,89,0.089,0.0004157294946928971
758,879,121,0.121,0.00039297081566866155
748,874,126,0.126,0.00027229530790057763
772,886,114,0.114,0.00019365247895021298
770,885,115,0.115,0.0003255410945690187
712,856,144,0.144,0.0002980742046809723
796,898,102,0.102,0.0003403949474010517
756,878,122,0.122,0.00041388595465838307
740,870,130,0.13,0.0007202462461116852
704,852,148,0.148,0.000598879055929757
870,935,65,0.065,0.000738708609104279
694,847,153,0.153,0.0007382922951907176
782,891,109,0.109,0.0003516340735955339
772,886,114,0.114,0.00031292638364318747
746,873,127,0.127,0.00033139729010797224
754,877,123,0.123,0.0003682156341344722
786,893,107,0.107,0.00014985258796399137
772,886,114,0.114,0.00019994727568287373
844,922,78,0.078,0.0004025513219476835
830,915,85,0.085,0.00028587137593463297
734,867,133,0.133,0.0003866458074204218
774,887,113,0.113,0.000363082630313329
796,898,102,0.102,0.0002788440930677041
788,894,106,0.106,0.0003842040005787908
778,889,111,0.111,0.0005367193902668532
810,905,95,0.095,0.000588129972236004
784,892,108,0.108,0.0005751071442365401
752,876,124,0.124,0.0007773152218888413
726,863,137,0.137,0.0008691468003993918
768,884,116,0.116,0.0008448554935554853
758,879,121,0.121,0.000971699512980507
740,870,130,0.13,0.0009130596325560703
798,899,101,0.101,0.0005876982433223929
800,900,100,0.1,0.00043174554619267267
774,887,113,0.113,0.0003828973725919553
728,864,136,0.136,0.0005001390037065647
790,895,105,0.105,0.0003485563279589456
726,863,137,0.137,0.0003938042249130547
784,892,108,0.108,0.00030702149774180045
760,880,120,0.12,0.0004943339237076998
744,872,128,0.128,0.000278391596089719
796,898,102,0.102,0.00034116055272288295
820,910,90,0.09,0.0003105832098547694
776,888,112,0.112,0.0002898212351309297
758,879,121,0.121,0.00034473373385283425
794,897,103,0.103,0.00027654208568195313
722,861,139,0.139,0.0002265438499145631
692,846,154,0.154,0.00040017968033637883
748,874,126,0.126,0.0006263661952825004
786,893,107,0.107,0.00043119926869957225
776,888,112,0.112,0.0005566541530000962
716,858,142,0.142,0.0004606089384817551
776,888,112,0.112,0.00046981356141543527
744,872,128,0.128,0.0005216749987961009
774,887,113,0.113,0.0004607182140753707
744,872,128,0.128,0.0004265858099434894
744,872,128,0.128,0.0001652692060137042
782,891,109,0.109,0.00021211725444440787
786,893,107,0.107,0.0001424517409979984
750,875,125,0.125,0.00016084309806907983
696,848,152,0.152,0.00011558996237985752
802,901,99,0.099,0.00018123216776160688
732,866,134,0.134,0.0003101531642074349
720,860,140,0.14,0.0007433799887199797
786,893,107,0.107,0.000486646399727789
796,898,102,0.102,0.0008574535218770051
710,855,145,0.145,0.0010703001974396785
748,874,126,0.126,0.0007128900027332747
774,887,113,0.113,0.001340071445167041
772,886,114,0.114,0.0006633124873841893
778,889,111,0.111,0.0007178441892233422
752,876,124,0.124,0.0005958411109560586
782,891,109,0.109,0.0005655164349408323
756,878,122,0.122,0.0005846524852228754
722,861,139,0.139,0.0005105577676791313
784,892,108,0.108,0.00035230084005964104
790,895,105,0.105,0.00033086684818330525
738,869,131,0.131,0.0003263175156130984
758,879,121,0.121,0.00023739358625239504
752,876,124,0.124,0.0002471100778883937
762,881,119,0.119,0.00030152057738781936
804,902,98,0.098,0.00028650073283212406
782,891,109,0.109,0.00030979773711794676
804,902,98,0.098,0.00023660413955433056
744,872,128,0.128,0.00048488063098922396
746,873,127,0.127,0.0003613110586886421
756,878,122,0.122,0.00023020240276910896
784,892,108,0.108,0.00026165547009208013
744,872,128,0.128,0.00037326059879612216
834,917,83,0.083,0.00045436632209596437
798,899,101,0.101,0.0002769908076285645
776,888,112,0.112,0.000429255976128303
754,877,123,0.123,0.00034596923106164465
796,898,102,0.102,0.0004295836423995638
748,874,126,0.126,0.0004413483884646894
754,877,123,0.123,0.00039037650230996235
784,892,108,0.108,0.00022090066464863867
698,849,151,0.151,0.00029292174192009667
806,903,97,0.097,0.0001614039885328822
722,861,139,0.139,0.0002858133611154159
734,867,133,0.133,0.00023348002465795048
838,919,81,0.081,0.0002230366305469289
758,879,121,0.121,0.00032194058380203216
746,873,127,0.127,0.00019063254857711344
752,876,124,0.124,0.0001419242975238859
826,913,87,0.087,0.0003956241632301811
734,867,133,0.133,0.00039910694022580627
690,845,155,0.155,0.00042644122062097267
734,867,133,0.133,0.0002433788694092982
816,908,92,0.092,0.0002108162396457942
766,883,117,0.117,0.00019101937903505473
772,886,114,0.114,0.00014403703827136382
772,886,114,0.114,0.00020338815353196084
778,889,111,0.111,0.00015006621091670524
810,905,95,0.095,0.0002693385892054181
780,890,110,0.11,0.00025169905446119855
794,897,103,0.103,0.00019939708963981673
742,871,129,0.129,0.00027471924653234227
790,895,105,0.105,0.00029422196710584105
746,873,127,0.127,0.00033464243134073967
758,879,121,0.121,0.00030194354358479815
762,881,119,0.119,0.00031033691171231223
744,872,128,0.128,0.0003945663508292796
746,873,127,0.127,0.00022408036362151052
786,893,107,0.107,0.0003269367022342493
746,873,127,0.127,0.0003250144720439465
738,869,131,0.131,0.00024310969498114333
760,880,120,0.12,0.00028695613660340767
750,875,125,0.125,0.00027544010515509856
758,879,121,0.121,0.0003657677088424833
802,901,99,0.099,0.00028728476861793694
786,893,107,0.107,0.00034041923892444003
720,860,140,0.14,0.0004032972958429468
764,882,118,0.118,0.0002543561917790953
734,867,133,0.133,0.00016683731322365247
780,890,110,0.11,0.00022029492029936647
768,884,116,0.116,0.0002587245721771865
774,887,113,0.113,0.0001532207143837212
722,861,139,0.139,0.00013211965605658803
804,902,98,0.098,0.0002525009596968886
740,870,130,0.13,0.00010997952614627593
750,875,125,0.125,0.00012362652752032942
774,887,113,0.113,0.0003129349205709104
786,893,107,0.107,0.00031214893001794053
756,878,122,0.122,0.00029438365275052546
738,869,131,0.131,0.00030045704435667633
780,890,110,0.11,0.00031729223979394305
796,898,102,0.102,0.00029596227244971376
798,899,101,0.101,0.0003501457972685955
762,881,119,0.119,0.00042059435984720037
738,869,131,0.131,0.00028910162119338167
734,867,133,0.133,0.0002627559019101824
752,876,124,0.124,0.0001902114039174734
804,902,98,0.098,0.00024206219796025152
760,880,120,0.12,0.0002408022425103269
818,909,91,0.091,0.0003246740293090511
758,879,121,0.121,0.00031231606264431376
758,879,121,0.121,0.0002475249208816308
718,859,141,0.141,0.0005462088076143345
746,873,127,0.127,0.0003351722440001765
762,881,119,0.119,0.0003194883391022074
802,901,99,0.099,0.0003201666048910283
790,895,105,0.105,0.0003646923393498298
814,907,93,0.093,0.00041294963620276806
798,899,101,0.101,0.00027918194920839313
770,885,115,0.115,0.00030199359485513354
750,875,125,0.125,0.00016494090304665577
754,877,123,0.123,0.00023125269701931473
794,897,103,0.103,0.0001744113892862771
796,898,102,0.102,0.0003469736061580164
734,867,133,0.133,0.00018533280038411702
794,897,103,0.103,0.00024925147875775623
772,886,114,0.114,0.0002735959142637654
706,853,147,0.147,0.0001935755619072239
774,887,113,0.113,0.00012244705934813283
816,908,92,0.092,0.0001091626020802039
830,915,85,0.085,0.0001288715876551123
820,910,90,0.09,0.0001297937128243234
772,886,114,0.114,6.393864110310688e-05
764,882,118,0.118,3.2888602154940826e-05
782,891,109,0.109,6.305650287352193e-05
790,895,105,0.105,6.878531573786973e-05
798,899,101,0.101,0.00013364944882208362
772,886,114,0.114,0.00030140985858440674
742,871,129,0.129,0.0001900836904319334
814,907,93,0.093,0.00021674830265047261
784,892,108,0.108,0.00026206559675895846
770,885,115,0.115,0.0005543354170442854
788,894,106,0.106,0.00037063914723540846
720,860,140,0.14,0.0004139643797950043
706,853,147,0.147,0.0003792413357903115
796,898,102,0.102,0.0001902380757982911
748,874,126,0.126,0.0002306388884126136
758,879,121,0.121,0.0003133937625641181
776,888,112,0.112,0.00018001671483519033
732,866,134,0.134,0.00010793353147532515
734,867,133,0.133,0.00016577277979935444
812,906,94,0.094,0.00013098302305809283
752,876,124,0.124,0.00014578808264391796
762,881,119,0.119,8.294266782014858e-05
742,871,129,0.129,0.00011417552028508738
820,910,90,0.09,0.00011091855547495299
780,890,110,0.11,0.00019174466396249557
742,871,129,0.129,0.00010493447817547974
830,915,85,0.085,0.0001610801389327463
764,882,118,0.118,0.00025849013967115295
724,862,138,0.138,0.0002481674737097279
790,895,105,0.105,0.0002350050310388383
762,881,119,0.119,0.00028815010641463344
764,882,118,0.118,0.0003154616513976407
834,917,83,0.083,0.00028205874551481716
768,884,116,0.116,0.00037902670372960755
768,884,116,0.116,0.0002878769958315388
750,875,125,0.125,0.0001986530404252278
760,880,120,0.12,0.00012772089541158494
762,881,119,0.119,0.000177102155763734
714,857,143,0.143,8.181623269675243e-05
754,877,123,0.123,9.159487952842938e-05
794,897,103,0.103,0.00012712323447138375
732,866,134,0.134,0.00018909506837221101
818,909,91,0.091,0.00011638435652308487
814,907,93,0.093,0.0002213016370278922
728,864,136,0.136,0.00020805688666320065
730,865,135,0.135,0.0002555570847965214
744,872,128,0.128,0.0002729975721205733
780,890,110,0.11,0.0001684415330540503
736,868,132,0.132,0.0002278265934447319
812,906,94,0.094,0.00016429590230202963
678,839,161,0.161,0.00014494652296684763
740,870,130,0.13,0.00015450198791978664
730,865,135,0.135,0.0001834967755812471
706,853,147,0.147,0.00017217124334069922
780,890,110,0.11,0.00021532080140488575
758,879,121,0.121,0.0002504327164083833
772,886,114,0.114,0.00022731786627514338
744,872,128,0.128,0.00019644810284782466
748,874,126,0.126,0.00022612035667015108
786,893,107,0.107,0.00018099063191041864
722,861,139,0.139,0.0001822011840276616
766,883,117,0.117,0.00026991339950807
762,881,119,0.119,0.00019220138055712254
734,867,133,0.133,0.00023796135300338506
780,890,110,0.11,0.00013972608780014184
744,872,128,0.128,0.00016151103462556195
786,893,107,0.107,0.00010423783985994817
748,874,126,0.126,0.00018919045723829697
780,890,110,0.11,0.00027463769555581053
730,865,135,0.135,0.00014456128469190333
700,850,150,0.15,0.0001732824935585029
744,872,128,0.128,0.00013798052084791835
746,873,127,0.127,0.00014920955441399998
794,897,103,0.103,9.049551396319089e-05
726,863,137,0.137,0.00015970667355682622
786,893,107,0.107,7.924910704376487e-05
716,858,142,0.142,0.00024961329519216236
752,876,124,0.124,0.00012739565756405112
778,889,111,0.111,0.00018168154255849344
730,865,135,0.135,0.0003751259154322213
730,865,135,0.135,0.0003206026448564785
816,908,92,0.092,0.00029354659007961456
794,897,103,0.103,0.000270230316263806
800,900,100,0.1,0.00017357178234274784
752,876,124,0.124,8.48299117302247e-05
746,873,127,0.127,7.347024818835734e-05
744,872,128,0.128,0.00010939482402515921
792,896,104,0.104,4.724122487553473e-05
716,858,142,0.142,0.00012737194091127436
762,881,119,0.119,0.0001791674277030637
734,867,133,0.133,0.00019514967868147437
760,880,120,0.12,0.0001692506359603385
750,875,125,0.125,0.00020995263999958524
734,867,133,0.133,0.00026997537597702603
802,901,99,0.099,0.00028630238002321564
814,907,93,0.093,0.00023629975893373967
772,886,114,0.114,0.0002481582155116371
820,910,90,0.09,0.00021767092174988534
742,871,129,0.129,0.00019006188045409545
734,867,133,0.133,0.00014589062989178104
716,858,142,0.142,0.00018247649667102906
734,867,133,0.133,0.00015217836431538956
732,866,134,0.134,0.00022078310884631947
786,893,107,0.107,0.00020042171818005272
750,875,125,0.125,0.00023237332622586847
792,896,104,0.104,0.0001496724031470933
758,879,121,0.121,0.00017793857259158584
766,883,117,0.117,0.00011792486571312111
772,886,114,0.114,0.0001497304065425027
730,865,135,0.135,0.00017169591910237613
790,895,105,0.105,0.0002472778615678237
690,845,155,0.155,0.00024399989524692955
762,881,119,0.119,0.0003428312466446073
774,887,113,0.113,0.0002554524052114857
758,879,121,0.121,0.0003905486727756511
772,886,114,0.114,0.0002638508301035785
778,889,111,0.111,0.0002442576305693649
732,866,134,0.134,0.00022647030192582916
762,881,119,0.119,0.00025609887637668293
716,858,142,0.142,0.00024541063120149433
792,896,104,0.104,0.00022849957568658397
764,882,118,0.118,0.00022620199561086452
746,873,127,0.127,0.0006997431091524504
784,892,108,0.108,0.0005254664241614364
754,877,123,0.123,0.0003929535492087553
766,883,117,0.117,0.000521657048116026
730,865,135,0.135,0.0003617287777690308
820,910,90,0.09,0.00018149768509184128
770,885,115,0.115,0.0002766665431468738
774,887,113,0.113,0.00015901207272996486
778,889,111,0.111,0.00037305913009529946
748,874,126,0.126,0.0003015472702355737
746,873,127,0.127,0.0002956810464793023
792,896,104,0.104,0.0002571541578035976
692,846,154,0.154,0.00043352437258749885
782,891,109,0.109,0.0003189208001804218
780,890,110,0.11,0.0005089537473853909
794,897,103,0.103,0.0004919795691648687
748,874,126,0.126,0.0002576796680255029
822,911,89,0.089,0.0002428088464062057
788,894,106,0.106,0.0002878706170717749
764,882,118,0.118,0.0003569677495335242
792,896,104,0.104,0.00014538907489504993
794,897,103,0.103,0.0001980722627255034
752,876,124,0.124,0.000233698768378801
780,890,110,0.11,0.00018438900116379386
784,892,108,0.108,0.000279504082099578
768,884,116,0.116,0.00017419450339212973
790,895,105,0.105,0.00023893313901643864
764,882,118,0.118,0.00028938645111247754
758,879,121,0.121,0.00014924602247721452
770,885,115,0.115,0.0001878344325967163
808,904,96,0.096,0.00016586991069291913
794,897,103,0.103,0.0001395167282837235
772,886,114,0.114,9.495562972044525e-05
816,908,92,0.092,0.0001233443796735685
706,853,147,0.147,0.00014479077340112667
692,846,154,0.154,0.00021600820788091825
754,877,123,0.123,0.0003186406282393932
772,886,114,0.114,0.00038798007888226493
788,894,106,0.106,0.0003532325411997306
812,906,94,0.094,0.00043300696480378064
734,867,133,0.133,0.00039187860865570203
778,889,111,0.111,0.00031644740256257364
744,872,128,0.128,0.0003362797160883133
724,862,138,0.138,0.00040012402342998145
758,879,121,0.121,0.00041871459617206597
768,884,116,0.116,0.00035941643963383285
766,883,117,0.117,0.0002597708937359471
830,915,85,0.085,0.0003032307403410357
800,900,100,0.1,0.0002597751054181288
752,876,124,0.124,0.00037677012758976505
788,894,106,0.106,0.00020423298234555887
774,887,113,0.113,0.00025280262955675427
736,868,132,0.132,0.00023878667292990486
798,899,101,0.101,0.0003063151225167928
794,897,103,0.103,0.0002444563087828442
790,895,105,0.105,0.00026766647612157615
746,873,127,0.127,0.00040226877073780545
850,925,75,0.075,0.0001977936594414018
764,882,118,0.118,0.00026616702926506264
782,891,109,0.109,0.0002595464858198966
766,883,117,0.117,0.00015974907030681608
704,852,148,0.148,0.00019957703950294103
754,877,123,0.123,0.00011068455254131493
794,897,103,0.103,9.227349584040212e-05
778,889,111,0.111,0.00015786900731328045
754,877,123,0.123,0.00019871348878976392
740,870,130,0.13,0.00022495880863209548
790,895,105,0.105,0.00026939022545417404
820,910,90,0.09,0.00023840197883015434
756,878,122,0.122,0.00020726689750085825
788,894,106,0.106,0.00017683746023942603
760,880,120,0.12,0.0001886610516856422
752,876,124,0.124,0.00024495262456076714
786,893,107,0.107,0.0004029638824471533
750,875,125,0.125,0.0003971165480193974
788,894,106,0.106,0.00023045854973645417
780,890,110,0.11,0.00026444917189633087
746,873,127,0.127,0.000340237730590502
732,866,134,0.134,0.00029341397497347545
772,886,114,0.114,0.00030783639954032083
714,857,143,0.143,0.00021678400147683873
744,872,128,0.128,0.00032573218744776967
714,857,143,0.143,0.00026149021981558464
812,906,94,0.094,0.0002986103110232818
756,878,122,0.122,0.00016262069478263186
766,883,117,0.117,0.00014675605795039814
818,909,91,0.091,0.00016942571316117493
794,897,103,0.103,0.00013225186353437834
770,885,115,0.115,9.492554140061316e-05
812,906,94,0.094,0.00018556467681469258
744,872,128,0.128,0.00010231388632777793
790,895,105,0.105,9.121584388572046e-05
728,864,136,0.136,0.00016112036828249643
724,862,138,0.138,0.00024012023786788462
716,858,142,0.142,0.0001724005286454826
862,931,69,0.069,0.00012986860595663074
772,886,114,0.114,0.00020285298952865105
842,921,79,0.079,0.0001686525044842142
760,880,120,0.12,0.0001521324538356339
752,876,124,0.124,0.0002057298118130575
788,894,106,0.106,0.00028304333352957654
782,891,109,0.109,0.00022110018305806988
834,917,83,0.083,0.0002283063468706814
754,877,123,0.123,0.00027426200836100633
750,875,125,0.125,0.0001614390412127733
818,909,91,0.091,0.0002376122593477703
810,905,95,0.095,0.00017721611346293288
750,875,125,0.125,0.0002756740943763418
728,864,136,0.136,0.00020393156871324435
740,870,130,0.13,0.00030925888999684047
760,880,120,0.12,0.0003481110853906557
768,884,116,0.116,0.0004376274914154692
742,871,129,0.129,0.00036377623298540127
812,906,94,0.094,0.0002579710188575746
740,870,130,0.13,0.0003126662938208824
780,890,110,0.11,0.000345466583837549
806,903,97,0.097,0.00015973104038226893
792,896,104,0.104,0.00017271149686177978
790,895,105,0.105,0.00015642905330946633
742,871,129,0.129,0.00019851305932968444
690,845,155,0.155,0.0002673512943968035
764,882,118,0.118,0.0003478572732405496
806,903,97,0.097,0.0003550229229067554
734,867,133,0.133,0.00032905766903081713
764,882,118,0.118,0.0003838247135088295
738,869,131,0.131,0.00035008796590710746
784,892,108,0.108,0.00023736911832739337
824,912,88,0.088,0.0002376353712169248
762,881,119,0.119,0.00014081238660827467
742,871,129,0.129,0.00011598810112948855
808,904,96,0.096,7.825698780942503e-05
800,900,100,0.1,0.00014163037885978725
684,842,158,0.158,0.00017086707741061958
698,849,151,0.151,0.0002195516668854225
810,905,95,0.095,0.0002837770895024789
810,905,95,0.095,0.00021990929260738313
720,860,140,0.14,0.00030277451765357453
666,833,167,0.167,0.0002954607647470766
748,874,126,0.126,0.00022133591479098414
790,895,105,0.105,0.00023875781820322572
770,885,115,0.115,0.00023077666020071774
780,890,110,0.11,0.00014641932443362293
762,881,119,0.119,0.00015184137934289764
732,866,134,0.134,0.00014351839734354143
780,890,110,0.11,0.00021884649670855083
780,890,110,0.11,0.0002896905464908173
780,890,110,0.11,0.00016068041524289355
788,894,106,0.106,0.00020179540982559273
714,857,143,0.143,0.00017455664580893427
744,872,128,0.128,0.00014703807228630693
774,887,113,0.113,0.0003240663476365171
732,866,134,0.134,0.0002920942035615326
784,892,108,0.108,0.00029387417490693227
712,856,144,0.144,0.0003527985134080609
728,864,136,0.136,0.00045524944015710387
794,897,103,0.103,0.00046236301042836204
748,874,126,0.126,0.00038667394714684633
738,869,131,0.131,0.00044546896017698146
750,875,125,0.125,0.00034432574135948355
740,870,130,0.13,0.0002326397679112233
760,880,120,0.12,0.00014921954307526165
750,875,125,0.125,0.0001018494419474223
812,906,94,0.094,0.00014864983796034892
688,844,156,0.156,0.00011650796907437667
762,881,119,0.119,0.0001455836624614051
760,880,120,0.12,0.00016946097638691527
748,874,126,0.126,0.00025775254129757743
778,889,111,0.111,0.0003539590188647708
748,874,126,0.126,0.0003208705587614986
742,871,129,0.129,0.00039849569101716044
754,877,123,0.123,0.00013769991995900453
806,903,97,0.097,0.00015203375624045634
746,873,127,0.127,0.00010855510891903463
702,851,149,0.149,0.00016302477570229713
800,900,100,0.1,0.00013560982020197797
718,859,141,0.141,0.0001208999087908893
782,891,109,0.109,6.987014333859065e-05
758,879,121,0.121,0.00013383910519874576
722,861,139,0.139,0.00012843898232642914
752,876,124,0.124,0.00013374868603855815
826,913,87,0.087,0.000135620272048925
754,877,123,0.123,0.00013840309878168
794,897,103,0.103,7.695724680660021e-05
774,887,113,0.113,0.0001467138855500423
776,888,112,0.112,0.00011418501128315484
774,887,113,0.113,0.00014773770974107946
766,883,117,0.117,7.315999936719209e-05
774,887,113,0.113,6.419617715411619e-05
758,879,121,0.121,7.023505250222683e-05
768,884,116,0.116,0.00011158688265390992
734,867,133,0.133,0.00013021686274922216
730,865,135,0.135,0.00018085810094606812
744,872,128,0.128,9.995664120901892e-05
774,887,113,0.113,0.00023165650017193683
726,863,137,0.137,0.00013078644648101089
752,876,124,0.124,0.00011581994393515061
782,891,109,0.109,0.00010144548996494507
768,884,116,0.116,8.886423645896002e-05
740,870,130,0.13,3.312021323002057e-05
766,883,117,0.117,3.652783636665902e-05
796,898,102,0.102,4.115465562766474e-05
728,864,136,0.136,4.417907034648749e-05
766,883,117,0.117,4.7764548861891854e-05
850,925,75,0.075,5.509859518319615e-05
724,862,138,0.138,3.799503903169921e-05
816,908,92,0.092,4.2157029662590163e-05
776,888,112,0.112,3.405143201742078e-05
790,895,105,0.105,3.920347865947349e-05
742,871,129,0.129,3.118276057075775e-05
760,880,120,0.12,4.692554926127457e-05
772,886,114,0.114,3.511823880202769e-05
818,909,91,0.091,3.256193035726085e-05
746,873,127,0.127,3.0947290323510404e-05
724,862,138,0.138,4.173237267998786e-05
722,861,139,0.139,2.1690932942064477e-05
816,908,92,0.092,2.0812366691330908e-05
788,894,106,0.106,2.6886681168278415e-05
832,916,84,0.084,2.023788710049246e-05
752,876,124,0.124,2.1067481813858535e-05
758,879,121,0.121,3.3315536811315386e-05
754,877,123,0.123,3.480379329428729e-05
816,908,92,0.092,2.5196020955945642e-05
838,919,81,0.081,3.881792980777732e-05
788,894,106,0.106,4.454755320963955e-05
828,914,86,0.086,3.106564596717476e-05
790,895,105,0.105,2.5983222875836986e-05
712,856,144,0.144,2.4081284057018594e-05
754,877,123,0.123,3.141358331527044e-05
766,883,117,0.117,3.056894450077152e-05
742,871,129,0.129,2.4103844400201524e-05
756,878,122,0.122,6.689454151751307e-05
782,891,109,0.109,0.00010057869681926945
736,868,132,0.132,8.946936148510076e-05
754,877,123,0.123,8.610652532902918e-05
746,873,127,0.127,7.666648976501733e-05
752,876,124,0.124,4.782810508189073e-05
784,892,108,0.108,3.0333943638865434e-05
806,903,97,0.097,5.89113060879356e-05
750,875,125,0.125,3.4073328238036995e-05
730,865,135,0.135,4.199884154114386e-05
780,890,110,0.11,4.653648807341426e-05
768,884,116,0.116,5.9636937525539227e-05
752,876,124,0.124,5.7321644722605925e-05
742,871,129,0.129,4.489352416291581e-05
774,887,113,0.113,7.74007450210803e-05
776,888,112,0.112,8.131455192499005e-05
776,888,112,0.112,3.303582227444224e-05
798,899,101,0.101,5.2600485602312116e-05
704,852,148,0.148,5.491389880083375e-05
742,871,129,0.129,6.11820405526231e-05
756,878,122,0.122,4.1631474102260314e-05
734,867,133,0.133,4.673304012840163e-05
738,869,131,0.131,3.801568855872972e-05
804,902,98,0.098,7.984335522878893e-05
716,858,142,0.142,5.0428358175452106e-05
700,850,150,0.15,7.300150342931034e-05
782,891,109,0.109,7.98018285515809e-05
772,886,114,0.114,7.698089092693295e-05
738,869,131,0.131,0.00010550283877893207
762,881,119,0.119,0.00014508526465436945
746,873,127,0.127,0.0001498482887380419
710,855,145,0.145,0.00010406426830249415
796,898,102,0.102,4.9315467582204067e-05
792,896,104,0.104,3.784364372820903e-05
718,859,141,0.141,5.3306923173067844e-05
780,890,110,0.11,3.049259100836821e-05
758,879,121,0.121,1.9221732715763552e-05
832,916,84,0.084,2.3004954695039714e-05
790,895,105,0.105,4.836776625525374e-05
724,862,138,0.138,2.7224684991367097e-05
824,912,88,0.088,4.3659999528102846e-05
760,880,120,0.12,6.508543123743493e-05
766,883,117,0.117,6.751609672841141e-05
738,869,131,0.131,7.742993034597134e-05
790,895,105,0.105,6.580461427708429e-05
730,865,135,0.135,6.846486893174131e-05
766,883,117,0.117,7.506060621106769e-05
736,868,132,0.132,5.028546378431997e-05
804,902,98,0.098,4.471213909016569e-05
756,878,122,0.122,3.441144084358427e-05
776,888,112,0.112,3.919445873526683e-05
778,889,111,0.111,3.147664769619496e-05
790,895,105,0.105,2.3760297830520472e-05
744,872,128,0.128,3.7620487445423125e-05
740,870,130,0.13,2.367744377366421e-05
762,881,119,0.119,2.5050428748386365e-05
776,888,112,0.112,3.954480736281596e-05
784,892,108,0.108,4.31322480092291e-05
780,890,110,0.11,3.711709272816677e-05
730,865,135,0.135,3.8659327222475784e-05
804,902,98,0.098,4.2055457016346055e-05
804,902,98,0.098,3.703761964001728e-05
780,890,110,0.11,2.5555495671355288e-05
796,898,102,0.102,2.2760361375162574e-05
764,882,118,0.118,2.4281696292106858e-05
700,850,150,0.15,4.032905165215084e-05
748,874,126,0.126,9.65362733700772e-05
836,918,82,0.082,6.09883175557826e-05
782,891,109,0.109,6.545809260180136e-05
778,889,111,0.111,6.490643979502408e-05
772,886,114,0.114,4.204189651898105e-05
768,884,116,0.116,4.309780741176894e-05
752,876,124,0.124,2.3937791049263523e-05
814,907,93,0.093,1.6020885895002835e-05
792,896,104,0.104,1.910680311500812e-05
714,857,143,0.143,2.318222340413456e-05
688,844,156,0.156,6.06218304414341e-05
770,885,115,0.115,5.645256774866425e-05
752,876,124,0.124,0.00011160656143468373
762,881,119,0.119,9.207636076195058e-05
770,885,115,0.115,8.182137480042683e-05
784,892,108,0.108,7.099457064335012e-05
716,858,142,0.142,7.48434100192128e-05
760,880,120,0.12,4.0011150464010826e-05
836,918,82,0.082,4.138518683241443e-05
754,877,123,0.123,5.355435884291637e-05
794,897,103,0.103,2.6719445737654722e-05
708,854,146,0.146,3.8697404073715804e-05
744,872,128,0.128,2.863895320504639e-05
794,897,103,0.103,2.712600367684104e-05
752,876,124,0.124,2.4995246697301354e-05
752,876,124,0.124,3.94130853674568e-05
794,897,103,0.103,2.8054130377171305e-05
790,895,105,0.105,2.2396164629341796e-05
778,889,111,0.111,2.332418875009523e-05
788,894,106,0.106,2.0938022176764546e-05
812,906,94,0.094,2.415448294463829e-05
768,884,116,0.116,1.9071901781714475e-05
710,855,145,0.145,4.36468871019855e-05
714,857,143,0.143,3.131725906405336e-05
734,867,133,0.133,4.387441570040096e-05
772,886,114,0.114,6.879824688274994e-05
788,894,106,0.106,7.03334174321526e-05
800,900,100,0.1,5.245668836937511e-05
778,889,111,0.111,6.007660165735729e-05
812,906,94,0.094,4.607928047674647e-05
792,896,104,0.104,4.026967786728619e-05
740,870,130,0.13,3.111896671316572e-05
776,888,112,0.112,3.47410019610237e-05
776,888,112,0.112,4.38993686136655e-05
822,911,89,0.089,3.2650916596722365e-05
804,902,98,0.098,4.9817970754588714e-05
736,868,132,0.132,1.591021030333195e-05
764,882,118,0.118,3.2108935852349417e-05
772,886,114,0.114,1.7480113878491464e-05
762,881,119,0.119,2.0129516982123618e-05
748,874,126,0.126,3.501955706856563e-05
764,882,118,0.118,5.342346285584654e-05
704,852,148,0.148,5.1661180228819606e-05
744,872,128,0.128,5.185207159425431e-05
764,882,118,0.118,5.076978603901239e-05
816,908,92,0.092,6.94673185776793e-05
740,870,130,0.13,5.974001056293332e-05
784,892,108,0.108,3.802209249673183e-05
762,881,119,0.119,1.651010202162695e-05
790,895,105,0.105,1.7713047413636217e-05
774,887,113,0.113,3.116561962364983e-05
754,877,123,0.123,2.66194596527356e-05
824,912,88,0.088,3.1576492615670305e-05
754,877,123,0.123,3.3970692683681134e-05
774,887,113,0.113,4.9599152872985996e-05
716,858,142,0.142,5.096487918486048e-05
678,839,161,0.161,4.5997311995108704e-05
742,871,129,0.129,4.4292626219828436e-05
810,905,95,0.095,3.952231467654599e-05
768,884,116,0.116,3.722597340208722e-05
726,863,137,0.137,4.1740012953738414e-05
730,865,135,0.135,4.0104228196469195e-05
814,907,93,0.093,2.768471295884467e-05
780,890,110,0.11,2.1827897009444543e-05
742,871,129,0.129,2.0481985760170573e-05
758,879,121,0.121,2.388829681807181e-05
802,901,99,0.099,2.4659729829068056e-05
788,894,106,0.106,1.896208745046124e-05
758,879,121,0.121,3.058674142387474e-05
772,886,114,0.114,3.890586445119482e-05
748,874,126,0.126,3.519731156447392e-05
806,903,97,0.097,4.132357778252072e-05
778,889,111,0.111,4.781036537804084e-05
768,884,116,0.116,3.7983217279929704e-05
806,903,97,0.097,3.84694293754535e-05
750,875,125,0.125,3.0921787606473575e-05
752,876,124,0.124,2.1868930465657856e-05
798,899,101,0.101,2.148962479824945e-05
816,908,92,0.092,2.4393342973425547e-05
820,910,90,0.09,1.9190000291501975e-05
780,890,110,0.11,3.128199410093657e-05
746,873,127,0.127,2.8026213230106124e-05
770,885,115,0.115,3.028180677029013e-05
758,879,121,0.121,4.801613104868352e-05
778,889,111,0.111,4.957211038498599e-05
750,875,125,0.125,6.25734487410341e-05
748,874,126,0.126,7.274321746265855e-05
710,855,145,0.145,5.225962559656239e-05
764,882,118,0.118,4.9300573701827946e-05
752,876,124,0.124,5.412347848778154e-05
774,887,113,0.113,4.264541483817652e-05
710,855,145,0.145,4.73653693967151e-05
750,875,125,0.125,2.8419551901009753e-05
750,875,125,0.125,2.83230359045632e-05
770,885,115,0.115,2.4750395871606656e-05
780,890,110,0.11,1.9798575237516047e-05
824,912,88,0.088,2.0114826159996823e-05
836,918,82,0.082,1.8733992611913662e-05
804,902,98,0.098,1.5591305112550914e-05
784,892,108,0.108,2.1938559266430956e-05
800,900,100,0.1,2.0378785801653975e-05
720,860,140,0.14,2.98166343854831e-05
788,894,106,0.106,4.243432741685638e-05
740,870,130,0.13,5.1076476474577245e-05
738,869,131,0.131,3.7460058016847596e-05
718,859,141,0.141,3.876138594327472e-05
744,872,128,0.128,2.044952756556029e-05
810,905,95,0.095,1.321768404288548e-05
748,874,126,0.126,2.7609697618970586e-05
688,844,156,0.156,1.733765603341908e-05
822,911,89,0.089,5.311333994703204e-05
742,871,129,0.129,4.299529842435845e-05
776,888,112,0.112,5.0711744884523565e-05
768,884,116,0.116,5.017705165258235e-05
696,848,152,0.152,3.9154004394177376e-05
798,899,101,0.101,2.0540975777379345e-05
694,847,153,0.153,2.6980730289380972e-05
790,895,105,0.105,3.167209010553052e-05
784,892,108,0.108,2.3267901831033556e-05
784,892,108,0.108,2.9536324311948193e-05
756,878,122,0.122,1.9996219462569797e-05
736,868,132,0.132,2.654423057367694e-05
794,897,103,0.103,2.1398440795707075e-05
802,901,99,0.099,3.1731929296412884e-05
784,892,108,0.108,2.789400037030987e-05
794,897,103,0.103,2.7852205937222154e-05
744,872,128,0.128,1.902622975686086e-05
740,870,130,0.13,3.135330257319424e-05
780,890,110,0.11,2.733379168512329e-05
770,885,115,0.115,2.9509056992324646e-05
800,900,100,0.1,3.314037356437893e-05
782,891,109,0.109,3.0097239347355754e-05
774,887,113,0.113,3.2696937433826176e-05
712,856,144,0.144,3.685340698680761e-05
818,909,91,0.091,1.8384782085647087e-05
742,871,129,0.129,3.3038490879818026e-05
766,883,117,0.117,3.0288465715585744e-05
742,871,129,0.129,4.961077559249816e-05
728,864,136,0.136,6.223917586609674e-05
712,856,144,0.144,5.53391087666455e-05
732,866,134,0.134,6.443310890588805e-05
774,887,113,0.113,5.0639174298623854e-05
696,848,152,0.152,2.447892887474268e-05
794,897,103,0.103,3.1038598334845344e-05
798,899,101,0.101,2.194922801334087e-05
732,866,134,0.134,2.3430172160487927e-05
780,890,110,0.11,2.846204670845509e-05
726,863,137,0.137,4.053673751158726e-05
798,899,101,0.101,2.2767900727714617e-05
748,874,126,0.126,2.5736699497386438e-05
782,891,109,0.109,2.9667252750797958e-05
794,897,103,0.103,2.373060315676412e-05
722,861,139,0.139,2.9906424669832175e-05
774,887,113,0.113,2.79559556701372e-05
782,891,109,0.109,1.6408218560457045e-05
750,875,125,0.125,1.9171919807916993e-05
798,899,101,0.101,1.7051750509097018e-05
842,921,79,0.079,1.260150110576319e-05
738,869,131,0.131,1.8076964069450696e-05
776,888,112,0.112,1.9174193573689992e-05
752,876,124,0.124,2.1967878639202355e-05
772,886,114,0.114,2.7805300971493806e-05
748,874,126,0.126,2.774455261308617e-05
746,873,127,0.127,2.4465819964319733e-05
778,889,111,0.111,2.8876292512009626e-05
782,891,109,0.109,3.1768873982258585e-05
802,901,99,0.099,1.8869439148289756e-05
782,891,109,0.109,1.7538860998215e-05
744,872,128,0.128,1.5673686163850674e-05
808,904,96,0.096,1.0591233390130128e-05
808,904,96,0.096,1.4270839498806253e-05
792,896,104,0.104,1.0537477719395838e-05
728,864,136,0.136,2.192011615584022e-05
738,869,131,0.131,2.1261875151466823e-05
768,884,116,0.116,6.675565773957714e-05
732,866,134,0.134,7.10983879815359e-05
806,903,97,0.097,5.584787534843372e-05
742,871,129,0.129,4.1467431836224475e-05
802,901,99,0.099,1.0904879736614248e-05
730,865,135,0.135,9.640558501985197e-06
772,886,114,0.114,8.004672364435805e-06
740,870,130,0.13,6.466586633663951e-06
712,856,144,0.144,2.7643425081080862e-05
782,891,109,0.109,3.597336604414636e-05
766,883,117,0.117,5.454062830199291e-05
748,874,126,0.126,7.541317718788321e-05
782,891,109,0.109,0.00013300769354748353
776,888,112,0.112,0.00011955319031676481
746,873,127,0.127,0.00013228909169458802
762,881,119,0.119,9.745923677409962e-05
680,840,160,0.16,1.626132411442427e-05
792,896,104,0.104,1.5697105147467026e-05
764,882,118,0.118,1.4196235559523984e-05
766,883,117,0.117,1.3215674657530484e-05
704,852,148,0.148,2.2445188467045795e-05
776,888,112,0.112,2.2404390886066493e-05
758,879,121,0.121,2.8767141971144382e-05
780,890,110,0.11,3.3691166313190026e-05
718,859,141,0.141,5.326704500015467e-05
784,892,108,0.108,4.4797718905044806e-05
766,883,117,0.117,3.8746550020107406e-05
730,865,135,0.135,2.3829761276559225e-05
762,881,119,0.119,1.6252014345084832e-05
756,878,122,0.122,8.725765156015086e-06
806,903,97,0.097,6.940737012115505e-06
814,907,93,0.093,6.7955769576002465e-06
812,906,94,0.094,9.502827529772161e-06
760,880,120,0.12,2.6052593782125656e-05
776,888,112,0.112,3.805501291083146e-05
778,889,111,0.111,3.885675281046019e-05
756,878,122,0.122,2.9538583919247685e-05
732,866,134,0.134,1.7195425554859865e-05
792,896,104,0.104,1.6967401765228374e-05
726,863,137,0.137,2.6019142548562966e-05
770,885,115,0.115,1.636842088342405e-05
730,865,135,0.135,1.4639449551381745e-05
758,879,121,0.121,1.506164045061098e-05
830,915,85,0.085,1.9898624786378604e-05
768,884,116,0.116,1.5083288483708656e-05
792,896,104,0.104,1.9214419360139346e-05
784,892,108,0.108,3.121705213325754e-05
804,902,98,0.098,2.5166569652895987e-05
748,874,126,0.126,3.267247013275209e-05
776,888,112,0.112,1.946511869644496e-05
738,869,131,0.131,1.434938456667112e-05
796,898,102,0.102,1.4711464618201831e-05
782,891,109,0.109,1.2028778898269366e-05
766,883,117,0.117,1.1305147692439732e-05
822,911,89,0.089,1.0512118834739682e-05
772,886,114,0.114,9.178082876559301e-06
694,847,153,0.153,1.864199483206619e-05
754,877,123,0.123,3.0902374600515256e-05
812,906,94,0.094,4.283904266907257e-05
778,889,111,0.111,3.629120279347831e-05
802,901,99,0.099,5.018609096089222e-05
762,881,119,0.119,3.6344053823654575e-05
744,872,128,0.128,1.3758514443821922e-05
796,898,102,0.102,1.5772652072641336e-05
714,857,143,0.143,1.8616064336612226e-05
770,885,115,0.115,1.396873003237431e-05
760,880,120,0.12,2.1323185350269115e-05
704,852,148,0.148,2.1120210997167988e-05
794,897,103,0.103,1.6032773979148372e-05
798,899,101,0.101,1.610589717552102e-05
794,897,103,0.103,2.0679909181566814e-05
796,898,102,0.102,1.7518830300033982e-05
786,893,107,0.107,2.0142904285691542e-05
724,862,138,0.138,1.520602185310338e-05
736,868,132,0.132,2.6159601402383715e-05
726,863,137,0.137,1.839719082190072e-05
798,899,101,0.101,2.292577050857858e-05
820,910,90,0.09,2.4731569105625795e-05
780,890,110,0.11,3.1190377252499955e-05
760,880,120,0.12,2.650722219510726e-05
784,892,108,0.108,1.3344610315968453e-05
788,894,106,0.106,1.7114890397238015e-05
738,869,131,0.131,1.2418138055707573e-05
724,862,138,0.138,2.014935038431531e-05
766,883,117,0.117,3.363189559954094e-05
746,873,127,0.127,2.3062248532227158e-05
788,894,106,0.106,3.864198864985724e-05
772,886,114,0.114,2.9686173359749546e-05
806,903,97,0.097,2.2591568457926314e-05
828,914,86,0.086,2.2554109139406366e-05
736,868,132,0.132,1.263468760897979e-05
764,882,118,0.118,1.0187554998964288e-05
716,858,142,0.142,1.122824046144899e-05
760,880,120,0.12,1.5907477953476244e-05
724,862,138,0.138,3.430770755153389e-05
798,899,101,0.101,3.0493421680233724e-05
728,864,136,0.136,2.627725929514213e-05
830,915,85,0.085,2.142149981722241e-05
732,866,134,0.134,1.4453849172127775e-05
784,892,108,0.108,1.0302760669446797e-05
758,879,121,0.121,1.4558829783126725e-05
726,863,137,0.137,1.770523346803543e-05
786,893,107,0.107,2.4476285972241385e-05
840,920,80,0.08,3.33110291070966e-05
690,845,155,0.155,5.15240848508256e-05
704,852,148,0.148,4.865551664158829e-05
762,881,119,0.119,5.616594897702498e-05
710,855,145,0.145,5.062594658340913e-05
758,879,121,0.121,4.7654459651909066e-05
828,914,86,0.086,3.5004564876970786e-05
786,893,107,0.107,2.168285822813232e-05
756,878,122,0.122,1.4516071434215405e-05
786,893,107,0.107,9.230007952808706e-06
786,893,107,0.107,9.522597300914981e-06
746,873,127,0.127,1.8121676668783948e-05
708,854,146,0.146,3.052523556817732e-05
800,900,100,0.1,2.5176967989864352e-05
740,870,130,0.13,3.2578278495435594e-05
784,892,108,0.108,2.9895139392124292e-05
806,903,97,0.097,1.201108200940837e-05
816,908,92,0.092,1.2413576637413826e-05
726,863,137,0.137,9.193935856558256e-06
754,877,123,0.123,4.105185879296868e-06
802,901,99,0.099,1.769351920582096e-05
798,899,101,0.101,1.1848318227848153e-05
768,884,116,0.116,1.3742620803839145e-05
784,892,108,0.108,1.2773698697969849e-05
738,869,131,0.131,1.6053356489635463e-05
752,876,124,0.124,2.0899265612456476e-05
776,888,112,0.112,1.9184373735924964e-05
828,914,86,0.086,2.0189135308214644e-05
790,895,105,0.105,1.2550773267321346e-05
810,905,95,0.095,1.8238880874704932e-05
746,873,127,0.127,1.598971691691986e-05
764,882,118,0.118,1.387716852391918e-05
796,898,102,0.102,8.778785949687063e-06
802,901,99,0.099,9.68160616000091e-06
800,900,100,0.1,9.766926093632832e-06
762,881,119,0.119,1.3506850772927237e-05
752,876,124,0.124,2.419881510581945e-05
726,863,137,0.137,2.995887866978819e-05
776,888,112,0.112,2.898386209704995e-05
702,851,149,0.149,3.121673201246722e-05
762,881,119,0.119,2.3707419095842396e-05
736,868,132,0.132,2.2989199798644222e-05
766,883,117,0.117,2.2326582865844104e-05
730,865,135,0.135,2.4081815147511064e-05
720,860,140,0.14,2.4891912625577106e-05
786,893,107,0.107,2.07929906699178e-05
708,854,146,0.146,2.1018025697685517e-05
826,913,87,0.087,1.6341210706471542e-05
738,869,131,0.131,1.6525451743675035e-05
782,891,109,0.109,1.30110700971926e-05
728,864,136,0.136,1.6992219597966597e-05
728,864,136,0.136,1.6496227178237176e-05
748,874,126,0.126,2.236536034973824e-05
772,886,114,0.114,2.171499085028472e-05
754,877,123,0.123,2.7609941522854343e-05
770,885,115,0.115,2.5032425005036884e-05
732,866,134,0.134,1.166186251677459e-05
792,896,104,0.104,7.510957904841575e-06
784,892,108,0.108,9.869976093384025e-06
802,901,99,0.099,8.090877816584907e-06
756,878,122,0.122,1.3330842792214526e-05
768,884,116,0.116,1.2888079943934372e-05
806,903,97,0.097,1.3240034777822985e-05
750,875,125,0.125,1.9327331016341988e-05
756,878,122,0.122,2.4640254103033497e-05
784,892,108,0.108,1.513122217528462e-05
834,917,83,0.083,1.0759101162705064e-05
766,883,117,0.117,1.1138094262804543e-05
684,842,158,0.158,1.4722924828959094e-05
746,873,127,0.127,2.0849890666454486e-05
856,928,72,0.072,2.3458985758992413e-05
708,854,146,0.146,2.594593410886148e-05
842,921,79,0.079,1.5891790201095547e-05
740,870,130,0.13,1.3311837320145514e-05
876,938,62,0.062,6.21581138352667e-06
820,910,90,0.09,3.3487345497178465e-06
752,876,124,0.124,4.335299687880934e-06
678,839,161,0.161,1.0592545469563675e-05
798,899,101,0.101,2.4242794901226716e-05
780,890,110,0.11,3.489005312712834e-05
788,894,106,0.106,4.803266526698735e-05
800,900,100,0.1,2.9065890302163668e-05
822,911,89,0.089,3.40796285711491e-05
730,865,135,0.135,1.629052133695552e-05
770,885,115,0.115,9.255040868595187e-06
760,880,120,0.12,7.955375147432165e-06
782,891,109,0.109,8.992351290160628e-06
716,858,142,0.142,1.3316030058732053e-05
770,885,115,0.115,1.7720922221727166e-05
762,881,119,0.119,1.857263180289692e-05
814,907,93,0.093,1.9699403951989326e-05
800,900,100,0.1,1.324066975823257e-05
788,894,106,0.106,1.2214301775912873e-05
780,890,110,0.11,7.290076389665501e-06
764,882,118,0.118,1.2626983041656104e-05
718,859,141,0.141,1.734546786769897e-05
710,855,145,0.145,3.474212238555196e-05
790,895,105,0.105,3.3688184493939847e-05
740,870,130,0.13,4.495638693833826e-05
764,882,118,0.118,3.69748541056083e-05
802,901,99,0.099,1.9540849710338647e-05
736,868,132,0.132,1.0931382373328802e-05
740,870,130,0.13,8.000944876584982e-06
756,878,122,0.122,1.0058250364693322e-05
746,873,127,0.127,9.210494474260145e-06
734,867,133,0.133,3.198765071711307e-05
720,860,140,0.14,3.330772109902114e-05
718,859,141,0.141,5.914956014879635e-05
746,873,127,0.127,6.617957821754317e-05
748,874,126,0.126,4.9912055212928406e-05
770,885,115,0.115,4.563304846254823e-05
776,888,112,0.112,2.2020376876866977e-05
754,877,123,0.123,2.6367846241598158e-05
760,880,120,0.12,1.579183885219493e-05
764,882,118,0.118,1.617425270514161e-05
754,877,123,0.123,1.4765885633039488e-05
758,879,121,0.121,1.4904544467739811e-05
786,893,107,0.107,1.4764790901594438e-05
756,878,122,0.122,1.681998626244763e-05
734,867,133,0.133,2.2325379668131973e-05
768,884,116,0.116,2.260913784172658e-05
756,878,122,0.122,2.316640152560012e-05
802,901,99,0.099,2.5578633602037825e-05
792,896,104,0.104,1.6373989995400962e-05
724,862,138,0.138,1.7932626010804142e-05
768,884,116,0.116,1.4720908721145064e-05
750,875,125,0.125,1.3111001496383779e-05
806,903,97,0.097,9.072302667476606e-06
746,873,127,0.127,1.2594636577460961e-05
778,889,111,0.111,1.374923512850046e-05
722,861,139,0.139,2.8256512974337512e-05
776,888,112,0.112,2.7947461110670702e-05
790,895,105,0.105,2.5233147237031517e-05
732,866,134,0.134,2.3813223049103273e-05
724,862,138,0.138,2.2479833188214117e-05
774,887,113,0.113,1.4389926327453395e-05
742,871,129,0.129,1.6036896030939828e-05
722,861,139,0.139,9.392154687077437e-06
768,884,116,0.116,1.4724586736519996e-05
752,876,124,0.124,2.1590626659872213e-05
834,917,83,0.083,1.4059788312692945e-05
800,900,100,0.1,1.546950576693007e-05
796,898,102,0.102,1.49296338715601e-05
802,901,99,0.099,1.3993714812073676e-05
782,891,109,0.109,1.2539221391051569e-05
766,883,117,0.117,1.1153184273894112e-05
716,858,142,0.142,1.2798540048379436e-05
718,859,141,0.141,1.3889246893512564e-05
752,876,124,0.124,1.6193803189139546e-05
724,862,138,0.138,2.5450424508221657e-05
776,888,112,0.112,3.2696366817049236e-05
746,873,127,0.127,3.659873594278906e-05
768,884,116,0.116,4.583097285706117e-05
728,864,136,0.136,3.503424592693705e-05
850,925,75,0.075,1.537400966117275e-05
784,892,108,0.108,1.2381048042342969e-05
744,872,128,0.128,1.0292383487637835e-05
782,891,109,0.109,9.183931769811693e-06
748,874,126,0.126,9.679294316214281e-06
738,869,131,0.131,1.1851940326423005e-05
728,864,136,0.136,1.6180748588311643e-05
766,883,117,0.117,1.4290432747543492e-05
766,883,117,0.117,1.483850138296816e-05
756,878,122,0.122,2.1645756563330566e-05
746,873,127,0.127,1.6238895738865723e-05
718,859,141,0.141,2.0616997806854442e-05
764,882,118,0.118,3.233543193090327e-05
714,857,143,0.143,4.166666108380923e-05
796,898,102,0.102,3.803361380056458e-05
738,869,131,0.131,2.9176035490792173e-05
780,890,110,0.11,1.4440758097578054e-05
740,870,130,0.13,1.9748125394571047e-05
778,889,111,0.111,1.4605385036446706e-05
780,890,110,0.11,1.2180515003763048e-05
748,874,126,0.126,1.3859084213493133e-05
708,854,146,0.146,1.2648683769853619e-05
790,895,105,0.105,1.0496632256959514e-05
770,885,115,0.115,1.3034355514491836e-05
774,887,113,0.113,1.749838198448117e-05
718,859,141,0.141,1.6250467808163194e-05
806,903,97,0.097,1.4861457382011167e-05
762,881,119,0.119,2.1836218769806238e-05
760,880,120,0.12,2.068933813109197e-05
732,866,134,0.134,2.1666802317383828e-05
694,847,153,0.153,2.343516521636957e-05
804,902,98,0.098,1.9905350633308673e-05
790,895,105,0.105,1.774817776730231e-05
722,861,139,0.139,1.663343520277749e-05
764,882,118,0.118,9.019134530873884e-06
784,892,108,0.108,7.0686581759673576e-06
814,907,93,0.093,7.605824226928349e-06
774,887,113,0.113,9.633871389596038e-06
772,886,114,0.114,1.627709493394036e-05
750,875,125,0.125,1.7212190129185955e-05
776,888,112,0.112,2.0096987623958285e-05
844,922,78,0.078,1.2943717312893455e-05
796,898,102,0.102,8.751326685498384e-06
778,889,111,0.111,7.460681237688505e-06
760,880,120,0.12,6.821281465207107e-06
772,886,114,0.114,7.269062060913711e-06
810,905,95,0.095,9.522253565052096e-06
734,867,133,0.133,9.941539745810246e-06
740,870,130,0.13,1.598819540072327e-05
782,891,109,0.109,2.0684259081946266e-05
802,901,99,0.099,1.2084748620168284e-05
778,889,111,0.111,1.505823529508632e-05
780,890,110,0.11,6.774811426041083e-06
790,895,105,0.105,5.726511836357418e-06
728,864,136,0.136,8.210143100399136e-06
774,887,113,0.113,7.498133049907096e-06
748,874,126,0.126,1.3536968751623136e-05
808,904,96,0.096,2.126234111682379e-05
768,884,116,0.116,2.5836861700270218e-05
714,857,143,0.143,2.3519475259888623e-05
776,888,112,0.112,2.191772128233538e-05
776,888,112,0.112,1.2791563076063994e-05
758,879,121,0.121,1.2477486485352075e-05
726,863,137,0.137,1.306721617388007e-05
778,889,111,0.111,1.2638860161672483e-05
788,894,106,0.106,1.2236721661636807e-05
800,900,100,0.1,1.2737673320046382e-05
748,874,126,0.126,1.2484640576957417e-05
698,849,151,0.151,1.4120458643418488e-05
770,885,115,0.115,1.5864928586211134e-05
766,883,117,0.117,2.1205190007265172e-05
688,844,156,0.156,1.986767449244553e-05
792,896,104,0.104,1.8538781659898972e-05
764,882,118,0.118,1.3034864489810616e-05
764,882,118,0.118,1.048713718721217e-05
790,895,105,0.105,9.026727446070027e-06
756,878,122,0.122,5.0098582941870975e-06
740,870,130,0.13,9.651583751889347e-06
758,879,121,0.121,1.5322677668564212e-05
756,878,122,0.122,1.3731533168396481e-05
726,863,137,0.137,3.006474191596453e-05
820,910,90,0.09,2.9067333902958127e-05
734,867,133,0.133,2.9100715490415043e-05
752,876,124,0.124,2.4406384570681892e-05
732,866,134,0.134,1.4327708303270015e-05
776,888,112,0.112,1.072174648115265e-05
766,883,117,0.117,8.097927362769042e-06
776,888,112,0.112,9.350053794051404e-06
740,870,130,0.13,1.674625717456024e-05
754,877,123,0.123,1.9030730757918945e-05
744,872,128,0.128,1.7988297333090486e-05
786,893,107,0.107,1.6097938732656304e-05
778,889,111,0.111,1.5268077453868047e-05
786,893,107,0.107,1.4155712735686165e-05
760,880,120,0.12,1.148884879603429e-05
788,894,106,0.106,1.2197486977555627e-05
786,893,107,0.107,1.4204594582679419e-05
778,889,111,0.111,1.5257086544352205e-05
758,879,121,0.121,1.586707895125983e-05
780,890,110,0.11,1.341483491481199e-05
742,871,129,0.129,8.706389073466881e-06
710,855,145,0.145,1.0660476612116554e-05
796,898,102,0.102,6.989332363730227e-06
758,879,121,0.121,1.0283457248959849e-05
772,886,114,0.114,1.4117947312570322e-05
786,893,107,0.107,1.5240162447184957e-05
804,902,98,0.098,1.4438503348060294e-05
778,889,111,0.111,1.0768181440539592e-05
750,875,125,0.125,9.352190460390375e-06
722,861,139,0.139,1.2316741295251176e-05
722,861,139,0.139,1.5663753497136666e-05
744,872,128,0.128,2.075471942924878e-05
740,870,130,0.13,2.9534827723637134e-05
756,878,122,0.122,5.208207956752631e-05
782,891,109,0.109,5.003698052996697e-05
724,862,138,0.138,5.3964151527878814e-05
814,907,93,0.093,4.079398429570347e-05
728,864,136,0.136,1.612091487928069e-05
722,861,139,0.139,1.2968256522015054e-05
716,858,142,0.142,5.604163686243169e-06
760,880,120,0.12,5.052881130339415e-06
712,856,144,0.144,2.16066457258961e-05
776,888,112,0.112,2.7257583857135616e-05
792,896,104,0.104,4.9473020935351995e-05
722,861,139,0.139,5.668569049589678e-05
758,879,121,0.121,5.188010878819682e-05
764,882,118,0.118,3.4725624963883206e-05
764,882,118,0.118,1.394145112524825e-05
740,870,130,0.13,9.441999099408348e-06
774,887,113,0.113,7.815273462298933e-06
706,853,147,0.147,1.2256218266614383e-05
774,887,113,0.113,1.9612428401927673e-05
826,913,87,0.087,1.8448552571385336e-05
718,859,141,0.141,2.5524508850978123e-05
782,891,109,0.109,1.7258930152550533e-05
730,865,135,0.135,1.333321693729772e-05
800,900,100,0.1,9.580474125641559e-06
716,858,142,0.142,1.4185649361508013e-05
802,901,99,0.099,1.7359798775487432e-05
738,869,131,0.131,2.1484849310013488e-05
728,864,136,0.136,2.0724037341437905e-05
754,877,123,0.123,2.2596685634823644e-05
796,898,102,0.102,1.3087609809531386e-05
758,879,121,0.121,9.922588825517664e-06
786,893,107,0.107,8.757130011645131e-06
812,906,94,0.094,7.489835653643695e-06
796,898,102,0.102,5.491528890118502e-06
778,889,111,0.111,7.077297002268779e-06
796,898,102,0.102,8.675199862011595e-06
748,874,126,0.126,1.3214017146580658e-05
752,876,124,0.124,1.9845086240081856e-05
832,916,84,0.084,1.8385800505257067e-05
818,909,91,0.091,1.3756030140854136e-05
802,901,99,0.099,1.497941495578914e-05
800,900,100,0.1,6.3054736142333925e-06
738,869,131,0.131,7.689795598906812e-06
734,867,133,0.133,1.1796800927996287e-05
816,908,92,0.092,1.3596197930382914e-05
728,864,136,0.136,4.118468057740188e-05
786,893,107,0.107,4.1101593290136405e-05
742,871,129,0.129,4.432849720808463e-05
720,860,140,0.14,4.434366031566128e-05
728,864,136,0.136,2.1959432010675074e-05
744,872,128,0.128,7.361767402287001e-06
718,859,141,0.141,8.246312992866934e-06
812,906,94,0.094,7.600817807059457e-06
734,867,133,0.133,7.970128779916764e-06
724,862,138,0.138,1.9645566269758775e-05
680,840,160,0.16,2.7524769001445292e-05
788,894,106,0.106,2.4288652768973405e-05
850,925,75,0.075,2.1261629528225967e-05
718,859,141,0.141,2.869195346312381e-05
808,904,96,0.096,2.614457190372832e-05
776,888,112,0.112,2.536364783782119e-05
800,900,100,0.1,2.168042986971841e-05
700,850,150,0.15,2.1755152502933585e-05
748,874,126,0.126,8.275221883707218e-06
740,870,130,0.13,8.958919236377483e-06
812,906,94,0.094,6.362549862089395e-06
788,894,106,0.106,8.142764082705867e-06
726,863,137,0.137,1.9652485394061615e-05
752,876,124,0.124,1.746975160173747e-05
684,842,158,0.158,1.6894116731407395e-05
828,914,86,0.086,1.9097499364193026e-05
804,902,98,0.098,1.0297389550842696e-05
762,881,119,0.119,9.991277917080765e-06
750,875,125,0.125,8.64624543038417e-06
708,854,146,0.146,8.856393905901427e-06
808,904,96,0.096,1.457707102630934e-05
722,861,139,0.139,1.8600847754768777e-05
772,886,114,0.114,2.2275864798018575e-05
774,887,113,0.113,2.1993778413275323e-05
722,861,139,0.139,2.017942323436728e-05
748,874,126,0.126,1.5635560791025682e-05
756,878,122,0.122,1.450291773750223e-05
766,883,117,0.117,1.3209280169178329e-05
768,884,116,0.116,9.681028257404023e-06
734,867,133,0.133,9.545014697380338e-06
794,897,103,0.103,1.1427490181574739e-05
762,881,119,0.119,1.1773837553562316e-05
754,877,123,0.123,2.0458937048942973e-05
700,850,150,0.15,2.3535700614331745e-05
788,894,106,0.106,2.1493941938913962e-05
824,912,88,0.088,1.5928648261990475e-05
786,893,107,0.107,1.0938475376065072e-05
796,898,102,0.102,6.124028897588118e-06
782,891,109,0.109,5.978744921634416e-06
776,888,112,0.112,6.098614102867828e-06
788,894,106,0.106,1.0922848439179234e-05
776,888,112,0.112,1.5771693875194615e-05
720,860,140,0.14,1.974894639380409e-05
792,896,104,0.104,1.767743459019755e-05
776,888,112,0.112,1.9855283934816724e-05
822,911,89,0.089,1.6036634096849413e-05
736,868,132,0.132,1.9161848853741504e-05
740,870,130,0.13,1.920276228119633e-05
726,863,137,0.137,1.8473234285067974e-05
728,864,136,0.136,1.8622999611977776e-05
780,890,110,0.11,1.5779871704523884e-05
722,861,139,0.139,1.914828324927953e-05
800,900,100,0.1,1.1536737613937475e-05
742,871,129,0.129,1.0806608882774071e-05
756,878,122,0.122,1.398024563447109e-05
734,867,133,0.133,1.32861902313266e-05
768,884,116,0.116,2.201205968708564e-05
778,889,111,0.111,2.865335267711089e-05
796,898,102,0.102,2.4881655461229002e-05
790,895,105,0.105,2.4196141963130914e-05
742,871,129,0.129,1.3359889158579108e-05
752,876,124,0.124,7.211879361150864e-06
804,902,98,0.098,6.984507128834139e-06
760,880,120,0.12,8.429457540245266e-06
718,859,141,0.141,1.7899356140830493e-05
762,881,119,0.119,3.407409806504802e-05
774,887,113,0.113,3.5841979475208065e-05
794,897,103,0.103,3.5933142220983427e-05
780,890,110,0.11,3.0462175835623382e-05
722,861,139,0.139,2.0353898236578518e-05
760,880,120,0.12,1.857354124732069e-05
756,878,122,0.122,1.695834853413203e-05
718,859,141,0.141,1.2826675776778985e-05
812,906,94,0.094,1.2158479960987733e-05
778,889,111,0.111,1.2309515511844892e-05
754,877,123,0.123,1.1804338099949519e-05
766,883,117,0.117,1.2308935757403105e-05
682,841,159,0.159,1.3380968946393068e-05
744,872,128,0.128,1.103843027237872e-05
740,870,130,0.13,1.3490235238180048e-05
676,838,162,0.162,2.1449488791972725e-05
796,898,102,0.102,2.9180733100815813e-05
764,882,118,0.118,2.3456767025948013e-05
752,876,124,0.124,2.8486163710809365e-05
744,872,128,0.128,2.254530119770948e-05
728,864,136,0.136,9.182330629656121e-06
846,923,77,0.077,7.3425520135117495e-06
774,887,113,0.113,7.764403896729278e-06
770,885,115,0.115,7.663997009927926e-06
766,883,117,0.117,1.6180333521262468e-05
762,881,119,0.119,1.4776212452005667e-05
752,876,124,0.124,1.8524659194611105e-05
696,848,152,0.152,2.0832742086696498e-05
752,876,124,0.124,2.4025996769779567e-05
752,876,124,0.124,2.0146999376478904e-05
784,892,108,0.108,1.7831330050697146e-05
782,891,109,0.109,1.2487489810084184e-05
792,896,104,0.104,7.176572526503833e-06
788,894,106,0.106,6.971281924080586e-06
708,854,146,0.146,9.68246754860047e-06
770,885,115,0.115,9.717602911592849e-06
766,883,117,0.117,1.4543518114521704e-05
790,895,105,0.105,1.1230178642676946e-05
788,894,106,0.106,1.14454218034723e-05
716,858,142,0.142,9.212875511423135e-06
734,867,133,0.133,9.521862427632754e-06
778,889,111,0.111,9.92754235829807e-06
790,895,105,0.105,9.435759185805637e-06
770,885,115,0.115,1.2462559895254798e-05
836,918,82,0.082,1.1375600864965917e-05
722,861,139,0.139,1.1623149411775558e-05
772,886,114,0.114,1.1700600555798245e-05
794,897,103,0.103,1.0815534582491181e-05
744,872,128,0.128,9.456230045074677e-06
774,887,113,0.113,8.538697470740431e-06
746,873,127,0.127,6.764742270576107e-06
742,871,129,0.129,6.716165816897046e-06
766,883,117,0.117,1.214902989568145e-05
828,914,86,0.086,9.9569601956091e-06
772,886,114,0.114,1.3114139726667418e-05
828,914,86,0.086,9.793178316527928e-06
774,887,113,0.113,9.272332118712257e-06
774,887,113,0.113,9.745246986028633e-06
760,880,120,0.12,1.0356685798740273e-05
742,871,129,0.129,1.5430078158601647e-05
768,884,116,0.116,1.8618952773834963e-05
742,871,129,0.129,1.7496009546277946e-05
798,899,101,0.101,1.9010854672956156e-05
796,898,102,0.102,1.754876335547806e-05
750,875,125,0.125,9.037866797186211e-06
774,887,113,0.113,8.704236746751804e-06
750,875,125,0.125,8.422921333647082e-06
786,893,107,0.107,8.676969654956678e-06
838,919,81,0.081,1.0601241501603909e-05
770,885,115,0.115,1.3189460759093663e-05
728,864,136,0.136,1.5399033770052028e-05
786,893,107,0.107,1.3741868718938122e-05
732,866,134,0.134,1.0132913993260217e-05
758,879,121,0.121,9.54265634067042e-06
806,903,97,0.097,9.039535649151276e-06
776,888,112,0.112,8.153933071668007e-06
744,872,128,0.128,9.80048959925739e-06
792,896,104,0.104,9.173500194265215e-06
816,908,92,0.092,7.995262864653796e-06
766,883,117,0.117,6.98929069730525e-06
772,886,114,0.114,4.377425130513757e-06
822,911,89,0.089,5.388959154430495e-06
784,892,108,0.108,6.1343026565907625e-06
800,900,100,0.1,4.67233840080894e-06
742,871,129,0.129,1.851572999532891e-05
776,888,112,0.112,2.603470650069539e-05
752,876,124,0.124,2.2629154331980318e-05
720,860,140,0.14,2.329999939226468e-05
756,878,122,0.122,1.4006982924570366e-05
774,887,113,0.113,1.2528782158696571e-05
734,867,133,0.133,1.1122036343337527e-05
772,886,114,0.114,1.0910613073704668e-05
828,914,86,0.086,6.445785221387723e-06
752,876,124,0.124,8.941625643245744e-06
762,881,119,0.119,1.0522470881809909e-05
750,875,125,0.125,9.103373514136593e-06
802,901,99,0.099,9.86649991020272e-06
832,916,84,0.084,9.109090836744826e-06
812,906,94,0.094,8.085960125043812e-06
770,885,115,0.115,8.122763793039667e-06
824,912,88,0.088,3.7360363456144795e-06
736,868,132,0.132,5.10693762581127e-06
822,911,89,0.089,4.703858752208134e-06
788,894,106,0.106,4.757486609321404e-06
810,905,95,0.095,1.7856610553110385e-05
764,882,118,0.118,2.1436009823787572e-05
734,867,133,0.133,2.0859413337177556e-05
774,887,113,0.113,2.0298810717065408e-05
770,885,115,0.115,6.270749386402486e-06
734,867,133,0.133,5.647228054769471e-06
810,905,95,0.095,4.727518136277809e-06
778,889,111,0.111,4.801244544211158e-06
772,886,114,0.114,7.671443860630233e-06
804,902,98,0.098,8.030842508645718e-06
790,895,105,0.105,7.630936619932527e-06
826,913,87,0.087,7.956245252998428e-06
746,873,127,0.127,1.29479504075789e-05
738,869,131,0.131,1.6224326381831134e-05
794,897,103,0.103,1.5371110220485207e-05
752,876,124,0.124,1.572837550759232e-05
764,882,118,0.118,1.4371488202641559e-05
746,873,127,0.127,1.3625993046446183e-05
744,872,128,0.128,1.2366034967783434e-05
778,889,111,0.111,8.753348486592926e-06
800,900,100,0.1,6.067017013805298e-06
806,903,97,0.097,5.287748006296056e-06
816,908,92,0.092,3.82329638286194e-06
782,891,109,0.109,4.762058156714488e-06
720,860,140,0.14,1.9210688219715165e-05
790,895,105,0.105,2.6725932517621233e-05
700,850,150,0.15,2.8093720708355364e-05
776,888,112,0.112,3.4519981179300886e-05
802,901,99,0.099,3.203897877097006e-05
678,839,161,0.161,2.411213328281292e-05
782,891,109,0.109,2.168726695157375e-05
766,883,117,0.117,1.2835829370715146e-05
758,879,121,0.121,9.185333256766625e-06
784,892,108,0.108,8.870268309081553e-06
752,876,124,0.124,9.30565791752258e-06
826,913,87,0.087,8.860883447567858e-06
732,866,134,0.134,1.074615101146037e-05
790,895,105,0.105,1.1330544357917915e-05
796,898,102,0.102,1.153672971082642e-05
776,888,112,0.112,8.523388001236754e-06
800,900,100,0.1,7.1127423010040045e-06
790,895,105,0.105,6.49311147805065e-06
720,860,140,0.14,6.5701120974495095e-06
814,907,93,0.093,8.739188867025405e-06
734,867,133,0.133,1.0467082466590228e-05
752,876,124,0.124,1.391007769262842e-05
778,889,111,0.111,1.6771804104337205e-05
786,893,107,0.107,1.6900380659194525e-05
764,882,118,0.118,1.7255505405501026e-05
770,885,115,0.115,1.0322636734500179e-05
732,866,134,0.134,7.906925005173093e-06
798,899,101,0.101,6.233700992140712e-06
738,869,131,0.131,7.112490831616469e-06
758,879,121,0.121,1.7881492480185556e-05
760,880,120,0.12,2.5480799984819667e-05
716,858,142,0.142,4.224864389777849e-05
752,876,124,0.124,4.1064101802930965e-05
754,877,123,0.123,3.4776769617792524e-05
772,886,114,0.114,2.459369123280908e-05
778,889,111,0.111,1.1660424107333255e-05
784,892,108,0.108,1.6538140769227993e-05
746,873,127,0.127,9.925467901581442e-06
808,904,96,0.096,8.198326819425006e-06
808,904,96,0.096,6.800113910941263e-06
726,863,137,0.137,8.32922627142807e-06
730,865,135,0.135,9.940001611482786e-06
752,876,124,0.124,1.1670646611719348e-05
834,917,83,0.083,1.1526077340960228e-05
768,884,116,0.116,1.1920016863996352e-05
774,887,113,0.113,1.1362113015991326e-05
850,925,75,0.075,8.575803452885112e-06
756,878,122,0.122,7.025326523319109e-06
754,877,123,0.123,8.50305204602364e-06
754,877,123,0.123,1.10281463315971e-05
766,883,117,0.117,1.1325932183979148e-05
800,900,100,0.1,1.4336983099497047e-05
728,864,136,0.136,1.4304995699717437e-05
734,867,133,0.133,1.4315833554064738e-05
778,889,111,0.111,1.0138708129034057e-05
774,887,113,0.113,8.846473653250086e-06
816,908,92,0.092,7.6072009847933945e-06
740,870,130,0.13,5.919539044469957e-06
726,863,137,0.137,7.872754320715103e-06
806,903,97,0.097,7.30877523625395e-06
804,902,98,0.098,8.851847285427539e-06
796,898,102,0.102,1.097781813318477e-05
798,899,101,0.101,8.017030043589557e-06
772,886,114,0.114,7.082814983135677e-06
740,870,130,0.13,6.82855869288801e-06
724,862,138,0.138,9.699720625803821e-06
786,893,107,0.107,1.495201804149815e-05
714,857,143,0.143,1.900745610709009e-05
778,889,111,0.111,2.0775993304823715e-05
844,922,78,0.078,1.930336840075597e-05
776,888,112,0.112,1.312961605421492e-05
728,864,136,0.136,1.516316121529826e-05
770,885,115,0.115,1.0788207965674701e-05
742,871,129,0.129,6.66551944172511e-06
822,911,89,0.089,7.379582537623719e-06
790,895,105,0.105,1.0454804775818616e-05
698,849,151,0.151,1.1169904459620739e-05
688,844,156,0.156,1.83111670105518e-05
794,897,103,0.103,1.3601027846277702e-05
826,913,87,0.087,1.58501893527756e-05
740,870,130,0.13,1.2115741388910806e-05
758,879,121,0.121,5.771907575280011e-06
720,860,140,0.14,6.620091646311721e-06
802,901,99,0.099,5.651867567422641e-06
702,851,149,0.149,8.828054806201634e-06
822,911,89,0.089,1.0106730751971327e-05
740,870,130,0.13,1.221022574759445e-05
836,918,82,0.082,1.0334952038306256e-05
810,905,95,0.095,1.2895602991847e-05
696,848,152,0.152,1.3374764004424833e-05
772,886,114,0.114,9.787734943472514e-06
768,884,116,0.116,1.0504485416220177e-05
720,860,140,0.14,1.208311282351815e-05
710,855,145,0.145,1.630537078580119e-05
760,880,120,0.12,1.5974572208108383e-05
788,894,106,0.106,1.4586824289779088e-05
808,904,96,0.096,1.4567560482305452e-05
746,873,127,0.127,9.142384429438266e-06
792,896,104,0.104,7.036250661059284e-06
752,876,124,0.124,6.977375392978047e-06
818,909,91,0.091,6.015596752916963e-06
770,885,115,0.115,7.227465381532738e-06
790,895,105,0.105,6.157217241337776e-06
836,918,82,0.082,4.6457800872588e-06
792,896,104,0.104,4.165282089616085e-06
766,883,117,0.117,3.995973847736422e-06
804,902,98,0.098,7.415282846082505e-06
738,869,131,0.131,1.1562803697671598e-05
724,862,138,0.138,2.0338100913306788e-05
808,904,96,0.096,2.1491343756451897e-05
714,857,143,0.143,2.2742890712237342e-05
780,890,110,0.11,2.0284485196626177e-05
796,898,102,0.102,9.261148712624844e-06
804,902,98,0.098,7.518550265842805e-06
730,865,135,0.135,6.974453477724296e-06
780,890,110,0.11,7.942114150722545e-06
782,891,109,0.109,1.2746479208487927e-05
748,874,126,0.126,1.3255276906988912e-05
780,890,110,0.11,1.5825375806116425e-05
816,908,92,0.092,1.3395403174968123e-05
750,875,125,0.125,1.049423192043264e-05
700,850,150,0.15,9.48410797377619e-06
818,909,91,0.091,5.546576220481825e-06
742,871,129,0.129,6.08361112846012e-06
768,884,116,0.116,8.740734747476608e-06
806,903,97,0.097,8.56142797383086e-06
728,864,136,0.136,1.863886719898744e-05
700,850,150,0.15,4.06720686717108e-05
778,889,111,0.111,7.234633469602159e-05
740,870,130,0.13,6.117899184710041e-05
782,891,109,0.109,5.97117008570649e-05
738,869,131,0.131,3.653317260136646e-05
792,896,104,0.104,1.1125189904845456e-05
750,875,125,0.125,1.0121957053783604e-05
720,860,140,0.14,8.10864188028404e-06
768,884,116,0.116,1.5446480654915718e-05
746,873,127,0.127,1.9756108294188834e-05
766,883,117,0.117,2.176535700630211e-05
778,889,111,0.111,2.2856018484674223e-05
758,879,121,0.121,1.3817645525875832e-05
790,895,105,0.105,7.925361977328294e-06
812,906,94,0.094,9.828229114333454e-06
710,855,145,0.145,1.0100465771756718e-05
784,892,108,0.108,1.3088938608916578e-05
736,868,132,0.132,1.6669161158802126e-05
764,882,118,0.118,1.4630026133758634e-05
770,885,115,0.115,1.9439686358964538e-05
744,872,128,0.128,1.6560922950475287e-05
772,886,114,0.114,1.4401347584751534e-05
808,904,96,0.096,1.1619850130173858e-05
776,888,112,0.112,8.958388583849342e-06
686,843,157,0.157,1.0411669544481583e-05
744,872,128,0.128,1.0465818721939967e-05
774,887,113,0.113,1.2663626574408227e-05
800,900,100,0.1,1.5391824473454107e-05
784,892,108,0.108,1.0260545961699562e-05
748,874,126,0.126,1.0534698378620533e-05
804,902,98,0.098,6.708535350625766e-06
784,892,108,0.108,5.137984827499054e-06
784,892,108,0.108,7.471704381202926e-06
756,878,122,0.122,8.563036692265768e-06
808,904,96,0.096,1.5955556907499614e-05
750,875,125,0.125,1.5950966331217842e-05
728,864,136,0.136,2.1292346106633884e-05
750,875,125,0.125,1.93351107224089e-05
754,877,123,0.123,1.3571315702336051e-05
730,865,135,0.135,1.3037935138981993e-05
774,887,113,0.113,1.196267839539189e-05
728,864,136,0.136,1.4793954719465318e-05
750,875,125,0.125,1.9738066877891923e-05
762,881,119,0.119,1.9731306418293572e-05
786,893,107,0.107,1.7145656021341436e-05
776,888,112,0.112,1.5448877709388854e-05
716,858,142,0.142,1.2727355245544914e-05
780,890,110,0.11,1.2650243937628148e-05
714,857,143,0.143,1.2842210672715736e-05
752,876,124,0.124,1.1801227413627657e-05
754,877,123,0.123,1.3851594700383885e-05
794,897,103,0.103,1.2782700422121707e-05
786,893,107,0.107,1.151470778785324e-05
766,883,117,0.117,9.99879204718468e-06
738,869,131,0.131,8.122905201148e-06
816,908,92,0.092,6.815019501374308e-06
764,882,118,0.118,4.522419037996883e-06
824,912,88,0.088,8.505941532661155e-06
778,889,111,0.111,8.157990038100138e-06
746,873,127,0.127,1.552891062013373e-05
760,880,120,0.12,4.484116496041679e-05
770,885,115,0.115,4.745345790516353e-05
738,869,131,0.131,4.361647032010296e-05
766,883,117,0.117,4.0122579890521594e-05
810,905,95,0.095,1.3090807111012737e-05
706,853,147,0.147,1.1416670378196159e-05
806,903,97,0.097,9.281898283234114e-06
724,862,138,0.138,9.507632239490249e-06
764,882,118,0.118,8.220483456170768e-06
706,853,147,0.147,9.586916021760317e-06
780,890,110,0.11,1.0915769408825326e-05
782,891,109,0.109,1.1224812104444481e-05
818,909,91,0.091,1.1290601989003334e-05
790,895,105,0.105,1.0723766290084313e-05
734,867,133,0.133,9.080900205503894e-06
744,872,128,0.128,9.153864017036994e-06
746,873,127,0.127,9.365342396051801e-06
740,870,130,0.13,9.781356122516626e-06
792,896,104,0.104,1.0553913744644206e-05
748,874,126,0.126,1.14374326938389e-05
786,893,107,0.107,8.678009510063588e-06
778,889,111,0.111,8.043576170621236e-06
792,896,104,0.104,8.51624928841943e-06
730,865,135,0.135,1.0972275657479713e-05
792,896,104,0.104,1.2794699991118819e-05
750,875,125,0.125,1.3636859923735756e-05
794,897,103,0.103,1.4356829230109725e-05
814,907,93,0.093,1.5537346209271162e-05
706,853,147,0.147,1.1819658820911627e-05
774,887,113,0.113,9.075880361876898e-06
780,890,110,0.11,1.1184409244776817e-05
714,857,143,0.143,1.4458192736810816e-05
792,896,104,0.104,2.119134982660853e-05
722,861,139,0.139,2.6603378625281948e-05
722,861,139,0.139,2.309968905990445e-05
782,891,109,0.109,2.1890905173620468e-05
822,911,89,0.089,1.3695599244442747e-05
772,886,114,0.114,1.0225325969088317e-05
762,881,119,0.119,5.458230320172675e-06
792,896,104,0.104,5.290572297809604e-06
812,906,94,0.094,7.852449556281726e-06
758,879,121,0.121,1.07518376778728e-05
738,869,131,0.131,1.4727532999586402e-05
822,911,89,0.089,1.251373745839146e-05
798,899,101,0.101,1.133698841222497e-05
706,853,147,0.147,8.468912339438361e-06
830,915,85,0.085,3.8650553789807415e-06
770,885,115,0.115,5.164518776282989e-06
760,880,120,0.12,7.319029659640819e-06
752,876,124,0.124,1.2038428357300291e-05
800,900,100,0.1,1.8845915881797737e-05
752,876,124,0.124,1.7880359889559826e-05
826,913,87,0.087,1.3689664027438653e-05
782,891,109,0.109,1.1932430653558867e-05
800,900,100,0.1,4.570240840394035e-06
768,884,116,0.116,5.333780722338588e-06
760,880,120,0.12,6.263722008611694e-06
830,915,85,0.085,7.48941324920338e-06
700,850,150,0.15,1.3382540013253674e-05
780,890,110,0.11,1.480985996590789e-05
822,911,89,0.089,1.2338784461803699e-05
774,887,113,0.113,1.3576815439591883e-05
740,870,130,0.13,1.0463925070496316e-05
772,886,114,0.114,9.706800524895697e-06
788,894,106,0.106,9.864275349059426e-06
762,881,119,0.119,1.1598002460175394e-05
766,883,117,0.117,1.1451954948711318e-05
772,886,114,0.114,1.0742011358104264e-05
766,883,117,0.117,1.0267921280160407e-05
776,888,112,0.112,9.045362173878857e-06
826,913,87,0.087,5.965249512868809e-06
798,899,101,0.101,6.541304024906936e-06
742,871,129,0.129,6.391017797369613e-06
728,864,136,0.136,6.532261815721085e-06
786,893,107,0.107,1.839836095581404e-05
752,876,124,0.124,2.2456961599118586e-05
818,909,91,0.091,1.972508842516163e-05
760,880,120,0.12,1.938839388606084e-05
760,880,120,0.12,7.870065698341477e-06
744,872,128,0.128,8.765721630112467e-06
720,860,140,0.14,7.875840842245906e-06
758,879,121,0.121,7.815941605201715e-06
786,893,107,0.107,1.1520165336264654e-05
742,871,129,0.129,1.1917147070676038e-05
834,917,83,0.083,1.1199225085704257e-05
740,870,130,0.13,1.2297082560621675e-05
820,910,90,0.09,4.196051987960914e-06
754,877,123,0.123,6.600491771337147e-06
718,859,141,0.141,8.022525722793717e-06
726,863,137,0.137,1.2462257475732485e-05
754,877,123,0.123,4.6426176991644755e-05
762,881,119,0.119,5.123562648782354e-05
752,876,124,0.124,5.174586181078666e-05
658,829,171,0.171,4.6556583153119394e-05
800,900,100,0.1,8.812981573868228e-06
720,860,140,0.14,9.628554300888936e-06
742,871,129,0.129,7.79464113779227e-06
718,859,141,0.141,7.919331604810508e-06
752,876,124,0.124,1.3827327318239214e-05
810,905,95,0.095,1.390754791253812e-05
834,917,83,0.083,1.2193221768370677e-05
776,888,112,0.112,1.3463815622969833e-05
778,889,111,0.111,8.157373474034557e-06
720,860,140,0.14,7.676921038594741e-06
738,869,131,0.131,6.828754630191725e-06
822,911,89,0.089,6.972577565250049e-06
772,886,114,0.114,1.0261582638747768e-05
830,915,85,0.085,1.0446741890859813e-05
786,893,107,0.107,1.0681839345920707e-05
794,897,103,0.103,1.0450412995737679e-05
792,896,104,0.104,8.68238746585348e-06
734,867,133,0.133,1.0897887588157573e-05
784,892,108,0.108,1.063616450153404e-05
776,888,112,0.112,1.1854643184676662e-05
752,876,124,0.124,1.6296986980705695e-05
828,914,86,0.086,1.3381710931128055e-05
772,886,114,0.114,1.3054652160235492e-05
740,870,130,0.13,1.2574967127079617e-05
768,884,116,0.116,1.0323564294168363e-05
764,882,118,0.118,1.1069114636853784e-05
754,877,123,0.123,1.1403981034845856e-05
776,888,112,0.112,1.2580548054415886e-05
776,888,112,0.112,1.4721602158715541e-05
832,916,84,0.084,1.1818829891581117e-05
738,869,131,0.131,1.2859024254623819e-05
720,860,140,0.14,1.2923471745239113e-05
852,926,74,0.074,6.4592329239587795e-06
724,862,138,0.138,7.373460575024637e-06
820,910,90,0.09,6.654706741784367e-06
780,890,110,0.11,7.19046407937185e-06
762,881,119,0.119,1.0659612394590568e-05
812,906,94,0.094,1.0115480015457479e-05
774,887,113,0.113,1.070020046239506e-05
690,845,155,0.155,1.1261384507065486e-05
732,866,134,0.134,1.4016675213724738e-05
788,894,106,0.106,1.3074011409685228e-05
758,879,121,0.121,1.4826466374756818e-05
750,875,125,0.125,1.457235865734674e-05
788,894,106,0.106,9.905166242390352e-06
786,893,107,0.107,1.0480652906096566e-05
712,856,144,0.144,1.081119000821218e-05
770,885,115,0.115,1.1164087602764995e-05
802,901,99,0.099,1.4905585118185627e-05
796,898,102,0.102,1.5418272930730835e-05
786,893,107,0.107,1.5989504285244038e-05
740,870,130,0.13,1.6683446996808016e-05
760,880,120,0.12,1.0925877791180483e-05
780,890,110,0.11,1.0411348436889512e-05
788,894,106,0.106,1.0552261658062889e-05
734,867,133,0.133,9.077632141440972e-06
804,902,98,0.098,1.0327942870617334e-05
710,855,145,0.145,1.2455570446832098e-05
766,883,117,0.117,1.1745238494427212e-05
786,893,107,0.107,1.341442241061941e-05
732,866,134,0.134,1.0048158718291234e-05
810,905,95,0.095,8.589818592071197e-06
796,898,102,0.102,7.309665725870218e-06
748,874,126,0.126,7.851200714583229e-06
830,915,85,0.085,9.860496945179875e-06
762,881,119,0.119,1.0677923330945304e-05
760,880,120,0.12,1.1343008204562466e-05
800,900,100,0.1,1.0980282558080034e-05
732,866,134,0.134,1.1800703435255854e-05
744,872,128,0.128,1.1095843831412822e-05
806,903,97,0.097,9.93590351936291e-06
772,886,114,0.114,9.102578583949138e-06
788,894,106,0.106,8.102801146549154e-06
822,911,89,0.089,7.79114484407728e-06
788,894,106,0.106,7.2226695167785235e-06
770,885,115,0.115,9.577362998015815e-06
750,875,125,0.125,1.1109504545061099e-05
770,885,115,0.115,9.393734211471383e-06
752,876,124,0.124,9.257121929636014e-06
812,906,94,0.094,8.643396077786747e-06
764,882,118,0.118,7.402859746946433e-06
840,920,80,0.08,7.144038014814668e-06
720,860,140,0.14,8.099458584865716e-06
768,884,116,0.116,7.2115189877877125e-06
678,839,161,0.161,1.1568065028427555e-05
798,899,101,0.101,9.789440932365778e-06
794,897,103,0.103,1.25869537238259e-05
786,893,107,0.107,1.2686193109232135e-05
826,913,87,0.087,1.2237545966684138e-05
760,880,120,0.12,1.1035092925112622e-05
708,854,146,0.146,1.0118759979604874e-05
780,890,110,0.11,9.783166091835937e-06
764,882,118,0.118,1.9759347610829537e-05
756,878,122,0.122,1.806100562947677e-05
748,874,126,0.126,1.76021182494992e-05
760,880,120,0.12,1.7848603410243412e-05
762,881,119,0.119,7.539176905254407e-06
748,874,126,0.126,7.844137180143208e-06
790,895,105,0.105,7.798665633941938e-06
702,851,149,0.149,1.0032382226995651e-05
784,892,108,0.108,1.2636661003341488e-05
790,895,105,0.105,1.2664688973131889e-05
774,887,113,0.113,1.171997393902302e-05
782,891,109,0.109,1.213753734157308e-05
786,893,107,0.107,1.0131715915463246e-05
802,901,99,0.099,1.0626647158233027e-05
746,873,127,0.127,1.1233510693159588e-05
744,872,128,0.128,1.1422976841913624e-05
786,893,107,0.107,9.598788975836214e-06
788,894,106,0.106,9.27656632217122e-06
830,915,85,0.085,8.27242797299732e-06
712,856,144,0.144,9.999719697759701e-06
732,866,134,0.134,1.5471224666043783e-05
732,866,134,0.134,1.68833187170776e-05
750,875,125,0.125,1.7708834406562345e-05
754,877,123,0.123,1.9445166305786187e-05
768,884,116,0.116,1.24666241610214e-05
732,866,134,0.134,1.2753048532033518e-05
810,905,95,0.095,1.093540738008869e-05
758,879,121,0.121,8.148699184687302e-06
770,885,115,0.115,1.5754636038877835e-05
794,897,103,0.103,1.5412623338448838e-05
758,879,121,0.121,2.126932723378161e-05
792,896,104,0.104,2.9150878105724588e-05
714,857,143,0.143,2.978549074168768e-05
758,879,121,0.121,2.5429611628396743e-05
804,902,98,0.098,2.3247558024536375e-05
756,878,122,0.122,1.620353193231949e-05
788,894,106,0.106,8.857115313048781e-06
798,899,101,0.101,6.348012740005515e-06
800,900,100,0.1,5.948122220431173e-06
764,882,118,0.118,5.830459734880833e-06
718,859,141,0.141,7.3914526209080125e-06
816,908,92,0.092,1.0487500270812689e-05
772,886,114,0.114,1.0264607576743855e-05
744,872,128,0.128,1.564913842526039e-05
686,843,157,0.157,2.0849192864716313e-05
772,886,114,0.114,1.924534473857875e-05
744,872,128,0.128,1.272538706547266e-05
770,885,115,0.115,1.5282687523324514e-05
704,852,148,0.148,1.1312369704114644e-05
736,868,132,0.132,1.131017875627549e-05
756,878,122,0.122,1.8837600866675076e-05
770,885,115,0.115,2.063277063945179e-05
726,863,137,0.137,2.9727576210007102e-05
758,879,121,0.121,2.9213096858256905e-05
748,874,126,0.126,2.7374350031550422e-05
736,868,132,0.132,2.7362736068312187e-05
690,845,155,0.155,2.5664321719659712e-05
810,905,95,0.095,2.093019920778261e-05
672,836,164,0.164,2.0031668278477354e-05
736,868,132,0.132,1.7312743903175943e-05
686,843,157,0.157,2.4027374342495023e-05
798,899,101,0.101,2.3812784619053673e-05
822,911,89,0.089,2.4609153864503242e-05
802,901,99,0.099,2.1364488026279105e-05
720,860,140,0.14,2.0402083392241367e-05
778,889,111,0.111,1.1594819975314862e-05
784,892,108,0.108,1.1508079480336164e-05
700,850,150,0.15,1.3312492772399764e-05
704,852,148,0.148,1.932129475699185e-05
746,873,127,0.127,2.5101725042759425e-05
768,884,116,0.116,2.6404340776366554e-05
732,866,134,0.134,2.7354854285363217e-05
788,894,106,0.106,1.9887502569588377e-05
750,875,125,0.125,1.3517216307093349e-05
762,881,119,0.119,6.63612243448597e-06
736,868,132,0.132,7.708328302101108e-06
800,900,100,0.1,8.672722233797003e-06
724,862,138,0.138,1.4410047296479434e-05
762,881,119,0.119,2.6916535568489054e-05
722,861,139,0.139,2.86516177914109e-05
720,860,140,0.14,2.51152794526206e-05
748,874,126,0.126,2.419423862295389e-05
652,826,174,0.174,2.2631924787674506e-05
720,860,140,0.14,2.1866394516337097e-05
772,886,114,0.114,2.3527601064415647e-05
794,897,103,0.103,2.1737846497671853e-05
742,871,129,0.129,1.8618932283629873e-05
726,863,137,0.137,1.9922913151731337e-05
790,895,105,0.105,1.5448735600216422e-05
738,869,131,0.131,1.4579354331488049e-05
732,866,134,0.134,1.2273090569010492e-05
782,891,109,0.109,1.325710699359206e-05
746,873,127,0.127,1.582167177679139e-05
800,900,100,0.1,1.702504010472694e-05
710,855,145,0.145,1.7033618912250857e-05
742,871,129,0.129,1.4114684819276135e-05
762,881,119,0.119,1.3732274390577003e-05
810,905,95,0.095,1.105566240897815e-05
818,909,91,0.091,8.142597607587732e-06
820,910,90,0.09,6.774916888133475e-06
772,886,114,0.114,6.435117717728644e-06
782,891,109,0.109,5.672414301457706e-06
822,911,89,0.089,6.901536331923808e-06
712,856,144,0.144,8.800562564488246e-06
832,916,84,0.084,7.926313216103153e-06
792,896,104,0.104,9.440420779810666e-06
810,905,95,0.095,1.0252567214649843e-05
754,877,123,0.123,1.1686818242424123e-05
800,900,100,0.1,1.1042956313644935e-05
750,875,125,0.125,9.227407353478157e-06
744,872,128,0.128,1.1715915549473266e-05
724,862,138,0.138,1.3871248872419527e-05
718,859,141,0.141,1.5728280852954414e-05
798,899,101,0.101,2.1449866754210235e-05
710,855,145,0.145,3.1941208859279865e-05
844,922,78,0.078,2.7926042548756412e-05
774,887,113,0.113,2.5707446374269693e-05
732,866,134,0.134,1.756105347448056e-05
762,881,119,0.119,1.1096590190845745e-05
760,880,120,0.12,1.0231031587409233e-05
758,879,121,0.121,1.1674852653385414e-05
820,910,90,0.09,1.4074323409545287e-05
726,863,137,0.137,2.1113210638304737e-05
768,884,116,0.116,1.9207590638302462e-05
762,881,119,0.119,1.968560784666806e-05
742,871,129,0.129,2.072922715706227e-05
770,885,115,0.115,1.8054724875185003e-05
812,906,94,0.094,1.7579812690883047e-05
850,925,75,0.075,1.3339157112454813e-05
810,905,95,0.095,9.183699441607018e-06
802,901,99,0.099,1.0592089845857799e-05
754,877,123,0.123,1.2799204586627865e-05
736,868,132,0.132,1.5378078087934455e-05
750,875,125,0.125,3.6768251687703926e-05
778,889,111,0.111,5.782202437148953e-05
774,887,113,0.113,5.651065882648254e-05
786,893,107,0.107,5.127499230093235e-05
774,887,113,0.113,3.0201507501260493e-05
758,879,121,0.121,8.984665006920523e-06
764,882,118,0.118,7.185148374631467e-06
796,898,102,0.102,6.5016100997610236e-06
844,922,78,0.078,8.862406501165764e-06
798,899,101,0.101,1.7236094589236474e-05
736,868,132,0.132,1.8655309138807753e-05
770,885,115,0.115,1.821220934283474e-05
768,884,116,0.116,1.563806853857841e-05
826,913,87,0.087,9.425741707673295e-06
794,897,103,0.103,9.444759655792723e-06
786,893,107,0.107,8.08715583669084e-06
784,892,108,0.108,4.961185063393714e-06
796,898,102,0.102,9.002589857146859e-06
742,871,129,0.129,1.3789338692632213e-05
682,841,159,0.159,1.9130522098464554e-05
724,862,138,0.138,6.448663436037805e-05
806,903,97,0.097,8.045354080491052e-05
810,905,95,0.095,8.580642560934848e-05
802,901,99,0.099,8.655958036598576e-05
828,914,86,0.086,2.4016929572013624e-05
756,878,122,0.122,6.5112230631712005e-06
766,883,117,0.117,4.629591740567207e-06
792,896,104,0.104,4.080209179079474e-06
744,872,128,0.128,1.2255869604615554e-05
770,885,115,0.115,2.3680124205839092e-05
804,902,98,0.098,4.282762151171937e-05
758,879,121,0.121,4.373380919810188e-05
798,899,101,0.101,4.697779770060606e-05
770,885,115,0.115,3.5876033275258125e-05
740,870,130,0.13,2.458123748377261e-05
754,877,123,0.123,1.646644530268304e-05
754,877,123,0.123,5.761973488191074e-06
826,913,87,0.087,4.4083369456444645e-06
798,899,101,0.101,4.551587920417432e-06
776,888,112,0.112,5.4799991398368774e-06
750,875,125,0.125,1.2530473645028906e-05
758,879,121,0.121,1.9774448878479235e-05
742,871,129,0.129,2.9312791323377495e-05
746,873,127,0.127,3.412427622129144e-05
756,878,122,0.122,3.3039861620181907e-05
762,881,119,0.119,2.79568249688964e-05
720,860,140,0.14,2.1518718142431226e-05
758,879,121,0.121,1.4580937471848188e-05
760,880,120,0.12,1.0846473939182032e-05
738,869,131,0.131,1.0775378919817059e-05
748,874,126,0.126,1.240837008873541e-05
700,850,150,0.15,2.4399980989016966e-05
820,910,90,0.09,2.8403756136640367e-05
810,905,95,0.095,2.7798421842817334e-05
726,863,137,0.137,2.965583155992135e-05
810,905,95,0.095,1.7089381410698935e-05
798,899,101,0.101,8.473701550812508e-06
832,916,84,0.084,8.15495193313609e-06
826,913,87,0.087,7.406045165652131e-06
706,853,147,0.147,7.509954944822539e-06
758,879,121,0.121,1.6444186733480136e-05
722,861,139,0.139,1.685252623155975e-05
746,873,127,0.127,1.8816813004747245e-05
740,870,130,0.13,4.763809470250635e-05
792,896,104,0.104,4.4148571178197924e-05
710,855,145,0.145,4.418121025975097e-05
788,894,106,0.106,3.883130678224234e-05
802,901,99,0.099,9.396942455040858e-06
766,883,117,0.117,5.748066788285655e-06
788,894,106,0.106,6.338778293084602e-06
750,875,125,0.125,6.30280132853045e-06
786,893,107,0.107,3.305638553072754e-05
718,859,141,0.141,5.4083240645468325e-05
794,897,103,0.103,6.180578527437319e-05
720,860,140,0.14,6.188985826338467e-05
756,878,122,0.122,4.8843014416036114e-05
822,911,89,0.089,2.5952267406978537e-05
778,889,111,0.111,1.95117344604796e-05
762,881,119,0.119,1.8201949572926424e-05
754,877,123,0.123,7.650562069741795e-06
802,901,99,0.099,9.033720911844511e-06
742,871,129,0.129,1.4815975745705145e-05
782,891,109,0.109,1.4774654578616263e-05
710,855,145,0.145,4.535304235378135e-05
762,881,119,0.119,4.547873045930828e-05
778,889,111,0.111,4.316610250134545e-05
726,863,137,0.137,4.746639839686395e-05
780,890,110,0.11,2.0936336040989544e-05
738,869,131,0.131,1.3360948250294769e-05
796,898,102,0.102,1.0166627254548643e-05
784,892,108,0.108,8.767636035869942e-06
738,869,131,0.131,1.861409624845578e-05
768,884,116,0.116,2.8734312080814563e-05
714,857,143,0.143,3.399916810184323e-05
770,885,115,0.115,3.5856682803796505e-05
814,907,93,0.093,3.7123038887557417e-05
752,876,124,0.124,2.9288706009538146e-05
736,868,132,0.132,2.6229622786189565e-05
744,872,128,0.128,1.9404085830956318e-05
748,874,126,0.126,1.29327449076726e-05
720,860,140,0.14,1.4250730718799787e-05
782,891,109,0.109,1.371275752367751e-05
822,911,89,0.089,1.5463392498077155e-05
786,893,107,0.107,1.7258626006082522e-05
788,894,106,0.106,1.5600094847911805e-05
746,873,127,0.127,1.575187209721207e-05
840,920,80,0.08,1.1876687739743374e-05
746,873,127,0.127,1.3321294878096523e-05
782,891,109,0.109,1.2162537603558121e-05
758,879,121,0.121,1.3444330643324064e-05
756,878,122,0.122,9.849871224759e-06
762,881,119,0.119,8.785502635646481e-06
804,902,98,0.098,8.481741357911687e-06
706,853,147,0.147,9.970866173375725e-06
802,901,99,0.099,1.4388208626428423e-05
746,873,127,0.127,3.273060754918333e-05
698,849,151,0.151,3.370365785372087e-05
776,888,112,0.112,3.498312437432105e-05
780,890,110,0.11,3.448903397566028e-05
776,888,112,0.112,1.8301004153045143e-05
704,852,148,0.148,2.0491413927516077e-05
742,871,129,0.129,2.033931113851395e-05
770,885,115,0.115,2.112335601009363e-05
724,862,138,0.138,2.2616332443590182e-05
746,873,127,0.127,2.446144029363495e-05
764,882,118,0.118,2.1607677135364156e-05
750,875,125,0.125,2.0820826490535184e-05
830,915,85,0.085,1.7432833062116515e-05
800,900,100,0.1,1.7118803715902687e-05
704,852,148,0.148,1.7821686471847897e-05
658,829,171,0.171,1.644776640409873e-05
778,889,111,0.111,1.339653814977737e-05
820,910,90,0.09,1.3308935338159245e-05
782,891,109,0.109,1.4524299625293225e-05
806,903,97,0.097,1.722873758399146e-05
790,895,105,0.105,1.7343793444979383e-05
768,884,116,0.116,1.6122927533416486e-05
710,855,145,0.145,1.8306902696849647e-05
768,884,116,0.116,9.954193688827218e-06
792,896,104,0.104,9.78216331600379e-06
764,882,118,0.118,1.0890477001822773e-05
780,890,110,0.11,1.1966163859938205e-05
712,856,144,0.144,2.267641813409682e-05
752,876,124,0.124,2.174934028505504e-05
806,903,97,0.097,2.0158094353632806e-05
812,906,94,0.094,1.8982168934371658e-05
698,849,151,0.151,1.3656133121060066e-05
734,867,133,0.133,2.360809407605302e-05
766,883,117,0.117,2.538926359420657e-05
744,872,128,0.128,2.6948531543098396e-05
786,893,107,0.107,3.0186038289912177e-05
774,887,113,0.113,2.3045834402068978e-05
688,844,156,0.156,2.3232289318798395e-05
780,890,110,0.11,1.758447693543985e-05
752,876,124,0.124,9.879038899043735e-06
724,862,138,0.138,1.0682787007056049e-05
794,897,103,0.103,9.935117300699402e-06
750,875,125,0.125,1.3523809561661437e-05
786,893,107,0.107,2.2000613076215814e-05
776,888,112,0.112,2.2836404894860606e-05
774,887,113,0.113,2.055155582866064e-05
792,896,104,0.104,1.6584334431968273e-05
714,857,143,0.143,8.360180788940851e-06
754,877,123,0.123,9.283643527425056e-06
754,877,123,0.123,9.103243853559206e-06
746,873,127,0.127,2.120132347846493e-05
832,916,84,0.084,5.5512588314286406e-05
790,895,105,0.105,5.6992492603058055e-05
752,876,124,0.124,5.7063099164452067e-05
760,880,120,0.12,4.369719592614274e-05
758,879,121,0.121,1.5308070846231205e-05
780,890,110,0.11,1.513911377611521e-05
726,863,137,0.137,1.3965291064323537e-05
780,890,110,0.11,1.3516543438640838e-05
800,900,100,0.1,1.498104000256717e-05
816,908,92,0.092,1.5127525442522938e-05
756,878,122,0.122,2.004413328972987e-05
752,876,124,0.124,2.3036970631892472e-05
752,876,124,0.124,2.1665933628582936e-05
772,886,114,0.114,2.1905485414777104e-05
748,874,126,0.126,1.80464601805852e-05
780,890,110,0.11,1.399193166821533e-05
782,891,109,0.109,1.0957390395390122e-05
754,877,123,0.123,1.2060759458279335e-05
692,846,154,0.154,1.7941978161616135e-05
766,883,117,0.117,2.9504991497333323e-05
778,889,111,0.111,3.718461543093099e-05
740,870,130,0.13,3.5179339857677404e-05
716,858,142,0.142,3.6049340671297616e-05
834,917,83,0.083,1.8014944667811505e-05
748,874,126,0.126,1.3447486596604109e-05
712,856,144,0.144,1.0772648245392703e-05
770,885,115,0.115,1.2305690669435875e-05
724,862,138,0.138,2.0421469274793937e-05
702,851,149,0.149,2.969626131266523e-05
752,876,124,0.124,3.333015968746622e-05
734,867,133,0.133,3.596979601161365e-05
774,887,113,0.113,3.148534073488918e-05
748,874,126,0.126,2.7956745601727563e-05
766,883,117,0.117,2.1242568771640437e-05
754,877,123,0.123,1.870748205436712e-05
770,885,115,0.115,1.400708521805427e-05
816,908,92,0.092,1.3825574577140287e-05
744,872,128,0.128,1.5304912143506046e-05
818,909,91,0.091,1.4098813023679213e-05
790,895,105,0.105,1.1967784335411124e-05
788,894,106,0.106,1.0058716018932046e-05
782,891,109,0.109,1.0609924129084903e-05
792,896,104,0.104,9.112384386867234e-06
830,915,85,0.085,8.241043567295492e-06
800,900,100,0.1,7.87056707059719e-06
704,852,148,0.148,1.0345102934593342e-05
778,889,111,0.111,9.324211514922353e-06
768,884,116,0.116,8.809358271037127e-06
812,906,94,0.094,7.64754830890979e-06
756,878,122,0.122,9.707757824912732e-06
758,879,121,0.121,9.817137447953427e-06
784,892,108,0.108,1.6624514237491895e-05
784,892,108,0.108,1.6107636185665797e-05
784,892,108,0.108,1.8433073900951057e-05
798,899,101,0.101,1.818732708238713e-05
708,854,146,0.146,1.2756164696156703e-05
808,904,96,0.096,1.0507784686069498e-05
746,873,127,0.127,1.0866128868315173e-05
730,865,135,0.135,1.2597010557442446e-05
792,896,104,0.104,2.3985063077475387e-05
764,882,118,0.118,2.499343699213341e-05
760,880,120,0.12,2.8562806460286082e-05
790,895,105,0.105,2.9543521621690162e-05
762,881,119,0.119,1.984805747451901e-05
732,866,134,0.134,2.1486376738039325e-05
790,895,105,0.105,2.0881853611854238e-05
770,885,115,0.115,1.9509306457450747e-05
744,872,128,0.128,1.9597332059674956e-05
800,900,100,0.1,1.936115058890664e-05
748,874,126,0.126,1.3442004505350268e-05
812,906,94,0.094,1.1826248117870364e-05
802,901,99,0.099,9.10739581242126e-06
854,927,73,0.073,8.175762156156451e-06
756,878,122,0.122,1.266075234545383e-05
760,880,120,0.12,1.3122967815988318e-05
772,886,114,0.114,2.0176134787789123e-05
806,903,97,0.097,2.048650767869731e-05
740,870,130,0.13,1.972197154123023e-05
742,871,129,0.129,1.9068987393438873e-05
780,890,110,0.11,1.3449475038328274e-05
756,878,122,0.122,1.3582901451513863e-05
744,872,128,0.128,1.5410971291657916e-05
764,882,118,0.118,1.571701902219047e-05
782,891,109,0.109,1.5681072115967255e-05
786,893,107,0.107,1.36816511788993e-05
804,902,98,0.098,1.2071271459035416e-05
764,882,118,0.118,1.2276417071007017e-05
802,901,99,0.099,9.025653849903392e-06
820,910,90,0.09,7.898355334020835e-06
794,897,103,0.103,8.970268168809525e-06
760,880,120,0.12,9.807371203805815e-06
706,853,147,0.147,1.875950079602262e-05
772,886,114,0.114,1.676165879638347e-05
730,865,135,0.135,1.953067918020679e-05
754,877,123,0.123,2.1556150295509723e-05
798,899,101,0.101,1.81378473271252e-05
742,871,129,0.129,1.6851367300432685e-05
804,902,98,0.098,1.6190982435091428e-05
798,899,101,0.101,1.0270129335822276e-05
772,886,114,0.114,7.438292429696957e-06
828,914,86,0.086,6.4876053010038955e-06
824,912,88,0.088,6.741524419567213e-06
768,884,116,0.116,1.2426029049152021e-05
798,899,101,0.101,2.6340646807511802e-05
784,892,108,0.108,2.748558719099492e-05
754,877,123,0.123,2.6525296346108007e-05
808,904,96,0.096,2.6970831458584143e-05
766,883,117,0.117,1.4592360301435292e-05
784,892,108,0.108,1.4332786260865759e-05
744,872,128,0.128,1.3816341528979593e-05
796,898,102,0.102,1.2279019667801095e-05
764,882,118,0.118,2.365921134992277e-05
738,869,131,0.131,2.6031363042932297e-05
724,862,138,0.138,2.6936722955952063e-05
756,878,122,0.122,2.7080857521468715e-05
788,894,106,0.106,2.2842851403311215e-05
758,879,121,0.121,2.278472901184614e-05
802,901,99,0.099,2.0879178675329514e-05
760,880,120,0.12,1.3185618822717515e-05
686,843,157,0.157,1.573088897089292e-05
792,896,104,0.104,1.4350125896839926e-05
776,888,112,0.112,2.0272538410495145e-05
796,898,102,0.102,2.816139487640612e-05
744,872,128,0.128,2.7660387150035605e-05
754,877,123,0.123,2.427585309908409e-05
778,889,111,0.111,2.1555787213969778e-05
748,874,126,0.126,1.2150522146384902e-05
760,880,120,0.12,1.1801061233313704e-05
762,881,119,0.119,1.143255207864513e-05
814,907,93,0.093,1.2030429219521465e-05
772,886,114,0.114,1.589416491913198e-05
818,909,91,0.091,1.6652584053872488e-05
752,876,124,0.124,1.621895392827355e-05
810,905,95,0.095,1.4698206835760174e-05
776,888,112,0.112,1.511738333192625e-05
788,894,106,0.106,1.3636947434633839e-05
802,901,99,0.099,1.5292719250510345e-05
776,888,112,0.112,1.4424472447899461e-05
792,896,104,0.104,1.2925191091312627e-05
798,899,101,0.101,1.1420645527778107e-05
734,867,133,0.133,1.3026161052266616e-05
796,898,102,0.102,1.274684464283382e-05
792,896,104,0.104,1.254505194867761e-05
760,880,120,0.12,1.2311557342741253e-05
762,881,119,0.119,1.2584278501918789e-05
838,919,81,0.081,8.952591893660156e-06
834,917,83,0.083,7.813314387334459e-06
662,831,169,0.169,8.131738199779193e-06
760,880,120,0.12,9.103214885499256e-06
770,885,115,0.115,1.0254712795131127e-05
814,907,93,0.093,1.4561075153210368e-05
736,868,132,0.132,2.51458931468278e-05
714,857,143,0.143,3.1701045568752304e-05
758,879,121,0.121,3.0687360893807636e-05
724,862,138,0.138,2.676357426867071e-05
798,899,101,0.101,2.2099762027465884e-05
818,909,91,0.091,1.5009294743435931e-05
726,863,137,0.137,1.292718609295207e-05
732,866,134,0.134,1.30198450218586e-05
782,891,109,0.109,1.5147667739540794e-05
788,894,106,0.106,1.8493797549524514e-05
800,900,100,0.1,1.9232107276252465e-05
806,903,97,0.097,1.7879020394900635e-05
766,883,117,0.117,1.2162366189841123e-05
748,874,126,0.126,9.769959827565344e-06
808,904,96,0.096,7.3381313480638255e-06
822,911,89,0.089,1.017124164444283e-05
782,891,109,0.109,1.4436627331178897e-05
814,907,93,0.093,1.722223299441339e-05
746,873,127,0.127,2.0911559709475114e-05
780,890,110,0.11,1.821073909752613e-05
760,880,120,0.12,1.601529912818478e-05
808,904,96,0.096,1.348567044254878e-05
788,894,106,0.106,1.4133449524706521e-05
764,882,118,0.118,1.4351769969493944e-05
712,856,144,0.144,1.6408274396667365e-05
760,880,120,0.12,1.667526927667495e-05
776,888,112,0.112,1.980065496854877e-05
790,895,105,0.105,1.972411384736006e-05
786,893,107,0.107,1.79477837837112e-05
750,875,125,0.125,1.6117401152769164e-05
754,877,123,0.123,1.1120757124842839e-05
748,874,126,0.126,1.2602632964558324e-05
782,891,109,0.109,1.2169041646870937e-05
808,904,96,0.096,1.2488857794096475e-05
756,878,122,0.122,1.5651910814995063e-05
760,880,120,0.12,1.735766036381392e-05
790,895,105,0.105,1.8320802070320497e-05
790,895,105,0.105,1.7152741100744606e-05
758,879,121,0.121,1.9283352304228174e-05
726,863,137,0.137,1.989690274012901e-05
808,904,96,0.096,1.7522810781429143e-05
602,801,199,0.199,2.1700049419450807e-05
756,878,122,0.122,2.477006657045422e-05
764,882,118,0.118,2.66524204050711e-05
782,891,109,0.109,2.1163903776425742e-05
728,864,136,0.136,2.6028054068319763e-05
760,880,120,0.12,1.4544704618231207e-05
762,881,119,0.119,1.6399584135172063e-05
726,863,137,0.137,2.19525151144353e-05
710,855,145,0.145,2.5099985989299967e-05
708,854,146,0.146,4.62930499952563e-05
762,881,119,0.119,5.0942723632033446e-05
732,866,134,0.134,4.528329334243608e-05
752,876,124,0.124,4.4256521786337544e-05
782,891,109,0.109,2.2873549395626468e-05
740,870,130,0.13,2.0486890230813515e-05
798,899,101,0.101,1.6759909846769005e-05
752,876,124,0.124,1.6901682594607336e-05
768,884,116,0.116,1.7225896759669013e-05
732,866,134,0.134,1.967847760420227e-05
810,905,95,0.095,1.963319098535976e-05
754,877,123,0.123,2.1183435662237572e-05
796,898,102,0.102,1.987517745135392e-05
734,867,133,0.133,2.326130203800858e-05
720,860,140,0.14,2.1129928487425786e-05
768,884,116,0.116,1.785611189939118e-05
742,871,129,0.129,1.7939464770662995e-05
744,872,128,0.128,1.915958846086596e-05
848,924,76,0.076,1.7855504107046726e-05
794,897,103,0.103,1.808354882768981e-05
822,911,89,0.089,1.545073526381202e-05
704,852,148,0.148,1.923542230770181e-05
690,845,155,0.155,1.665460608785452e-05
792,896,104,0.104,1.581188507850584e-05
848,924,76,0.076,1.7423159113491238e-05
766,883,117,0.117,1.9812772188970484e-05
790,895,105,0.105,2.0194322679344623e-05
768,884,116,0.116,2.0206753512297838e-05
828,914,86,0.086,1.572336818844633e-05
730,865,135,0.135,1.7681854028296584e-05
780,890,110,0.11,1.682417805818659e-05
724,862,138,0.138,2.089178119240387e-05
766,883,117,0.117,2.359086826118073e-05
778,889,111,0.111,2.584604071512331e-05
792,896,104,0.104,2.999514216026e-05
712,856,144,0.144,3.3506731017951095e-05
806,903,97,0.097,3.025151358997391e-05
728,864,136,0.136,2.9502131408435162e-05
762,881,119,0.119,2.5988534590851488e-05
736,868,132,0.132,2.689685259315411e-05
758,879,121,0.121,1.900218781906915e-05
766,883,117,0.117,2.1446535346058226e-05
772,886,114,0.114,2.0404558317522968e-05
752,876,124,0.124,2.0653107853831897e-05
836,918,82,0.082,1.572280353457245e-05
776,888,112,0.112,1.4226476534759058e-05
780,890,110,0.11,1.2824607713525893e-05
780,890,110,0.11,1.3917969572503353e-05
774,887,113,0.113,1.624137209341825e-05
794,897,103,0.103,1.8272475774665508e-05
722,861,139,0.139,2.0543374734188548e-05
800,900,100,0.1,1.9808481224629305e-05
700,850,150,0.15,2.5834585406300902e-05
768,884,116,0.116,2.6909563026720206e-05
754,877,123,0.123,2.825703343114583e-05
748,874,126,0.126,2.8482589173108863e-05
762,881,119,0.119,2.891592458138348e-05
754,877,123,0.123,2.8872650935682032e-05
762,881,119,0.119,3.014921661429071e-05
792,896,104,0.104,3.0429570224896452e-05
714,857,143,0.143,2.6288446013950307e-05
810,905,95,0.095,1.9719533070656324e-05
714,857,143,0.143,2.2528876525257146e-05
692,846,154,0.154,2.354546139576996e-05
754,877,123,0.123,4.166081903798613e-05
752,876,124,0.124,4.9449555549699655e-05
710,855,145,0.145,5.67677293502129e-05
790,895,105,0.105,5.6127376357380854e-05
786,893,107,0.107,2.3916288605477122e-05
746,873,127,0.127,1.520324136521367e-05
794,897,103,0.103,7.84385387994746e-06
744,872,128,0.128,7.918869537533624e-06
756,878,122,0.122,2.8710814016335462e-05
794,897,103,0.103,2.893441032547628e-05
718,859,141,0.141,4.0596741100216604e-05
714,857,143,0.143,4.32647844213534e-05
744,872,128,0.128,3.762385400153789e-05
784,892,108,0.108,3.7293547988156205e-05
806,903,97,0.097,2.0558068223067493e-05
810,905,95,0.095,2.1951429008652212e-05
772,886,114,0.114,1.1985024719876946e-05
782,891,109,0.109,1.3060107780859198e-05
770,885,115,0.115,1.3544361408634132e-05
794,897,103,0.103,1.655269388334091e-05
742,871,129,0.129,3.864397553843446e-05
736,868,132,0.132,4.1134501083888605e-05
730,865,135,0.135,4.2555446400001526e-05
784,892,108,0.108,3.9671467004154694e-05
764,882,118,0.118,2.620205407197318e-05
786,893,107,0.107,2.0649868246096047e-05
686,843,157,0.157,2.0352593506686388e-05
774,887,113,0.113,1.6639455790254942e-05
804,902,98,0.098,1.8958014578970505e-05
762,881,119,0.119,2.3913954248882874e-05
790,895,105,0.105,2.4388186372107157e-05
756,878,122,0.122,2.8271501239942155e-05
790,895,105,0.105,2.30360569998993e-05
756,878,122,0.122,2.032344082653026e-05
784,892,108,0.108,1.343580910088349e-05
832,916,84,0.084,1.4758611478157491e-05
766,883,117,0.117,1.338387586281442e-05
802,901,99,0.099,1.206356831744415e-05
742,871,129,0.129,1.9546405186588345e-05
730,865,135,0.135,2.368149298354183e-05
696,848,152,0.152,3.208462765542208e-05
752,876,124,0.124,3.780752868414084e-05
802,901,99,0.099,4.443604733751272e-05
800,900,100,0.1,4.264341201178467e-05
794,897,103,0.103,3.512065060897385e-05
748,874,126,0.126,2.838606044701919e-05
784,892,108,0.108,1.2318950912671767e-05
800,900,100,0.1,1.2415259273154789e-05
818,909,91,0.091,1.3785615087044789e-05
798,899,101,0.101,2.0490609827220397e-05
766,883,117,0.117,3.789154812238849e-05
702,851,149,0.149,4.309430687953864e-05
804,902,98,0.098,3.981704321995494e-05
800,900,100,0.1,4.059203717338278e-05
736,868,132,0.132,2.8022986914265856e-05
806,903,97,0.097,2.3953694969122807e-05
784,892,108,0.108,2.2408582138723432e-05
762,881,119,0.119,2.098307713367831e-05
718,859,141,0.141,2.4897064715787565e-05
808,904,96,0.096,2.2294080678875615e-05
764,882,118,0.118,2.3972664499979147e-05
814,907,93,0.093,2.1727826341930267e-05
782,891,109,0.109,1.5099638184096876e-05
806,903,97,0.097,1.3179067807982393e-05
764,882,118,0.118,1.3566575244226443e-05
800,900,100,0.1,1.329255660692752e-05
794,897,103,0.103,2.3423421740744743e-05
788,894,106,0.106,2.4521737282043432e-05
800,900,100,0.1,2.88339724402249e-05
744,872,128,0.128,2.8589406168975982e-05
772,886,114,0.114,2.19031063162447e-05
738,869,131,0.131,2.2048725379022473e-05
782,891,109,0.109,2.02082132446435e-05
792,896,104,0.104,1.7754316774869495e-05
762,881,119,0.119,3.262484151377976e-05
756,878,122,0.122,3.4329389002323296e-05
770,885,115,0.115,4.030784400038101e-05
780,890,110,0.11,3.506660713776455e-05
686,843,157,0.157,4.904417058514809e-05
784,892,108,0.108,4.044474351780991e-05
794,897,103,0.103,3.513578484773916e-05
784,892,108,0.108,2.896080758688413e-05
802,901,99,0.099,1.5499998491009138e-05
770,885,115,0.115,1.5017149511209027e-05
784,892,108,0.108,1.6564296568162717e-05
764,882,118,0.118,1.9981372858183023e-05
806,903,97,0.097,2.4049116907917777e-05
746,873,127,0.127,2.6052649567645858e-05
744,872,128,0.128,2.4915137616062566e-05
754,877,123,0.123,2.4682204480313885e-05
772,886,114,0.114,1.7735420607550622e-05
788,894,106,0.106,1.7846223621745593e-05
734,867,133,0.133,1.8248474952770268e-05
798,899,101,0.101,1.4752039007078111e-05
730,865,135,0.135,1.761063690651099e-05
766,883,117,0.117,1.7434151812608433e-05
820,910,90,0.09,1.645043200278451e-05
732,866,134,0.134,1.9007137790822527e-05
778,889,111,0.111,2.7356571921927752e-05
744,872,128,0.128,3.0032095147817017e-05
744,872,128,0.128,2.9194987208938984e-05
810,905,95,0.095,3.29230364545765e-05
718,859,141,0.141,4.08509414251057e-05
758,879,121,0.121,3.810945161467316e-05
768,884,116,0.116,3.7788715982969735e-05
698,849,151,0.151,4.387352758294583e-05
762,881,119,0.119,4.942895076783316e-05
726,863,137,0.137,5.039418848127753e-05
682,841,159,0.159,5.625551641060156e-05
740,870,130,0.13,6.143595265166369e-05
752,876,124,0.124,4.527055936318902e-05
738,869,131,0.131,4.778053164341145e-05
788,894,106,0.106,3.8837468061501566e-05
746,873,127,0.127,3.064811247031685e-05
750,875,125,0.125,2.6285967386684207e-05
748,874,126,0.126,2.6877952126369565e-05
770,885,115,0.115,2.5705549991698718e-05
746,873,127,0.127,3.6371593367675816e-05
794,897,103,0.103,3.618369645073471e-05
818,909,91,0.091,3.54033497292221e-05
782,891,109,0.109,3.360461823376681e-05
718,859,141,0.141,2.6560284041011072e-05
736,868,132,0.132,2.334322625358709e-05
786,893,107,0.107,2.5451776176964814e-05
746,873,127,0.127,2.74236453674348e-05
792,896,104,0.104,4.406028718995003e-05
766,883,117,0.117,4.624686271199607e-05
774,887,113,0.113,4.232050322116265e-05
672,836,164,0.164,4.43543723717994e-05
802,901,99,0.099,2.0492800359420472e-05
678,839,161,0.161,1.9231652599046355e-05
784,892,108,0.108,1.7043783047029137e-05
756,878,122,0.122,2.2416629154463408e-05
852,926,74,0.074,3.5951149771676684e-05
792,896,104,0.104,4.485642709505555e-05
748,874,126,0.126,4.390197280781649e-05
806,903,97,0.097,3.979491789630174e-05
730,865,135,0.135,2.7087633651262876e-05
772,886,114,0.114,3.221484994628554e-05
742,871,129,0.129,3.8227307535862565e-05
726,863,137,0.137,5.5532819639665834e-05
782,891,109,0.109,5.654145557218726e-05
696,848,152,0.152,5.806154796391638e-05
738,869,131,0.131,4.878341910580275e-05
734,867,133,0.133,3.8236795294778856e-05
760,880,120,0.12,3.5005311126042214e-05
700,850,150,0.15,4.250483297801111e-05
772,886,114,0.114,4.3664397544944224e-05
766,883,117,0.117,6.104021334886056e-05
802,901,99,0.099,6.03017022081076e-05
748,874,126,0.126,5.8072572703053996e-05
800,900,100,0.1,4.6915123912754095e-05
758,879,121,0.121,2.821240489987531e-05
824,912,88,0.088,1.0746133772443045e-05
784,892,108,0.108,1.197269354997843e-05
794,897,103,0.103,1.4327874352147774e-05
768,884,116,0.116,2.7063951599245683e-05
798,899,101,0.101,4.916729664364538e-05
724,862,138,0.138,5.848937881000893e-05
740,870,130,0.13,6.477855684443057e-05
782,891,109,0.109,6.176803806829412e-05
808,904,96,0.096,4.422119943319558e-05
760,880,120,0.12,4.166643812641268e-05
724,862,138,0.138,3.847538565651121e-05
734,867,133,0.133,3.370323570766232e-05
724,862,138,0.138,4.781740735779749e-05
762,881,119,0.119,4.9697242889124024e-05
738,869,131,0.131,5.223183767066075e-05
808,904,96,0.096,4.728949329819443e-05
786,893,107,0.107,2.4007085040750553e-05
748,874,126,0.126,2.3128155360154777e-05
772,886,114,0.114,2.0403239981078515e-05
814,907,93,0.093,1.823340920486771e-05
790,895,105,0.105,2.5485193005010842e-05
798,899,101,0.101,2.7379778920931132e-05
784,892,108,0.108,3.187215943285082e-05
810,905,95,0.095,3.38000148321953e-05
788,894,106,0.106,2.8091639393551305e-05
748,874,126,0.126,2.6092435946793557e-05
810,905,95,0.095,1.951748568376388e-05
786,893,107,0.107,1.4901742885740532e-05
780,890,110,0.11,2.0769185150697922e-05
768,884,116,0.116,2.600859502149433e-05
748,874,126,0.126,2.8999794585843118e-05
710,855,145,0.145,5.2512471485897546e-05
780,890,110,0.11,6.224005667581878e-05
792,896,104,0.104,5.7887258932623806e-05
784,892,108,0.108,5.643205121259598e-05
734,867,133,0.133,4.445544506620536e-05
716,858,142,0.142,2.6239820272849103e-05
766,883,117,0.117,2.0957569386837348e-05
800,900,100,0.1,1.8295411594550614e-05
792,896,104,0.104,2.0597806478235725e-05
734,867,133,0.133,3.44135794396152e-05
750,875,125,0.125,4.321754546572265e-05
742,871,129,0.129,4.4119137676261744e-05
788,894,106,0.106,5.788479322927742e-05
810,905,95,0.095,6.368259759710782e-05
680,840,160,0.16,5.7341600802828907e-05
810,905,95,0.095,5.293219072609645e-05
762,881,119,0.119,3.992088260520177e-05
796,898,102,0.102,3.2708482790212653e-05
750,875,125,0.125,3.560509457565786e-05
702,851,149,0.149,3.806682500521674e-05
838,919,81,0.081,3.7796057880768783e-05
798,899,101,0.101,3.747051148002356e-05
766,883,117,0.117,3.2786734792807696e-05
760,880,120,0.12,3.242507425807162e-05
788,894,106,0.106,2.1938737014266964e-05
814,907,93,0.093,2.364094250526705e-05
762,881,119,0.119,2.726127886217e-05
724,862,138,0.138,2.9974132334245953e-05
790,895,105,0.105,3.44022450231023e-05
768,884,116,0.116,6.026482770630537e-05
716,858,142,0.142,8.836709312618041e-05
714,857,143,0.143,9.728408202136051e-05
768,884,116,0.116,0.00011729737743553415
748,874,126,0.126,0.00011364225398097005
776,888,112,0.112,8.044081938851377e-05
740,870,130,0.13,8.230829907699899e-05
774,887,113,0.113,4.126829704091506e-05
742,871,129,0.129,3.136202692644474e-05
770,885,115,0.115,3.908569173177057e-05
748,874,126,0.126,4.0223446476261416e-05
770,885,115,0.115,0.00011136676267733492
734,867,133,0.133,0.00018351165106651025
774,887,113,0.113,0.00020057782353069341
738,869,131,0.131,0.00018628947611796322
686,843,157,0.157,0.00011906551415791
782,891,109,0.109,5.684218424778464e-05
780,890,110,0.11,1.440048060095478e-05
756,878,122,0.122,1.164811587327108e-05
764,882,118,0.118,4.6958597001491855e-06
778,889,111,0.111,4.627874779941976e-06
708,854,146,0.146,5.9175277110909975e-06
806,903,97,0.097,5.698135640187729e-06
722,861,139,0.139,6.244088021162497e-06
774,887,113,0.113,5.346016870987569e-06
802,901,99,0.099,5.737774496651582e-06
780,890,110,0.11,5.8615445529994755e-06
760,880,120,0.12,7.45754408353605e-06
728,864,136,0.136,7.920196684949588e-06
786,893,107,0.107,6.268998292625838e-06
754,877,123,0.123,6.5069581627597015e-06
828,914,86,0.086,4.2181735427675445e-06
816,908,92,0.092,2.807693018027635e-06
802,901,99,0.099,1.909485631784946e-06
718,859,141,0.141,2.245079034778996e-06
800,900,100,0.1,3.5957679720013402e-06
772,886,114,0.114,6.901533796494163e-06
730,865,135,0.135,1.0781651664956371e-05
796,898,102,0.102,9.705637385536648e-06
770,885,115,0.115,9.203762024128537e-06
824,912,88,0.088,6.543032956244588e-06
740,870,130,0.13,4.386905978094546e-06
786,893,107,0.107,4.352962371427793e-06
794,897,103,0.103,3.5690486953399158e-06
748,874,126,0.126,3.481232458653949e-06
696,848,152,0.152,3.928795479993142e-06
754,877,123,0.123,3.850719313390982e-06
862,931,69,0.069,4.417705266746452e-06
774,887,113,0.113,5.600974692754335e-06
754,877,123,0.123,4.391127986991705e-06
728,864,136,0.136,4.888501892594377e-06
776,888,112,0.112,3.4973329581760027e-06
736,868,132,0.132,4.508601640054621e-06
706,853,147,0.147,5.049940508911277e-06
770,885,115,0.115,5.176843679066678e-06
766,883,117,0.117,9.403742946858529e-06
762,881,119,0.119,1.1243035447250804e-05
788,894,106,0.106,1.1278245668904674e-05
778,889,111,0.111,1.0676484386749507e-05
724,862,138,0.138,4.7363715715391665e-06
824,912,88,0.088,2.4373025623987134e-06
814,907,93,0.093,2.0425879756942323e-06
738,869,131,0.131,2.5640840311922374e-06
814,907,93,0.093,4.289096285461369e-06
730,865,135,0.135,4.99003889720484e-06
776,888,112,0.112,5.375749708889543e-06
730,865,135,0.135,5.866823973462942e-06
748,874,126,0.126,5.91887818518444e-06
776,888,112,0.112,6.155110404279185e-06
754,877,123,0.123,7.598943179914386e-06
730,865,135,0.135,8.944702393591797e-06
794,897,103,0.103,9.555351544065616e-06
744,872,128,0.128,9.30676356054505e-06
784,892,108,0.108,7.75573739517199e-06
732,866,134,0.134,6.036766434675656e-06
772,886,114,0.114,4.6104876765582505e-06
712,856,144,0.144,5.499396015864022e-06
822,911,89,0.089,6.364010634712258e-06
776,888,112,0.112,8.638989365408634e-06
814,907,93,0.093,6.576517776821334e-06
730,865,135,0.135,7.303599766800062e-06
734,867,133,0.133,3.7761365777271292e-06
816,908,92,0.092,2.5368956076192718e-06
764,882,118,0.118,3.3627717156150537e-06
680,840,160,0.16,4.720813541453594e-06
744,872,128,0.128,6.442717706931944e-06
712,856,144,0.144,8.60130738777798e-06
768,884,116,0.116,8.122251915210654e-06
808,904,96,0.096,8.422172852846187e-06
770,885,115,0.115,6.130031745172459e-06
748,874,126,0.126,3.988444298002491e-06
796,898,102,0.102,3.7423434226298015e-06
746,873,127,0.127,3.9095707255825116e-06
788,894,106,0.106,4.601409036922632e-06
810,905,95,0.095,5.086611475007885e-06
802,901,99,0.099,3.793252736159047e-06
774,887,113,0.113,3.723400173157643e-06
782,891,109,0.109,3.195412447610124e-06
802,901,99,0.099,2.4742565908724148e-06
722,861,139,0.139,6.526788646084469e-06
754,877,123,0.123,5.923371871375593e-06
726,863,137,0.137,7.774908287899507e-06
752,876,124,0.124,9.914352138707727e-06
808,904,96,0.096,7.238369257038358e-06
750,875,125,0.125,7.059161834490624e-06
776,888,112,0.112,6.251901155110318e-06
766,883,117,0.117,6.6476322283790524e-06
790,895,105,0.105,8.52069683537593e-06
734,867,133,0.133,8.939854047525841e-06
798,899,101,0.101,8.637810997953466e-06
774,887,113,0.113,5.256766295417492e-06
742,871,129,0.129,4.259647528073174e-06
746,873,127,0.127,3.6787409403729044e-06
754,877,123,0.123,3.768315102718134e-06
812,906,94,0.094,3.657531957912852e-06
806,903,97,0.097,3.700370576268597e-06
764,882,118,0.118,3.607778548200713e-06
804,902,98,0.098,3.4178017323540645e-06
762,881,119,0.119,3.138888480265223e-06
686,843,157,0.157,3.718386926493622e-06
826,913,87,0.087,6.6243963131569214e-06
720,860,140,0.14,7.80486558079474e-06
748,874,126,0.126,1.3008805844492599e-05
722,861,139,0.139,1.3435246151246361e-05
734,867,133,0.133,9.895778021927981e-06
772,886,114,0.114,9.38908626071111e-06
728,864,136,0.136,3.515540883626045e-06
702,851,149,0.149,4.096781625548829e-06
724,862,138,0.138,6.707228812175004e-06
848,924,76,0.076,5.375076437303505e-06
756,878,122,0.122,8.992508469646055e-06
726,863,137,0.137,8.531367688419778e-06
768,884,116,0.116,7.77106371174341e-06
746,873,127,0.127,7.298835791686997e-06
794,897,103,0.103,7.962955651009906e-06
710,855,145,0.145,8.022865101111165e-06
798,899,101,0.101,8.077742805369325e-06
744,872,128,0.128,7.758779593473264e-06
742,871,129,0.129,6.582775584604406e-06
726,863,137,0.137,6.030569578285849e-06
766,883,117,0.117,5.731224309329264e-06
794,897,103,0.103,5.229080236176742e-06
768,884,116,0.116,5.7584945735698055e-06
712,856,144,0.144,5.834447024881228e-06
758,879,121,0.121,6.456567344116593e-06
740,870,130,0.13,7.921913496716116e-06
812,906,94,0.094,6.877544016276716e-06
740,870,130,0.13,7.707270473076733e-06
772,886,114,0.114,5.675618507552827e-06
794,897,103,0.103,4.6854201279700195e-06
812,906,94,0.094,2.8387306315096338e-06
818,909,91,0.091,2.9675252955172482e-06
752,876,124,0.124,4.238354131643973e-06
766,883,117,0.117,4.470830600439512e-06
738,869,131,0.131,8.993538177037408e-06
784,892,108,0.108,9.15956525926731e-06
808,904,96,0.096,9.281078950493793e-06
792,896,104,0.104,8.586406983681628e-06
772,886,114,0.114,3.6930637579075666e-06
716,858,142,0.142,3.709646733568661e-06
716,858,142,0.142,3.1246209290571867e-06
802,901,99,0.099,4.368497653672421e-06
810,905,95,0.095,1.053589131629451e-05
722,861,139,0.139,1.1984295513229881e-05
784,892,108,0.108,1.1626381470932757e-05
784,892,108,0.108,9.136722537903096e-06
732,866,134,0.134,4.757490901937444e-06
766,883,117,0.117,2.8998040756818e-06
786,893,107,0.107,3.0035017203857706e-06
796,898,102,0.102,3.63179030004801e-06
752,876,124,0.124,8.04020102219738e-06
726,863,137,0.137,1.1065621511534119e-05
734,867,133,0.133,1.1059574670397866e-05
790,895,105,0.105,1.2152762789980898e-05
690,845,155,0.155,1.1959636736946777e-05
748,874,126,0.126,1.0027858840885529e-05
788,894,106,0.106,8.608814927981712e-06
830,915,85,0.085,4.888282292412782e-06
720,860,140,0.14,5.526435726636691e-06
762,881,119,0.119,4.36072880569327e-06
774,887,113,0.113,3.863565735457541e-06
716,858,142,0.142,4.465423006450919e-06
774,887,113,0.113,4.7485201539387845e-06
752,876,124,0.124,5.279397548292763e-06
810,905,95,0.095,5.0209157934659745e-06
748,874,126,0.126,5.447160861422162e-06
752,876,124,0.124,5.61166033594418e-06
780,890,110,0.11,5.415436656846851e-06
788,894,106,0.106,4.509816932539934e-06
742,871,129,0.129,5.290187839648297e-06
766,883,117,0.117,5.277176144744544e-06
794,897,103,0.103,4.585108389250081e-06
782,891,109,0.109,4.554481317398995e-06
778,889,111,0.111,6.1872100288837825e-06
738,869,131,0.131,6.105505647212794e-06
688,844,156,0.156,8.214368725191435e-06
762,881,119,0.119,6.960703028568105e-06
772,886,114,0.114,5.873234192449672e-06
764,882,118,0.118,6.0284212798080715e-06
750,875,125,0.125,5.146942585909642e-06
766,883,117,0.117,4.95989317545309e-06
682,841,159,0.159,6.976016786552464e-06
788,894,106,0.106,6.354894844037062e-06
782,891,109,0.109,7.00153869559017e-06
790,895,105,0.105,6.984335208585435e-06
684,842,158,0.158,7.752633615496052e-06
760,880,120,0.12,7.29642936005348e-06
754,877,123,0.123,6.8276632181323295e-06
728,864,136,0.136,5.880504460208158e-06
784,892,108,0.108,4.953577692901945e-06
762,881,119,0.119,5.401482601030239e-06
760,880,120,0.12,4.441223666290739e-06
682,841,159,0.159,6.158414831929804e-06
732,866,134,0.134,6.870208989880666e-06
794,897,103,0.103,6.8140860421408435e-06
746,873,127,0.127,7.500838316900626e-06
768,884,116,0.116,5.742577377446878e-06
778,889,111,0.111,4.197274201558798e-06
726,863,137,0.137,3.94466176105368e-06
786,893,107,0.107,3.0300287622253562e-06
800,900,100,0.1,7.188441069004625e-06
774,887,113,0.113,9.701386061408357e-06
766,883,117,0.117,1.1680898129668548e-05
760,880,120,0.12,1.2587456924165964e-05
786,893,107,0.107,7.94793893953738e-06
728,864,136,0.136,6.0226551402990935e-06
794,897,103,0.103,4.220227851845948e-06
764,882,118,0.118,3.2009249795805774e-06
758,879,121,0.121,3.912199754893208e-06
746,873,127,0.127,4.516522343976704e-06
774,887,113,0.113,5.294842955834156e-06
716,858,142,0.142,9.347794410984988e-06
700,850,150,0.15,2.0725029327422817e-05
746,873,127,0.127,2.241807520749717e-05
756,878,122,0.122,1.951304205044835e-05
730,865,135,0.135,1.907405040043386e-05
776,888,112,0.112,4.645047337248798e-06
770,885,115,0.115,3.929126780491288e-06
728,864,136,0.136,3.5573239928794464e-06
724,862,138,0.138,3.99628309662603e-06
734,867,133,0.133,8.180748597141019e-06
790,895,105,0.105,7.996093834321982e-06
774,887,113,0.113,1.0152398275636187e-05
718,859,141,0.141,1.0834712548330572e-05
790,895,105,0.105,9.52152360088121e-06
808,904,96,0.096,1.0672702489500807e-05
744,872,128,0.128,7.719221762613415e-06
726,863,137,0.137,7.844460868000169e-06
814,907,93,0.093,3.786597715247808e-06
798,899,101,0.101,3.6948023193588144e-06
750,875,125,0.125,3.85277191966793e-06
772,886,114,0.114,4.296188197017159e-06
752,876,124,0.124,8.287368376443282e-06
794,897,103,0.103,9.08280142334661e-06
772,886,114,0.114,9.301224815089882e-06
756,878,122,0.122,1.0392097094836572e-05
790,895,105,0.105,6.6954824588947304e-06
752,876,124,0.124,5.337709640457433e-06
766,883,117,0.117,5.152682810546594e-06
770,885,115,0.115,4.709991836193695e-06
780,890,110,0.11,6.548540869204089e-06
706,853,147,0.147,9.120525544290104e-06
774,887,113,0.113,8.074632291084071e-06
806,903,97,0.097,8.447381158816824e-06
770,885,115,0.115,6.445892492024541e-06
770,885,115,0.115,5.645172322601866e-06
752,876,124,0.124,5.7834949097923526e-06
782,891,109,0.109,5.005280109315891e-06
788,894,106,0.106,4.790817203286224e-06
752,876,124,0.124,4.6989271874622315e-06
766,883,117,0.117,4.480000593474642e-06
806,903,97,0.097,4.271843739161341e-06
782,891,109,0.109,6.451679704611024e-06
814,907,93,0.093,8.300449086959816e-06
690,845,155,0.155,9.568641996793303e-06
748,874,126,0.126,9.134454631521294e-06
768,884,116,0.116,5.923678570326274e-06
784,892,108,0.108,4.812266311205349e-06
774,887,113,0.113,5.024449441464185e-06
748,874,126,0.126,5.239919289863337e-06
730,865,135,0.135,6.255483742791057e-06
772,886,114,0.114,6.86588680900968e-06
714,857,143,0.143,7.320531283880883e-06
810,905,95,0.095,6.741674151840016e-06
760,880,120,0.12,6.540910444527981e-06
770,885,115,0.115,6.347216832878643e-06
728,864,136,0.136,6.886106711363027e-06
738,869,131,0.131,6.776437579702588e-06
756,878,122,0.122,7.148869517209278e-06
744,872,128,0.128,6.119368129645864e-06
766,883,117,0.117,5.383159053621966e-06
814,907,93,0.093,4.407254993310516e-06
748,874,126,0.126,3.299047755675133e-06
808,904,96,0.096,2.722606935492422e-06
760,880,120,0.12,3.535538854507081e-06
830,915,85,0.085,3.3437960554465463e-06
750,875,125,0.125,5.16186519570283e-06
838,919,81,0.081,4.428315965043339e-06
708,854,146,0.146,5.678448646392553e-06
794,897,103,0.103,4.910257988626654e-06
782,891,109,0.109,6.278700626808131e-06
786,893,107,0.107,6.2601359501854856e-06
778,889,111,0.111,5.464319193890787e-06
768,884,116,0.116,4.4183979532022024e-06
774,887,113,0.113,4.151531023637744e-06
834,917,83,0.083,4.260368435296869e-06
786,893,107,0.107,5.027471667744976e-06
756,878,122,0.122,5.782228757766461e-06
748,874,126,0.126,5.7715206386319554e-06
738,869,131,0.131,6.348418373590903e-06
822,911,89,0.089,6.7069449053178684e-06
754,877,123,0.123,7.157298902200182e-06
730,865,135,0.135,8.602277309478267e-06
716,858,142,0.142,1.113085156384841e-05
736,868,132,0.132,1.2085405232483027e-05
752,876,124,0.124,1.2994304504900356e-05
738,869,131,0.131,1.3844194597822934e-05
798,899,101,0.101,1.1373086472531214e-05
754,877,123,0.123,8.995606504527132e-06
740,870,130,0.13,8.25640733921773e-06
802,901,99,0.099,6.155423793359205e-06
740,870,130,0.13,5.26363702482513e-06
792,896,104,0.104,4.381847984745946e-06
724,862,138,0.138,4.771887939057251e-06
742,871,129,0.129,5.186181702185877e-06
758,879,121,0.121,9.329366549081896e-06
804,902,98,0.098,1.5254073271080414e-05
748,874,126,0.126,1.9236256731801403e-05
786,893,107,0.107,1.71458763783221e-05
754,877,123,0.123,1.540199083791549e-05
782,891,109,0.109,6.5317701282765486e-06
764,882,118,0.118,6.098285844757356e-06
780,890,110,0.11,3.938341687984348e-06
776,888,112,0.112,2.8890455891428245e-06
772,886,114,0.114,4.802082083713799e-06
798,899,101,0.101,5.317005733900259e-06
726,863,137,0.137,7.299027520872414e-06
728,864,136,0.136,1.4104749678722328e-05
788,894,106,0.106,1.3508456171848593e-05
714,857,143,0.143,1.2094809422137586e-05
706,853,147,0.147,1.1133622856959846e-05
800,900,100,0.1,6.055263617668061e-06
774,887,113,0.113,4.9187859462449525e-06
724,862,138,0.138,5.200662991001082e-06
828,914,86,0.086,4.368416276832931e-06
706,853,147,0.147,7.076178202396477e-06
788,894,106,0.106,6.8425540197836195e-06
766,883,117,0.117,6.981618910231191e-06
808,904,96,0.096,7.162211199386092e-06
784,892,108,0.108,3.7002106676027326e-06
818,909,91,0.091,2.987311573335205e-06
768,884,116,0.116,3.3174104857778274e-06
764,882,118,0.118,3.719393108724489e-06
722,861,139,0.139,6.433956481657788e-06
780,890,110,0.11,7.162827023677209e-06
668,834,166,0.166,9.549577456937186e-06
746,873,127,0.127,8.42590770366769e-06
772,886,114,0.114,7.687962840478235e-06
736,868,132,0.132,7.337956035712523e-06
692,846,154,0.154,7.441069028118363e-06
790,895,105,0.105,7.212431467820579e-06
774,887,113,0.113,9.209416602061538e-06
766,883,117,0.117,8.894782852848949e-06
776,888,112,0.112,8.955706486290183e-06
760,880,120,0.12,7.658404584049094e-06
726,863,137,0.137,6.5011101426648565e-06
816,908,92,0.092,5.396450657428886e-06
766,883,117,0.117,5.588585340944974e-06
746,873,127,0.127,6.257449271970472e-06
742,871,129,0.129,7.482071373374311e-06
780,890,110,0.11,8.428394762290735e-06
698,849,151,0.151,8.925638811888348e-06
774,887,113,0.113,8.069110068845475e-06
798,899,101,0.101,6.593310471487257e-06
710,855,145,0.145,3.782644489206177e-06
788,894,106,0.106,3.832584031670194e-06
776,888,112,0.112,3.840214518504581e-06
712,856,144,0.144,4.465990446675505e-06
794,897,103,0.103,1.025505677688443e-05
762,881,119,0.119,1.2854288088021804e-05
736,868,132,0.132,1.2312950210343843e-05
704,852,148,0.148,1.4083496119610572e-05
716,858,142,0.142,7.133617927991054e-06
768,884,116,0.116,7.653159512187812e-06
812,906,94,0.094,5.816892109749005e-06
756,878,122,0.122,5.89612649503124e-06
758,879,121,0.121,5.427115835232144e-06
764,882,118,0.118,5.722385867613866e-06
690,845,155,0.155,8.569121492939758e-06
790,895,105,0.105,8.929756817281032e-06
706,853,147,0.147,1.4792286255442378e-05
740,870,130,0.13,1.5119094044621307e-05
748,874,126,0.126,1.4086590335750771e-05
750,875,125,0.125,1.4242172044305335e-05
784,892,108,0.108,8.829627637709337e-06
780,890,110,0.11,8.279479875199058e-06
840,920,80,0.08,4.823556389439432e-06
792,896,104,0.104,5.0406273104357525e-06
770,885,115,0.115,2.6478674315910666e-06
796,898,102,0.102,3.4067720395682956e-06
734,867,133,0.133,4.683135878707389e-06
790,895,105,0.105,5.16890254831992e-06
688,844,156,0.156,9.532734701338085e-06
766,883,117,0.117,8.628567824416677e-06
738,869,131,0.131,9.133911546769013e-06
750,875,125,0.125,8.787602456095555e-06
784,892,108,0.108,5.448341705744042e-06
744,872,128,0.128,4.4745198145221825e-06
720,860,140,0.14,4.331205624794166e-06
738,869,131,0.131,4.396252735602957e-06
790,895,105,0.105,1.1153961099239495e-05
712,856,144,0.144,1.5677907197300557e-05
786,893,107,0.107,1.626573092084982e-05
722,861,139,0.139,1.6652993369234535e-05
786,893,107,0.107,6.210727111522374e-06
750,875,125,0.125,4.10189581056386e-06
764,882,118,0.118,9.353535279444713e-06
760,880,120,0.12,4.109988901319639e-06
758,879,121,0.121,5.563495854801204e-06
774,887,113,0.113,7.80876832868671e-06
756,878,122,0.122,8.570467471145094e-06
792,896,104,0.104,1.1242969438171713e-05
756,878,122,0.122,1.5442666009448657e-05
790,895,105,0.105,1.590512739727501e-05
824,912,88,0.088,1.3723291070022015e-05
752,876,124,0.124,6.387573140642644e-06
816,908,92,0.092,1.9684977455796116e-06
796,898,102,0.102,2.3054744375485827e-06
748,874,126,0.126,1.7976279515181659e-06
788,894,106,0.106,4.550844515478047e-06
786,893,107,0.107,6.384278681082378e-06
810,905,95,0.095,7.196138090364457e-06
756,878,122,0.122,8.468440939054745e-06
788,894,106,0.106,7.230721726386946e-06
818,909,91,0.091,4.698806866230143e-06
782,891,109,0.109,4.144432933387066e-06
786,893,107,0.107,3.540576867578693e-06
742,871,129,0.129,5.031068681176976e-06
792,896,104,0.104,8.10022613285355e-06
736,868,132,0.132,9.493742641495829e-06
752,876,124,0.124,1.3699669182756224e-05
760,880,120,0.12,1.4321061450800698e-05
786,893,107,0.107,1.131518892304939e-05
786,893,107,0.107,1.0067825724235036e-05
754,877,123,0.123,6.9563930820208956e-06
778,889,111,0.111,4.484811557460944e-06
716,858,142,0.142,4.863540850664094e-06
820,910,90,0.09,5.058605246318848e-06
762,881,119,0.119,6.5210745772787955e-06
732,866,134,0.134,8.271628897091433e-06
744,872,128,0.128,7.722729239503678e-06
798,899,101,0.101,7.366981957318331e-06
762,881,119,0.119,7.133593291428042e-06
726,863,137,0.137,6.081768341232418e-06
804,902,98,0.098,5.420564856422061e-06
714,857,143,0.143,6.473855592560085e-06
730,865,135,0.135,7.810187522949263e-06
786,893,107,0.107,1.2640646012414436e-05
764,882,118,0.118,1.3283478877610832e-05
744,872,128,0.128,1.6414321231422947e-05
790,895,105,0.105,1.4244857383118869e-05
692,846,154,0.154,1.0048703171264606e-05
742,871,129,0.129,9.651318827593513e-06
782,891,109,0.109,5.187115632708128e-06
788,894,106,0.106,4.241960231098574e-06
714,857,143,0.143,4.521137397375696e-06
744,872,128,0.128,4.737748784634732e-06
794,897,103,0.103,6.086466930753432e-06
776,888,112,0.112,7.750075138801548e-06
744,872,128,0.128,9.238144325763641e-06
800,900,100,0.1,9.360602689184816e-06
776,888,112,0.112,7.571370002096955e-06
748,874,126,0.126,6.510662082860108e-06
794,897,103,0.103,5.246717491388609e-06
750,875,125,0.125,5.851372959796209e-06
788,894,106,0.106,6.306003905649504e-06
808,904,96,0.096,7.3135455588158035e-06
744,872,128,0.128,7.888760457262834e-06
770,885,115,0.115,7.632177581285759e-06
834,917,83,0.083,6.193820595967736e-06
734,867,133,0.133,7.800735305295347e-06
778,889,111,0.111,6.658292150973466e-06
782,891,109,0.109,6.692423216009047e-06
800,900,100,0.1,6.557918062526369e-06
746,873,127,0.127,6.9704189097592465e-06
798,899,101,0.101,6.4819759426200105e-06
712,856,144,0.144,7.16055514396885e-06
764,882,118,0.118,8.084715130109999e-06
816,908,92,0.092,8.081639361535054e-06
752,876,124,0.124,7.220703714324372e-06
760,880,120,0.12,7.352325467479659e-06
758,879,121,0.121,5.816077794690955e-06
734,867,133,0.133,1.2969231149099868e-05
772,886,114,0.114,1.31883850306167e-05
748,874,126,0.126,1.0640699835789747e-05
756,878,122,0.122,1.9902545705463128e-05
794,897,103,0.103,1.9149396855482337e-05
752,876,124,0.124,2.0013542127799154e-05
702,851,149,0.149,1.9174047277601857e-05
758,879,121,0.121,1.1497242711925538e-05
768,884,116,0.116,7.847142172920485e-06
724,862,138,0.138,8.674937416117246e-06
718,859,141,0.141,1.1357913051313062e-05
688,844,156,0.156,2.0941356346725116e-05
762,881,119,0.119,2.7760570952978013e-05
752,876,124,0.124,2.697231325555549e-05
796,898,102,0.102,2.439088395158251e-05
760,880,120,0.12,1.4814800734541223e-05
740,870,130,0.13,9.107327889864792e-06
708,854,146,0.146,8.69635373589972e-06
722,861,139,0.139,1.0658594343226468e-05
814,907,93,0.093,1.1063938362212865e-05
772,886,114,0.114,1.3166931145406125e-05
748,874,126,0.126,1.2521512926468859e-05
680,840,160,0.16,1.2342380752443205e-05
826,913,87,0.087,8.752894815415858e-06
728,864,136,0.136,8.752086469371534e-06
740,870,130,0.13,7.617010841386218e-06
790,895,105,0.105,8.093573272390132e-06
738,869,131,0.131,9.910861769299118e-06
726,863,137,0.137,1.328800504938954e-05
734,867,133,0.133,1.2850525918338463e-05
770,885,115,0.115,1.1696360852965882e-05
804,902,98,0.098,8.939912836467556e-06
732,866,134,0.134,7.78404687150669e-06
738,869,131,0.131,7.636601515855545e-06
820,910,90,0.09,7.257663099665023e-06
796,898,102,0.102,7.919760751633475e-06
742,871,129,0.129,9.312611542554806e-06
772,886,114,0.114,8.68482130385928e-06
732,866,134,0.134,9.418869036039723e-06
726,863,137,0.137,1.0742226977072277e-05
768,884,116,0.116,1.157530183286326e-05
744,872,128,0.128,1.2963970018063265e-05
768,884,116,0.116,1.5041542396147633e-05
812,906,94,0.094,1.2866147147178707e-05
776,888,112,0.112,1.191332289050706e-05
768,884,116,0.116,9.591752348285354e-06
820,910,90,0.09,5.514980711041062e-06
770,885,115,0.115,9.109287300447022e-06
776,888,112,0.112,1.1049110431486042e-05
772,886,114,0.114,1.3591870017876318e-05
758,879,121,0.121,1.7849018479864755e-05
790,895,105,0.105,1.4014423640105633e-05
742,871,129,0.129,1.2625227886417179e-05
800,900,100,0.1,8.95288036861075e-06
816,908,92,0.092,4.064382922834398e-06
740,870,130,0.13,7.357836002640283e-06
736,868,132,0.132,6.538549058831222e-06
802,901,99,0.099,1.1013275485765916e-05
782,891,109,0.109,1.6690203716734685e-05
728,864,136,0.136,1.7563237847298295e-05
812,906,94,0.094,1.2127660756164005e-05
742,871,129,0.129,1.6423697985146645e-05
826,913,87,0.087,7.106240129132857e-06
792,896,104,0.104,5.032199575964569e-06
746,873,127,0.127,4.61013913655961e-06
806,903,97,0.097,6.863142684096601e-06
746,873,127,0.127,9.019606277831827e-06
744,872,128,0.128,1.7870605888447243e-05
764,882,118,0.118,2.3138795563227178e-05
734,867,133,0.133,2.4982538543326883e-05
714,857,143,0.143,2.2906887969838864e-05
760,880,120,0.12,1.5376107889665036e-05
656,828,172,0.172,1.1083671157621211e-05
822,911,89,0.089,7.324412255997004e-06
738,869,131,0.131,7.379422835356309e-06
760,880,120,0.12,7.418167628770788e-06
762,881,119,0.119,7.923800070784636e-06
796,898,102,0.102,7.4061784349055416e-06
774,887,113,0.113,7.094276330121829e-06
784,892,108,0.108,6.623511419604711e-06
798,899,101,0.101,6.682351293648026e-06
760,880,120,0.12,9.162793860355123e-06
758,879,121,0.121,1.0305937537850695e-05
748,874,126,0.126,1.2212139513621878e-05
804,902,98,0.098,1.0067425184729473e-05
760,880,120,0.12,9.311547199786218e-06
752,876,124,0.124,9.282260533382213e-06
726,863,137,0.137,8.21290592710966e-06
772,886,114,0.114,7.177788941589824e-06
804,902,98,0.098,7.64351936629737e-06
788,894,106,0.106,7.881448031980654e-06
736,868,132,0.132,8.285498861823727e-06
726,863,137,0.137,8.462587280519074e-06
712,856,144,0.144,7.523205086386042e-06
806,903,97,0.097,7.152131131647365e-06
712,856,144,0.144,7.111580460559708e-06
790,895,105,0.105,6.78352409204308e-06
842,921,79,0.079,6.545180906300629e-06
730,865,135,0.135,7.581420524047644e-06
830,915,85,0.085,6.126509320409923e-06
752,876,124,0.124,5.526660895839086e-06
756,878,122,0.122,2.2149603968841803e-06
754,877,123,0.123,1.9785958795068835e-06
736,868,132,0.132,2.455223058575484e-06
782,891,109,0.109,2.908774236345835e-06
750,875,125,0.125,3.021702022991235e-06
810,905,95,0.095,2.9334431005736406e-06
816,908,92,0.092,1.7864169179091505e-06
808,904,96,0.096,1.1591164460327264e-06
768,884,116,0.116,3.148197245081974e-07
730,865,135,0.135,3.445395052921185e-07
760,880,120,0.12,4.1566654827818186e-07
784,892,108,0.108,4.4162642066680747e-07
744,872,128,0.128,9.446847305696338e-07
796,898,102,0.102,9.56807447764163e-07
794,897,103,0.103,9.915834654066203e-07
720,860,140,0.14,1.0205753571455034e-06
758,879,121,0.121,4.986649796023812e-07
788,894,106,0.106,5.410650573196562e-07
794,897,103,0.103,4.3649023994873914e-07
774,887,113,0.113,4.6126198404294884e-07
752,876,124,0.124,1.5245510295471832e-06
762,881,119,0.119,1.4241294756658362e-06
746,873,127,0.127,1.5770738418012798e-06
766,883,117,0.117,1.7544577846564379e-06
738,869,131,0.131,1.5286348542815632e-06
778,889,111,0.111,1.5084230810060718e-06
742,871,129,0.129,1.42586277296175e-06
752,876,124,0.124,1.280565909297593e-06
810,905,95,0.095,5.217460530531071e-07
756,878,122,0.122,6.061261075984703e-07
746,873,127,0.127,6.058760374685335e-07
766,883,117,0.117,5.978059463984664e-07
768,884,116,0.116,1.0770433729163643e-06
772,886,114,0.114,1.0265397156672407e-06
786,893,107,0.107,9.6728221991782e-07
762,881,119,0.119,1.0055188457727126e-06
728,864,136,0.136,5.171315788459196e-07
746,873,127,0.127,4.95596764523043e-07
742,871,129,0.129,4.81441245995029e-07
756,878,122,0.122,4.574263822831881e-07
752,876,124,0.124,9.871297260559686e-07
818,909,91,0.091,9.240380867510112e-07
774,887,113,0.113,9.265781613549962e-07
744,872,128,0.128,8.733905979454448e-07
772,886,114,0.114,3.1803849314826496e-07
806,903,97,0.097,3.2068283043429346e-07
798,899,101,0.101,2.996523871274803e-07
770,885,115,0.115,3.043489733585147e-07
786,893,107,0.107,1.0566796524074106e-06
764,882,118,0.118,1.0135484175179955e-06
744,872,128,0.128,1.0336377229975824e-06
760,880,120,0.12,1.1125164524230514e-06
780,890,110,0.11,4.86600120126468e-07
772,886,114,0.114,4.3759775530816113e-07
762,881,119,0.119,4.6445869493538795e-07
756,878,122,0.122,4.825434971564846e-07
794,897,103,0.103,6.583107979309943e-07
766,883,117,0.117,7.127807999864899e-07
714,857,143,0.143,7.541783382123412e-07
752,876,124,0.124,7.132269579415151e-07
800,900,100,0.1,7.037690129436669e-07
736,868,132,0.132,7.56898151422547e-07
746,873,127,0.127,7.64664517035385e-07
800,900,100,0.1,7.02492057598647e-07
746,873,127,0.127,1.1611336398402727e-06
746,873,127,0.127,1.257047115871046e-06
700,850,150,0.15,1.628097193545841e-06
696,848,152,0.152,1.8701308759432321e-06
758,879,121,0.121,1.8334434890192596e-06
756,878,122,0.122,1.8561813457012021e-06
764,882,118,0.118,1.468232963588889e-06
804,902,98,0.098,1.1257599286551567e-06
676,838,162,0.162,5.170175569588764e-07
800,900,100,0.1,4.786411034842786e-07
802,901,99,0.099,4.773150639465484e-07
738,869,131,0.131,5.514315494536958e-07
768,884,116,0.116,7.054797314509642e-07
796,898,102,0.102,6.445397568626276e-07
794,897,103,0.103,5.400291748003383e-07
780,890,110,0.11,5.000225766451649e-07
798,899,101,0.101,3.786770231641867e-07
776,888,112,0.112,4.379831880214624e-07
754,877,123,0.123,5.409202134387669e-07
780,890,110,0.11,5.490717689013991e-07
752,876,124,0.124,1.2953685113785697e-06
774,887,113,0.113,1.413600009215088e-06
700,850,150,0.15,1.5982841645723056e-06
684,842,158,0.158,1.629384825747593e-06
814,907,93,0.093,9.89113691261423e-07
768,884,116,0.116,9.800837569002852e-07
832,916,84,0.084,7.919864595606895e-07
790,895,105,0.105,7.49534305839461e-07
766,883,117,0.117,5.465584454356076e-07
730,865,135,0.135,6.308960770269323e-07
696,848,152,0.152,1.0746422090193163e-06
748,874,126,0.126,1.4260134695973647e-06
862,931,69,0.069,2.0842244449426063e-06
714,857,143,0.143,2.6636986262360553e-06
742,871,129,0.129,2.064741526595526e-06
740,870,130,0.13,1.8433979968790482e-06
706,853,147,0.147,4.5338451072041153e-07
800,900,100,0.1,4.037047689564588e-07
788,894,106,0.106,4.2258508528902896e-07
804,902,98,0.098,4.4114935622019405e-07
770,885,115,0.115,5.516449522247058e-07
802,901,99,0.099,5.347514579057133e-07
786,893,107,0.107,6.228474001801488e-07
730,865,135,0.135,6.421287020543787e-07
770,885,115,0.115,6.672809330439122e-07
724,862,138,0.138,6.532334588627009e-07
790,895,105,0.105,5.843269972984899e-07
766,883,117,0.117,6.500473881771996e-07
764,882,118,0.118,6.879918968820676e-07
802,901,99,0.099,6.07339572425758e-07
772,886,114,0.114,5.346562491723717e-07
768,884,116,0.116,5.181481725458071e-07
752,876,124,0.124,3.9074979052600154e-07
762,881,119,0.119,4.6091019852667613e-07
754,877,123,0.123,7.254255295379153e-07
758,879,121,0.121,7.976487412264533e-07
806,903,97,0.097,9.454010416334313e-07
740,870,130,0.13,1.052724712550912e-06
834,917,83,0.083,6.471157438312502e-07
800,900,100,0.1,5.477803429414508e-07
810,905,95,0.095,3.716555034003477e-07
742,871,129,0.129,3.8229838270353867e-07
800,900,100,0.1,4.3148959836969423e-07
730,865,135,0.135,7.504511807638891e-07
720,860,140,0.14,1.1925927391587266e-06
776,888,112,0.112,1.2653704500138475e-06
690,845,155,0.155,1.413318531774621e-06
740,870,130,0.13,1.1931734734389465e-06
768,884,116,0.116,7.880988872983608e-07
786,893,107,0.107,5.726690699390247e-07
772,886,114,0.114,4.877464594130742e-07
758,879,121,0.121,4.4514872622869463e-07
774,887,113,0.113,4.358328908438125e-07
754,877,123,0.123,5.768371426881913e-07
752,876,124,0.124,7.393556683155112e-07
688,844,156,0.156,9.89880387507469e-07
818,909,91,0.091,1.0327635981468575e-06
728,864,136,0.136,1.2480115357504928e-06
736,868,132,0.132,1.202862357814638e-06
772,886,114,0.114,1.047207393085614e-06
750,875,125,0.125,7.559024650305446e-07
794,897,103,0.103,6.961576445121409e-07
756,878,122,0.122,6.636674138746912e-07
786,893,107,0.107,6.297348873971487e-07
702,851,149,0.149,7.4084373845551e-07
806,903,97,0.097,7.821179965077363e-07
736,868,132,0.132,1.1141421801710295e-06
756,878,122,0.122,1.0816822859283093e-06
808,904,96,0.096,1.043803222302131e-06
720,860,140,0.14,9.004151995384291e-07
780,890,110,0.11,5.010366044189141e-07
788,894,106,0.106,4.287492024559469e-07
716,858,142,0.142,3.8184855883116596e-07
822,911,89,0.089,3.483933642201009e-07
710,855,145,0.145,8.364395263242841e-07
742,871,129,0.129,1.000927654686734e-06
828,914,86,0.086,9.378127219861199e-07
766,883,117,0.117,9.278040702866974e-07
788,894,106,0.106,6.067471686179715e-07
718,859,141,0.141,5.49437445116041e-07
764,882,118,0.118,4.622980367940954e-07
830,915,85,0.085,3.971483600935244e-07
786,893,107,0.107,5.16862590345113e-07
706,853,147,0.147,5.983926705823706e-07
844,922,78,0.078,4.6467776174097254e-07
790,895,105,0.105,4.568995624367744e-07
742,871,129,0.129,5.312006771163169e-07
784,892,108,0.108,5.466669022382576e-07
762,881,119,0.119,5.737890045622862e-07
724,862,138,0.138,8.231737403150419e-07
726,863,137,0.137,1.318886034255229e-06
758,879,121,0.121,1.3775396064659162e-06
744,872,128,0.128,1.4139837404343325e-06
764,882,118,0.118,1.3883673191799063e-06
790,895,105,0.105,8.07538150368714e-07
768,884,116,0.116,6.957275795826945e-07
758,879,121,0.121,6.873482686273747e-07
828,914,86,0.086,3.8030140321154705e-07
752,876,124,0.124,3.7515272322252715e-07
748,874,126,0.126,4.610875195680819e-07
754,877,123,0.123,5.057411479754137e-07
784,892,108,0.108,1.0130968633461633e-06
766,883,117,0.117,1.8315862277802354e-06
822,911,89,0.089,1.7058438235153517e-06
768,884,116,0.116,2.0278704676854887e-06
786,893,107,0.107,1.3059190335553694e-06
730,865,135,0.135,5.431550200682978e-07
748,874,126,0.126,6.192752024674064e-07
770,885,115,0.115,6.789828050983715e-07
708,854,146,0.146,1.000230771538213e-06
762,881,119,0.119,1.6218904903553266e-06
750,875,125,0.125,1.6064044985455438e-06
776,888,112,0.112,1.489011464059331e-06
710,855,145,0.145,1.4414390614660987e-06
724,862,138,0.138,9.419745471603847e-07
818,909,91,0.091,7.466970867540113e-07
752,876,124,0.124,7.021616458473545e-07
812,906,94,0.094,5.477250197003514e-07
816,908,92,0.092,3.06884323137524e-07
794,897,103,0.103,3.0762994636290843e-07
784,892,108,0.108,3.2339598853070585e-07
802,901,99,0.099,3.403888046165093e-07
758,879,121,0.121,1.0981196882084986e-06
798,899,101,0.101,1.3334606354220569e-06
742,871,129,0.129,1.6764502496613432e-06
786,893,107,0.107,1.7219583080247958e-06
720,860,140,0.14,1.234383505888559e-06
714,857,143,0.143,9.068664481901578e-07
812,906,94,0.094,4.860909277795145e-07
770,885,115,0.115,5.993101124914801e-07
738,869,131,0.131,9.677838259278816e-07
776,888,112,0.112,1.0601289267384572e-06
758,879,121,0.121,1.13880186469828e-06
782,891,109,0.109,1.1419195814141858e-06
766,883,117,0.117,9.217863623263156e-07
738,869,131,0.131,7.153588926911425e-07
786,893,107,0.107,5.169613384907735e-07
728,864,136,0.136,5.475506080188097e-07
772,886,114,0.114,6.286220413471711e-07
752,876,124,0.124,7.354069195741886e-07
794,897,103,0.103,8.553298834783618e-07
762,881,119,0.119,9.957511615539261e-07
786,893,107,0.107,7.627257760134398e-07
798,899,101,0.101,6.815657754373206e-07
728,864,136,0.136,4.5046120906988563e-07
786,893,107,0.107,4.1079797411214256e-07
796,898,102,0.102,5.895792155996559e-07
762,881,119,0.119,6.550979335031571e-07
802,901,99,0.099,7.596130280660418e-07
760,880,120,0.12,7.663666123818303e-07
772,886,114,0.114,6.317989779631717e-07
742,871,129,0.129,6.347862957909456e-07
728,864,136,0.136,6.755295309517351e-07
850,925,75,0.075,5.668893950883103e-07
804,902,98,0.098,4.996295779164939e-07
794,897,103,0.103,5.082027748954942e-07
736,868,132,0.132,3.995510391234802e-07
754,877,123,0.123,3.5109977072522725e-07
782,891,109,0.109,4.052490565129574e-07
814,907,93,0.093,4.374494086079039e-07
800,900,100,0.1,4.864021902619697e-07
802,901,99,0.099,4.915280740220851e-07
826,913,87,0.087,3.585521817797144e-07
802,901,99,0.099,3.983677859622503e-07
722,861,139,0.139,7.195010393985513e-07
784,892,108,0.108,6.835128839952631e-07
780,890,110,0.11,1.0306064541367732e-06
794,897,103,0.103,1.146926945608584e-06
764,882,118,0.118,8.336370727022314e-07
798,899,101,0.101,8.27363005640791e-07
790,895,105,0.105,4.766615000875163e-07
758,879,121,0.121,5.131445693962178e-07
812,906,94,0.094,5.7006261535264e-07
788,894,106,0.106,6.22711221367922e-07
780,890,110,0.11,4.958392028839853e-07
774,887,113,0.113,4.549025718603161e-07
786,893,107,0.107,2.9069227315403623e-07
756,878,122,0.122,3.2889925147117083e-07
770,885,115,0.115,9.601079326984063e-07
728,864,136,0.136,1.4650997809013688e-06
756,878,122,0.122,2.8884693396520335e-06
762,881,119,0.119,3.7708497461608204e-06
778,889,111,0.111,3.85683291600003e-06
746,873,127,0.127,3.865205877019662e-06
752,876,124,0.124,2.0219189448482664e-06
830,915,85,0.085,1.1880832363857507e-06
818,909,91,0.091,3.9955763296006806e-07
756,878,122,0.122,3.952640426518883e-07
776,888,112,0.112,3.380471430602938e-07
766,883,117,0.117,4.777594836582467e-07
758,879,121,0.121,1.5159913444477979e-06
800,900,100,0.1,1.267823507745902e-06
846,923,77,0.077,1.6930469874836262e-06
828,914,86,0.086,1.6896943904640693e-06
774,887,113,0.113,8.843891965426565e-07
712,856,144,0.144,7.183244953381517e-07
796,898,102,0.102,4.543012457673967e-07
792,896,104,0.104,4.665171727111783e-07
780,890,110,0.11,8.923181521822698e-07
748,874,126,0.126,1.1014996486551355e-06
810,905,95,0.095,1.0746832794410465e-06
784,892,108,0.108,1.069685092261352e-06
784,892,108,0.108,6.551579652125383e-07
746,873,127,0.127,6.915419950956902e-07
768,884,116,0.116,5.573217944743192e-07
790,895,105,0.105,5.560245002982356e-07
752,876,124,0.124,7.339754240547336e-07
768,884,116,0.116,8.015857951590987e-07
702,851,149,0.149,1.1220599901520246e-06
718,859,141,0.141,1.2361687959980828e-06
714,857,143,0.143,1.6166741744996216e-06
784,892,108,0.108,1.4632621126082768e-06
744,872,128,0.128,1.273453470730601e-06
766,883,117,0.117,9.657982470514526e-07
810,905,95,0.095,5.922284809258826e-07
772,886,114,0.114,5.37553247283995e-07
758,879,121,0.121,4.383251537092292e-07
746,873,127,0.127,4.875968102453498e-07
772,886,114,0.114,8.742962161818468e-07
706,853,147,0.147,1.3822338796387611e-06
706,853,147,0.147,1.810783218047618e-06
722,861,139,0.139,2.31228561244734e-06
750,875,125,0.125,2.380233969688561e-06
766,883,117,0.117,2.132716125686329e-06
712,856,144,0.144,1.63187889508265e-06
756,878,122,0.122,1.108701296146819e-06
820,910,90,0.09,3.7171918869205457e-07
804,902,98,0.098,3.067984008850999e-07
818,909,91,0.091,3.1680473080086815e-07
812,906,94,0.094,3.73274907175869e-07
808,904,96,0.096,6.550417456878676e-07
750,875,125,0.125,8.347058751070336e-07
808,904,96,0.096,7.720840007152674e-07
788,894,106,0.106,7.780082380577369e-07
734,867,133,0.133,5.937882232274205e-07
722,861,139,0.139,5.694992693463519e-07
744,872,128,0.128,5.519359239514188e-07
800,900,100,0.1,4.7531348376139704e-07
780,890,110,0.11,9.387604255692849e-07
686,843,157,0.157,1.3861253402467356e-06
776,888,112,0.112,1.401753327655797e-06
724,862,138,0.138,1.3530840681710287e-06
804,902,98,0.098,9.75569035404078e-07
772,886,114,0.114,8.668214496196925e-07
732,866,134,0.134,6.443371939184317e-07
748,874,126,0.126,5.537950656702151e-07
760,880,120,0.12,5.284023083902412e-07
782,891,109,0.109,6.147163411043266e-07
756,878,122,0.122,1.0440043629955653e-06
740,870,130,0.13,1.179463558628413e-06
746,873,127,0.127,2.325494422080965e-06
778,889,111,0.111,2.1347453453017806e-06
708,854,146,0.146,2.1337722399863423e-06
776,888,112,0.112,1.7712669339431387e-06
758,879,121,0.121,6.0102894057934e-07
802,901,99,0.099,4.162112468293344e-07
820,910,90,0.09,2.9026564970990875e-07
770,885,115,0.115,3.080666348154182e-07
800,900,100,0.1,1.1556078812446912e-06
760,880,120,0.12,1.5116648676354316e-06
700,850,150,0.15,3.362063446630259e-06
740,870,130,0.13,3.232739217651215e-06
720,860,140,0.14,4.3113318805581e-06
800,900,100,0.1,3.5739174799687137e-06
850,925,75,0.075,2.9740714403629907e-06
744,872,128,0.128,2.4282802942252604e-06
716,858,142,0.142,5.022924911344262e-07
740,870,130,0.13,3.995589328269489e-07
746,873,127,0.127,3.834588704307862e-07
766,883,117,0.117,4.7432477910547275e-07
756,878,122,0.122,7.66399290128561e-07
772,886,114,0.114,7.854195010992271e-07
796,898,102,0.102,8.258487138022019e-07
800,900,100,0.1,7.763350611895703e-07
810,905,95,0.095,7.631284328368793e-07
744,872,128,0.128,8.170341362188082e-07
784,892,108,0.108,7.196135028806338e-07
730,865,135,0.135,8.059864030798281e-07
802,901,99,0.099,7.290654224760829e-07
724,862,138,0.138,8.200611024449245e-07
856,928,72,0.072,6.65171340997972e-07
762,881,119,0.119,6.310980455737081e-07
772,886,114,0.114,5.1605808035049e-07
774,887,113,0.113,5.329254373975801e-07
742,871,129,0.129,5.636532002313288e-07
734,867,133,0.133,6.788642218680252e-07
720,860,140,0.14,7.953426301412492e-07
758,879,121,0.121,1.073030937675412e-06
774,887,113,0.113,1.088829797510016e-06
736,868,132,0.132,1.647263215716066e-06
698,849,151,0.151,1.7920189124822628e-06
792,896,104,0.104,1.2044203862302537e-06
816,908,92,0.092,1.1639910692338161e-06
778,889,111,0.111,6.830413952059189e-07
766,883,117,0.117,3.8946025432551324e-07
792,896,104,0.104,2.401364511257498e-07
814,907,93,0.093,2.3818906696249086e-07
768,884,116,0.116,3.650836226398724e-07
814,907,93,0.093,4.73653635239657e-07
736,868,132,0.132,8.401059066471816e-07
800,900,100,0.1,7.412721919450859e-07
766,883,117,0.117,8.579477639614197e-07
766,883,117,0.117,7.225878468517521e-07
750,875,125,0.125,5.127291869229112e-07
752,876,124,0.124,4.680335553217674e-07
778,889,111,0.111,4.795506171859642e-07
754,877,123,0.123,5.096788302410005e-07
818,909,91,0.091,4.4878489809718756e-07
730,865,135,0.135,4.792296235507365e-07
842,921,79,0.079,3.902007215970116e-07
830,915,85,0.085,4.259829357806666e-07
662,831,169,0.169,5.641787817154409e-07
752,876,124,0.124,6.048246738004082e-07
780,890,110,0.11,8.194028484922456e-07
790,895,105,0.105,8.973868103652194e-07
766,883,117,0.117,9.442337200766815e-07
712,856,144,0.144,8.704760004150103e-07
758,879,121,0.121,8.5382421106317e-07
740,870,130,0.13,8.863557616791695e-07
766,883,117,0.117,9.974816798035136e-07
786,893,107,0.107,9.138822801020296e-07
724,862,138,0.138,8.989182629335347e-07
754,877,123,0.123,8.065922727240604e-07
728,864,136,0.136,9.200473671882037e-07
754,877,123,0.123,9.154935722506252e-07
764,882,118,0.118,9.909293402188268e-07
690,845,155,0.155,1.1318587577875404e-06
790,895,105,0.105,9.8725785542797e-07
714,857,143,0.143,1.020133726811423e-06
722,861,139,0.139,9.758142840468053e-07
802,901,99,0.099,8.747618078359665e-07
754,877,123,0.123,8.301285711382888e-07
770,885,115,0.115,7.3272146431691e-07
786,893,107,0.107,6.353612315024293e-07
756,878,122,0.122,4.956495947538996e-07
714,857,143,0.143,6.954377949028868e-07
748,874,126,0.126,1.1746406300972012e-06
758,879,121,0.121,1.6318368143970475e-06
738,869,131,0.131,2.0293465097154238e-06
792,896,104,0.104,2.0953698312382583e-06
810,905,95,0.095,1.6191924298851745e-06
788,894,106,0.106,1.069417380179516e-06
722,861,139,0.139,4.2050865289411377e-07
756,878,122,0.122,2.5687178933253563e-07
788,894,106,0.106,2.1619137258710454e-07
750,875,125,0.125,2.913522648242406e-07
726,863,137,0.137,8.165729914253461e-07
832,916,84,0.084,1.4155288076125317e-06
776,888,112,0.112,1.8926024379481987e-06
722,861,139,0.139,2.3460113165754137e-06
750,875,125,0.125,2.5515630335917193e-06
744,872,128,0.128,1.7202799194393492e-06
734,867,133,0.133,1.2639834247352156e-06
774,887,113,0.113,9.524210304192593e-07
748,874,126,0.126,7.014910329559143e-07
758,879,121,0.121,7.361531400249533e-07
726,863,137,0.137,1.0282214556269765e-06
718,859,141,0.141,1.1031231529159414e-06
738,869,131,0.131,1.4400459225498708e-06
804,902,98,0.098,1.416900320947434e-06
720,860,140,0.14,1.8004556985431463e-06
706,853,147,0.147,1.7703800406820848e-06
650,825,175,0.175,1.7806818319456852e-06
806,903,97,0.097,1.2176506308065882e-06
772,886,114,0.114,1.0304424780684939e-06
772,886,114,0.114,9.201348844811719e-07
806,903,97,0.097,6.084612565473435e-07
710,855,145,0.145,6.832089317185819e-07
786,893,107,0.107,7.961953597828142e-07
738,869,131,0.131,9.107140738393582e-07
766,883,117,0.117,1.0456434031738126e-06
738,869,131,0.131,1.084223168305698e-06
754,877,123,0.123,1.1783243844263324e-06
724,862,138,0.138,1.2349940280387272e-06
810,905,95,0.095,9.867314208094057e-07
794,897,103,0.103,8.785467982619366e-07
802,901,99,0.099,3.753475041889942e-07
750,875,125,0.125,4.02451984470531e-07
772,886,114,0.114,4.3345081094514624e-07
792,896,104,0.104,4.6687008133972085e-07
720,860,140,0.14,8.077026684532029e-07
816,908,92,0.092,7.003471262976291e-07
752,876,124,0.124,8.496440475482813e-07
784,892,108,0.108,6.893452907519304e-07
780,890,110,0.11,6.065810504338742e-07
742,871,129,0.129,6.075662966651407e-07
768,884,116,0.116,6.22006073243142e-07
780,890,110,0.11,6.137269490977815e-07
774,887,113,0.113,6.112530793132009e-07
752,876,124,0.124,6.663309070376044e-07
760,880,120,0.12,6.666099521623891e-07
770,885,115,0.115,7.266191040997683e-07
778,889,111,0.111,8.942897582926435e-07
806,903,97,0.097,9.311016319202281e-07
742,871,129,0.129,1.015039929257e-06
786,893,107,0.107,8.869286589998638e-07
754,877,123,0.123,7.157198806595489e-07
784,892,108,0.108,6.058088646767601e-07
800,900,100,0.1,6.009924708223479e-07
780,890,110,0.11,5.42577319748716e-07
788,894,106,0.106,4.87369605849608e-07
780,890,110,0.11,5.43072443505821e-07
740,870,130,0.13,6.042394995944278e-07
782,891,109,0.109,9.329896539469473e-07
716,858,142,0.142,1.3465873995812671e-06
798,899,101,0.101,1.2101468142304839e-06
748,874,126,0.126,1.3720111592760985e-06
748,874,126,0.126,1.003890916976502e-06
782,891,109,0.109,8.020965605624042e-07
720,860,140,0.14,8.414051300746905e-07
740,870,130,0.13,9.003500279476384e-07
788,894,106,0.106,8.548870332703018e-07
812,906,94,0.094,8.930628404897333e-07
780,890,110,0.11,7.292777322902567e-07
776,888,112,0.112,7.174989431462109e-07
794,897,103,0.103,5.803613519219653e-07
742,871,129,0.129,6.06903355063082e-07
716,858,142,0.142,9.182863262537922e-07
766,883,117,0.117,9.493506319842027e-07
766,883,117,0.117,1.0726313248454744e-06
722,861,139,0.139,1.291396428086955e-06
726,863,137,0.137,1.1674350047030657e-06
676,838,162,0.162,1.155295327237127e-06
804,902,98,0.098,8.923439076795603e-07
760,880,120,0.12,9.655942259172433e-07
730,865,135,0.135,1.1202918045682964e-06
716,858,142,0.142,1.1381708779367728e-06
812,906,94,0.094,8.706963017885983e-07
772,886,114,0.114,8.131842067768958e-07
784,892,108,0.108,6.104961723991664e-07
788,894,106,0.106,5.525309011602531e-07
778,889,111,0.111,4.113163414558585e-07
834,917,83,0.083,3.2949722091757396e-07
750,875,125,0.125,5.033188961220958e-07
782,891,109,0.109,5.149480384716299e-07
758,879,121,0.121,7.263011734011116e-07
760,880,120,0.12,6.83102582897277e-07
790,895,105,0.105,6.202235428389713e-07
762,881,119,0.119,5.234128847604325e-07
764,882,118,0.118,4.805291863192451e-07
758,879,121,0.121,5.038051785533071e-07
748,874,126,0.126,1.0700506813776656e-06
774,887,113,0.113,1.3514739560918087e-06
776,888,112,0.112,1.6376386479066695e-06
716,858,142,0.142,1.8896669320156434e-06
816,908,92,0.092,1.4965214973017283e-06
818,909,91,0.091,9.624205609952696e-07
696,848,152,0.152,7.994532729043158e-07
816,908,92,0.092,7.074665024333626e-07
774,887,113,0.113,5.223771311335667e-07
812,906,94,0.094,6.21908142193206e-07
772,886,114,0.114,8.305630517639884e-07
700,850,150,0.15,9.533105393870756e-07
734,867,133,0.133,1.1841017351912343e-06
782,891,109,0.109,1.1954621943033317e-06
828,914,86,0.086,9.70070308980553e-07
746,873,127,0.127,9.816633508563654e-07
792,896,104,0.104,4.4358593986260073e-07
814,907,93,0.093,3.3659058146895404e-07
798,899,101,0.101,3.2769237600405176e-07
754,877,123,0.123,3.4808087438875644e-07
808,904,96,0.096,4.5911334758841346e-07
796,898,102,0.102,5.199115009446587e-07
836,918,82,0.082,5.913925146359134e-07
794,897,103,0.103,5.406501532547736e-07
834,917,83,0.083,4.163157138208362e-07
796,898,102,0.102,3.1861411798672633e-07
790,895,105,0.105,3.072187674746374e-07
770,885,115,0.115,3.124403666134867e-07
816,908,92,0.092,3.8785608487046375e-07
804,902,98,0.098,5.460600830247131e-07
746,873,127,0.127,7.52569438560613e-07
720,860,140,0.14,7.726298090915407e-07
806,903,97,0.097,8.971402372139891e-07
800,900,100,0.1,9.096686068374993e-07
768,884,116,0.116,7.081383442653078e-07
730,865,135,0.135,7.738201605178574e-07
740,870,130,0.13,5.208316875666696e-07
736,868,132,0.132,6.713655377268423e-07
738,869,131,0.131,9.146343791996969e-07
740,870,130,0.13,9.687907415809605e-07
764,882,118,0.118,1.3401150811489514e-06
774,887,113,0.113,1.1448484176952434e-06
802,901,99,0.099,1.0108517106743876e-06
746,873,127,0.127,9.261432756062505e-07
820,910,90,0.09,4.260403992333295e-07
746,873,127,0.127,5.248674919187124e-07
792,896,104,0.104,6.791833354498067e-07
812,906,94,0.094,6.433056702093154e-07
710,855,145,0.145,1.0883157506214047e-06
796,898,102,0.102,1.0959505114271906e-06
764,882,118,0.118,9.438198233908679e-07
728,864,136,0.136,9.53785538399643e-07
776,888,112,0.112,6.395597203976422e-07
744,872,128,0.128,5.744349573859609e-07
814,907,93,0.093,5.467175923428158e-07
796,898,102,0.102,6.389761139615757e-07
700,850,150,0.15,8.119356575946313e-07
742,871,129,0.129,7.6119254300977e-07
822,911,89,0.089,6.35802821705056e-07
762,881,119,0.119,7.229835390489825e-07
758,879,121,0.121,7.961496598767326e-07
770,885,115,0.115,8.051209012336358e-07
778,889,111,0.111,7.867682991218316e-07
718,859,141,0.141,8.800167986748875e-07
786,893,107,0.107,8.613472690939261e-07
778,889,111,0.111,8.105227530279535e-07
784,892,108,0.108,8.19575576230136e-07
804,902,98,0.098,7.53788732069438e-07
764,882,118,0.118,5.688429377102011e-07
786,893,107,0.107,4.3172017916504047e-07
764,882,118,0.118,5.740377685299336e-07
706,853,147,0.147,8.736386544683227e-07
752,876,124,0.124,1.2111514775199338e-06
778,889,111,0.111,2.2622541029875266e-06
844,922,78,0.078,2.05785102623679e-06
744,872,128,0.128,2.002370258978203e-06
806,903,97,0.097,1.4382170973874508e-06
806,903,97,0.097,4.0622568916148793e-07
724,862,138,0.138,3.7747370345186936e-07
778,889,111,0.111,4.4734803900325914e-07
778,889,111,0.111,5.28491011408505e-07
764,882,118,0.118,1.3284612831938603e-06
752,876,124,0.124,1.4966615335225697e-06
760,880,120,0.12,1.574407588975646e-06
766,883,117,0.117,1.5613493991395444e-06
744,872,128,0.128,8.867331573583215e-07
728,864,136,0.136,8.447699965330457e-07
720,860,140,0.14,9.186860005740982e-07
756,878,122,0.122,8.688479138641014e-07
754,877,123,0.123,1.192320062074259e-06
702,851,149,0.149,1.1123246236337536e-06
768,884,116,0.116,1.1225918787829414e-06
794,897,103,0.103,1.1556844114863908e-06
744,872,128,0.128,9.877150162083126e-07
792,896,104,0.104,9.383578585584473e-07
796,898,102,0.102,7.675227982417709e-07
754,877,123,0.123,7.270351892429972e-07
724,862,138,0.138,7.660128972872826e-07
750,875,125,0.125,7.95939714208771e-07
778,889,111,0.111,9.875759286330777e-07
772,886,114,0.114,1.0760416166277765e-06
772,886,114,0.114,1.2609646890524574e-06
740,870,130,0.13,1.2952950756073279e-06
738,869,131,0.131,1.14528371329925e-06
746,873,127,0.127,1.4001467245350341e-06
752,876,124,0.124,1.2682318886731992e-06
700,850,150,0.15,1.3474013792631467e-06
780,890,110,0.11,1.112374480740641e-06
806,903,97,0.097,1.0815361827667403e-06
788,894,106,0.106,5.83589175448651e-07
762,881,119,0.119,4.635942208039978e-07
698,849,151,0.151,5.029406705432393e-07
726,863,137,0.137,6.427313712009664e-07
724,862,138,0.138,1.114564432597831e-06
746,873,127,0.127,1.5910828249445786e-06
702,851,149,0.149,1.6844288286961273e-06
756,878,122,0.122,1.7121099234032044e-06
736,868,132,0.132,1.4144943677365519e-06
756,878,122,0.122,1.1734136529639727e-06
782,891,109,0.109,1.010913494894794e-06
754,877,123,0.123,9.213904527456406e-07
786,893,107,0.107,7.23042774041005e-07
746,873,127,0.127,8.29135863511965e-07
728,864,136,0.136,7.975768112231662e-07
770,885,115,0.115,8.273623920445061e-07
776,888,112,0.112,8.718805084129145e-07
704,852,148,0.148,1.0070656255720678e-06
726,863,137,0.137,1.0185380497347296e-06
778,889,111,0.111,1.0534689608903136e-06
768,884,116,0.116,8.007763015740465e-07
784,892,108,0.108,6.780568618296456e-07
784,892,108,0.108,6.339407229489779e-07
804,902,98,0.098,3.885471566746901e-07
788,894,106,0.106,3.9350999800547017e-07
674,837,163,0.163,5.102519285031804e-07
774,887,113,0.113,4.989489388265155e-07
780,890,110,0.11,9.372352179326526e-07
732,866,134,0.134,1.4090396836365925e-06
820,910,90,0.09,1.3390316588015594e-06
820,910,90,0.09,1.2404833104113777e-06
764,882,118,0.118,8.089119151719615e-07
782,891,109,0.109,3.554887674681595e-07
776,888,112,0.112,3.2772258278157553e-07
794,897,103,0.103,3.1570230579802685e-07
804,902,98,0.098,4.6193024947172034e-07
802,901,99,0.099,1.1093803346682308e-06
748,874,126,0.126,1.139320848167813e-06
750,875,125,0.125,1.2652184889674346e-06
686,843,157,0.157,1.8152983470258733e-06
818,909,91,0.091,1.351064690325643e-06
760,880,120,0.12,1.4526983256359926e-06
784,892,108,0.108,1.29015158060497e-06
726,863,137,0.137,8.930089249048479e-07
802,901,99,0.099,6.63821402710596e-07
812,906,94,0.094,6.953589635543267e-07
742,871,129,0.129,7.490480782053055e-07
814,907,93,0.093,8.446606748577779e-07
736,868,132,0.132,7.6657845708894e-07
794,897,103,0.103,6.85121712479031e-07
830,915,85,0.085,6.107502738217363e-07
714,857,143,0.143,7.706190932310619e-07
750,875,125,0.125,1.1925501048608566e-06
744,872,128,0.128,1.1622312754440146e-06
692,846,154,0.154,1.3652707357039163e-06
802,901,99,0.099,1.3920881963827015e-06
782,891,109,0.109,1.481428133075724e-06
756,878,122,0.122,1.380652478758293e-06
698,849,151,0.151,1.4981575121737478e-06
740,870,130,0.13,1.0768324854382172e-06
744,872,128,0.128,8.789986993633648e-07
734,867,133,0.133,8.715215258661147e-07
790,895,105,0.105,8.630041975834502e-07
758,879,121,0.121,9.581791001664896e-07
804,902,98,0.098,7.515443736707539e-07
808,904,96,0.096,6.581565574492743e-07
768,884,116,0.116,6.245646567748508e-07
772,886,114,0.114,5.425643598044871e-07
772,886,114,0.114,5.080865480096009e-07
770,885,115,0.115,4.945296084315487e-07
744,872,128,0.128,5.787875967513401e-07
798,899,101,0.101,5.586989913979324e-07
826,913,87,0.087,6.105975577526123e-07
788,894,106,0.106,5.805492282746627e-07
782,891,109,0.109,6.114350660624268e-07
736,868,132,0.132,4.668827158127442e-07
746,873,127,0.127,5.290075637418567e-07
756,878,122,0.122,5.749821543759026e-07
800,900,100,0.1,5.94349790262072e-07
754,877,123,0.123,7.320317910597396e-07
746,873,127,0.127,1.0663038365521516e-06
774,887,113,0.113,1.1133203304325434e-06
776,888,112,0.112,1.0107017552343222e-06
744,872,128,0.128,1.1477872480725183e-06
770,885,115,0.115,8.599400804598645e-07
766,883,117,0.117,7.634593972056792e-07
764,882,118,0.118,7.207604518129074e-07
748,874,126,0.126,6.941724341658074e-07
772,886,114,0.114,4.5938863358685466e-07
802,901,99,0.099,3.632152520083309e-07
748,874,126,0.126,3.9773731452896753e-07
826,913,87,0.087,3.897335931242196e-07
792,896,104,0.104,3.820941131351674e-07
736,868,132,0.132,4.96213766581377e-07
840,920,80,0.08,5.007794224241024e-07
770,885,115,0.115,6.280853939557574e-07
734,867,133,0.133,1.2134868101441044e-06
710,855,145,0.145,1.4482539998539323e-06
776,888,112,0.112,1.4546757570315095e-06
766,883,117,0.117,1.4838487879273998e-06
788,894,106,0.106,1.1552694823393494e-06
738,869,131,0.131,8.226569792526561e-07
770,885,115,0.115,6.63950361854404e-07
732,866,134,0.134,5.476219607061239e-07
788,894,106,0.106,5.557395293749323e-07
768,884,116,0.116,7.158999112988341e-07
770,885,115,0.115,8.020889736144455e-07
770,885,115,0.115,8.28592690993446e-07
756,878,122,0.122,9.021589842745925e-07
742,871,129,0.129,1.0426783484547286e-06
754,877,123,0.123,9.738622918007422e-07
740,870,130,0.13,9.922455890034598e-07
754,877,123,0.123,8.126863051671762e-07
800,900,100,0.1,6.99293291930303e-07
784,892,108,0.108,6.112956105681633e-07
784,892,108,0.108,5.797578178885487e-07
734,867,133,0.133,6.24409615753052e-07
778,889,111,0.111,7.378122463137515e-07
690,845,155,0.155,8.849768510259537e-07
734,867,133,0.133,9.48176005877599e-07
800,900,100,0.1,1.1342323885230598e-06
778,889,111,0.111,1.1766596371671767e-06
768,884,116,0.116,1.3407665344118413e-06
728,864,136,0.136,1.3408121539271179e-06
730,865,135,0.135,1.3280981583534411e-06
762,881,119,0.119,9.423787860782795e-07
712,856,144,0.144,9.457402888983779e-07
790,895,105,0.105,6.39182772530944e-07
778,889,111,0.111,6.500275313356951e-07
754,877,123,0.123,6.909911179349138e-07
754,877,123,0.123,7.484949513383299e-07
800,900,100,0.1,8.522591774919875e-07
740,870,130,0.13,8.372475811029289e-07
778,889,111,0.111,9.894085870314483e-07
814,907,93,0.093,8.186612232066182e-07
712,856,144,0.144,7.838955450836238e-07
752,876,124,0.124,7.958912766525828e-07
780,890,110,0.11,6.89353189059716e-07
758,879,121,0.121,7.555711797948561e-07
728,864,136,0.136,1.2055951737011128e-06
766,883,117,0.117,1.1584854774469022e-06
804,902,98,0.098,1.103310442942984e-06
822,911,89,0.089,1.0772892450461314e-06
710,855,145,0.145,5.341868405963624e-07
758,879,121,0.121,5.088211973856004e-07
802,901,99,0.099,4.0327166396991745e-07
700,850,150,0.15,7.359788213676666e-07
756,878,122,0.122,2.221263073579394e-06
730,865,135,0.135,2.3476139621578795e-06
722,861,139,0.139,2.7754674905793307e-06
726,863,137,0.137,3.0748027880918016e-06
804,902,98,0.098,1.871565906000683e-06
722,861,139,0.139,2.0033989082861582e-06
748,874,126,0.126,1.6699152993879807e-06
776,888,112,0.112,8.438571289559604e-07
708,854,146,0.146,6.984456552885376e-07
770,885,115,0.115,7.484572750797724e-07
758,879,121,0.121,8.380605559352716e-07
740,870,130,0.13,1.1071787393888144e-06
752,876,124,0.124,1.4514583594973373e-06
776,888,112,0.112,1.3020293019678775e-06
778,889,111,0.111,1.2580447833840934e-06
742,871,129,0.129,1.001302490792e-06
760,880,120,0.12,6.080826031933384e-07
744,872,128,0.128,6.16551482835348e-07
736,868,132,0.132,5.957429033003336e-07
780,890,110,0.11,7.065353380681927e-07
810,905,95,0.095,6.62809972467926e-07
830,915,85,0.085,6.229307302731968e-07
752,876,124,0.124,6.531308298889371e-07
798,899,101,0.101,4.6431876059216393e-07
748,874,126,0.126,5.769585004884448e-07
760,880,120,0.12,5.956837575382679e-07
758,879,121,0.121,6.049354924329009e-07
790,895,105,0.105,2.0007190055935096e-06
774,887,113,0.113,2.0298267310181474e-06
716,858,142,0.142,2.254972764148988e-06
704,852,148,0.148,2.212840174252051e-06
778,889,111,0.111,7.706815868715466e-07
744,872,128,0.128,7.317579724883672e-07
816,908,92,0.092,6.349836616976745e-07
784,892,108,0.108,6.352232849735629e-07
772,886,114,0.114,3.389472888244427e-07
786,893,107,0.107,3.4833354871466325e-07
840,920,80,0.08,3.3512118906742215e-07
814,907,93,0.093,3.255063590898999e-07
706,853,147,0.147,5.565404813410168e-07
800,900,100,0.1,5.753675465740571e-07
758,879,121,0.121,6.45643231692361e-07
830,915,85,0.085,5.904189494714273e-07
770,885,115,0.115,1.358771291208427e-06
700,850,150,0.15,1.4444386776801822e-06
762,881,119,0.119,1.3908515204832384e-06
766,883,117,0.117,1.2163826230562335e-06
742,871,129,0.129,1.1086671950693017e-06
718,859,141,0.141,1.2014488480929231e-06
760,880,120,0.12,1.0365421959335207e-06
764,882,118,0.118,1.119206223293645e-06
714,857,143,0.143,1.134617809313454e-06
822,911,89,0.089,1.0596667272011473e-06
732,866,134,0.134,1.2669956532818105e-06
744,872,128,0.128,1.3639981287951742e-06
758,879,121,0.121,1.3714198386622911e-06
736,868,132,0.132,1.3151351933800014e-06
748,874,126,0.126,1.1034165508334582e-06
718,859,141,0.141,9.608252942143735e-07
744,872,128,0.128,7.757148881211151e-07
714,857,143,0.143,8.840501928801814e-07
818,909,91,0.091,8.961039378050372e-07
752,876,124,0.124,1.2486634493313886e-06
734,867,133,0.133,2.6512422546716153e-06
718,859,141,0.141,3.05934983532552e-06
784,892,108,0.108,2.5542309224277916e-06
764,882,118,0.118,2.3694194594554573e-06
728,864,136,0.136,5.978241261601625e-07
736,868,132,0.132,4.5986881104909115e-07
780,890,110,0.11,4.115148577739092e-07
778,889,111,0.111,4.5836411585753465e-07
754,877,123,0.123,2.0979416460988885e-06
730,865,135,0.135,2.469110021678489e-06
768,884,116,0.116,3.0953130512330063e-06
756,878,122,0.122,3.045213394671009e-06
766,883,117,0.117,1.7904614037149713e-06
684,842,158,0.158,1.3598724660113248e-06
840,920,80,0.08,7.782094999271294e-07
736,868,132,0.132,6.404307564764622e-07
824,912,88,0.088,4.1139539820278517e-07
744,872,128,0.128,3.882471667822074e-07
728,864,136,0.136,5.314173785535559e-07
752,876,124,0.124,6.615614821470217e-07
756,878,122,0.122,1.0437614428013831e-06
800,900,100,0.1,1.1109284141923582e-06
706,853,147,0.147,1.6494703541809486e-06
778,889,111,0.111,1.3980758180451858e-06
794,897,103,0.103,1.121267807477011e-06
784,892,108,0.108,8.976238355558053e-07
776,888,112,0.112,3.603528972746517e-07
758,879,121,0.121,3.0328404918122945e-07
782,891,109,0.109,4.839000327763188e-07
738,869,131,0.131,8.279405170128484e-07
700,850,150,0.15,4.479827597876351e-06
760,880,120,0.12,4.901057845302148e-06
798,899,101,0.101,5.140873475681928e-06
774,887,113,0.113,5.584805838225293e-06
784,892,108,0.108,2.24236778316822e-06
784,892,108,0.108,1.2059314727252967e-06
780,890,110,0.11,7.692575117772549e-07
770,885,115,0.115,5.990764860399622e-07
810,905,95,0.095,4.147813699262315e-07
750,875,125,0.125,5.395395110809887e-07
788,894,106,0.106,7.517092101352319e-07
756,878,122,0.122,9.182559986413707e-07
742,871,129,0.129,2.01351264843197e-06
750,875,125,0.125,1.959206664736257e-06
756,878,122,0.122,1.8231151981353832e-06
722,861,139,0.139,1.8316843651291491e-06
738,869,131,0.131,9.709689406776078e-07
730,865,135,0.135,7.556295605866126e-07
750,875,125,0.125,7.142711986034556e-07
786,893,107,0.107,6.487991245762714e-07
818,909,91,0.091,4.3909199300173893e-07
720,860,140,0.14,5.176606532870665e-07
792,896,104,0.104,4.576617505875902e-07
726,863,137,0.137,5.108258204984395e-07
798,899,101,0.101,1.2844433060053006e-06
786,893,107,0.107,2.1136306916389458e-06
714,857,143,0.143,2.3846261694870918e-06
780,890,110,0.11,2.3437123565486216e-06
750,875,125,0.125,2.50292332356139e-06
780,890,110,0.11,1.9335631754131555e-06
698,849,151,0.151,2.0661727282487164e-06
772,886,114,0.114,1.824143683506918e-06
742,871,129,0.129,7.442395913699329e-07
786,893,107,0.107,6.892792632413602e-07
740,870,130,0.13,7.211402861315718e-07
740,870,130,0.13,7.240733839495306e-07
758,879,121,0.121,1.4101417454241983e-06
814,907,93,0.093,1.4560813510939852e-06
698,849,151,0.151,1.7096751473104633e-06
774,887,113,0.113,1.5409991318051652e-06
800,900,100,0.1,8.483462284516463e-07
762,881,119,0.119,7.772482944119474e-07
730,865,135,0.135,7.2985591945951e-07
746,873,127,0.127,6.387336874666971e-07
822,911,89,0.089,1.0167813032779805e-06
768,884,116,0.116,1.165236300451511e-06
748,874,126,0.126,1.2581344274735784e-06
740,870,130,0.13,1.2211738321354914e-06
768,884,116,0.116,9.340657844347788e-07
770,885,115,0.115,9.805333969836738e-07
792,896,104,0.104,9.618410629030904e-07
784,892,108,0.108,9.573375729559074e-07
778,889,111,0.111,4.5233655851006915e-07
790,895,105,0.105,4.5237492071237284e-07
768,884,116,0.116,4.507141148764049e-07
758,879,121,0.121,5.306869011718618e-07
774,887,113,0.113,1.402553290972719e-06
834,917,83,0.083,1.2499912209165132e-06
750,875,125,0.125,1.4021819149263592e-06
740,870,130,0.13,1.7267368681359586e-06
720,860,140,0.14,1.4973592846843075e-06
744,872,128,0.128,1.3960303963074238e-06
746,873,127,0.127,1.3959852837786002e-06
830,915,85,0.085,1.1669089156782776e-06
800,900,100,0.1,4.3456246336859293e-07
752,876,124,0.124,4.1788741508241857e-07
752,876,124,0.124,3.793843651038742e-07
772,886,114,0.114,5.404843591350073e-07
708,854,146,0.146,3.324028112075439e-06
768,884,116,0.116,3.291360906715113e-06
746,873,127,0.127,3.4128699877555848e-06
788,894,106,0.106,3.923286226495293e-06
774,887,113,0.113,1.9923450846164316e-06
780,890,110,0.11,1.3833439674897363e-06
770,885,115,0.115,1.4083078322499886e-06
750,875,125,0.125,8.198150549247885e-07
738,869,131,0.131,6.672542730115083e-07
774,887,113,0.113,7.722214030394525e-07
760,880,120,0.12,8.081335822538449e-07
756,878,122,0.122,1.4464688502897616e-06
770,885,115,0.115,2.26030670174282e-06
760,880,120,0.12,2.1798006110600454e-06
722,861,139,0.139,2.233410491498944e-06
698,849,151,0.151,1.976834129436611e-06
832,916,84,0.084,8.772285143692216e-07
760,880,120,0.12,9.756796233943988e-07
750,875,125,0.125,9.271552311673758e-07
774,887,113,0.113,7.768969574613038e-07
736,868,132,0.132,9.975358195504213e-07
790,895,105,0.105,9.417481812761252e-07
770,885,115,0.115,9.287810827061094e-07
780,890,110,0.11,8.175888784478503e-07
826,913,87,0.087,5.733830578691368e-07
748,874,126,0.126,6.333591456666454e-07
768,884,116,0.116,6.636123887773238e-07
750,875,125,0.125,6.489664756372804e-07
790,895,105,0.105,6.746370975747596e-07
724,862,138,0.138,7.702000610834148e-07
788,894,106,0.106,6.823507486046765e-07
748,874,126,0.126,6.51128393897693e-07
722,861,139,0.139,7.368361514323852e-07
744,872,128,0.128,6.582889126036662e-07
808,904,96,0.096,6.267405870943321e-07
728,864,136,0.136,8.878667325262768e-07
798,899,101,0.101,1.4192060621667224e-06
714,857,143,0.143,1.5707318338797905e-06
772,886,114,0.114,1.4221677192836068e-06
758,879,121,0.121,1.7898807925007532e-06
746,873,127,0.127,1.2892903250190102e-06
790,895,105,0.105,1.190446196048356e-06
788,894,106,0.106,1.0850776976667476e-06
768,884,116,0.116,6.082267056939372e-07
760,880,120,0.12,4.872398027089275e-07
724,862,138,0.138,5.72956772884936e-07
740,870,130,0.13,6.927546429977838e-07
772,886,114,0.114,1.2818696114891282e-06
846,923,77,0.077,1.385558276766119e-06
780,890,110,0.11,1.5221542641228326e-06
760,880,120,0.12,1.4437655917731717e-06
788,894,106,0.106,6.662051787316159e-07
750,875,125,0.125,4.390184569018629e-07
802,901,99,0.099,4.1267913792353284e-07
758,879,121,0.121,5.32521615085102e-07
800,900,100,0.1,6.54246856612417e-07
772,886,114,0.114,7.166941808236516e-07
808,904,96,0.096,6.569168700991668e-07
834,917,83,0.083,5.652797799911013e-07
758,879,121,0.121,5.18394547754042e-07
768,884,116,0.116,5.661338041846875e-07
784,892,108,0.108,5.459477466587259e-07
768,884,116,0.116,5.381255004124342e-07
790,895,105,0.105,5.353224145920877e-07
780,890,110,0.11,3.970784097333535e-07
786,893,107,0.107,4.0236880728627965e-07
836,918,82,0.082,3.929584836441791e-07
792,896,104,0.104,5.490047434477674e-07
770,885,115,0.115,6.902530178649613e-07
800,900,100,0.1,6.489796380009239e-07
780,890,110,0.11,6.105973024688183e-07
764,882,118,0.118,5.394946770422848e-07
760,880,120,0.12,4.4019111254556263e-07
822,911,89,0.089,4.068814753281913e-07
804,902,98,0.098,4.404995568592085e-07
800,900,100,0.1,4.6122204189202876e-07
816,908,92,0.092,4.6752498082014426e-07
796,898,102,0.102,4.855441021192064e-07
722,861,139,0.139,6.444421766076403e-07
728,864,136,0.136,8.45834048519123e-07
800,900,100,0.1,8.113068838753179e-07
768,884,116,0.116,8.729567375951319e-07
770,885,115,0.115,9.020520551530353e-07
762,881,119,0.119,7.169763362071536e-07
750,875,125,0.125,6.970645172401646e-07
762,881,119,0.119,6.481362345311937e-07
722,861,139,0.139,6.981277619360071e-07
736,868,132,0.132,1.0957657795245269e-06
734,867,133,0.133,1.4703415556738264e-06
766,883,117,0.117,1.7998682950377542e-06
716,858,142,0.142,3.7285456355675705e-06
798,899,101,0.101,3.5640135423875564e-06
730,865,135,0.135,3.6191465037518354e-06
734,867,133,0.133,2.8424018906747506e-06
780,890,110,0.11,1.0323086758745603e-06
746,873,127,0.127,6.487200175655516e-07
764,882,118,0.118,6.506503244594341e-07
734,867,133,0.133,6.583029658884243e-07
794,897,103,0.103,9.905759156936256e-07
830,915,85,0.085,1.016666279994638e-06
768,884,116,0.116,1.0692701284540363e-06
770,885,115,0.115,1.053308850856638e-06
848,924,76,0.076,4.5803953968004407e-07
764,882,118,0.118,4.042790221348014e-07
762,881,119,0.119,3.917269376216836e-07
766,883,117,0.117,4.0385468042813957e-07
774,887,113,0.113,1.086674910624197e-06
732,866,134,0.134,1.6619494465146544e-06
768,884,116,0.116,1.5761360943997715e-06
778,889,111,0.111,1.8560599303896197e-06
780,890,110,0.11,1.5314236125618663e-06
774,887,113,0.113,1.0971549276632687e-06
804,902,98,0.098,8.807793479945758e-07
764,882,118,0.118,8.828901982411708e-07
840,920,80,0.08,3.6907264954777476e-07
742,871,129,0.129,4.758678805671934e-07
776,888,112,0.112,4.868576344705389e-07
756,878,122,0.122,5.369927491614135e-07
808,904,96,0.096,7.842917139271322e-07
826,913,87,0.087,6.990003761586649e-07
776,888,112,0.112,6.950228003006487e-07
794,897,103,0.103,7.561154518498369e-07
738,869,131,0.131,4.0594115989733836e-07
820,910,90,0.09,4.4234659252140316e-07
802,901,99,0.099,4.4565314580324865e-07
726,863,137,0.137,5.189332154742488e-07
788,894,106,0.106,1.1458624325655364e-06
786,893,107,0.107,1.313168643548579e-06
766,883,117,0.117,1.323852922439528e-06
736,868,132,0.132,1.2999389129646487e-06
774,887,113,0.113,8.336812694267337e-07
776,888,112,0.112,7.17200245205163e-07
794,897,103,0.103,7.891040023366714e-07
740,870,130,0.13,8.678712223826324e-07
702,851,149,0.149,1.356146121565871e-06
712,856,144,0.144,1.9825085715297064e-06
738,869,131,0.131,2.2118802183968e-06
748,874,126,0.126,2.7448352574026556e-06
790,895,105,0.105,2.4303999342691896e-06
744,872,128,0.128,1.9517581425532172e-06
730,865,135,0.135,1.7563324684743976e-06
722,861,139,0.139,1.2923933105355446e-06
788,894,106,0.106,7.392249022331043e-07
734,867,133,0.133,7.709475908797003e-07
824,912,88,0.088,6.304283037650294e-07
780,890,110,0.11,6.290026176714036e-07
748,874,126,0.126,7.00530911544206e-07
734,867,133,0.133,1.0507407496476163e-06
756,878,122,0.122,1.0378387394780475e-06
780,890,110,0.11,1.2241618311605862e-06
764,882,118,0.118,1.2552158875678289e-06
800,900,100,0.1,1.0534035836542444e-06
766,883,117,0.117,1.020973662306801e-06
772,886,114,0.114,6.966665237939651e-07
728,864,136,0.136,4.453276109046556e-07
762,881,119,0.119,4.7503341208710027e-07
740,870,130,0.13,5.350334932927581e-07
756,878,122,0.122,9.991041169428171e-07
802,901,99,0.099,1.79550958594632e-06
746,873,127,0.127,2.008179385711628e-06
774,887,113,0.113,2.033819258940639e-06
752,876,124,0.124,1.9023929342836254e-06
752,876,124,0.124,9.878899034276856e-07
816,908,92,0.092,7.195941888795687e-07
770,885,115,0.115,6.996755056860593e-07
778,889,111,0.111,5.849661539656382e-07
734,867,133,0.133,7.801300616705475e-07
786,893,107,0.107,8.454682130292212e-07
724,862,138,0.138,1.0239206746263109e-06
734,867,133,0.133,1.3130000222929538e-06
748,874,126,0.126,1.269178830995088e-06
748,874,126,0.126,1.0286323641395257e-06
796,898,102,0.102,1.061270001827097e-06
742,871,129,0.129,7.393515811031648e-07
764,882,118,0.118,5.041155432934374e-07
746,873,127,0.127,5.717281379418182e-07
790,895,105,0.105,5.057922794833303e-07
760,880,120,0.12,7.454658370278366e-07
760,880,120,0.12,9.369722187955176e-07
826,913,87,0.087,9.031873523070999e-07
724,862,138,0.138,9.301485687842614e-07
748,874,126,0.126,7.840859728815985e-07
764,882,118,0.118,6.187074283729999e-07
776,888,112,0.112,5.698831894989099e-07
808,904,96,0.096,5.91825705086535e-07
792,896,104,0.104,6.297030131889869e-07
752,876,124,0.124,8.681963936680859e-07
740,870,130,0.13,8.577295760545667e-07
720,860,140,0.14,1.0644936913024594e-06
788,894,106,0.106,1.7990954396225334e-06
834,917,83,0.083,1.6029619351485281e-06
734,867,133,0.133,1.6399907902666655e-06
792,896,104,0.104,1.44521658398844e-06
776,888,112,0.112,5.507054942484047e-07
776,888,112,0.112,4.5335296134396686e-07
754,877,123,0.123,5.02262691895794e-07
724,862,138,0.138,6.796561836779347e-07
804,902,98,0.098,1.4296597347254192e-06
748,874,126,0.126,2.093930329920113e-06
774,887,113,0.113,1.8331998504663716e-06
746,873,127,0.127,2.0733576648126473e-06
786,893,107,0.107,1.431842177325393e-06
738,869,131,0.131,1.1912625697050317e-06
796,898,102,0.102,9.009150237915264e-07
722,861,139,0.139,9.1189107084233e-07
772,886,114,0.114,6.355573430880668e-07
776,888,112,0.112,7.540291962158108e-07
744,872,128,0.128,9.046991934837934e-07
790,895,105,0.105,1.0316938346761617e-06
724,862,138,0.138,1.4879161837200173e-06
724,862,138,0.138,1.6828971257609736e-06
784,892,108,0.108,1.6365043412633894e-06
774,887,113,0.113,1.7628443457624598e-06
760,880,120,0.12,1.2915452020081376e-06
782,891,109,0.109,1.2370029464960908e-06
814,907,93,0.093,8.518721655974559e-07
746,873,127,0.127,6.706653683181685e-07
762,881,119,0.119,7.007299104770936e-07
820,910,90,0.09,6.505699555248157e-07
794,897,103,0.103,6.478102165345944e-07
740,870,130,0.13,6.721209998090672e-07
836,918,82,0.082,4.861219352108037e-07
772,886,114,0.114,5.498133577930276e-07
782,891,109,0.109,5.620999060056419e-07
742,871,129,0.129,7.977574803277321e-07
790,895,105,0.105,8.599707567213954e-07
760,880,120,0.12,9.738978341999882e-07
790,895,105,0.105,9.246331941881181e-07
758,879,121,0.121,8.839671378240155e-07
728,864,136,0.136,9.268005337617069e-07
740,870,130,0.13,9.782192277327794e-07
698,849,151,0.151,1.2986772519241186e-06
742,871,129,0.129,1.9106717156773813e-06
800,900,100,0.1,1.8131537773911077e-06
760,880,120,0.12,1.7197457567590391e-06
838,919,81,0.081,1.5127784219259865e-06
784,892,108,0.108,6.763339666946421e-07
760,880,120,0.12,4.090987379612443e-07
828,914,86,0.086,4.1060133580117507e-07
798,899,101,0.101,3.646129743231086e-07
776,888,112,0.112,6.154318280806593e-07
698,849,151,0.151,9.548100405538661e-07
776,888,112,0.112,8.405560629825004e-07
852,926,74,0.074,8.589078848046939e-07
712,856,144,0.144,9.261486881939618e-07
714,857,143,0.143,9.369302771347065e-07
776,888,112,0.112,8.597853088474494e-07
762,881,119,0.119,7.738025554289152e-07
780,890,110,0.11,9.407227622375558e-07
768,884,116,0.116,1.0102955066031426e-06
770,885,115,0.115,8.371095220240931e-07
742,871,129,0.129,9.740528650326041e-07
762,881,119,0.119,9.045932312972127e-07
778,889,111,0.111,9.13510180907906e-07
794,897,103,0.103,8.62362777013459e-07
804,902,98,0.098,8.707460537635825e-07
776,888,112,0.112,6.891562676969443e-07
798,899,101,0.101,6.005759444747127e-07
782,891,109,0.109,5.480917119058404e-07
806,903,97,0.097,4.470963823450802e-07
774,887,113,0.113,4.567186415727065e-07
724,862,138,0.138,7.571353405779746e-07
738,869,131,0.131,8.157567603745974e-07
814,907,93,0.093,9.230361422538635e-07
706,853,147,0.147,1.7379692861254626e-06
702,851,149,0.149,1.945065206371055e-06
778,889,111,0.111,1.5207487706163647e-06
790,895,105,0.105,1.5652430689101492e-06
774,887,113,0.113,1.0979895385503369e-06
792,896,104,0.104,1.0599558873991556e-06
770,885,115,0.115,7.912775341054612e-07
766,883,117,0.117,7.496939282560788e-07
728,864,136,0.136,7.427008481641906e-07
764,882,118,0.118,7.814052883361455e-07
760,880,120,0.12,1.1017027628952292e-06
746,873,127,0.127,1.1845493933009266e-06
750,875,125,0.125,1.4824458775990478e-06
800,900,100,0.1,1.3993050131091423e-06
744,872,128,0.128,1.3103093052109215e-06
778,889,111,0.111,1.1818159248520034e-06
786,893,107,0.107,5.908374804448613e-07
778,889,111,0.111,5.733259005467062e-07
754,877,123,0.123,4.908272418049364e-07
830,915,85,0.085,4.1644071895063916e-07
730,865,135,0.135,1.1432309926959762e-06
762,881,119,0.119,1.0763314591031303e-06
760,880,120,0.12,1.5359500818874494e-06
712,856,144,0.144,1.6129000689204532e-06
730,865,135,0.135,1.2875461356429697e-06
806,903,97,0.097,1.1141132131768927e-06
784,892,108,0.108,8.140733043120463e-07
796,898,102,0.102,6.927710370234763e-07
774,887,113,0.113,5.501086831003477e-07
792,896,104,0.104,5.971570863465559e-07
736,868,132,0.132,8.264657757877103e-07
788,894,106,0.106,8.2904363949865e-07
784,892,108,0.108,9.573511586324911e-07
782,891,109,0.109,8.397986038488625e-07
764,882,118,0.118,7.841460384554466e-07
776,888,112,0.112,7.207603485710479e-07
802,901,99,0.099,7.085192557667597e-07
770,885,115,0.115,9.080505791985161e-07
738,869,131,0.131,1.0776155976657264e-06
760,880,120,0.12,1.165135552071206e-06
746,873,127,0.127,1.5650750189593055e-06
764,882,118,0.118,1.472389914397354e-06
808,904,96,0.096,1.3815549326352538e-06
730,865,135,0.135,1.5555182058051286e-06
806,903,97,0.097,7.663422685766363e-07
762,881,119,0.119,5.894559842829495e-07
740,870,130,0.13,6.502135296386768e-07
812,906,94,0.094,5.809243807419761e-07
754,877,123,0.123,1.0218217991422307e-06
766,883,117,0.117,1.3229209395149155e-06
794,897,103,0.103,1.3709403894210937e-06
768,884,116,0.116,1.4382144433398025e-06
776,888,112,0.112,1.305790319264588e-06
712,856,144,0.144,9.99166616438174e-07
810,905,95,0.095,8.259862237025573e-07
764,882,118,0.118,8.129698889689508e-07
786,893,107,0.107,5.231777958840667e-07
732,866,134,0.134,7.142856786828134e-07
778,889,111,0.111,8.290874808807303e-07
756,878,122,0.122,9.161823469980846e-07
802,901,99,0.099,1.2723240500776002e-06
754,877,123,0.123,1.5023029869212223e-06
712,856,144,0.144,1.514196294579051e-06
744,872,128,0.128,1.3887392556739542e-06
774,887,113,0.113,1.0929132074863901e-06
768,884,116,0.116,1.151239951326488e-06
762,881,119,0.119,1.124969393586639e-06
746,873,127,0.127,1.1164258402232007e-06
770,885,115,0.115,8.438668373713654e-07
744,872,128,0.128,7.650325419774617e-07
792,896,104,0.104,7.549764768128852e-07
812,906,94,0.094,6.88209115025984e-07
794,897,103,0.103,7.314585238304972e-07
792,896,104,0.104,6.669253783542217e-07
774,887,113,0.113,6.300982069831207e-07
726,863,137,0.137,6.225357249718399e-07
782,891,109,0.109,5.231449445801673e-07
764,882,118,0.118,1.026795971185379e-06
786,893,107,0.107,1.105859055030578e-06
792,896,104,0.104,1.3357593216909435e-06
726,863,137,0.137,2.2976478323357695e-06
760,880,120,0.12,3.094328576366934e-06
742,871,129,0.129,3.0724466409424167e-06
762,881,119,0.119,2.9610485024136325e-06
700,850,150,0.15,2.1665354865945118e-06
784,892,108,0.108,1.0824991227025293e-06
714,857,143,0.143,1.1692624819943376e-06
762,881,119,0.119,9.878419950410943e-07
736,868,132,0.132,1.1252198849547312e-06
772,886,114,0.114,1.1770010316070056e-06
762,881,119,0.119,1.2871073347184847e-06
750,875,125,0.125,1.2379857641917624e-06
782,891,109,0.109,1.3395874799186914e-06
756,878,122,0.122,1.3962905597395547e-06
814,907,93,0.093,1.1391154870352694e-06
770,885,115,0.115,1.094158292275438e-06
784,892,108,0.108,6.550720337656913e-07
798,899,101,0.101,4.94719420146339e-07
738,869,131,0.131,6.747419831185652e-07
768,884,116,0.116,6.893145083211039e-07
772,886,114,0.114,1.3567021498062103e-06
752,876,124,0.124,1.7641198596436425e-06
796,898,102,0.102,1.5421105492379183e-06
