log_avg_ept_score,log_avg_succ_req,log_avg_blk_req,log_avg_BP_req,log_avg_entropy
324,662,338,0.338,1.6076880826950073
312,656,344,0.344,1.6076858148574829
342,671,329,0.329,1.6076640285253525
256,628,372,0.372,1.6076830763816834
306,653,347,0.347,1.6076579270362854
290,645,355,0.355,1.6076399804353714
308,654,346,0.346,1.6076414864063262
316,658,342,0.342,1.6076590236425399
262,631,369,0.369,1.6076972354650498
300,650,350,0.35,1.607670498251915
256,628,372,0.372,1.6076752206087113
224,612,388,0.388,1.6076721005439758
304,652,348,0.348,1.6076536358594895
268,634,366,0.366,1.60764126265049
254,627,373,0.373,1.6076275764703751
266,633,367,0.367,1.6076369919776916
286,643,357,0.357,1.6076137150526046
226,613,387,0.387,1.607612543463707
272,636,364,0.364,1.607654146194458
316,658,342,0.342,1.607623805165291
294,647,353,0.353,1.6076271141767502
304,652,348,0.348,1.6075974831581115
244,622,378,0.378,1.6076277548074722
200,600,400,0.4,1.6075985004901887
288,644,356,0.356,1.6075552551746368
244,622,378,0.378,1.6075789351463319
326,663,337,0.337,1.6075519797801971
232,616,384,0.384,1.6075740522146225
284,642,358,0.358,1.6075379106998444
276,638,362,0.362,1.6075522644519806
306,653,347,0.347,1.607532395362854
272,636,364,0.364,1.607533777475357
252,626,374,0.374,1.6075339498519898
268,634,366,0.366,1.6075422500371932
302,651,349,0.349,1.6075465269088745
316,658,342,0.342,1.6075197430849075
330,665,335,0.335,1.6074749792814256
306,653,347,0.347,1.6075295102596283
312,656,344,0.344,1.60747428047657
292,646,354,0.354,1.6074857354164123
258,629,371,0.371,1.60747736120224
214,607,393,0.393,1.6074915668964387
304,652,348,0.348,1.6074734189510345
306,653,347,0.347,1.607483488202095
324,662,338,0.338,1.6074927513599395
290,645,355,0.355,1.6074716483354567
310,655,345,0.345,1.6074548431634903
266,633,367,0.367,1.6074702262878418
302,651,349,0.349,1.607451517343521
316,658,342,0.342,1.6074622585773468
244,622,378,0.378,1.6074502317905426
306,653,347,0.347,1.6074507673978806
286,643,357,0.357,1.607418269276619
276,638,362,0.362,1.6074149080514908
348,674,326,0.326,1.607424619078636
264,632,368,0.368,1.6074374934434892
342,671,329,0.329,1.6073204770088196
332,666,334,0.334,1.6073963185548783
234,617,383,0.383,1.607364429116249
254,627,373,0.373,1.6073724504709244
268,634,366,0.366,1.6073819431066514
320,660,340,0.34,1.6073374735116959
244,622,378,0.378,1.6073338931798935
270,635,365,0.365,1.6073370643854141
260,630,370,0.37,1.6073046553134918
322,661,339,0.339,1.6072936722040176
258,629,371,0.371,1.6072549461126326
224,612,388,0.388,1.60730728662014
286,643,357,0.357,1.607287119269371
236,618,382,0.382,1.6072887943983079
244,622,378,0.378,1.60728129696846
272,636,364,0.364,1.6073035694360733
368,684,316,0.316,1.607179334640503
324,662,338,0.338,1.6072403252124787
308,654,346,0.346,1.6071872783899308
260,630,370,0.37,1.6072524803876878
292,646,354,0.354,1.6072131912708283
332,666,334,0.334,1.6071851946115494
198,599,401,0.401,1.607231195449829
338,669,331,0.331,1.6071848204135895
276,638,362,0.362,1.6072063332796096
260,630,370,0.37,1.6071523000001908
312,656,344,0.344,1.607185324192047
298,649,351,0.351,1.6071837377548217
260,630,370,0.37,1.6071252237558364
296,648,352,0.352,1.6071254361867904
294,647,353,0.353,1.607169962644577
328,664,336,0.336,1.6071372264623642
278,639,361,0.361,1.607133284330368
240,620,380,0.38,1.6071171840429306
330,665,335,0.335,1.6071695334911347
250,625,375,0.375,1.6071113139390945
264,632,368,0.368,1.6071057809591294
230,615,385,0.385,1.6071433856487274
274,637,363,0.363,1.6071091861724853
354,677,323,0.323,1.607075758099556
328,664,336,0.336,1.6071186378002167
272,636,364,0.364,1.607074371933937
306,653,347,0.347,1.6070888557434082
286,643,357,0.357,1.607048209309578
312,656,344,0.344,1.607043082714081
354,677,323,0.323,1.607056962132454
346,673,327,0.327,1.6071052943468094
318,659,341,0.341,1.607062967300415
284,642,358,0.358,1.6071193779706956
326,663,337,0.337,1.607090749144554
302,651,349,0.349,1.6070641499757767
302,651,349,0.349,1.6070970650911331
274,637,363,0.363,1.6070662714242936
260,630,370,0.37,1.6071064019203185
288,644,356,0.356,1.607175861477852
318,659,341,0.341,1.607102612376213
296,648,352,0.352,1.6070668337345124
316,658,342,0.342,1.6071044106483459
282,641,359,0.359,1.6070811558961868
280,640,360,0.36,1.6070626581907272
266,633,367,0.367,1.6070966238975526
316,658,342,0.342,1.607065538764
204,602,398,0.398,1.6071260344982148
284,642,358,0.358,1.6070253890752793
304,652,348,0.348,1.607034355521202
266,633,367,0.367,1.60706132543087
330,665,335,0.335,1.6069943014383317
318,659,341,0.341,1.6070390864610673
288,644,356,0.356,1.6070089668035508
250,625,375,0.375,1.607016439795494
286,643,357,0.357,1.6069984476566315
268,634,366,0.366,1.6070404547452926
322,661,339,0.339,1.6069552717208861
256,628,372,0.372,1.606912495970726
366,683,317,0.317,1.606884003996849
262,631,369,0.369,1.6069998031854629
310,655,345,0.345,1.6068945459127426
328,664,336,0.336,1.6068773672580718
298,649,351,0.351,1.6068732217550277
268,634,366,0.366,1.606885876893997
280,640,360,0.36,1.6069006017446519
270,635,365,0.365,1.606773964881897
342,671,329,0.329,1.6067535659074783
256,628,372,0.372,1.606833094716072
310,655,345,0.345,1.6067699429988862
346,673,327,0.327,1.6067033418416976
274,637,363,0.363,1.6068070501089096
298,649,351,0.351,1.6067663186788559
304,652,348,0.348,1.6067721445560454
310,655,345,0.345,1.6067778738737106
356,678,322,0.322,1.6067825802564621
344,672,328,0.328,1.6067260771989822
336,668,332,0.332,1.6066099594831467
272,636,364,0.364,1.6066806371212006
238,619,381,0.381,1.6065958598852157
342,671,329,0.329,1.6065770516395568
218,609,391,0.391,1.6066140183210373
260,630,370,0.37,1.6066552243232728
268,634,366,0.366,1.606651229262352
250,625,375,0.375,1.606639775633812
280,640,360,0.36,1.6066623533964157
260,630,370,0.37,1.6066345221996308
328,664,336,0.336,1.6066522270441055
280,640,360,0.36,1.6065489571094513
272,636,364,0.364,1.6066225020885467
300,650,350,0.35,1.6065098692178725
278,639,361,0.361,1.6065498996973038
268,634,366,0.366,1.6065776798725129
296,648,352,0.352,1.6065250158309936
254,627,373,0.373,1.606556299686432
312,656,344,0.344,1.6064262533187865
280,640,360,0.36,1.6064130363464355
294,647,353,0.353,1.6064776862859727
290,645,355,0.355,1.6064144585132598
306,653,347,0.347,1.6063996210098266
266,633,367,0.367,1.6063238629102707
348,674,326,0.326,1.6062487354278565
306,653,347,0.347,1.6062328618764878
306,653,347,0.347,1.606229128241539
236,618,382,0.382,1.606235242486
356,678,322,0.322,1.6062750897407532
320,660,340,0.34,1.606218004465103
258,629,371,0.371,1.6061809087991714
330,665,335,0.335,1.6061745661497115
322,661,339,0.339,1.606275913119316
230,615,385,0.385,1.6062820535898208
320,660,340,0.34,1.6060008078813552
296,648,352,0.352,1.6061735216379165
340,670,330,0.33,1.606028309583664
338,669,331,0.331,1.6061048055887222
304,652,348,0.348,1.606032966017723
372,686,314,0.314,1.6058317829370499
300,650,350,0.35,1.6059308224916458
350,675,325,0.325,1.605806787133217
284,642,358,0.358,1.6058514984846115
314,657,343,0.343,1.6057572569847107
266,633,367,0.367,1.6059323617219925
254,627,373,0.373,1.6057252205610275
226,613,387,0.387,1.6056718204021454
210,605,395,0.395,1.6058064597845076
286,643,357,0.357,1.605599920153618
356,678,322,0.322,1.6054765623807907
236,618,382,0.382,1.6055190073251724
256,628,372,0.372,1.6055020433664322
354,677,323,0.323,1.6053111886978149
324,662,338,0.338,1.6052780406475067
302,651,349,0.349,1.6053569666147232
268,634,366,0.366,1.6053052755594253
320,660,340,0.34,1.6051767038106919
330,665,335,0.335,1.605227525472641
350,675,325,0.325,1.605092781662941
306,653,347,0.347,1.605121976494789
268,634,366,0.366,1.6051799337863921
254,627,373,0.373,1.6050143619775772
296,648,352,0.352,1.6049454308748246
298,649,351,0.351,1.6049097477197647
294,647,353,0.353,1.6050181245803834
316,658,342,0.342,1.6046869326829911
336,668,332,0.332,1.604870225906372
252,626,374,0.374,1.6047287144660949
330,665,335,0.335,1.6044959082603454
360,680,320,0.32,1.6045707911252975
300,650,350,0.35,1.604513288617134
366,683,317,0.317,1.6044300224781036
304,652,348,0.348,1.6042761750221253
290,645,355,0.355,1.6043831540346145
286,643,357,0.357,1.604268692612648
326,663,337,0.337,1.6041798276901245
218,609,391,0.391,1.604139230132103
314,657,343,0.343,1.6037514920234681
286,643,357,0.357,1.6037480121850967
270,635,365,0.365,1.6038232179880143
250,625,375,0.375,1.603615186214447
332,666,334,0.334,1.6035125728845596
254,627,373,0.373,1.6035261660814286
278,639,361,0.361,1.60323357796669
328,664,336,0.336,1.603315681219101
362,681,319,0.319,1.6031266835927964
332,666,334,0.334,1.6031658149957657
356,678,322,0.322,1.6024736304283143
234,617,383,0.383,1.6030350739955903
258,629,371,0.371,1.6025212378501892
256,628,372,0.372,1.6022786380052567
292,646,354,0.354,1.6024694286584855
254,627,373,0.373,1.6026013122797012
354,677,323,0.323,1.6018173359632493
330,665,335,0.335,1.6020641775131226
286,643,357,0.357,1.6019699540138244
324,662,338,0.338,1.6019976550340653
244,622,378,0.378,1.601596579194069
326,663,337,0.337,1.6014130408763885
310,655,345,0.345,1.6005893132686615
258,629,371,0.371,1.601177452802658
310,655,345,0.345,1.600499566078186
234,617,383,0.383,1.6013729603290559
268,634,366,0.366,1.6008184258937836
302,651,349,0.349,1.600578305363655
268,634,366,0.366,1.6000279245376587
282,641,359,0.359,1.6003238151073456
274,637,363,0.363,1.5996968885660172
306,653,347,0.347,1.5995034450292587
342,671,329,0.329,1.59920791721344
302,651,349,0.349,1.5993130811452865
276,638,362,0.362,1.5986781562566756
332,666,334,0.334,1.5986696761846542
296,648,352,0.352,1.598671024799347
262,631,369,0.369,1.5990487772226334
262,631,369,0.369,1.5986121299266816
274,637,363,0.363,1.598237910270691
244,622,378,0.378,1.5975505670309067
236,618,382,0.382,1.597602238535881
290,645,355,0.355,1.5979683133363725
336,668,332,0.332,1.5971732231378555
254,627,373,0.373,1.5972707043886185
350,675,325,0.325,1.5964674471616744
344,672,328,0.328,1.5966319854259492
320,660,340,0.34,1.596921070098877
336,668,332,0.332,1.5960540863275527
282,641,359,0.359,1.5958730138540267
280,640,360,0.36,1.595621139407158
316,658,342,0.342,1.5951973510980606
322,661,339,0.339,1.5949161374568939
252,626,374,0.374,1.5951162782907486
358,679,321,0.321,1.5947668710947036
242,621,379,0.379,1.5940890083312989
312,656,344,0.344,1.5939774159193039
302,651,349,0.349,1.5949277286529542
278,639,361,0.361,1.594640724182129
296,648,352,0.352,1.5937053710222244
294,647,353,0.353,1.5928123018741607
312,656,344,0.344,1.5932653620243074
340,670,330,0.33,1.5935351005792617
282,641,359,0.359,1.592660937309265
330,665,335,0.335,1.591917217850685
322,661,339,0.339,1.5919805171489716
256,628,372,0.372,1.5914241024255753
302,651,349,0.349,1.5917247891426087
278,639,361,0.361,1.590345366716385
340,670,330,0.33,1.5898212617635727
346,673,327,0.327,1.5899997715950012
260,630,370,0.37,1.5902296470403672
378,689,311,0.311,1.5884851757287979
284,642,358,0.358,1.5883268673419952
296,648,352,0.352,1.5877075173854829
328,664,336,0.336,1.5874373369216919
388,694,306,0.306,1.5861280816793442
368,684,316,0.316,1.5848410419225694
308,654,346,0.346,1.586915441274643
302,651,349,0.349,1.5857317249774934
336,668,332,0.332,1.5829679545164108
344,672,328,0.328,1.5842907153367995
364,682,318,0.318,1.5815921837091447
274,637,363,0.363,1.5833680373430252
336,668,332,0.332,1.580721875667572
346,673,327,0.327,1.5812562034130095
352,676,324,0.324,1.5788586660623551
328,664,336,0.336,1.5784185180664063
354,677,323,0.323,1.5760695677995682
428,714,286,0.286,1.5765450140237809
280,640,360,0.36,1.5773213167190552
284,642,358,0.358,1.5741480563879013
334,667,333,0.333,1.5734392354488373
322,661,339,0.339,1.5711547062397002
336,668,332,0.332,1.5691848953962326
336,668,332,0.332,1.568679791212082
426,713,287,0.287,1.5645564849376679
366,683,317,0.317,1.5673215041160584
310,655,345,0.345,1.5671071848869325
336,668,332,0.332,1.5654653878211975
344,672,328,0.328,1.5609337379932404
318,659,341,0.341,1.5632098270654677
306,653,347,0.347,1.5650792170763015
350,675,325,0.325,1.5611915683746338
328,664,336,0.336,1.5572920931577683
330,665,335,0.335,1.5579770364761352
346,673,327,0.327,1.556112713932991
362,681,319,0.319,1.5539290080070496
338,669,331,0.331,1.5512720036506653
340,670,330,0.33,1.5523695335388183
426,713,287,0.287,1.5465831443071365
330,665,335,0.335,1.5478756272792815
398,699,301,0.301,1.5419258570671082
324,662,338,0.338,1.5451082836389542
360,680,320,0.32,1.5438717226982117
370,685,315,0.315,1.5435899873971939
400,700,300,0.3,1.5370558956861495
386,693,307,0.307,1.5335378136634827
384,692,308,0.308,1.5336082657575607
358,679,321,0.321,1.5373883439302445
366,683,317,0.317,1.5291390755176544
388,694,306,0.306,1.5319344242811204
404,702,298,0.298,1.52432275223732
390,695,305,0.305,1.529637807250023
360,680,320,0.32,1.5246567294597626
380,690,310,0.31,1.5221819852590561
366,683,317,0.317,1.5243343921899795
412,706,294,0.294,1.5178592349290847
358,679,321,0.321,1.5168751640319824
398,699,301,0.301,1.5144947865009308
416,708,292,0.292,1.5130165662765502
430,715,285,0.285,1.5048381076455117
498,749,251,0.251,1.4910291566848755
336,668,332,0.332,1.5074096954464913
426,713,287,0.287,1.49700131469965
356,678,322,0.322,1.50672157227993
354,677,323,0.323,1.4979736552238465
398,699,301,0.301,1.4910491852760315
398,699,301,0.301,1.4901744226813316
370,685,315,0.315,1.4897644945383073
342,671,329,0.329,1.4711700092554092
466,733,267,0.267,1.4742122840881349
422,711,289,0.289,1.469019594669342
382,691,309,0.309,1.4800570238828659
430,715,285,0.285,1.458095270216465
406,703,297,0.297,1.4509203255772591
432,716,284,0.284,1.4565733476877212
364,682,318,0.318,1.4628114364147187
446,723,277,0.277,1.4426740344762803
404,702,298,0.298,1.4440898619294167
456,728,272,0.272,1.4334249125123024
412,706,294,0.294,1.4228162667751312
424,712,288,0.288,1.4182158368229867
420,710,290,0.29,1.42605756765604
410,705,295,0.295,1.4125565194487573
414,707,293,0.293,1.4047950226664543
420,710,290,0.29,1.4128990248441695
436,718,282,0.282,1.3939121708273887
412,706,294,0.294,1.4003614466190337
388,694,306,0.306,1.3970906843543052
406,703,297,0.297,1.3771714761853218
476,738,262,0.262,1.376448797762394
502,751,249,0.249,1.356833320081234
536,768,232,0.232,1.351188702404499
410,705,295,0.295,1.3525791705846786
410,705,295,0.295,1.3557328330874443
426,713,287,0.287,1.342430711209774
432,716,284,0.284,1.349403092443943
436,718,282,0.282,1.3129987711310387
504,752,248,0.248,1.3121791524291038
418,709,291,0.291,1.3096409851312638
452,726,274,0.274,1.3026834047436715
422,711,289,0.289,1.296494596660137
442,721,279,0.279,1.2664911431074142
384,692,308,0.308,1.3047199915647507
474,737,263,0.263,1.2866317493915558
524,762,238,0.238,1.2590852510929107
440,720,280,0.28,1.2788946750760077
426,713,287,0.287,1.272242775261402
472,736,264,0.264,1.256390651166439
408,704,296,0.296,1.2570969367027283
488,744,256,0.256,1.2405351343154907
418,709,291,0.291,1.2392092995643615
524,762,238,0.238,1.2162194257974626
434,717,283,0.283,1.2189060891270638
448,724,276,0.276,1.2222472367286683
422,711,289,0.289,1.2281041324138642
384,692,308,0.308,1.2170076920986175
450,725,275,0.275,1.2089750333428382
486,743,257,0.257,1.1753222639560699
518,759,241,0.241,1.1857206422686577
456,728,272,0.272,1.1621206434965135
536,768,232,0.232,1.1549071590900422
540,770,230,0.23,1.1396329755187034
520,760,240,0.24,1.1505487353801727
472,736,264,0.264,1.1583792664408683
430,715,285,0.285,1.1520573570728303
514,757,243,0.243,1.1268324464559556
520,760,240,0.24,1.1415352181196212
478,739,261,0.261,1.1266535273194314
520,760,240,0.24,1.1087869200110436
520,760,240,0.24,1.111981855392456
496,748,252,0.252,1.1026176946759223
518,759,241,0.241,1.1005554283857346
562,781,219,0.219,1.0691788898706436
484,742,258,0.258,1.085198242843151
510,755,245,0.245,1.0842888164520263
550,775,225,0.225,1.0695628048777581
450,725,275,0.275,1.0932169371247291
546,773,227,0.227,1.0570571255087853
528,764,236,0.236,1.0412996156811714
502,751,249,0.249,1.0567704675793648
514,757,243,0.243,1.0353391481637955
490,745,255,0.255,1.0245124633312226
402,701,299,0.299,1.0451417793035507
478,739,261,0.261,1.0295792317390442
490,745,255,0.255,1.0022418766021728
522,761,239,0.239,0.9987984611093998
466,733,267,0.267,0.9958635306358338
460,730,270,0.27,1.0079358811080457
432,716,284,0.284,0.9817632521986961
460,730,270,0.27,0.9783367513418197
428,714,286,0.286,0.9565501499474048
512,756,244,0.244,0.9562617835402488
506,753,247,0.247,0.9547545665502548
486,743,257,0.257,0.9343513351678848
416,708,292,0.292,0.9543253090977669
474,737,263,0.263,0.9425514723062516
466,733,267,0.267,0.9347169257104396
504,752,248,0.248,0.9003495157361031
434,717,283,0.283,0.9119106210470199
462,731,269,0.269,0.8896793080568314
454,727,273,0.273,0.8833559836149216
470,735,265,0.265,0.8919068448841572
524,762,238,0.238,0.8638799217641353
468,734,266,0.266,0.8788820652067661
420,710,290,0.29,0.8651293331682682
436,718,282,0.282,0.8808510110080242
506,753,247,0.247,0.8775938141047954
520,760,240,0.24,0.8593140602260828
524,762,238,0.238,0.8618179858624935
518,759,241,0.241,0.8616155271232128
488,744,256,0.256,0.8703654525279999
452,726,274,0.274,0.8802547624111176
492,746,254,0.254,0.8360393594503402
512,756,244,0.244,0.857670581638813
462,731,269,0.269,0.863000254124403
494,747,253,0.253,0.8640518434047699
456,728,272,0.272,0.8611727276146411
478,739,261,0.261,0.8693603341579437
478,739,261,0.261,0.8473964480757713
498,749,251,0.251,0.8631374362707138
494,747,253,0.253,0.8651397252678871
416,708,292,0.292,0.863546782374382
546,773,227,0.227,0.851943837761879
510,755,245,0.245,0.8629521278142929
478,739,261,0.261,0.8519024006724357
468,734,266,0.266,0.8705568357110024
522,761,239,0.239,0.861034306704998
464,732,268,0.268,0.8530695106387138
462,731,269,0.269,0.8652355890274048
532,766,234,0.234,0.8398624591827393
520,760,240,0.24,0.832711965084076
526,763,237,0.237,0.8440105749964714
474,737,263,0.263,0.8453311485052108
546,773,227,0.227,0.8324727955460548
514,757,243,0.243,0.8441990655064583
566,783,217,0.217,0.8290928170084954
514,757,243,0.243,0.8397697328329087
526,763,237,0.237,0.8250052782297135
484,742,258,0.258,0.8416514721512794
584,792,208,0.208,0.8249124170541763
512,756,244,0.244,0.8264616964459419
552,776,224,0.224,0.8286143287420272
580,790,210,0.21,0.8049614260792732
618,809,191,0.191,0.8111976694464683
504,752,248,0.248,0.8301431176662445
564,782,218,0.218,0.8282623192071915
436,718,282,0.282,0.8411130542755128
546,773,227,0.227,0.8181520966887474
538,769,231,0.231,0.8188838667273521
506,753,247,0.247,0.8146904553174973
454,727,273,0.273,0.8231419404149055
540,770,230,0.23,0.8015246827602387
540,770,230,0.23,0.8125385513901711
578,789,211,0.211,0.8009283868670464
548,774,226,0.226,0.8104142911434173
500,750,250,0.25,0.8299613854289055
490,745,255,0.255,0.8212637629508972
530,765,235,0.235,0.813677015721798
586,793,207,0.207,0.7969561792612075
534,767,233,0.233,0.8090069570541382
496,748,252,0.252,0.8189439049363136
598,799,201,0.201,0.8061650109887123
562,781,219,0.219,0.8191157385110855
506,753,247,0.247,0.7869287121295929
538,769,231,0.231,0.8085487685203552
498,749,251,0.251,0.8081906818747521
568,784,216,0.216,0.8042513937354088
500,750,250,0.25,0.8250634254217147
530,765,235,0.235,0.8006894237399101
568,784,216,0.216,0.8068910155296326
534,767,233,0.233,0.801729995906353
558,779,221,0.221,0.8112174459099769
502,751,249,0.249,0.813202616751194
562,781,219,0.219,0.8036866716146469
518,759,241,0.241,0.8228278940320015
556,778,222,0.222,0.8008342478871345
532,766,234,0.234,0.8041945507526398
528,764,236,0.236,0.79996409958601
546,773,227,0.227,0.8066999953985214
552,776,224,0.224,0.819731710612774
544,772,228,0.228,0.8071713376641273
546,773,227,0.227,0.8169835488200188
556,778,222,0.222,0.8074310019612312
572,786,214,0.214,0.8058414476513862
492,746,254,0.254,0.8073524588942528
536,768,232,0.232,0.8114731994271278
564,782,218,0.218,0.8107334240674973
474,737,263,0.263,0.8166740164756775
566,783,217,0.217,0.8102052527666092
554,777,223,0.223,0.8039768485426902
562,781,219,0.219,0.8080325945019722
594,797,203,0.203,0.8115585895776749
584,792,208,0.208,0.8172109294533729
536,768,232,0.232,0.799162326514721
554,777,223,0.223,0.8140750545859337
566,783,217,0.217,0.8013345489501953
530,765,235,0.235,0.8272242842316627
536,768,232,0.232,0.8131280127167702
520,760,240,0.24,0.8176130055189132
580,790,210,0.21,0.7990229412317276
490,745,255,0.255,0.816910561978817
488,744,256,0.256,0.815365086376667
502,751,249,0.249,0.8185603287220001
522,761,239,0.239,0.8150190677642822
612,806,194,0.194,0.8016906667351723
580,790,210,0.21,0.8026321583986282
510,755,245,0.245,0.8108408917784691
512,756,244,0.244,0.8042051442861557
546,773,227,0.227,0.8149832634329796
492,746,254,0.254,0.8135719029307366
492,746,254,0.254,0.8202313727736473
550,775,225,0.225,0.8038203558325767
484,742,258,0.258,0.8121270893216133
542,771,229,0.229,0.8219052835702896
580,790,210,0.21,0.7955520195364952
584,792,208,0.208,0.7954918380975723
468,734,266,0.266,0.8298260272145271
576,788,212,0.212,0.8048104753494263
596,798,202,0.202,0.7969824249744415
542,771,229,0.229,0.8018005025982857
552,776,224,0.224,0.8098092701435089
546,773,227,0.227,0.8038617548346519
600,800,200,0.2,0.7991320941448211
528,764,236,0.236,0.8043812550902366
574,787,213,0.213,0.8080535240769386
584,792,208,0.208,0.805357456445694
604,802,198,0.198,0.8088290359973908
530,765,235,0.235,0.8078468675613404
546,773,227,0.227,0.8026700114607811
592,796,204,0.204,0.7933593702316284
574,787,213,0.213,0.7906892127394676
552,776,224,0.224,0.823344363451004
556,778,222,0.222,0.8032449287176132
522,761,239,0.239,0.7900161925554275
564,782,218,0.218,0.7925946153402329
578,789,211,0.211,0.8019166896939278
570,785,215,0.215,0.7895192613601685
528,764,236,0.236,0.7878709950447083
524,762,238,0.238,0.7912793385982514
572,786,214,0.214,0.785557137966156
546,773,227,0.227,0.7866909642815589
572,786,214,0.214,0.773528948366642
542,771,229,0.229,0.777826855301857
534,767,233,0.233,0.7747030453681946
616,808,192,0.192,0.7664349881410599
560,780,220,0.22,0.7490371821522712
624,812,188,0.188,0.7395291160345078
560,780,220,0.22,0.7498212035000325
584,792,208,0.208,0.738940374135971
604,802,198,0.198,0.7223884899914265
618,809,191,0.191,0.7139559021890164
620,810,190,0.19,0.7079122207462788
608,804,196,0.196,0.7278377273380756
556,778,222,0.222,0.7126398038268089
604,802,198,0.198,0.6898267715573311
644,822,178,0.178,0.6822695111036301
654,827,173,0.173,0.6833836245685816
656,828,172,0.172,0.6710476298332214
666,833,167,0.167,0.6863119855821133
584,792,208,0.208,0.6580387276262045
626,813,187,0.187,0.6858138191699982
662,831,169,0.169,0.6358775695115327
664,832,168,0.168,0.6272552734911442
634,817,183,0.183,0.6416057348325849
636,818,182,0.182,0.6208142836540937
628,814,186,0.186,0.6249146873950958
672,836,164,0.164,0.5991515390872956
612,806,194,0.194,0.6183572379797697
694,847,153,0.153,0.5824493955075741
650,825,175,0.175,0.6037640877142548
668,834,166,0.166,0.5793849005028605
628,814,186,0.186,0.578365373454988
652,826,174,0.174,0.5723183034658432
668,834,166,0.166,0.5541419025361538
714,857,143,0.143,0.5279197089411318
576,788,212,0.212,0.6010871025398373
638,819,181,0.181,0.5442278554923833
622,811,189,0.189,0.5524898063018918
644,822,178,0.178,0.512414107196033
668,834,166,0.166,0.483337626285851
708,854,146,0.146,0.45868121296912434
694,847,153,0.153,0.4607023642882705
660,830,170,0.17,0.4554544328786433
664,832,168,0.168,0.45683731043944137
708,854,146,0.146,0.4158610146287829
726,863,137,0.137,0.42174180192872884
724,862,138,0.138,0.4051566328853369
680,840,160,0.16,0.4208636511862278
668,834,166,0.166,0.41915000245906414
642,821,179,0.179,0.41069798181764783
666,833,167,0.167,0.4039329103785567
710,855,145,0.145,0.3530371243339032
600,800,200,0.2,0.4250807434301823
678,839,161,0.161,0.38598858937621117
700,850,150,0.15,0.3915249017998576
654,827,173,0.173,0.3964501916859299
586,793,207,0.207,0.3863540809843689
680,840,160,0.16,0.36347049359232186
730,865,135,0.135,0.3228451805119403
708,854,146,0.146,0.3381460806177929
694,847,153,0.153,0.34104643133375795
684,842,158,0.158,0.3165207692487165
658,829,171,0.171,0.332193251487799
714,857,143,0.143,0.31046722271293403
726,863,137,0.137,0.30120485832495614
622,811,189,0.189,0.3544078661254607
670,835,165,0.165,0.3259522983059287
702,851,149,0.149,0.35723807657975704
748,874,126,0.126,0.3066264086463489
706,853,147,0.147,0.3467876811577007
680,840,160,0.16,0.3205810138382949
706,853,147,0.147,0.3059913916597143
740,870,130,0.13,0.29800875945203004
588,794,206,0.206,0.33056039304099977
714,857,143,0.143,0.2743652795108501
686,843,157,0.157,0.30059803568408827
734,867,133,0.133,0.29435234116879294
700,850,150,0.15,0.27325625067553483
690,845,155,0.155,0.296409638825804
636,818,182,0.182,0.32515659256558865
634,817,183,0.183,0.3065567356210668
678,839,161,0.161,0.29796656640665603
670,835,165,0.165,0.30561461235536264
702,851,149,0.149,0.2773310167253949
678,839,161,0.161,0.296806451070006
670,835,165,0.165,0.2938181654610671
664,832,168,0.168,0.2842591341342195
708,854,146,0.146,0.29637347529281394
720,860,140,0.14,0.27658092183666305
682,841,159,0.159,0.2963984442069195
698,849,151,0.151,0.30151007856265644
748,874,126,0.126,0.2574739112525713
686,843,157,0.157,0.25821916955616325
718,859,141,0.141,0.2589134126105346
626,813,187,0.187,0.29918552699266
672,836,164,0.164,0.2839702817064244
670,835,165,0.165,0.28935201974306257
688,844,156,0.156,0.2788046813108958
668,834,166,0.166,0.2966490470089484
682,841,159,0.159,0.26254693696438336
692,846,154,0.154,0.280317640874302
698,849,151,0.151,0.2771668441472575
734,867,133,0.133,0.2711934468166437
646,823,177,0.177,0.3047310509036761
748,874,126,0.126,0.28726208142843096
710,855,145,0.145,0.29258047113800423
740,870,130,0.13,0.27186846456257624
732,866,134,0.134,0.26506250247964636
714,857,143,0.143,0.2972150608575903
708,854,146,0.146,0.3018147743740119
698,849,151,0.151,0.32150820297846805
678,839,161,0.161,0.2926936999775353
698,849,151,0.151,0.28735356699535625
708,854,146,0.146,0.29775706451688894
664,832,168,0.168,0.29348610843718054
686,843,157,0.157,0.29286378590762613
688,844,156,0.156,0.29791839798679576
728,864,136,0.136,0.26873972680943553
726,863,137,0.137,0.28517944524966876
710,855,145,0.145,0.2748525631101802
652,826,174,0.174,0.30859860410820694
680,840,160,0.16,0.29418053101329134
668,834,166,0.166,0.2981242548278533
708,854,146,0.146,0.297479052472394
716,858,142,0.142,0.2512154463590123
728,864,136,0.136,0.28703202023438645
742,871,129,0.129,0.28188701049028897
730,865,135,0.135,0.2739450076553112
690,845,155,0.155,0.29483067787101025
716,858,142,0.142,0.27774763479712417
712,856,144,0.144,0.2441114626270719
696,848,152,0.152,0.29589444897463546
722,861,139,0.139,0.28835825095372275
754,877,123,0.123,0.2809624149291776
714,857,143,0.143,0.2583416225858964
708,854,146,0.146,0.2892758664158173
716,858,142,0.142,0.25325650408049116
738,869,131,0.131,0.25052281926828435
722,861,139,0.139,0.25567538664932365
730,865,135,0.135,0.2843884151165839
704,852,148,0.148,0.28351127907121554
642,821,179,0.179,0.31860502836247906
680,840,160,0.16,0.2944288792712614
716,858,142,0.142,0.3023673060568981
700,850,150,0.15,0.2788263897676952
710,855,145,0.145,0.28936418347130527
716,858,142,0.142,0.2651715423720889
702,851,149,0.149,0.31081681514391674
630,815,185,0.185,0.31028110303450374
734,867,133,0.133,0.2814436155309086
760,880,120,0.12,0.26256851659761743
674,837,163,0.163,0.28745734977023674
692,846,154,0.154,0.28072281963261775
710,855,145,0.145,0.27064750663377346
766,883,117,0.117,0.250522332733497
718,859,141,0.141,0.27354886997770517
752,876,124,0.124,0.25219954970444086
780,890,110,0.11,0.2507659010007046
708,854,146,0.146,0.2530702472447883
728,864,136,0.136,0.2783920263508335
720,860,140,0.14,0.26338533086185634
702,851,149,0.149,0.2708628238211386
770,885,115,0.115,0.26166712217591703
714,857,143,0.143,0.2909470622604713
744,872,128,0.128,0.25859566270187495
746,873,127,0.127,0.2599659992530942
718,859,141,0.141,0.25070818443992177
760,880,120,0.12,0.26559119325340724
718,859,141,0.141,0.25502813839842564
728,864,136,0.136,0.2602680922935251
724,862,138,0.138,0.2481983481948264
744,872,128,0.128,0.24129000847763382
664,832,168,0.168,0.270124597317772
666,833,167,0.167,0.26324764161254277
762,881,119,0.119,0.23959972113429104
696,848,152,0.152,0.24506237273523584
738,869,131,0.131,0.24231504732434406
734,867,133,0.133,0.25289696832280606
688,844,156,0.156,0.23843681873497552
706,853,147,0.147,0.2318914725787472
682,841,159,0.159,0.2473130013232585
726,863,137,0.137,0.23171982733614277
696,848,152,0.152,0.23461627538804897
696,848,152,0.152,0.21708133039949462
714,857,143,0.143,0.22482141686207616
716,858,142,0.142,0.22515463342226577
720,860,140,0.14,0.21343757307171474
760,880,120,0.12,0.20658499695512
718,859,141,0.141,0.21228839464939664
704,852,148,0.148,0.2306923971712822
650,825,175,0.175,0.2672165163313039
702,851,149,0.149,0.21578768905741164
700,850,150,0.15,0.21484154215466697
660,830,170,0.17,0.22629872800176964
712,856,144,0.144,0.20908873537776526
744,872,128,0.128,0.2070745410626987
724,862,138,0.138,0.19927127066574757
744,872,128,0.128,0.21075270422024187
734,867,133,0.133,0.21501128217310178
708,854,146,0.146,0.20578382721822708
718,859,141,0.141,0.19446955225395504
750,875,125,0.125,0.21000792749843095
710,855,145,0.145,0.19105042668356328
694,847,153,0.153,0.2135381041725632
726,863,137,0.137,0.2132424403578625
686,843,157,0.157,0.2046581585642416
690,845,155,0.155,0.21606546386099945
762,881,119,0.119,0.19865263410983608
726,863,137,0.137,0.18191410870836988
690,845,155,0.155,0.18929099375266378
696,848,152,0.152,0.1892422258759616
716,858,142,0.142,0.19350562072155297
706,853,147,0.147,0.18167950203537475
756,878,122,0.122,0.18721890552908008
676,838,162,0.162,0.1962792031308345
726,863,137,0.137,0.1741638186395867
694,847,153,0.153,0.1807433021319448
734,867,133,0.133,0.1766193382945785
662,831,169,0.169,0.1912505250335089
716,858,142,0.142,0.2226911479869159
668,834,166,0.166,0.20997127722506412
704,852,148,0.148,0.20054672932837275
710,855,145,0.145,0.2119491940363514
690,845,155,0.155,0.1873240166483447
722,861,139,0.139,0.17245679677615408
696,848,152,0.152,0.20397345168329775
768,884,116,0.116,0.1635870325094438
746,873,127,0.127,0.16693531127576716
726,863,137,0.137,0.1797289621735108
686,843,157,0.157,0.18478858656261582
726,863,137,0.137,0.19267151677428046
700,850,150,0.15,0.20764877845241062
684,842,158,0.158,0.20282163134793518
768,884,116,0.116,0.18144209053134547
742,871,129,0.129,0.16687726088834462
710,855,145,0.145,0.19358930089662318
722,861,139,0.139,0.20738867094823946
724,862,138,0.138,0.19834784648328788
738,869,131,0.131,0.18014240673856693
690,845,155,0.155,0.19536478034408172
700,850,150,0.15,0.1991313843500684
726,863,137,0.137,0.20354547962234937
706,853,147,0.147,0.1910560662547432
766,883,117,0.117,0.17440499151707628
688,844,156,0.156,0.19609447348149842
678,839,161,0.161,0.19325839524561889
674,837,163,0.163,0.2195475700121897
764,882,118,0.118,0.1753016359656758
700,850,150,0.15,0.2068720734752478
750,875,125,0.125,0.18915334290571628
726,863,137,0.137,0.16956703157105948
732,866,134,0.134,0.17019250160330557
666,833,167,0.167,0.19574017141887454
672,836,164,0.164,0.17907256058894563
732,866,134,0.134,0.1812883185184146
690,845,155,0.155,0.18562285813316703
718,859,141,0.141,0.17944407199580747
710,855,145,0.145,0.1705012806917657
726,863,137,0.137,0.17010941046259495
732,866,134,0.134,0.1808036125554936
670,835,165,0.165,0.18832385917080682
700,850,150,0.15,0.1712629211259191
722,861,139,0.139,0.18455745520116762
718,859,141,0.141,0.19251210278258077
708,854,146,0.146,0.15997308635601803
730,865,135,0.135,0.19658563149339897
730,865,135,0.135,0.17204885343645582
736,868,132,0.132,0.18400978269439655
724,862,138,0.138,0.17639986640837743
728,864,136,0.136,0.15803813628202623
720,860,140,0.14,0.1693555763710174
710,855,145,0.145,0.15103546492863643
684,842,158,0.158,0.16891558113973587
714,857,143,0.143,0.1656910448996132
734,867,133,0.133,0.15136427033212385
682,841,159,0.159,0.1545668092368287
766,883,117,0.117,0.13141051658513606
766,883,117,0.117,0.14639289241792813
676,838,162,0.162,0.1502278279436814
754,877,123,0.123,0.13524005127318378
688,844,156,0.156,0.15223762676674232
686,843,157,0.157,0.14374586498764985
742,871,129,0.129,0.1442887239424672
736,868,132,0.132,0.13053465445160073
626,813,187,0.187,0.16396861214091404
712,856,144,0.144,0.16087028975730208
778,889,111,0.111,0.13991170484368923
734,867,133,0.133,0.12263257031555622
718,859,141,0.141,0.14595455898267393
674,837,163,0.163,0.14958198898783462
740,870,130,0.13,0.12755568987086555
728,864,136,0.136,0.13332899269994652
754,877,123,0.123,0.1304983622281943
724,862,138,0.138,0.11881632371979686
704,852,148,0.148,0.12218488765435177
742,871,129,0.129,0.10609309745435377
728,864,136,0.136,0.12218512909664424
758,879,121,0.121,0.10294908234347622
700,850,150,0.15,0.12400691931948313
734,867,133,0.133,0.12562604938450675
668,834,166,0.166,0.11974117483531882
754,877,123,0.123,0.10183346759541928
716,858,142,0.142,0.12865408950249957
728,864,136,0.136,0.14342341262014816
692,846,154,0.154,0.11572946185940963
684,842,158,0.158,0.12194650556166925
676,838,162,0.162,0.1267298809103013
634,817,183,0.183,0.1528836446581481
714,857,143,0.143,0.14174267226187567
728,864,136,0.136,0.12016366739489538
718,859,141,0.141,0.11842174714807334
708,854,146,0.146,0.1355739494729005
762,881,119,0.119,0.10510915030495561
694,847,153,0.153,0.11298303756342648
754,877,123,0.123,0.11890357530159236
740,870,130,0.13,0.12736128431785254
682,841,159,0.159,0.1195883525214067
728,864,136,0.136,0.11728738400142993
648,824,176,0.176,0.13165090333393165
712,856,144,0.144,0.12034304397050073
750,875,125,0.125,0.10936543431054246
680,840,160,0.16,0.13339088026829996
746,873,127,0.127,0.11322031951763893
694,847,153,0.153,0.11811274488182016
660,830,170,0.17,0.12990386775300714
732,866,134,0.134,0.09975499592465166
720,860,140,0.14,0.10393156374097816
760,880,120,0.12,0.10378962685650686
720,860,140,0.14,0.11757862978487356
706,853,147,0.147,0.12292903121732184
686,843,157,0.157,0.1003977856823003
690,845,155,0.155,0.10360236093463664
732,866,134,0.134,0.08756502195660869
744,872,128,0.128,0.09907577705713265
696,848,152,0.152,0.10867124909511404
762,881,119,0.119,0.09747241726880589
724,862,138,0.138,0.10426570849788232
732,866,134,0.134,0.10778581941827588
728,864,136,0.136,0.11016481034720702
724,862,138,0.138,0.09312463165532164
690,845,155,0.155,0.11460195878186415
698,849,151,0.151,0.10624117502790978
702,851,149,0.149,0.10481539695489425
772,886,114,0.114,0.08557093723552134
730,865,135,0.135,0.09646673955537426
674,837,163,0.163,0.09949417245967197
690,845,155,0.155,0.12240877826536598
686,843,157,0.157,0.11338689677826733
692,846,154,0.154,0.10204058943941641
724,862,138,0.138,0.11236591358226906
746,873,127,0.127,0.09905215959997077
638,819,181,0.181,0.13552925116614278
738,869,131,0.131,0.08576822400475612
710,855,145,0.145,0.11999638441354364
750,875,125,0.125,0.09804489799644943
718,859,141,0.141,0.09216232903642231
782,891,109,0.109,0.07430626354626066
686,843,157,0.157,0.10317772785403213
746,873,127,0.127,0.09816148540966606
716,858,142,0.142,0.09122192084325548
692,846,154,0.154,0.09674590210598126
668,834,166,0.166,0.08413466865663781
648,824,176,0.176,0.12957176229713235
674,837,163,0.163,0.10485200818462746
714,857,143,0.143,0.09684529411888114
676,838,162,0.162,0.09659060066989901
692,846,154,0.154,0.10315938031107726
702,851,149,0.149,0.12453157646413775
732,866,134,0.134,0.09548651118807902
696,848,152,0.152,0.11217602286073383
780,890,110,0.11,0.08719784808331128
724,862,138,0.138,0.09515823290243793
762,881,119,0.119,0.09620630302903738
728,864,136,0.136,0.09813502709777057
662,831,169,0.169,0.09339324275539365
760,880,120,0.12,0.10549408628667971
684,842,158,0.158,0.10149455101595845
750,875,125,0.125,0.10212730770910367
702,851,149,0.149,0.10911688970408971
754,877,123,0.123,0.09412792074099753
772,886,114,0.114,0.11369424449166309
716,858,142,0.142,0.11352726360298948
686,843,157,0.157,0.11916539394455662
682,841,159,0.159,0.10300638629331808
722,861,139,0.139,0.10163908144342713
734,867,133,0.133,0.10030851606940624
746,873,127,0.127,0.09814549924711696
634,817,183,0.183,0.11196992525694804
724,862,138,0.138,0.08380406217953805
738,869,131,0.131,0.1160548229088397
698,849,151,0.151,0.10806627869450768
704,852,148,0.148,0.09962006361780186
742,871,129,0.129,0.09951509705992498
754,877,123,0.123,0.08708645302017226
708,854,146,0.146,0.10277672497153435
792,896,104,0.104,0.09661887547827246
756,878,122,0.122,0.10274959917196247
734,867,133,0.133,0.09598856607914294
722,861,139,0.139,0.10442969278061906
778,889,111,0.111,0.09876261929180691
648,824,176,0.176,0.11121499897457034
754,877,123,0.123,0.09933362817869511
726,863,137,0.137,0.1034774717935543
686,843,157,0.157,0.12437672492242564
774,887,113,0.113,0.10716587838878877
730,865,135,0.135,0.10549230915125644
772,886,114,0.114,0.0814173302116439
720,860,140,0.14,0.10064755356707428
736,868,132,0.132,0.11015102874624062
718,859,141,0.141,0.104353426227638
728,864,136,0.136,0.12072531821431039
756,878,122,0.122,0.10336517267134877
682,841,159,0.159,0.11598918964387121
708,854,146,0.146,0.1047698413005669
704,852,148,0.148,0.10858178833060515
706,853,147,0.147,0.10086542616705765
744,872,128,0.128,0.09454613496561023
740,870,130,0.13,0.09858087897436553
690,845,155,0.155,0.11138976127529532
730,865,135,0.135,0.10918065370040972
690,845,155,0.155,0.11342151929259944
712,856,144,0.144,0.1037121076735757
758,879,121,0.121,0.09802029200275382
750,875,125,0.125,0.092204111352974
758,879,121,0.121,0.0869574208053873
706,853,147,0.147,0.11163482096505323
718,859,141,0.141,0.10097521657621837
690,845,155,0.155,0.11475030111810793
716,858,142,0.142,0.11043369863134421
746,873,127,0.127,0.12360305101497579
698,849,151,0.151,0.1058193020629551
680,840,160,0.16,0.11090480236897883
748,874,126,0.126,0.09872388778598543
766,883,117,0.117,0.09449453946438006
720,860,140,0.14,0.11087580782521672
738,869,131,0.131,0.10139258559385507
704,852,148,0.148,0.0996592749598858
734,867,133,0.133,0.10872986357330956
664,832,168,0.168,0.12835090381130795
660,830,170,0.17,0.10369839470138505
748,874,126,0.126,0.09808661227534367
680,840,160,0.16,0.14192493906550954
694,847,153,0.153,0.12318784478715065
684,842,158,0.158,0.13603760367838094
716,858,142,0.142,0.11622596438879555
740,870,130,0.13,0.10741355304888747
646,823,177,0.177,0.12271325930627426
712,856,144,0.144,0.12205688253661538
682,841,159,0.159,0.12163971804840912
714,857,143,0.143,0.12878629430224509
716,858,142,0.142,0.1286188423030253
790,895,105,0.105,0.10483263612499649
758,879,121,0.121,0.09689471677415076
728,864,136,0.136,0.115643483572283
682,841,159,0.159,0.12537794120427861
754,877,123,0.123,0.11132431486269342
690,845,155,0.155,0.12369960476080451
706,853,147,0.147,0.114170475447434
772,886,114,0.114,0.12495127814797183
720,860,140,0.14,0.11550740630361543
756,878,122,0.122,0.12666237020759308
702,851,149,0.149,0.14424159519616114
760,880,120,0.12,0.10996994242011805
696,848,152,0.152,0.1405211866480895
702,851,149,0.149,0.14354735725065984
682,841,159,0.159,0.13460149525174894
748,874,126,0.126,0.1259133529198807
742,871,129,0.129,0.12681696521765184
744,872,128,0.128,0.11915868101882188
668,834,166,0.166,0.13838534509382588
654,827,173,0.173,0.11646991042936042
736,868,132,0.132,0.1217953615900733
746,873,127,0.127,0.10946817270950442
658,829,171,0.171,0.12121987096950033
704,852,148,0.148,0.12356180503866926
714,857,143,0.143,0.13290031713975986
738,869,131,0.131,0.12360390575539895
692,846,154,0.154,0.12444200814478973
720,860,140,0.14,0.10994289692449456
748,874,126,0.126,0.13284397951719804
734,867,133,0.133,0.12733080932244775
720,860,140,0.14,0.10274509786156795
700,850,150,0.15,0.12136566232258338
722,861,139,0.139,0.1191713843554171
728,864,136,0.136,0.10984025519303395
764,882,118,0.118,0.11052363657855312
736,868,132,0.132,0.11472291075181147
706,853,147,0.147,0.11460479319263049
720,860,140,0.14,0.10429976115582394
720,860,140,0.14,0.09681071070181645
742,871,129,0.129,0.10963340053507818
724,862,138,0.138,0.1103477941132005
692,846,154,0.154,0.10048637170461007
706,853,147,0.147,0.1017961300901443
752,876,124,0.124,0.10390558092375113
704,852,148,0.148,0.11155464495541674
706,853,147,0.147,0.10499961731492846
698,849,151,0.151,0.09920950222849093
786,893,107,0.107,0.09836253651230481
686,843,157,0.157,0.09769604843791421
734,867,133,0.133,0.1081948525093253
752,876,124,0.124,0.0976886493794118
732,866,134,0.134,0.11232626786773835
730,865,135,0.135,0.09246652009590617
712,856,144,0.144,0.08768413821672039
670,835,165,0.165,0.10241389525591331
694,847,153,0.153,0.10304873702724944
636,818,182,0.182,0.10269242094698075
760,880,120,0.12,0.10321137852667016
734,867,133,0.133,0.09227697543837837
710,855,145,0.145,0.0874260683486982
770,885,115,0.115,0.08840594199845805
684,842,158,0.158,0.09799385074517294
748,874,126,0.126,0.0904541376416464
736,868,132,0.132,0.10995331410199015
738,869,131,0.131,0.10665220754883188
736,868,132,0.132,0.10076748236141793
718,859,141,0.141,0.08696859822078114
752,876,124,0.124,0.096378441545236
732,866,134,0.134,0.10162200152347486
800,900,100,0.1,0.08848929288829459
722,861,139,0.139,0.1101995817866291
706,853,147,0.147,0.09274029200422745
690,845,155,0.155,0.11120914211617855
756,878,122,0.122,0.08003895617007038
744,872,128,0.128,0.09018721390422729
720,860,140,0.14,0.11747499280077137
712,856,144,0.144,0.09380208576748555
702,851,149,0.149,0.09026714364757572
700,850,150,0.15,0.09907700193168648
660,830,170,0.17,0.11496469711314179
728,864,136,0.136,0.09677092313297905
732,866,134,0.134,0.1050014993763898
694,847,153,0.153,0.08591781966476811
726,863,137,0.137,0.10255353049124732
728,864,136,0.136,0.09422746206377997
760,880,120,0.12,0.09094556859955265
748,874,126,0.126,0.09265840365004442
738,869,131,0.131,0.09768315873753443
720,860,140,0.14,0.10976796761172136
724,862,138,0.138,0.0920833588065143
726,863,137,0.137,0.09439496081457219
726,863,137,0.137,0.10321840545536524
808,904,96,0.096,0.08368620844342968
670,835,165,0.165,0.08576859259509001
684,842,158,0.158,0.09576797608288325
742,871,129,0.129,0.09770622425307875
652,826,174,0.174,0.11159482598760041
724,862,138,0.138,0.1105070558878797
716,858,142,0.142,0.11419857358198113
720,860,140,0.14,0.10504263847935022
760,880,120,0.12,0.1047417092329597
732,866,134,0.134,0.09422824963645553
744,872,128,0.128,0.10016407770285037
720,860,140,0.14,0.09351402063837667
646,823,177,0.177,0.09870100925679845
714,857,143,0.143,0.09790883102291263
708,854,146,0.146,0.10827153830022143
708,854,146,0.146,0.10264784730350585
690,845,155,0.155,0.09641519301935296
700,850,150,0.15,0.11187405871484953
688,844,156,0.156,0.11234030712136792
720,860,140,0.14,0.10726479359402948
694,847,153,0.153,0.10992681099522451
664,832,168,0.168,0.10228702927410267
712,856,144,0.144,0.1126955413245887
738,869,131,0.131,0.109106009412521
742,871,129,0.129,0.11151930135302064
730,865,135,0.135,0.09314855506576168
734,867,133,0.133,0.10270817442233875
748,874,126,0.126,0.0955553118083905
782,891,109,0.109,0.09921346056218318
700,850,150,0.15,0.1212591580363478
670,835,165,0.165,0.10730591338650265
748,874,126,0.126,0.10734931064700867
710,855,145,0.145,0.12358764167072878
796,898,102,0.102,0.09125351469093221
702,851,149,0.149,0.11282141578309529
718,859,141,0.141,0.12537669122690567
728,864,136,0.136,0.11078443086223524
708,854,146,0.146,0.11219997101637
718,859,141,0.141,0.1356276186681366
712,856,144,0.144,0.11045211588104575
742,871,129,0.129,0.11389028412090556
726,863,137,0.137,0.10020806508699752
706,853,147,0.147,0.11281471516409511
668,834,166,0.166,0.11535960495125619
708,854,146,0.146,0.1097721059556643
708,854,146,0.146,0.11950473096803034
656,828,172,0.172,0.11292679338419294
784,892,108,0.108,0.103291774621488
744,872,128,0.128,0.10839971926124713
742,871,129,0.129,0.10838856312789721
718,859,141,0.141,0.11156055336534337
798,899,101,0.101,0.10346519139259362
744,872,128,0.128,0.10816427664151797
698,849,151,0.151,0.11337230558401643
720,860,140,0.14,0.10380553695473646
690,845,155,0.155,0.12102117911328605
706,853,147,0.147,0.12650957124289924
660,830,170,0.17,0.13624573582953597
752,876,124,0.124,0.10267415644084213
728,864,136,0.136,0.10747025502755059
690,845,155,0.155,0.1187331012448958
684,842,158,0.158,0.11885523455062867
740,870,130,0.13,0.0985661139454096
766,883,117,0.117,0.08560908674484745
612,806,194,0.194,0.11582004426903404
754,877,123,0.123,0.11081400199273413
736,868,132,0.132,0.08875042463716817
670,835,165,0.165,0.11982429701266648
760,880,120,0.12,0.09927851645198098
706,853,147,0.147,0.1201654610923324
702,851,149,0.149,0.11194027708686553
766,883,117,0.117,0.10534525867575939
700,850,150,0.15,0.10888275254008932
770,885,115,0.115,0.09354880312185923
716,858,142,0.142,0.10375261773269086
730,865,135,0.135,0.11081209779564596
706,853,147,0.147,0.1037383732268454
734,867,133,0.133,0.09913378347937123
718,859,141,0.141,0.10575312795992067
728,864,136,0.136,0.1129095419628229
686,843,157,0.157,0.10279272731806123
740,870,130,0.13,0.10015366274452754
746,873,127,0.127,0.10852790770791035
740,870,130,0.13,0.10020756846588119
702,851,149,0.149,0.10105576816040798
720,860,140,0.14,0.11283439181331051
740,870,130,0.13,0.10283642693525508
726,863,137,0.137,0.10617457731728791
696,848,152,0.152,0.10732379995254791
706,853,147,0.147,0.1133854605696015
710,855,145,0.145,0.10792865312652429
716,858,142,0.142,0.11237276314086557
722,861,139,0.139,0.10201331098783703
688,844,156,0.156,0.09576241213483513
682,841,159,0.159,0.12175829699144379
740,870,130,0.13,0.10053358290959932
754,877,123,0.123,0.09515269930455066
704,852,148,0.148,0.10350305279228086
750,875,125,0.125,0.09956770275503005
750,875,125,0.125,0.11172341679107194
738,869,131,0.131,0.10101369663865012
760,880,120,0.12,0.11108492498275882
736,868,132,0.132,0.10324509556790508
754,877,123,0.123,0.10684150062447224
738,869,131,0.131,0.10588664698040634
706,853,147,0.147,0.10314856230917212
750,875,125,0.125,0.10145862525595885
752,876,124,0.124,0.09565405523309528
716,858,142,0.142,0.1139539434936778
730,865,135,0.135,0.10019184005836132
738,869,131,0.131,0.10700925852177295
710,855,145,0.145,0.09365826169059073
750,875,125,0.125,0.10123473151122016
722,861,139,0.139,0.1094264800897854
714,857,143,0.143,0.09845561398897189
740,870,130,0.13,0.1105854930964615
734,867,133,0.133,0.11026179617800881
716,858,142,0.142,0.11270778230186533
730,865,135,0.135,0.10092750153888119
732,866,134,0.134,0.1008108028959614
748,874,126,0.126,0.09980160686561794
726,863,137,0.137,0.12739610281807837
710,855,145,0.145,0.10969661544662813
772,886,114,0.114,0.08931514755653916
700,850,150,0.15,0.12918071763706848
690,845,155,0.155,0.11061488368471692
690,845,155,0.155,0.10763744402885846
682,841,159,0.159,0.11012058326639818
748,874,126,0.126,0.09587481856289377
740,870,130,0.13,0.09422800778619239
746,873,127,0.127,0.10579734246066073
740,870,130,0.13,0.10892025172272497
762,881,119,0.119,0.10380097276793822
690,845,155,0.155,0.10173305841728507
712,856,144,0.144,0.1073233104077317
728,864,136,0.136,0.11424863195406215
734,867,133,0.133,0.10735157562204768
724,862,138,0.138,0.10213726830667293
774,887,113,0.113,0.09496857127932162
724,862,138,0.138,0.10887476519115807
758,879,121,0.121,0.09539648990011483
716,858,142,0.142,0.10954507888444641
694,847,153,0.153,0.11777840936197481
754,877,123,0.123,0.10346463970599325
724,862,138,0.138,0.10919295653443988
698,849,151,0.151,0.12289679433639686
644,822,178,0.178,0.11926140736445086
694,847,153,0.153,0.10867646889016032
728,864,136,0.136,0.10473192673978338
708,854,146,0.146,0.11681891353588798
764,882,118,0.118,0.08577638776870963
736,868,132,0.132,0.11763236479585976
692,846,154,0.154,0.10496605501580415
714,857,143,0.143,0.11321960523317103
726,863,137,0.137,0.12054952908694395
710,855,145,0.145,0.09688821564487443
664,832,168,0.168,0.10995445514835592
712,856,144,0.144,0.11222513258082654
738,869,131,0.131,0.10482849039532448
692,846,154,0.154,0.09753217042105097
760,880,120,0.12,0.11174258147123055
734,867,133,0.133,0.12077335204489281
738,869,131,0.131,0.1021327707315213
660,830,170,0.17,0.12450849320382985
688,844,156,0.156,0.11030879992626433
728,864,136,0.136,0.13207968009018442
720,860,140,0.14,0.10976924588849216
712,856,144,0.144,0.12156036304159806
766,883,117,0.117,0.10979109401208188
718,859,141,0.141,0.12420145046895778
742,871,129,0.129,0.12707794982937776
656,828,172,0.172,0.115758732783921
720,860,140,0.14,0.12694674767116612
680,840,160,0.16,0.13155573253555122
796,898,102,0.102,0.12756728692889155
714,857,143,0.143,0.11744251912824984
776,888,112,0.112,0.10971900589046163
702,851,149,0.149,0.12605637389003824
718,859,141,0.141,0.12797089982227772
716,858,142,0.142,0.1231088351015278
746,873,127,0.127,0.11996546558020055
676,838,162,0.162,0.13189835974106018
710,855,145,0.145,0.141012623796287
698,849,151,0.151,0.13414257668411664
708,854,146,0.146,0.12302130555068197
734,867,133,0.133,0.11414580841313364
694,847,153,0.153,0.12443574052998156
672,836,164,0.164,0.12249233244135393
664,832,168,0.168,0.1468185972985266
756,878,122,0.122,0.1066973874475516
740,870,130,0.13,0.13134092217532453
772,886,114,0.114,0.10896245105286653
706,853,147,0.147,0.11898612006680924
770,885,115,0.115,0.12510051074569492
738,869,131,0.131,0.11655744021516512
740,870,130,0.13,0.12855018819996622
704,852,148,0.148,0.10950841541610862
690,845,155,0.155,0.12459753269780777
700,850,150,0.15,0.13437195968374727
704,852,148,0.148,0.1326849842332649
656,828,172,0.172,0.1329361598439791
760,880,120,0.12,0.11817737792953267
764,882,118,0.118,0.11724968206847007
716,858,142,0.142,0.0993967893227989
712,856,144,0.144,0.1276676146107966
746,873,127,0.127,0.1154515033797361
656,828,172,0.172,0.1254368163728177
714,857,143,0.143,0.14664277633671008
742,871,129,0.129,0.11503379247177509
710,855,145,0.145,0.10895213028580474
708,854,146,0.146,0.13206915082906925
690,845,155,0.155,0.12669643015856855
708,854,146,0.146,0.10747998937221746
698,849,151,0.151,0.1249213850790984
678,839,161,0.161,0.1250109317925344
720,860,140,0.14,0.15251414339491748
700,850,150,0.15,0.1167441320095677
710,855,145,0.145,0.12191631310673257
744,872,128,0.128,0.13491625152219422
704,852,148,0.148,0.14033792783203536
704,852,148,0.148,0.12630335101654055
722,861,139,0.139,0.10754272889708227
678,839,161,0.161,0.13632315281363844
718,859,141,0.141,0.1340601292411884
722,861,139,0.139,0.13291904068872099
714,857,143,0.143,0.12972594262167694
722,861,139,0.139,0.10924686070614553
774,887,113,0.113,0.12867702838669356
680,840,160,0.16,0.12606592485975124
730,865,135,0.135,0.13599103220304823
714,857,143,0.143,0.1419264929484634
674,837,163,0.163,0.12443105193643714
754,877,123,0.123,0.12513713005554747
686,843,157,0.157,0.1376236293808879
754,877,123,0.123,0.13791471348009499
732,866,134,0.134,0.13861698410409737
746,873,127,0.127,0.13802542228376843
740,870,130,0.13,0.1404142745901336
684,842,158,0.158,0.1311694505726482
730,865,135,0.135,0.1339948167164257
742,871,129,0.129,0.15701428611837037
746,873,127,0.127,0.15269899705813442
710,855,145,0.145,0.13973726996098412
744,872,128,0.128,0.13201958751748316
698,849,151,0.151,0.14681055443491278
706,853,147,0.147,0.14253764779323683
702,851,149,0.149,0.13719508073630277
760,880,120,0.12,0.13633898762211902
754,877,123,0.123,0.14100860139576252
738,869,131,0.131,0.15728915446891914
724,862,138,0.138,0.14525051920686383
722,861,139,0.139,0.14908205554593587
728,864,136,0.136,0.14364833129628096
676,838,162,0.162,0.15584711386122216
740,870,130,0.13,0.13793269964365754
728,864,136,0.136,0.1435371065070758
802,901,99,0.099,0.12432214998606651
750,875,125,0.125,0.13554996786619813
722,861,139,0.139,0.1568611010671011
710,855,145,0.145,0.1528756579417968
754,877,123,0.123,0.13742617581610103
702,851,149,0.149,0.14868403258529725
676,838,162,0.162,0.13306048264843412
748,874,126,0.126,0.1413450010842207
702,851,149,0.149,0.1585950490050018
680,840,160,0.16,0.15441803935772622
770,885,115,0.115,0.13335055854229722
754,877,123,0.123,0.1406557993342867
728,864,136,0.136,0.14134626742231193
716,858,142,0.142,0.16778020098188426
686,843,157,0.157,0.1622683324482059
756,878,122,0.122,0.1404931714698614
732,866,134,0.134,0.1434159558530664
752,876,124,0.124,0.1464592358042719
704,852,148,0.148,0.15147853781006415
688,844,156,0.156,0.13378670979378512
726,863,137,0.137,0.1451535163350345
662,831,169,0.169,0.16370824432809605
714,857,143,0.143,0.15514158280479023
696,848,152,0.152,0.14849855049191682
736,868,132,0.132,0.1567949941426632
686,843,157,0.157,0.14951008515659486
750,875,125,0.125,0.16651545436147716
792,896,104,0.104,0.13868832078366541
694,847,153,0.153,0.14209486617965741
704,852,148,0.148,0.15732263040430552
676,838,162,0.162,0.15265333449534954
722,861,139,0.139,0.16487735443800922
728,864,136,0.136,0.15596438283254974
746,873,127,0.127,0.1413085767376615
694,847,153,0.153,0.15375058237533085
740,870,130,0.13,0.15468443239235785
740,870,130,0.13,0.1622751593006542
766,883,117,0.117,0.1536286293133162
680,840,160,0.16,0.1508753381795832
720,860,140,0.14,0.15946243780045188
714,857,143,0.143,0.15755723511450925
664,832,168,0.168,0.17034263599046973
718,859,141,0.141,0.1527589796893444
716,858,142,0.142,0.14697843430991633
738,869,131,0.131,0.1669188259944349
760,880,120,0.12,0.14656023576039298
696,848,152,0.152,0.15089469606336206
696,848,152,0.152,0.16035689528257352
722,861,139,0.139,0.15864520898548654
690,845,155,0.155,0.16329211676288105
736,868,132,0.132,0.14307345739123412
690,845,155,0.155,0.17235512798535638
696,848,152,0.152,0.13315878123503352
704,852,148,0.148,0.15924078982115317
736,868,132,0.132,0.15334445084695472
698,849,151,0.151,0.14945314340351615
662,831,169,0.169,0.1494616558480775
632,816,184,0.184,0.14052669643206173
714,857,143,0.143,0.14337279865844174
656,828,172,0.172,0.13349444448451686
752,876,124,0.124,0.12711194552178495
718,859,141,0.141,0.12503259044117293
728,864,136,0.136,0.12381600326640183
714,857,143,0.143,0.12963756118470338
676,838,162,0.162,0.13472797909204381
768,884,116,0.116,0.12936003965661075
726,863,137,0.137,0.13154014574506437
728,864,136,0.136,0.11518391354684718
756,878,122,0.122,0.12907155981373217
734,867,133,0.133,0.11982405164549709
704,852,148,0.148,0.13175084146329755
656,828,172,0.172,0.1282071319935203
774,887,113,0.113,0.11387617893394782
746,873,127,0.127,0.12601336639904184
718,859,141,0.141,0.13434341751059764
690,845,155,0.155,0.14495987324132148
730,865,135,0.135,0.12087207454696182
678,839,161,0.161,0.11789811660846704
692,846,154,0.154,0.11641760162782157
696,848,152,0.152,0.12180238813187316
700,850,150,0.15,0.14961755698599155
760,880,120,0.12,0.11000260828125465
694,847,153,0.153,0.13389772276554504
692,846,154,0.154,0.12689428584481358
722,861,139,0.139,0.12117797537503065
704,852,148,0.148,0.12366023263086026
738,869,131,0.131,0.11924579513591016
710,855,145,0.145,0.1471239282009774
732,866,134,0.134,0.11667730008543731
744,872,128,0.128,0.12622000711954023
832,916,84,0.084,0.11693123136038412
752,876,124,0.124,0.13239511227674666
694,847,153,0.153,0.11593825415460741
648,824,176,0.176,0.1276255241494946
700,850,150,0.15,0.1082827700146081
698,849,151,0.151,0.1230880359821167
744,872,128,0.128,0.1156769356134464
678,839,161,0.161,0.11854917360462423
672,836,164,0.164,0.12134308717750901
762,881,119,0.119,0.1176260439043399
710,855,145,0.145,0.13519858721640776
722,861,139,0.139,0.1222077269659203
744,872,128,0.128,0.11641317018857808
716,858,142,0.142,0.12854140299916617
698,849,151,0.151,0.1329229924515239
732,866,134,0.134,0.11235289585916325
724,862,138,0.138,0.12445035761152394
684,842,158,0.158,0.13495369197157925
700,850,150,0.15,0.12394590889071697
726,863,137,0.137,0.13809924263961149
724,862,138,0.138,0.1292857186453184
746,873,127,0.127,0.13134282210539094
702,851,149,0.149,0.11096550456673139
724,862,138,0.138,0.1276803605016903
738,869,131,0.131,0.13168299955911061
752,876,124,0.124,0.1196088195546472
762,881,119,0.119,0.13268156554226515
734,867,133,0.133,0.14521541426947807
718,859,141,0.141,0.1338941320887534
734,867,133,0.133,0.13037301187569392
716,858,142,0.142,0.13156541382230352
704,852,148,0.148,0.12181674473774183
728,864,136,0.136,0.1342602129666484
738,869,131,0.131,0.13792343807741417
706,853,147,0.147,0.13264905275963246
656,828,172,0.172,0.14775822697376134
706,853,147,0.147,0.13241383470839355
678,839,161,0.161,0.14071717493986943
728,864,136,0.136,0.12777479899616445
746,873,127,0.127,0.1348042447345215
718,859,141,0.141,0.120986707162112
712,856,144,0.144,0.13495104488734797
710,855,145,0.145,0.1371479476329332
686,843,157,0.157,0.13294944408617448
732,866,134,0.134,0.12240554515877738
698,849,151,0.151,0.14099535050505074
724,862,138,0.138,0.14923748311848611
722,861,139,0.139,0.12611841744114644
706,853,147,0.147,0.1314716153020927
694,847,153,0.153,0.1473591218937654
722,861,139,0.139,0.13514469510951313
684,842,158,0.158,0.147729538601081
686,843,157,0.157,0.14733585246981237
722,861,139,0.139,0.16054380665901408
724,862,138,0.138,0.13303989681683015
738,869,131,0.131,0.14144754668680254
736,868,132,0.132,0.13344183939811774
714,857,143,0.143,0.14024962533364305
684,842,158,0.158,0.16005941042679478
692,846,154,0.154,0.13687780969987215
714,857,143,0.143,0.13491427076619583
680,840,160,0.16,0.15822557816049085
704,852,148,0.148,0.15901119373115943
684,842,158,0.158,0.14565475811774375
724,862,138,0.138,0.1546778618575554
758,879,121,0.121,0.13637808224338527
710,855,145,0.145,0.1676932565731113
678,839,161,0.161,0.15653949535131687
720,860,140,0.14,0.14691886384261307
716,858,142,0.142,0.1428765191794373
632,816,184,0.184,0.16830120790807995
712,856,144,0.144,0.15253020531567746
754,877,123,0.123,0.1469093046747148
696,848,152,0.152,0.15265128349111182
716,858,142,0.142,0.15562168624528566
718,859,141,0.141,0.16256768039194866
714,857,143,0.143,0.15922898290702142
716,858,142,0.142,0.16892056889925153
702,851,149,0.149,0.1576018761495943
766,883,117,0.117,0.14883190753520467
688,844,156,0.156,0.1626618628304568
750,875,125,0.125,0.16252906709973466
728,864,136,0.136,0.1415773294007522
742,871,129,0.129,0.158971262994688
684,842,158,0.158,0.16549975372334302
680,840,160,0.16,0.17171436028112658
704,852,148,0.148,0.16487937209871598
692,846,154,0.154,0.15090775546286023
714,857,143,0.143,0.14474507933453423
676,838,162,0.162,0.16386656575766392
748,874,126,0.126,0.15706481058278587
724,862,138,0.138,0.1602448073872074
686,843,157,0.157,0.17263083743992957
742,871,129,0.129,0.15314478266204243
712,856,144,0.144,0.15180204420769589
744,872,128,0.128,0.15134835599659255
770,885,115,0.115,0.152839991842804
700,850,150,0.15,0.1524183402923518
724,862,138,0.138,0.1540288384345913
736,868,132,0.132,0.15727322685089892
682,841,159,0.159,0.16026083065435523
732,866,134,0.134,0.1514577407484685
736,868,132,0.132,0.16643870006594808
728,864,136,0.136,0.1625867786623421
660,830,170,0.17,0.15844366278802044
756,878,122,0.122,0.15784074916049212
730,865,135,0.135,0.1587249071894912
710,855,145,0.145,0.153377362542029
726,863,137,0.137,0.14771105340356008
728,864,136,0.136,0.18080252929544077
716,858,142,0.142,0.16446940425224602
756,878,122,0.122,0.15060799157743168
714,857,143,0.143,0.1439116503748519
726,863,137,0.137,0.1335026197443367
730,865,135,0.135,0.15027426138310693
770,885,115,0.115,0.1541599373188801
704,852,148,0.148,0.15650377976003801
740,870,130,0.13,0.15707735657208832
702,851,149,0.149,0.15357730906609504
732,866,134,0.134,0.14495373976937845
734,867,133,0.133,0.14677021193166728
770,885,115,0.115,0.14518266522657358
728,864,136,0.136,0.15352706321858567
678,839,161,0.161,0.15095437663362826
706,853,147,0.147,0.15934045149968007
730,865,135,0.135,0.16586949507379906
732,866,134,0.134,0.14672852341923862
712,856,144,0.144,0.1721623795515625
734,867,133,0.133,0.14627927067910787
702,851,149,0.149,0.1496808955205852
734,867,133,0.133,0.1648390866506379
696,848,152,0.152,0.1708456496510189
686,843,157,0.157,0.1451424081508303
700,850,150,0.15,0.16177535135572543
720,860,140,0.14,0.16216410379173976
738,869,131,0.131,0.16224423877136723
772,886,114,0.114,0.14894860436115415
726,863,137,0.137,0.16132835600944237
662,831,169,0.169,0.16734880450402853
680,840,160,0.16,0.17382962649746334
708,854,146,0.146,0.14944622497764068
734,867,133,0.133,0.1467005721280293
700,850,150,0.15,0.1468259786129929
736,868,132,0.132,0.13970703389430128
702,851,149,0.149,0.1500668833051459
706,853,147,0.147,0.1494825823260471
684,842,158,0.158,0.18279067847854458
756,878,122,0.122,0.14822177820513024
710,855,145,0.145,0.14248616800340824
738,869,131,0.131,0.14296804488403722
730,865,135,0.135,0.16884761832980438
694,847,153,0.153,0.15459903382055562
726,863,137,0.137,0.15750927964248695
748,874,126,0.126,0.15361189125385136
766,883,117,0.117,0.14457203599854257
674,837,163,0.163,0.16448056641987932
714,857,143,0.143,0.14736820019892183
690,845,155,0.155,0.15878687709732914
730,865,135,0.135,0.15848613603474224
740,870,130,0.13,0.14691293135168962
684,842,158,0.158,0.14888362429797053
656,828,172,0.172,0.16656685541872868
690,845,155,0.155,0.14509436261036898
714,857,143,0.143,0.15040609403396957
696,848,152,0.152,0.161279532127548
696,848,152,0.152,0.16895213150780183
656,828,172,0.172,0.1661226588936406
782,891,109,0.109,0.168534810144949
638,819,181,0.181,0.19535408264253057
740,870,130,0.13,0.15233305937005207
722,861,139,0.139,0.17431369251036086
696,848,152,0.152,0.1682766261678189
656,828,172,0.172,0.19487137240325683
668,834,166,0.166,0.18582913508627097
728,864,136,0.136,0.16814085852517746
794,897,103,0.103,0.1796733066412853
748,874,126,0.126,0.1821478143441491
722,861,139,0.139,0.17896043545008433
688,844,156,0.156,0.1769786014324054
734,867,133,0.133,0.2006308991694823
792,896,104,0.104,0.18663275897200218
634,817,183,0.183,0.19330313337314875
674,837,163,0.163,0.19494988225586712
704,852,148,0.148,0.18624500329396687
738,869,131,0.131,0.1920422345622719
762,881,119,0.119,0.19621514928154649
722,861,139,0.139,0.19252895154454747
718,859,141,0.141,0.21495891404384748
708,854,146,0.146,0.21108642999263247
702,851,149,0.149,0.20654188529599923
720,860,140,0.14,0.21812806304440893
734,867,133,0.133,0.22743029252113775
688,844,156,0.156,0.22182116976566613
748,874,126,0.126,0.2296700083715841
656,828,172,0.172,0.2444722508434206
704,852,148,0.148,0.20674802181124688
690,845,155,0.155,0.25034555641375483
732,866,134,0.134,0.22498471911763773
708,854,146,0.146,0.21707344034384005
700,850,150,0.15,0.23415881597751287
712,856,144,0.144,0.2142309619593434
708,854,146,0.146,0.20854257662408054
734,867,133,0.133,0.20970069323293863
742,871,129,0.129,0.20735350682027637
716,858,142,0.142,0.22405476629175244
660,830,170,0.17,0.21356238666782157
708,854,146,0.146,0.20818362113111652
714,857,143,0.143,0.22223758224537596
720,860,140,0.14,0.23491573260258883
710,855,145,0.145,0.21269431174639614
722,861,139,0.139,0.21906469966610895
712,856,144,0.144,0.22624881195044144
730,865,135,0.135,0.21450610976223833
714,857,143,0.143,0.22289316092059017
706,853,147,0.147,0.25831286734202874
740,870,130,0.13,0.24578188554476946
688,844,156,0.156,0.22164489278243854
736,868,132,0.132,0.22097460602968932
692,846,154,0.154,0.2116477193236351
636,818,182,0.182,0.22406124848825856
702,851,149,0.149,0.2311284430483356
688,844,156,0.156,0.21183810730226105
748,874,126,0.126,0.22889143335726111
700,850,150,0.15,0.20905086649255827
764,882,118,0.118,0.22961027521640062
714,857,143,0.143,0.2362673297750298
736,868,132,0.132,0.21730313334276435
740,870,130,0.13,0.2001160524985753
712,856,144,0.144,0.2144493846136611
700,850,150,0.15,0.21031744203949349
702,851,149,0.149,0.21048355785617606
758,879,121,0.121,0.2119368192050606
738,869,131,0.131,0.2021194730643183
690,845,155,0.155,0.19899424132471905
726,863,137,0.137,0.20651944233779795
756,878,122,0.122,0.20408963946714356
694,847,153,0.153,0.19806440082612972
780,890,110,0.11,0.19574592772312463
642,821,179,0.179,0.22079143252794164
688,844,156,0.156,0.21462217086507007
690,845,155,0.155,0.19968992158630863
726,863,137,0.137,0.21543085954140406
736,868,132,0.132,0.2018119402611628
708,854,146,0.146,0.19531699951691553
698,849,151,0.151,0.19786706278985366
636,818,182,0.182,0.22518224110885057
742,871,129,0.129,0.2176147068894934
712,856,144,0.144,0.20672600464662538
686,843,157,0.157,0.20252943576034158
676,838,162,0.162,0.19864388914057055
762,881,119,0.119,0.18881985421944408
710,855,145,0.145,0.21624583382485435
702,851,149,0.149,0.20618974753422661
712,856,144,0.144,0.2129589024959132
762,881,119,0.119,0.20978702555013296
670,835,165,0.165,0.2080337463556789
726,863,137,0.137,0.2044561554598622
750,875,125,0.125,0.2116605201009661
682,841,159,0.159,0.2014332899780711
770,885,115,0.115,0.20491452039522118
744,872,128,0.128,0.20831546347611585
690,845,155,0.155,0.214957043370232
680,840,160,0.16,0.23166157434368506
710,855,145,0.145,0.2037409547904972
650,825,175,0.175,0.23203320632106625
746,873,127,0.127,0.19697752137854696
738,869,131,0.131,0.21422779456432908
674,837,163,0.163,0.21952682537864893
722,861,139,0.139,0.2142928490859922
728,864,136,0.136,0.2110200024531223
754,877,123,0.123,0.21714698152523487
734,867,133,0.133,0.2134515127558261
702,851,149,0.149,0.2027621905943379
760,880,120,0.12,0.20457081394118723
750,875,125,0.125,0.216514820658369
748,874,126,0.126,0.2212725222571753
688,844,156,0.156,0.2336749735539779
726,863,137,0.137,0.21209543715044857
716,858,142,0.142,0.2229421617873013
786,893,107,0.107,0.24265453535364942
702,851,149,0.149,0.2227422089604661
644,822,178,0.178,0.2316308486307971
732,866,134,0.134,0.21406082963163497
712,856,144,0.144,0.21135005506221205
762,881,119,0.119,0.21304011954925955
702,851,149,0.149,0.21885348260123283
698,849,151,0.151,0.21555182317644359
700,850,150,0.15,0.24002375282393767
754,877,123,0.123,0.19018232241319494
700,850,150,0.15,0.22997463968489318
662,831,169,0.169,0.2303351867434103
700,850,150,0.15,0.22294198487699032
704,852,148,0.148,0.2401440712402109
742,871,129,0.129,0.21665773506369443
718,859,141,0.141,0.2513203418427147
728,864,136,0.136,0.21095011388976126
756,878,122,0.122,0.18900947183929384
630,815,185,0.185,0.2357500809649937
720,860,140,0.14,0.21178369497368113
704,852,148,0.148,0.21274566342169418
706,853,147,0.147,0.19864836123463464
728,864,136,0.136,0.21834466292150317
778,889,111,0.111,0.21630948238261044
738,869,131,0.131,0.21333590591605753
760,880,120,0.12,0.20881990451505408
776,888,112,0.112,0.2091067712106742
730,865,135,0.135,0.20622096516098828
728,864,136,0.136,0.20753833045385545
724,862,138,0.138,0.20364117960631847
702,851,149,0.149,0.2031573061258532
704,852,148,0.148,0.19717533017043024
736,868,132,0.132,0.19823351649846882
746,873,127,0.127,0.20153108580573462
654,827,173,0.173,0.22396219401527195
662,831,169,0.169,0.19841421661153436
704,852,148,0.148,0.2059152012334671
732,866,134,0.134,0.19193461475800722
680,840,160,0.16,0.2037864609215758
664,832,168,0.168,0.20105665209144355
690,845,155,0.155,0.2056736835304764
698,849,151,0.151,0.18078517636051403
710,855,145,0.145,0.17926272902777418
742,871,129,0.129,0.19510626026371028
656,828,172,0.172,0.1912692677071318
760,880,120,0.12,0.18354934484814295
704,852,148,0.148,0.18243032611790114
718,859,141,0.141,0.16864244920643978
688,844,156,0.156,0.1828634357638657
756,878,122,0.122,0.18358239379909355
740,870,130,0.13,0.1725587674076669
742,871,129,0.129,0.1721993598975241
670,835,165,0.165,0.16462239323253744
740,870,130,0.13,0.16667466073413378
692,846,154,0.154,0.17937788142915814
746,873,127,0.127,0.17446470570086967
650,825,175,0.175,0.17315540930471615
708,854,146,0.146,0.16320870892860695
702,851,149,0.149,0.16558402496529742
736,868,132,0.132,0.18636359004117548
720,860,140,0.14,0.16643967737955973
722,861,139,0.139,0.16814834042277652
696,848,152,0.152,0.16660416004061698
760,880,120,0.12,0.16629033324396006
712,856,144,0.144,0.17196646712115035
754,877,123,0.123,0.16400105843669735
730,865,135,0.135,0.1793633182044141
702,851,149,0.149,0.16445668745972217
688,844,156,0.156,0.1575181577723706
734,867,133,0.133,0.16120632398634915
734,867,133,0.133,0.15970756591460666
720,860,140,0.14,0.17522267128620297
744,872,128,0.128,0.13715712064155378
692,846,154,0.154,0.16519273732649162
702,851,149,0.149,0.14807719525671564
790,895,105,0.105,0.15856035317166242
736,868,132,0.132,0.13679767813294894
708,854,146,0.146,0.15252783452940638
716,858,142,0.142,0.14510147776291707
770,885,115,0.115,0.1444868649467826
702,851,149,0.149,0.16572646711370909
742,871,129,0.129,0.15861511415836868
692,846,154,0.154,0.15556667067855595
764,882,118,0.118,0.15000262587633914
750,875,125,0.125,0.14268969222914893
710,855,145,0.145,0.15860033085395117
782,891,109,0.109,0.15656543593818786
720,860,140,0.14,0.146049701135722
730,865,135,0.135,0.14781416587345303
732,866,134,0.134,0.1421586045246804
768,884,116,0.116,0.16825862598931418
722,861,139,0.139,0.14813995732041077
736,868,132,0.132,0.1439654396449623
688,844,156,0.156,0.15370355469570496
712,856,144,0.144,0.1503138589176815
788,894,106,0.106,0.15640163131715962
698,849,151,0.151,0.14711755102325696
676,838,162,0.162,0.15716667835880072
704,852,148,0.148,0.16183754714112727
736,868,132,0.132,0.1464407222190057
750,875,125,0.125,0.13372951370396186
726,863,137,0.137,0.1467259294524556
754,877,123,0.123,0.13935016934160377
710,855,145,0.145,0.15088557792501525
764,882,118,0.118,0.14669163477641997
724,862,138,0.138,0.1562354393459973
716,858,142,0.142,0.16475914831628324
760,880,120,0.12,0.1526931248194305
762,881,119,0.119,0.15031543050901383
700,850,150,0.15,0.15300021408205794
738,869,131,0.131,0.16517614684498402
674,837,163,0.163,0.16888132714200765
720,860,140,0.14,0.17551509895565687
726,863,137,0.137,0.14577825695741922
726,863,137,0.137,0.148391301081283
710,855,145,0.145,0.17393832035548984
718,859,141,0.141,0.154552401144756
748,874,126,0.126,0.1564806685282383
722,861,139,0.139,0.16113912866183092
722,861,139,0.139,0.1576400172347203
726,863,137,0.137,0.16893217645399272
700,850,150,0.15,0.15260625955439172
766,883,117,0.117,0.15965291285590502
704,852,148,0.148,0.16589443912846036
732,866,134,0.134,0.17439994681114332
706,853,147,0.147,0.1830254406402819
730,865,135,0.135,0.15074410001304933
700,850,150,0.15,0.1728939625020139
782,891,109,0.109,0.16321543766721153
790,895,105,0.105,0.16989169228449463
712,856,144,0.144,0.17268465009331704
672,836,164,0.164,0.18210859607610475
658,829,171,0.171,0.17840325048210798
708,854,146,0.146,0.15664983903011306
740,870,130,0.13,0.1664351936476305
762,881,119,0.119,0.1714995513886679
718,859,141,0.141,0.16665038371132687
702,851,149,0.149,0.1640894370363094
696,848,152,0.152,0.1673276491793804
680,840,160,0.16,0.17432677748221612
696,848,152,0.152,0.16300396035285666
740,870,130,0.13,0.18814178346004337
682,841,159,0.159,0.15493140454893
794,897,103,0.103,0.1659398632045486
752,876,124,0.124,0.15789688543705052
750,875,125,0.125,0.1622065441014711
724,862,138,0.138,0.16733675228426
680,840,160,0.16,0.16446589576127008
742,871,129,0.129,0.1611234208556125
752,876,124,0.124,0.1514413764036726
752,876,124,0.124,0.16211059579369613
746,873,127,0.127,0.16852415085380199
748,874,126,0.126,0.15622237136116018
676,838,162,0.162,0.17482647921913302
688,844,156,0.156,0.1722012666207738
736,868,132,0.132,0.16871815261786105
712,856,144,0.144,0.1586473718440393
734,867,133,0.133,0.15457887300662695
752,876,124,0.124,0.1765119477394619
772,886,114,0.114,0.16525123799592256
700,850,150,0.15,0.1727285526106134
710,855,145,0.145,0.1788752140426077
728,864,136,0.136,0.16068817614321598
718,859,141,0.141,0.1588281862308504
672,836,164,0.164,0.17808156196796335
778,889,111,0.111,0.16986526969308033
760,880,120,0.12,0.17467137503274716
730,865,135,0.135,0.17274027238995768
748,874,126,0.126,0.1518915982823528
742,871,129,0.129,0.170290973611176
680,840,160,0.16,0.16126455778768287
720,860,140,0.14,0.15492641268344595
744,872,128,0.128,0.14580218229908495
714,857,143,0.143,0.16396787966415285
698,849,151,0.151,0.16222507454059087
770,885,115,0.115,0.144196142364759
724,862,138,0.138,0.15475648607639597
738,869,131,0.131,0.1539602678983065
734,867,133,0.133,0.1522673932465259
738,869,131,0.131,0.1626159417386989
744,872,128,0.128,0.13155562725849448
742,871,129,0.129,0.15873094069305807
732,866,134,0.134,0.13735900921048597
700,850,150,0.15,0.15251019565644675
710,855,145,0.145,0.14627390018146252
748,874,126,0.126,0.13916071022977122
688,844,156,0.156,0.13808141707023605
722,861,139,0.139,0.14740605635056273
706,853,147,0.147,0.12058505063108169
736,868,132,0.132,0.13160054623521864
740,870,130,0.13,0.14344150376180187
740,870,130,0.13,0.14281195608654526
682,841,159,0.159,0.13846207858862908
706,853,147,0.147,0.13068905210982848
718,859,141,0.141,0.1331025995905511
716,858,142,0.142,0.12174852831434692
686,843,157,0.157,0.13292642547722788
696,848,152,0.152,0.12084702390409074
666,833,167,0.167,0.1233877411915455
762,881,119,0.119,0.14446166653325782
726,863,137,0.137,0.1235278884605359
742,871,129,0.129,0.11962543899705634
710,855,145,0.145,0.11754060244135325
696,848,152,0.152,0.1317579088943312
770,885,115,0.115,0.12974098101491108
700,850,150,0.15,0.13576197037362728
758,879,121,0.121,0.13904515208699741
728,864,136,0.136,0.13801187904411927
720,860,140,0.14,0.149166396266839
714,857,143,0.143,0.15463644854119046
756,878,122,0.122,0.1347173494595336
720,860,140,0.14,0.15632995093567298
708,854,146,0.146,0.13330794729012996
738,869,131,0.131,0.13651191505240423
742,871,129,0.129,0.13833657278609462
794,897,103,0.103,0.14534417663764906
756,878,122,0.122,0.15968844302464277
742,871,129,0.129,0.14317770225554705
726,863,137,0.137,0.15373035804368557
754,877,123,0.123,0.1719853086170042
734,867,133,0.133,0.16667338212829783
712,856,144,0.144,0.16043690257053822
680,840,160,0.16,0.1558288988879649
690,845,155,0.155,0.1607657348314533
700,850,150,0.15,0.16076320200390182
756,878,122,0.122,0.16922094221180306
722,861,139,0.139,0.1744685867381777
696,848,152,0.152,0.16945679863443366
694,847,153,0.153,0.1817700998187065
764,882,118,0.118,0.16563522188714705
692,846,154,0.154,0.16335795474709447
694,847,153,0.153,0.18235684289340862
766,883,117,0.117,0.15514697901438923
692,846,154,0.154,0.17644950263889042
710,855,145,0.145,0.17002283681638072
732,866,134,0.134,0.17236835400387646
700,850,150,0.15,0.17420540467329557
762,881,119,0.119,0.170804096726235
728,864,136,0.136,0.15601442275801675
690,845,155,0.155,0.1704226866599638
716,858,142,0.142,0.18296669358403597
750,875,125,0.125,0.1660598301924765
676,838,162,0.162,0.16159371279529297
738,869,131,0.131,0.16653541165811475
708,854,146,0.146,0.16702630167175084
724,862,138,0.138,0.16481887550745158
806,903,97,0.097,0.15571143391542136
696,848,152,0.152,0.1445364961307496
708,854,146,0.146,0.1794886990027735
698,849,151,0.151,0.16693402552045883
730,865,135,0.135,0.15271612100116908
742,871,129,0.129,0.17044776384928265
800,900,100,0.1,0.17432553031502176
624,812,188,0.188,0.17539826555736363
696,848,152,0.152,0.16282665049424394
720,860,140,0.14,0.18724770744121633
714,857,143,0.143,0.1586825518530677
766,883,117,0.117,0.17259925416158511
682,841,159,0.159,0.17025649193336723
706,853,147,0.147,0.17474942309223115
712,856,144,0.144,0.16880424745054914
672,836,164,0.164,0.16866550420175191
736,868,132,0.132,0.15549534705700352
732,866,134,0.134,0.15957690905360505
704,852,148,0.148,0.17384055012627506
698,849,151,0.151,0.17788355327327735
688,844,156,0.156,0.16025959333381615
698,849,151,0.151,0.17733040095097385
714,857,143,0.143,0.15994386347563705
730,865,135,0.135,0.1734577489841031
718,859,141,0.141,0.17239271751372143
760,880,120,0.12,0.1574409572663717
648,824,176,0.176,0.17197057540458627
692,846,154,0.154,0.15844157317560167
760,880,120,0.12,0.1454840115015395
704,852,148,0.148,0.15530104064039188
752,876,124,0.124,0.16780314964300488
774,887,113,0.113,0.17222753607016056
752,876,124,0.124,0.1699561798335053
740,870,130,0.13,0.15969088682951404
716,858,142,0.142,0.16393047786678652
730,865,135,0.135,0.16048028564313427
666,833,167,0.167,0.15891883320448688
634,817,183,0.183,0.16310602139821276
740,870,130,0.13,0.15577128406334667
720,860,140,0.14,0.14158044144022278
740,870,130,0.13,0.14923786104330794
726,863,137,0.137,0.14656945360265672
686,843,157,0.157,0.16033943673520115
734,867,133,0.133,0.15506567208212801
714,857,143,0.143,0.13927995196403936
630,815,185,0.185,0.155415276732645
702,851,149,0.149,0.1478744746852899
778,889,111,0.111,0.13707674555131233
722,861,139,0.139,0.1550722149198409
734,867,133,0.133,0.14194518145377516
802,901,99,0.099,0.13433091914374382
780,890,110,0.11,0.11657734008249827
664,832,168,0.168,0.14578431922849266
692,846,154,0.154,0.1394371461136034
730,865,135,0.135,0.13828367724322016
714,857,143,0.143,0.11341481986036524
754,877,123,0.123,0.11843737684097141
758,879,121,0.121,0.12783612396847457
730,865,135,0.135,0.11561178272712277
738,869,131,0.131,0.10781913358316524
700,850,150,0.15,0.12563885386288165
724,862,138,0.138,0.12005888389481698
662,831,169,0.169,0.12266919127921574
724,862,138,0.138,0.10102247273083777
666,833,167,0.167,0.13152569897519426
730,865,135,0.135,0.11643778472143458
684,842,158,0.158,0.10655019762966549
710,855,145,0.145,0.11781231749532162
680,840,160,0.16,0.1153308603913756
774,887,113,0.113,0.11728405413409927
724,862,138,0.138,0.10940390848836978
752,876,124,0.124,0.10131471617892385
746,873,127,0.127,0.10935611525271088
698,849,151,0.151,0.11210366079738014
736,868,132,0.132,0.1135291112617997
710,855,145,0.145,0.11816568607877707
652,826,174,0.174,0.12495207760378253
678,839,161,0.161,0.11659377651725662
746,873,127,0.127,0.11932702806330053
726,863,137,0.137,0.1166737776199152
770,885,115,0.115,0.12606989272322972
746,873,127,0.127,0.11591675724368543
702,851,149,0.149,0.11656745374470484
750,875,125,0.125,0.1221003659964772
724,862,138,0.138,0.11218566668475978
718,859,141,0.141,0.10277428501838586
768,884,116,0.116,0.11691784200671827
702,851,149,0.149,0.11206934730801732
752,876,124,0.124,0.11798997570667416
760,880,120,0.12,0.10599197906686458
702,851,149,0.149,0.11782118220689518
742,871,129,0.129,0.1256713113708538
718,859,141,0.141,0.12182537137513282
700,850,150,0.15,0.12453543891548179
650,825,175,0.175,0.0996864820943174
710,855,145,0.145,0.12799694083356009
710,855,145,0.145,0.10960517654626165
698,849,151,0.151,0.10631666244080407
724,862,138,0.138,0.10614824698120355
758,879,121,0.121,0.10497177349092089
740,870,130,0.13,0.1198762526587816
738,869,131,0.131,0.10878722681166254
726,863,137,0.137,0.10591556711604062
742,871,129,0.129,0.10819161714892835
772,886,114,0.114,0.12403529497561977
694,847,153,0.153,0.12430152869661105
742,871,129,0.129,0.12070602886291454
744,872,128,0.128,0.09902716841502116
738,869,131,0.131,0.11848782635724638
636,818,182,0.182,0.12709860431042033
694,847,153,0.153,0.12103272871789522
730,865,135,0.135,0.11605369486605924
692,846,154,0.154,0.11173836236391799
762,881,119,0.119,0.12018917113589123
774,887,113,0.113,0.1149289903222234
704,852,148,0.148,0.10875731639144942
716,858,142,0.142,0.11524942199830548
670,835,165,0.165,0.12536728219280485
726,863,137,0.137,0.11614545268792426
736,868,132,0.132,0.12335464762710034
684,842,158,0.158,0.12397865115921013
694,847,153,0.153,0.1272036259158631
710,855,145,0.145,0.1258603110052645
750,875,125,0.125,0.13624930191598833
764,882,118,0.118,0.11146712369506713
722,861,139,0.139,0.12835090153303463
732,866,134,0.134,0.12222453460461111
716,858,142,0.142,0.11769970333902165
666,833,167,0.167,0.11760705228534062
682,841,159,0.159,0.12990155204641632
722,861,139,0.139,0.13492361344158416
748,874,126,0.126,0.11821829715382773
720,860,140,0.14,0.1311939673480556
700,850,150,0.15,0.14043199381872545
702,851,149,0.149,0.11402378053049324
692,846,154,0.154,0.1333025984718697
754,877,123,0.123,0.11750893836084288
702,851,149,0.149,0.13318639932113002
738,869,131,0.131,0.11519388879777398
734,867,133,0.133,0.11799833876959746
732,866,134,0.134,0.12046220395166893
726,863,137,0.137,0.11875980586803053
710,855,145,0.145,0.12642355237132868
740,870,130,0.13,0.11978173376549967
718,859,141,0.141,0.11347650221642107
698,849,151,0.151,0.12641185197944288
792,896,104,0.104,0.11452910799859092
772,886,114,0.114,0.11740721539518563
756,878,122,0.122,0.11787644853902748
682,841,159,0.159,0.13178301206180185
738,869,131,0.131,0.12841583020589314
654,827,173,0.173,0.11697161311138188
732,866,134,0.134,0.12336821298929862
752,876,124,0.124,0.11683606829485144
764,882,118,0.118,0.1259242172801023
724,862,138,0.138,0.12628616529820647
696,848,152,0.152,0.11889701227471232
696,848,152,0.152,0.11541070091264555
706,853,147,0.147,0.11608708609075984
744,872,128,0.128,0.13341446030727822
718,859,141,0.141,0.12194727824802976
732,866,134,0.134,0.13331912257598014
702,851,149,0.149,0.13671088632475584
704,852,148,0.148,0.11718105555235525
738,869,131,0.131,0.12018549095129129
706,853,147,0.147,0.13286428346240428
690,845,155,0.155,0.14212878411158453
746,873,127,0.127,0.1329187439265661
740,870,130,0.13,0.1388977738916874
744,872,128,0.128,0.12495719167299103
706,853,147,0.147,0.12824228518491146
762,881,119,0.119,0.12546201615518657
726,863,137,0.137,0.12821051870449446
658,829,171,0.171,0.13221271800229442
718,859,141,0.141,0.1209873921382823
728,864,136,0.136,0.14737620794645045
668,834,166,0.166,0.13828992784814909
682,841,159,0.159,0.1308434688212874
730,865,135,0.135,0.12534362550626973
704,852,148,0.148,0.14171433717370382
704,852,148,0.148,0.12976920832866018
698,849,151,0.151,0.14187794585342636
694,847,153,0.153,0.11532539816800272
726,863,137,0.137,0.13222645744914188
704,852,148,0.148,0.13200957356143045
704,852,148,0.148,0.1205473154351348
762,881,119,0.119,0.12668544117402053
740,870,130,0.13,0.13330423455685378
762,881,119,0.119,0.12594915975560433
718,859,141,0.141,0.14056210692157037
686,843,157,0.157,0.12512656565220096
702,851,149,0.149,0.13177919397660298
752,876,124,0.124,0.12499628415703773
756,878,122,0.122,0.1267825918463059
720,860,140,0.14,0.1291314950971864
726,863,137,0.137,0.12718666115938687
744,872,128,0.128,0.13185350516956532
740,870,130,0.13,0.13439950871886686
752,876,124,0.124,0.14126363552670226
752,876,124,0.124,0.12557788662408711
740,870,130,0.13,0.1062154633961618
668,834,166,0.166,0.13588852897332981
732,866,134,0.134,0.1281084548404906
704,852,148,0.148,0.11808248352003284
782,891,109,0.109,0.109034830897348
694,847,153,0.153,0.10515888799412641
768,884,116,0.116,0.11117869442899246
722,861,139,0.139,0.11374826391716487
776,888,112,0.112,0.10949143552477472
742,871,129,0.129,0.12375705030304379
716,858,142,0.142,0.11418875294050668
726,863,137,0.137,0.11613158757405471
686,843,157,0.157,0.11078258849366103
718,859,141,0.141,0.11091671168895846
734,867,133,0.133,0.12726969171696692
682,841,159,0.159,0.11852351491560693
730,865,135,0.135,0.11170683670206927
720,860,140,0.14,0.09922574072086718
702,851,149,0.149,0.11203142248588847
720,860,140,0.14,0.11080205094569828
770,885,115,0.115,0.10132955970801413
738,869,131,0.131,0.09719458125182427
730,865,135,0.135,0.10760316804984177
798,899,101,0.101,0.09727078156982316
728,864,136,0.136,0.10414497728881543
742,871,129,0.129,0.09195492668441148
736,868,132,0.132,0.09934014574217144
728,864,136,0.136,0.10210421814148139
704,852,148,0.148,0.10387454076157883
716,858,142,0.142,0.10289290362199245
728,864,136,0.136,0.0966048733360658
790,895,105,0.105,0.09166848174459301
742,871,129,0.129,0.08415920411929255
734,867,133,0.133,0.09429725084768142
734,867,133,0.133,0.09524889669526601
716,858,142,0.142,0.08995929989923025
728,864,136,0.136,0.0821922283916938
754,877,123,0.123,0.09082567231962457
772,886,114,0.114,0.09492291732039303
732,866,134,0.134,0.09288236202005647
704,852,148,0.148,0.08558560902054888
722,861,139,0.139,0.07123486203459378
718,859,141,0.141,0.0761638510490302
746,873,127,0.127,0.09015104570257426
708,854,146,0.146,0.0930266970032244
718,859,141,0.141,0.08242574339162093
718,859,141,0.141,0.08336703766629217
722,861,139,0.139,0.08165868300833973
706,853,147,0.147,0.08382033821279765
678,839,161,0.161,0.08930292217811803
736,868,132,0.132,0.08837966783961747
756,878,122,0.122,0.0864381120561011
718,859,141,0.141,0.08271451528577017
718,859,141,0.141,0.09334171947464347
730,865,135,0.135,0.08213791036777547
712,856,144,0.144,0.06709115687101075
730,865,135,0.135,0.0801341728088737
770,885,115,0.115,0.08956740765908398
688,844,156,0.156,0.0893771479623174
694,847,153,0.153,0.08327545685163568
710,855,145,0.145,0.0792316865168832
688,844,156,0.156,0.08361785160837462
726,863,137,0.137,0.08316664541850333
758,879,121,0.121,0.07611049195041414
718,859,141,0.141,0.07349245488882297
746,873,127,0.127,0.07462923813139787
722,861,139,0.139,0.07881376407983498
726,863,137,0.137,0.07914344524794432
752,876,124,0.124,0.07670468888997312
730,865,135,0.135,0.07947663957282203
750,875,125,0.125,0.07553239874838619
710,855,145,0.145,0.08326274010716042
720,860,140,0.14,0.08992779493026319
712,856,144,0.144,0.07747647901967139
708,854,146,0.146,0.07794219895053539
724,862,138,0.138,0.07577025592322388
726,863,137,0.137,0.07806512893910986
746,873,127,0.127,0.07756326469383203
766,883,117,0.117,0.08329487525785226
712,856,144,0.144,0.08906390527308394
780,890,110,0.11,0.08753982742474181
702,851,149,0.149,0.0873301300535677
724,862,138,0.138,0.08023224349302473
688,844,156,0.156,0.08995630507409805
706,853,147,0.147,0.07605011997232214
734,867,133,0.133,0.07510412504285341
734,867,133,0.133,0.08155446609554928
722,861,139,0.139,0.07272172986745136
756,878,122,0.122,0.0694610071600473
702,851,149,0.149,0.08895342404377879
706,853,147,0.147,0.09072969577577897
676,838,162,0.162,0.07093883883788658
686,843,157,0.157,0.08320451132187737
714,857,143,0.143,0.07582559316368838
740,870,130,0.13,0.07273592254087408
728,864,136,0.136,0.08440695999648597
762,881,119,0.119,0.07656883487392042
750,875,125,0.125,0.07582021276459272
718,859,141,0.141,0.06633015969023108
692,846,154,0.154,0.07920913462269527
670,835,165,0.165,0.0762929873972971
762,881,119,0.119,0.09110658927704207
746,873,127,0.127,0.08642994253268262
758,879,121,0.121,0.09458100429452315
744,872,128,0.128,0.08218020435480866
700,850,150,0.15,0.07966942053950697
698,849,151,0.151,0.09000180539643042
728,864,136,0.136,0.08430264923215146
706,853,147,0.147,0.0833709465964057
726,863,137,0.137,0.0701140761993447
752,876,124,0.124,0.08406877860665554
736,868,132,0.132,0.09306678212252882
756,878,122,0.122,0.06944724112952463
688,844,156,0.156,0.07647693869240174
744,872,128,0.128,0.09049277532257838
682,841,159,0.159,0.06997640105284518
754,877,123,0.123,0.0862576413032366
710,855,145,0.145,0.07149303105752187
740,870,130,0.13,0.08452244668867206
706,853,147,0.147,0.06966709676961182
748,874,126,0.126,0.06301018103558453
740,870,130,0.13,0.0872723019703808
734,867,133,0.133,0.0788323629487204
744,872,128,0.128,0.06511628355484572
752,876,124,0.124,0.07854221629659879
714,857,143,0.143,0.07978471082041506
676,838,162,0.162,0.08360222614288795
686,843,157,0.157,0.07183314359931682
664,832,168,0.168,0.08836925797905315
788,894,106,0.106,0.06995420227075738
764,882,118,0.118,0.08760887842804368
726,863,137,0.137,0.06858231776571483
766,883,117,0.117,0.06681118655187311
742,871,129,0.129,0.06651391381830035
714,857,143,0.143,0.07272293720484595
674,837,163,0.163,0.0752397635023226
778,889,111,0.111,0.06768069341917363
698,849,151,0.151,0.07997519111083602
722,861,139,0.139,0.07546293317994424
678,839,161,0.161,0.08422173776752606
752,876,124,0.124,0.07262532603524051
748,874,126,0.126,0.06853551382158185
734,867,133,0.133,0.06745599895609485
726,863,137,0.137,0.07839867541438435
738,869,131,0.131,0.057888279298354064
718,859,141,0.141,0.07885176734552078
722,861,139,0.139,0.08494626377277018
736,868,132,0.132,0.07941454637602147
740,870,130,0.13,0.06502533368844889
756,878,122,0.122,0.07941310182583403
716,858,142,0.142,0.07642065983857901
736,868,132,0.132,0.06683565147243825
696,848,152,0.152,0.06563950116296564
730,865,135,0.135,0.07552463244399404
652,826,174,0.174,0.07540817313936168
786,893,107,0.107,0.0650414207810536
708,854,146,0.146,0.06790201222847099
750,875,125,0.125,0.06491176064945467
742,871,129,0.129,0.06193251346477143
724,862,138,0.138,0.06727138409411781
718,859,141,0.141,0.062425198546072355
728,864,136,0.136,0.07672088941787661
696,848,152,0.152,0.059995534797606526
746,873,127,0.127,0.05994964077808254
764,882,118,0.118,0.0769842933800246
686,843,157,0.157,0.063340157968516
742,871,129,0.129,0.07183643291133558
742,871,129,0.129,0.0629408429187315
696,848,152,0.152,0.07637087533879094
716,858,142,0.142,0.063849490552544
784,892,108,0.108,0.05901573987123993
760,880,120,0.12,0.07386226494687799
734,867,133,0.133,0.06102518204450462
734,867,133,0.133,0.07214557647469337
776,888,112,0.112,0.06654387746202702
680,840,160,0.16,0.07682929611136205
716,858,142,0.142,0.06759346852517774
772,886,114,0.114,0.07642175252174638
792,896,104,0.104,0.06920815384066373
724,862,138,0.138,0.07650474609437515
726,863,137,0.137,0.06994969381793635
786,893,107,0.107,0.07421389969129814
754,877,123,0.123,0.08037602867762735
740,870,130,0.13,0.06958060111606028
752,876,124,0.124,0.07338978164218134
734,867,133,0.133,0.07040319727323367
676,838,162,0.162,0.07695379501947901
720,860,140,0.14,0.05815147751901532
722,861,139,0.139,0.07657815316243796
746,873,127,0.127,0.07592746098854695
672,836,164,0.164,0.06927241515111382
754,877,123,0.123,0.06572313138705431
730,865,135,0.135,0.0743303459179624
740,870,130,0.13,0.06703925333650841
754,877,123,0.123,0.06401875400045173
748,874,126,0.126,0.07550403085371363
706,853,147,0.147,0.06963542809935461
692,846,154,0.154,0.05836597660926782
710,855,145,0.145,0.06647778497801755
732,866,134,0.134,0.06140829872155155
786,893,107,0.107,0.056983736644906455
768,884,116,0.116,0.06437276604211366
670,835,165,0.165,0.07944895499560517
744,872,128,0.128,0.06267336878466813
722,861,139,0.139,0.06500646568993033
692,846,154,0.154,0.0694905582084466
704,852,148,0.148,0.07655589131769375
720,860,140,0.14,0.054555741011266944
768,884,116,0.116,0.05735773746976338
722,861,139,0.139,0.06271094881776298
782,891,109,0.109,0.055623973504363676
786,893,107,0.107,0.06266966942156432
722,861,139,0.139,0.08101626847291095
736,868,132,0.132,0.06640892627192807
744,872,128,0.128,0.06198302275896276
726,863,137,0.137,0.06092954011968232
762,881,119,0.119,0.05916413582555833
696,848,152,0.152,0.06041713895550493
726,863,137,0.137,0.06772139939585758
682,841,159,0.159,0.0699986540181344
774,887,113,0.113,0.05057751168948016
664,832,168,0.168,0.06028155532629171
784,892,108,0.108,0.06646614207398124
766,883,117,0.117,0.06163131520786556
726,863,137,0.137,0.05970572234986412
716,858,142,0.142,0.06562954884633655
760,880,120,0.12,0.06221992704425793
716,858,142,0.142,0.05710054701910849
748,874,126,0.126,0.05910325648030266
732,866,134,0.134,0.05935236626965343
726,863,137,0.137,0.0676816163073745
714,857,143,0.143,0.06770408190354647
752,876,124,0.124,0.0611848478488846
722,861,139,0.139,0.06005821767175803
764,882,118,0.118,0.06742683249609399
714,857,143,0.143,0.06406530669761559
704,852,148,0.148,0.05716402796341572
718,859,141,0.141,0.07267529661125735
706,853,147,0.147,0.05316601585113676
770,885,115,0.115,0.06082433188017785
744,872,128,0.128,0.06413365846245142
752,876,124,0.124,0.06810602096625666
748,874,126,0.126,0.058281957520397554
724,862,138,0.138,0.04967734935133194
702,851,149,0.149,0.060904099574907604
764,882,118,0.118,0.0539294794403686
682,841,159,0.159,0.055515947033183695
748,874,126,0.126,0.05609939092758577
728,864,136,0.136,0.047424348134445606
670,835,165,0.165,0.06047594631341053
726,863,137,0.137,0.05549975960259144
720,860,140,0.14,0.05961869749577636
776,888,112,0.112,0.060399836077140605
776,888,112,0.112,0.05511518964854258
698,849,151,0.151,0.06260635035893211
740,870,130,0.13,0.051625054790718425
704,852,148,0.148,0.05867712943098559
754,877,123,0.123,0.052784880349150624
744,872,128,0.128,0.06209006033637524
772,886,114,0.114,0.04609055848537537
748,874,126,0.126,0.049558284679221284
690,845,155,0.155,0.06416672592860413
752,876,124,0.124,0.0613419525992067
756,878,122,0.122,0.059524156911611496
752,876,124,0.124,0.04694058553863397
726,863,137,0.137,0.058289812187242204
742,871,129,0.129,0.052971690178128486
708,854,146,0.146,0.04759777363762987
688,844,156,0.156,0.04757464556309424
738,869,131,0.131,0.056195966254168526
754,877,123,0.123,0.05562426014016728
792,896,104,0.104,0.04928902725941589
700,850,150,0.15,0.06055443022719555
746,873,127,0.127,0.04712478584142809
772,886,114,0.114,0.05609715693749331
754,877,123,0.123,0.042172592407630875
718,859,141,0.141,0.05757536765059376
714,857,143,0.143,0.05641755833942443
782,891,109,0.109,0.0523308073342323
748,874,126,0.126,0.057195381342266045
752,876,124,0.124,0.04642776323067665
720,860,140,0.14,0.04664934227714912
706,853,147,0.147,0.05373741747967506
682,841,159,0.159,0.04808057227313657
716,858,142,0.142,0.049601840368765804
696,848,152,0.152,0.0549975262632488
698,849,151,0.151,0.05687523365833204
746,873,127,0.127,0.06115557318669744
720,860,140,0.14,0.05117545514132507
670,835,165,0.165,0.059074141139692074
722,861,139,0.139,0.05803740570298669
766,883,117,0.117,0.05799677466605499
738,869,131,0.131,0.06041892215551343
778,889,111,0.111,0.04766883416304336
730,865,135,0.135,0.05393716408816544
772,886,114,0.114,0.0550391976567771
738,869,131,0.131,0.05957827439629182
742,871,129,0.129,0.060434562778848885
732,866,134,0.134,0.05828003637623624
750,875,125,0.125,0.05060443858552026
734,867,133,0.133,0.05235068888081514
772,886,114,0.114,0.048599036336454446
748,874,126,0.126,0.062087819428718834
718,859,141,0.141,0.05390629716845433
740,870,130,0.13,0.053840936095039066
716,858,142,0.142,0.051877723689614866
788,894,106,0.106,0.053370364438567776
730,865,135,0.135,0.058226925523860704
780,890,110,0.11,0.05762244252278469
710,855,145,0.145,0.05271910347492667
778,889,111,0.111,0.05419015872073942
720,860,140,0.14,0.06302305827819873
732,866,134,0.134,0.062136774948179666
730,865,135,0.135,0.04548809367199283
740,870,130,0.13,0.06246645284496299
784,892,108,0.108,0.04439619140407342
730,865,135,0.135,0.05259066230015651
744,872,128,0.128,0.056704254327058154
724,862,138,0.138,0.05316111528360989
732,866,134,0.134,0.05030720034175511
710,855,145,0.145,0.052583953003413626
724,862,138,0.138,0.05824580812914064
662,831,169,0.169,0.061528212819599505
776,888,112,0.112,0.057296249130677095
698,849,151,0.151,0.05445380706344622
720,860,140,0.14,0.05551502938343361
728,864,136,0.136,0.05614392779757327
732,866,134,0.134,0.05231931686835378
734,867,133,0.133,0.06608314581940794
720,860,140,0.14,0.06205193403862359
720,860,140,0.14,0.0469054170267882
772,886,114,0.114,0.06418486275311443
712,856,144,0.144,0.05567796676354919
692,846,154,0.154,0.05288040563049435
770,885,115,0.115,0.055050938168349606
724,862,138,0.138,0.05493828866159311
734,867,133,0.133,0.06555055670306319
760,880,120,0.12,0.0608879557790533
740,870,130,0.13,0.06527572626525943
766,883,117,0.117,0.055880259194702374
768,884,116,0.116,0.05196569422507309
774,887,113,0.113,0.0687996259360225
764,882,118,0.118,0.06396743911641534
720,860,140,0.14,0.0730959789401095
770,885,115,0.115,0.06332380255878525
706,853,147,0.147,0.06306730869641615
730,865,135,0.135,0.059655041442107176
772,886,114,0.114,0.06667789123897092
770,885,115,0.115,0.06055584323137373
706,853,147,0.147,0.061481107045407955
694,847,153,0.153,0.06725512868657096
756,878,122,0.122,0.06769462561390538
688,844,156,0.156,0.05783443617391458
716,858,142,0.142,0.057185216620120626
752,876,124,0.124,0.06400468446940795
742,871,129,0.129,0.06302276696064678
744,872,128,0.128,0.06599192658814718
734,867,133,0.133,0.05669328141398728
730,865,135,0.135,0.06922130709506383
754,877,123,0.123,0.0611880856711432
736,868,132,0.132,0.06575592626835715
734,867,133,0.133,0.07320678969589062
696,848,152,0.152,0.05416149347517603
740,870,130,0.13,0.07590902894400642
724,862,138,0.138,0.06000627167793573
768,884,116,0.116,0.05308990414391883
690,845,155,0.155,0.0679011408806582
740,870,130,0.13,0.06543192882305447
708,854,146,0.146,0.0694976099294338
718,859,141,0.141,0.06646709817134978
704,852,148,0.148,0.062211100393184095
706,853,147,0.147,0.06616419204230738
750,875,125,0.125,0.06492244336692238
734,867,133,0.133,0.0724185569491965
760,880,120,0.12,0.06836691066510685
698,849,151,0.151,0.058215405596800336
748,874,126,0.126,0.05975871689824271
754,877,123,0.123,0.0668698170001553
724,862,138,0.138,0.0796165476142487
704,852,148,0.148,0.06144864074505313
788,894,106,0.106,0.06593896129519737
730,865,135,0.135,0.0593074325555192
736,868,132,0.132,0.06458234238297882
710,855,145,0.145,0.05428628438399755
750,875,125,0.125,0.06838306559386546
696,848,152,0.152,0.0628767813417071
746,873,127,0.127,0.07037181994733147
746,873,127,0.127,0.06607767065519875
734,867,133,0.133,0.07606142471025669
688,844,156,0.156,0.05881462121196091
744,872,128,0.128,0.06335379994765025
728,864,136,0.136,0.06016897101114591
756,878,122,0.122,0.07927426647691754
752,876,124,0.124,0.06269823452671698
700,850,150,0.15,0.06669066627410938
726,863,137,0.137,0.07801090203714557
782,891,109,0.109,0.08077517013333273
752,876,124,0.124,0.06945032005323447
758,879,121,0.121,0.07079741735021708
722,861,139,0.139,0.07341050176802673
732,866,134,0.134,0.07056768635717163
770,885,115,0.115,0.07198637505167425
736,868,132,0.132,0.07278251903543059
722,861,139,0.139,0.06594504399572906
746,873,127,0.127,0.07006440463738363
682,841,159,0.159,0.07059564281294296
722,861,139,0.139,0.0668935584486244
728,864,136,0.136,0.06638874774183205
668,834,166,0.166,0.06562649331183638
748,874,126,0.126,0.06837958133749635
770,885,115,0.115,0.07460300755259232
696,848,152,0.152,0.06935096981489915
778,889,111,0.111,0.06614555289191776
720,860,140,0.14,0.06559821228455985
744,872,128,0.128,0.06666880077029054
708,854,146,0.146,0.07022234732979814
674,837,163,0.163,0.06077498918101628
738,869,131,0.131,0.07036674232120822
732,866,134,0.134,0.06488612342281704
724,862,138,0.138,0.06578285533812596
752,876,124,0.124,0.06667832043685484
720,860,140,0.14,0.06819678383020801
754,877,123,0.123,0.06472199289797845
740,870,130,0.13,0.0751468360017534
752,876,124,0.124,0.06052885285931552
738,869,131,0.131,0.0752282552155666
664,832,168,0.168,0.07940995696036407
710,855,145,0.145,0.07444492429969342
710,855,145,0.145,0.07045359074670705
730,865,135,0.135,0.07673340295860544
718,859,141,0.141,0.06350169467646992
768,884,116,0.116,0.09027738535343087
764,882,118,0.118,0.07808486776893551
726,863,137,0.137,0.06886847100173508
700,850,150,0.15,0.06514592567811268
728,864,136,0.136,0.07576698528907581
734,867,133,0.133,0.08534653186314972
744,872,128,0.128,0.06954134044326202
682,841,159,0.159,0.07836353144506575
736,868,132,0.132,0.07879012235252594
684,842,158,0.158,0.0704583974936104
730,865,135,0.135,0.08288650406755187
740,870,130,0.13,0.07807700167274743
730,865,135,0.135,0.08754209895641543
710,855,145,0.145,0.09379837600511383
758,879,121,0.121,0.09001676896651042
754,877,123,0.123,0.07814816099754535
708,854,146,0.146,0.08149357148288983
772,886,114,0.114,0.0760933816621473
710,855,145,0.145,0.09816977146072896
720,860,140,0.14,0.08146888440367911
726,863,137,0.137,0.08173973733004095
718,859,141,0.141,0.0889622272933484
732,866,134,0.134,0.07962388889866998
748,874,126,0.126,0.09018554244853476
764,882,118,0.118,0.08158603833476082
726,863,137,0.137,0.07963342327872669
710,855,145,0.145,0.09286816929132329
742,871,129,0.129,0.0886324810460792
730,865,135,0.135,0.08785023766874792
686,843,157,0.157,0.07694442756791978
732,866,134,0.134,0.08231625384441577
802,901,99,0.099,0.0825988521099789
644,822,178,0.178,0.08642318860635202
700,850,150,0.15,0.09236292841925751
752,876,124,0.124,0.08085947671195026
726,863,137,0.137,0.08769443241786212
736,868,132,0.132,0.09302257039958932
728,864,136,0.136,0.08771997784124687
752,876,124,0.124,0.09095197729219216
750,875,125,0.125,0.09933572853560327
692,846,154,0.154,0.08535708636662458
756,878,122,0.122,0.10393882700819813
730,865,135,0.135,0.08873739045788534
674,837,163,0.163,0.09721284573239973
744,872,128,0.128,0.08263896616367856
602,801,199,0.199,0.098935122719353
770,885,115,0.115,0.09760420381373842
722,861,139,0.139,0.08258653281125589
692,846,154,0.154,0.08770109668312943
790,895,105,0.105,0.07606143589474959
732,866,134,0.134,0.08912208779121283
706,853,147,0.147,0.09447011495765764
662,831,169,0.169,0.08559785546192143
722,861,139,0.139,0.09405200109572616
708,854,146,0.146,0.09398847617337014
706,853,147,0.147,0.09078989390644711
706,853,147,0.147,0.08549095869049779
712,856,144,0.144,0.09753402574546635
712,856,144,0.144,0.09081807607259361
726,863,137,0.137,0.10012346149433869
718,859,141,0.141,0.08880761812848505
778,889,111,0.111,0.08802794187376276
738,869,131,0.131,0.08301664161929512
768,884,116,0.116,0.0864725019322359
692,846,154,0.154,0.10887970773031702
740,870,130,0.13,0.08297245518348063
742,871,129,0.129,0.08864560464269015
762,881,119,0.119,0.08206898620573339
684,842,158,0.158,0.08603798840937088
712,856,144,0.144,0.08546503412534366
784,892,108,0.108,0.08854189162026159
774,887,113,0.113,0.08553492547967471
686,843,157,0.157,0.07892566408979473
702,851,149,0.149,0.08346871405281127
720,860,140,0.14,0.09304413396990276
710,855,145,0.145,0.10479855067410972
710,855,145,0.145,0.07306975065055303
736,868,132,0.132,0.09369013300258666
718,859,141,0.141,0.08896968309184013
696,848,152,0.152,0.0856382761731511
754,877,123,0.123,0.08640617303014733
738,869,131,0.131,0.0867629933616845
796,898,102,0.102,0.08687156273634172
720,860,140,0.14,0.08248154266835991
786,893,107,0.107,0.09322107755274919
744,872,128,0.128,0.07696101803824422
706,853,147,0.147,0.09026185840880498
746,873,127,0.127,0.1012200487566297
750,875,125,0.125,0.08381068383940146
764,882,118,0.118,0.08439305686455918
724,862,138,0.138,0.08425140001089312
690,845,155,0.155,0.09859998934797477
740,870,130,0.13,0.08459709490031508
674,837,163,0.163,0.08686333688080776
726,863,137,0.137,0.08644551295234124
738,869,131,0.131,0.08356566093442962
696,848,152,0.152,0.08248379517294234
782,891,109,0.109,0.08158343769118437
720,860,140,0.14,0.08679503983388713
750,875,125,0.125,0.0912924516312778
720,860,140,0.14,0.08869544406683418
736,868,132,0.132,0.08692326417495497
662,831,169,0.169,0.09128432143317787
754,877,123,0.123,0.0762766058879206
784,892,108,0.108,0.07127566115593072
752,876,124,0.124,0.08730376375948254
734,867,133,0.133,0.09401393212648691
728,864,136,0.136,0.08993491387867834
810,905,95,0.095,0.08304427547191154
738,869,131,0.131,0.07259476930105302
736,868,132,0.132,0.08643937739182729
668,834,166,0.166,0.07883051932018964
732,866,134,0.134,0.09278174631902948
780,890,110,0.11,0.07873279267855104
744,872,128,0.128,0.07430894565791824
712,856,144,0.144,0.09076159420743352
706,853,147,0.147,0.0839532819786109
742,871,129,0.129,0.08549463155237026
766,883,117,0.117,0.08784080886439187
776,888,112,0.112,0.08718591232190374
748,874,126,0.126,0.08506408169341739
712,856,144,0.144,0.07640377779235132
768,884,116,0.116,0.07854051993833855
738,869,131,0.131,0.08994778598228004
716,858,142,0.142,0.08184139540878824
744,872,128,0.128,0.07583614821039374
770,885,115,0.115,0.09264456738409353
714,857,143,0.143,0.09893718842504677
722,861,139,0.139,0.08052294212946436
758,879,121,0.121,0.07563709917615051
734,867,133,0.133,0.08000374191097216
730,865,135,0.135,0.09153833904972998
704,852,148,0.148,0.08870523841143586
738,869,131,0.131,0.07995504143541075
704,852,148,0.148,0.08672149084103876
742,871,129,0.129,0.0951879291839432
668,834,166,0.166,0.08470226658694446
724,862,138,0.138,0.09271065370022552
784,892,108,0.108,0.0854413862801739
808,904,96,0.096,0.08946625162521377
714,857,143,0.143,0.10827392956826952
708,854,146,0.146,0.10379170647304273
776,888,112,0.112,0.09544999845582061
830,915,85,0.085,0.09645796527026687
716,858,142,0.142,0.08520249690279888
734,867,133,0.133,0.09720452639285941
680,840,160,0.16,0.09230281580076553
708,854,146,0.146,0.09471514343059971
732,866,134,0.134,0.09184360135944644
744,872,128,0.128,0.09950250579422573
724,862,138,0.138,0.09013356797304005
712,856,144,0.144,0.08493327147688251
722,861,139,0.139,0.08994025060755666
770,885,115,0.115,0.11318680797331035
716,858,142,0.142,0.08623124087723591
684,842,158,0.158,0.10209682591317687
748,874,126,0.126,0.10132032946124672
750,875,125,0.125,0.09233826524998949
712,856,144,0.144,0.08881542647526658
722,861,139,0.139,0.10704495234382921
688,844,156,0.156,0.09103272490680683
696,848,152,0.152,0.10331666379418311
674,837,163,0.163,0.08320952735431911
774,887,113,0.113,0.10356379467935767
708,854,146,0.146,0.09852034606505185
708,854,146,0.146,0.10294227901881095
718,859,141,0.141,0.08901785712783021
722,861,139,0.139,0.08779145865450846
772,886,114,0.114,0.09843679692735896
706,853,147,0.147,0.09897683935740496
732,866,134,0.134,0.09788458831183379
706,853,147,0.147,0.10096952817410056
724,862,138,0.138,0.08784300209439243
760,880,120,0.12,0.08760019343602471
720,860,140,0.14,0.10292836270490079
722,861,139,0.139,0.09341178432898596
738,869,131,0.131,0.10116532741737319
740,870,130,0.13,0.0914437951121945
702,851,149,0.149,0.1023715443481924
702,851,149,0.149,0.10534755409660283
760,880,120,0.12,0.08690655294369208
744,872,128,0.128,0.1017196881955606
718,859,141,0.141,0.09593852652772329
738,869,131,0.131,0.103113220698433
626,813,187,0.187,0.09022140898369253
750,875,125,0.125,0.09065604889843962
736,868,132,0.132,0.10013919572229497
772,886,114,0.114,0.0896673144470551
782,891,109,0.109,0.08662578259396833
750,875,125,0.125,0.09585106106635066
710,855,145,0.145,0.09913487298530527
734,867,133,0.133,0.0911491020846879
742,871,129,0.129,0.0958838236603333
760,880,120,0.12,0.09599794235976879
702,851,149,0.149,0.09132959023281001
696,848,152,0.152,0.08828533124394017
708,854,146,0.146,0.0982954387948721
684,842,158,0.158,0.0878714639977552
734,867,133,0.133,0.09858268459077225
712,856,144,0.144,0.09329002128366846
794,897,103,0.103,0.08842638983682263
746,873,127,0.127,0.09933728825030266
712,856,144,0.144,0.09280287591135129
748,874,126,0.126,0.1215531270201318
674,837,163,0.163,0.11516937325781328
678,839,161,0.161,0.09822431588784093
732,866,134,0.134,0.11168388623499777
702,851,149,0.149,0.10304419225567836
730,865,135,0.135,0.09019998749974184
676,838,162,0.162,0.10747750140429707
706,853,147,0.147,0.10159697417530697
718,859,141,0.141,0.09917013389950444
708,854,146,0.146,0.09702791936765424
744,872,128,0.128,0.11159877894639794
726,863,137,0.137,0.11430884735868313
766,883,117,0.117,0.11069263811665588
710,855,145,0.145,0.09345668065943755
730,865,135,0.135,0.09786572025180794
706,853,147,0.147,0.10756401829305105
656,828,172,0.172,0.10213054475025274
730,865,135,0.135,0.08951876330369851
740,870,130,0.13,0.09378368621412665
734,867,133,0.133,0.112770622334996
738,869,131,0.131,0.10348826413862844
684,842,158,0.158,0.10089972818017122
718,859,141,0.141,0.10411280229256954
762,881,119,0.119,0.08482201043341775
732,866,134,0.134,0.09388633534671681
726,863,137,0.137,0.09489978859666735
714,857,143,0.143,0.07995012179651895
662,831,169,0.169,0.10410431311352294
720,860,140,0.14,0.08848328858661261
690,845,155,0.155,0.07746214699372649
768,884,116,0.116,0.09088445185450837
706,853,147,0.147,0.09099807559687179
772,886,114,0.114,0.07831829541508341
730,865,135,0.135,0.0812617834067496
712,856,144,0.144,0.09260397248761729
730,865,135,0.135,0.09413154678279534
742,871,129,0.129,0.08446905482502189
726,863,137,0.137,0.08981824887897528
716,858,142,0.142,0.09318834316160064
722,861,139,0.139,0.08159942287761442
718,859,141,0.141,0.07870221871772083
724,862,138,0.138,0.09443612259349903
748,874,126,0.126,0.0860485147133586
648,824,176,0.176,0.08710328628400749
718,859,141,0.141,0.07996262197659235
680,840,160,0.16,0.0893317804998951
740,870,130,0.13,0.06749159808049444
722,861,139,0.139,0.08332215468160575
736,868,132,0.132,0.07220351157619007
684,842,158,0.158,0.07134923877511755
692,846,154,0.154,0.08238710314180935
758,879,121,0.121,0.07512697481577925
662,831,169,0.169,0.0706506063042857
758,879,121,0.121,0.06892305450685672
748,874,126,0.126,0.08120502621249762
744,872,128,0.128,0.0686433721892463
644,822,178,0.178,0.06584229397999115
728,864,136,0.136,0.06947875623018808
692,846,154,0.154,0.07139060349087231
718,859,141,0.141,0.069962158914248
700,850,150,0.15,0.07036633693675685
748,874,126,0.126,0.06387402919014858
764,882,118,0.118,0.07591217559394135
732,866,134,0.134,0.06743979612516705
716,858,142,0.142,0.06692429440643173
716,858,142,0.142,0.06397688334126723
790,895,105,0.105,0.06130035377898457
734,867,133,0.133,0.06330733338866412
728,864,136,0.136,0.06307379763302742
728,864,136,0.136,0.05430568751733881
738,869,131,0.131,0.06945731498062378
716,858,142,0.142,0.07100917526861303
738,869,131,0.131,0.06368034677865342
744,872,128,0.128,0.06231993392571167
708,854,146,0.146,0.06207382938741148
730,865,135,0.135,0.05556203275587268
748,874,126,0.126,0.06933279946036783
704,852,148,0.148,0.06482294024454313
704,852,148,0.148,0.06693959897846799
718,859,141,0.141,0.06319343275105348
770,885,115,0.115,0.06733697917065729
682,841,159,0.159,0.06196877975552343
716,858,142,0.142,0.05644585998058756
688,844,156,0.156,0.06474463503393053
762,881,119,0.119,0.07617408899773727
750,875,125,0.125,0.05357474406072288
734,867,133,0.133,0.060368476166724576
772,886,114,0.114,0.05904261830232281
800,900,100,0.1,0.07161639357648891
762,881,119,0.119,0.05383865914048874
718,859,141,0.141,0.05391558877492935
712,856,144,0.144,0.06607784707631799
768,884,116,0.116,0.04472215802327628
744,872,128,0.128,0.06520063263043994
752,876,124,0.124,0.05748458957350158
770,885,115,0.115,0.06827353579597548
684,842,158,0.158,0.05115764482143277
782,891,109,0.109,0.047055766051620596
744,872,128,0.128,0.05452215446670743
736,868,132,0.132,0.05518434010402962
746,873,127,0.127,0.05397858019956766
744,872,128,0.128,0.05764628436518251
722,861,139,0.139,0.054697423209893715
718,859,141,0.141,0.059405342740188646
744,872,128,0.128,0.05904173670889304
730,865,135,0.135,0.05546283386833966
690,845,155,0.155,0.06392380017226969
746,873,127,0.127,0.05462160513938579
714,857,143,0.143,0.05648006102677027
686,843,157,0.157,0.058954107389952694
644,822,178,0.178,0.044568106670349154
694,847,153,0.153,0.0501534186770441
738,869,131,0.131,0.04968494337489028
710,855,145,0.145,0.06248691706993577
688,844,156,0.156,0.05386096998050925
672,836,164,0.164,0.04815315667745745
742,871,129,0.129,0.05186304561669749
730,865,135,0.135,0.05076918724973802
750,875,125,0.125,0.054508172167639715
702,851,149,0.149,0.056033136079611724
768,884,116,0.116,0.06561550520180026
712,856,144,0.144,0.05318886601012491
728,864,136,0.136,0.05160248603474202
758,879,121,0.121,0.06847246594868193
712,856,144,0.144,0.05957106453706683
772,886,114,0.114,0.05211057519356291
710,855,145,0.145,0.0587676937225915
718,859,141,0.141,0.05301993445632979
736,868,132,0.132,0.06839056063742464
734,867,133,0.133,0.06314118123491062
736,868,132,0.132,0.0539344644754492
708,854,146,0.146,0.05258596412309999
768,884,116,0.116,0.052197876056614405
744,872,128,0.128,0.05835462464639568
762,881,119,0.119,0.06241202862827049
716,858,142,0.142,0.055867134585111555
760,880,120,0.12,0.06163549147233425
738,869,131,0.131,0.05622937754700979
684,842,158,0.158,0.047109316250142
726,863,137,0.137,0.06639098364319944
764,882,118,0.118,0.06103916041460161
762,881,119,0.119,0.0559959778605562
736,868,132,0.132,0.05355610875230923
750,875,125,0.125,0.06165458017541778
758,879,121,0.121,0.05851424170694372
768,884,116,0.116,0.061459394454301215
728,864,136,0.136,0.063117521978289
728,864,136,0.136,0.06727743353269033
734,867,133,0.133,0.05263185646421334
696,848,152,0.152,0.06480092704324489
692,846,154,0.154,0.0692128167098199
734,867,133,0.133,0.04967576337544233
696,848,152,0.152,0.050000610176313784
700,850,150,0.15,0.051502739333634966
672,836,164,0.164,0.04552434330055985
718,859,141,0.141,0.0516109590837259
750,875,125,0.125,0.05073057523457828
704,852,148,0.148,0.04756133258410955
760,880,120,0.12,0.051546786133490965
724,862,138,0.138,0.05048632282861945
726,863,137,0.137,0.04284052610137769
778,889,111,0.111,0.06723902921017726
736,868,132,0.132,0.06114831467388751
702,851,149,0.149,0.05109442609058533
722,861,139,0.139,0.05144347080380976
718,859,141,0.141,0.05234408527833875
720,860,140,0.14,0.05157818350326852
718,859,141,0.141,0.05462965729479765
692,846,154,0.154,0.054638543981564
716,858,142,0.142,0.05683134783427522
758,879,121,0.121,0.058576506665122
736,868,132,0.132,0.0544096680181683
812,906,94,0.094,0.04520320286501556
710,855,145,0.145,0.05187829797831728
690,845,155,0.155,0.0526847989280941
758,879,121,0.121,0.05333650000228136
778,889,111,0.111,0.05684930836757121
710,855,145,0.145,0.04638069773716779
744,872,128,0.128,0.051601864225656754
696,848,152,0.152,0.0488578486940105
740,870,130,0.13,0.07091923798621429
736,868,132,0.132,0.056404936777797954
788,894,106,0.106,0.055111638727918036
668,834,166,0.166,0.04691394491780375
752,876,124,0.124,0.059014451494274
662,831,169,0.169,0.04407487207717986
774,887,113,0.113,0.05153506614366506
752,876,124,0.124,0.05024026759837579
700,850,150,0.15,0.05939167649013689
708,854,146,0.146,0.05056977662877762
708,854,146,0.146,0.051511205138871446
758,879,121,0.121,0.05502469783990818
736,868,132,0.132,0.04578449141967576
704,852,148,0.148,0.05132998863719212
730,865,135,0.135,0.05159538503252406
664,832,168,0.168,0.05376826347201859
736,868,132,0.132,0.05533687805030786
712,856,144,0.144,0.058006763695655536
710,855,145,0.145,0.052660450569037495
790,895,105,0.105,0.053842333413515006
758,879,121,0.121,0.053316814630865336
738,869,131,0.131,0.05441514119796193
722,861,139,0.139,0.06443838038242757
752,876,124,0.124,0.05927408214448951
710,855,145,0.145,0.05420766463578912
762,881,119,0.119,0.05816240912089597
724,862,138,0.138,0.05395401581163605
774,887,113,0.113,0.052354159464419354
714,857,143,0.143,0.062353130682109625
746,873,127,0.127,0.05375569427899609
746,873,127,0.127,0.04919774518879422
754,877,123,0.123,0.05320819922460942
766,883,117,0.117,0.05602383190364344
692,846,154,0.154,0.05616267287780647
730,865,135,0.135,0.05510253907737933
726,863,137,0.137,0.06618533856219437
738,869,131,0.131,0.06573481230211109
752,876,124,0.124,0.05002708384153084
824,912,88,0.088,0.06187702827776957
762,881,119,0.119,0.04441322770283296
668,834,166,0.166,0.045801466901747516
696,848,152,0.152,0.05498745626935124
750,875,125,0.125,0.05712578420594218
740,870,130,0.13,0.05479838134448801
744,872,128,0.128,0.0602307735299546
756,878,122,0.122,0.05808113843144929
752,876,124,0.124,0.06380871165489953
728,864,136,0.136,0.04701001637132868
708,854,146,0.146,0.04642171741570928
676,838,162,0.162,0.05594406943678777
778,889,111,0.111,0.05503624351249891
786,893,107,0.107,0.06007066146569559
748,874,126,0.126,0.05873455341101726
710,855,145,0.145,0.057450603445067826
742,871,129,0.129,0.05403130540015991
792,896,104,0.104,0.055853124408749864
778,889,111,0.111,0.05346885061694775
724,862,138,0.138,0.05526224320122856
696,848,152,0.152,0.0479612356390603
682,841,159,0.159,0.05534145578000971
674,837,163,0.163,0.050385143964043894
764,882,118,0.118,0.06073251637701287
700,850,150,0.15,0.05905674531811837
726,863,137,0.137,0.059066060532162734
702,851,149,0.149,0.054006530354232384
758,879,121,0.121,0.045519652209644844
768,884,116,0.116,0.062231725844343604
730,865,135,0.135,0.06104780364613589
716,858,142,0.142,0.04272491233313485
724,862,138,0.138,0.057417288571793054
742,871,129,0.129,0.05239707075212209
708,854,146,0.146,0.05609780922337086
732,866,134,0.134,0.0645698475663412
718,859,141,0.141,0.05621564337156451
702,851,149,0.149,0.053824538346962075
710,855,145,0.145,0.05156613549320718
728,864,136,0.136,0.061579207156872144
726,863,137,0.137,0.059945875421464734
756,878,122,0.122,0.05128493263295968
752,876,124,0.124,0.05650138146032623
762,881,119,0.119,0.0562732481961284
754,877,123,0.123,0.05197410307775499
706,853,147,0.147,0.055324536793956214
722,861,139,0.139,0.054472281561866114
742,871,129,0.129,0.05285644574143953
668,834,166,0.166,0.054917361784921924
740,870,130,0.13,0.04802569393934482
732,866,134,0.134,0.0614051588041666
712,856,144,0.144,0.0632104898367179
728,864,136,0.136,0.05122421969562856
706,853,147,0.147,0.0499981133252586
752,876,124,0.124,0.04955989854398808
780,890,110,0.11,0.05042000855386141
684,842,158,0.158,0.04790661245380875
780,890,110,0.11,0.049237202758049534
766,883,117,0.117,0.06359338357194792
730,865,135,0.135,0.05708206671319931
690,845,155,0.155,0.059341394853778186
742,871,129,0.129,0.05332624290024251
740,870,130,0.13,0.049714508870380994
700,850,150,0.15,0.05817311874340521
734,867,133,0.133,0.054773221331350666
710,855,145,0.145,0.05115701377379719
746,873,127,0.127,0.0688085074202893
718,859,141,0.141,0.05652758458780409
716,858,142,0.142,0.0523316605801956
760,880,120,0.12,0.06490327729168348
710,855,145,0.145,0.053347095506331245
728,864,136,0.136,0.05815627022144326
730,865,135,0.135,0.06484101379675485
730,865,135,0.135,0.06126360337805818
712,856,144,0.144,0.05668642915147939
724,862,138,0.138,0.06190003584272563
794,897,103,0.103,0.05168354131991873
720,860,140,0.14,0.06087034813566424
778,889,111,0.111,0.06161211903648666
722,861,139,0.139,0.051405052919319134
820,910,90,0.09,0.04856531511270441
720,860,140,0.14,0.06801494616511627
732,866,134,0.134,0.061658484282183054
748,874,126,0.126,0.055251295173555266
710,855,145,0.145,0.05617472027657823
766,883,117,0.117,0.06176547690463485
706,853,147,0.147,0.04863774835295044
722,861,139,0.139,0.051036539757558216
734,867,133,0.133,0.05957339911665258
696,848,152,0.152,0.052202574820592415
738,869,131,0.131,0.05860737916402468
744,872,128,0.128,0.05043991831118183
742,871,129,0.129,0.05496547402775468
714,857,143,0.143,0.04742298409627983
760,880,120,0.12,0.053079165981383084
714,857,143,0.143,0.04622792393252166
772,886,114,0.114,0.05902353652666352
746,873,127,0.127,0.04886805663208361
708,854,146,0.146,0.054102641760746334
696,848,152,0.152,0.061301511637623665
758,879,121,0.121,0.053972279265093674
694,847,153,0.153,0.055050677285486016
764,882,118,0.118,0.06147665249575948
692,846,154,0.154,0.05659461343083433
688,844,156,0.156,0.05447352607556968
728,864,136,0.136,0.05450793429188707
734,867,133,0.133,0.05204404628782595
734,867,133,0.133,0.06086069873921952
718,859,141,0.141,0.0569288831797021
726,863,137,0.137,0.05767897385565448
740,870,130,0.13,0.05866123377921031
776,888,112,0.112,0.043212814600847194
722,861,139,0.139,0.06028588743196815
708,854,146,0.146,0.05590592452017881
740,870,130,0.13,0.055529991495481226
758,879,121,0.121,0.05459306155104059
742,871,129,0.129,0.06026507852046052
762,881,119,0.119,0.07236189621279118
712,856,144,0.144,0.06991613249815419
730,865,135,0.135,0.05092107922497962
738,869,131,0.131,0.059711744466134406
696,848,152,0.152,0.07172474250876257
740,870,130,0.13,0.04643285694488441
728,864,136,0.136,0.0606092562449744
770,885,115,0.115,0.061099587519973284
676,838,162,0.162,0.051429355658838175
690,845,155,0.155,0.05691973271245297
776,888,112,0.112,0.05989548744325657
762,881,119,0.119,0.05388949980075267
760,880,120,0.12,0.056771416057461464
698,849,151,0.151,0.05394951686583226
726,863,137,0.137,0.06119188438182027
756,878,122,0.122,0.050041379315127414
722,861,139,0.139,0.04835084130845644
736,868,132,0.132,0.053323245155625046
724,862,138,0.138,0.06606670353870141
738,869,131,0.131,0.06486556473649034
682,841,159,0.159,0.05143829992931569
750,875,125,0.125,0.05648779249315521
762,881,119,0.119,0.06050807245713077
760,880,120,0.12,0.06178374760904444
750,875,125,0.125,0.045745518076577354
778,889,111,0.111,0.049221172814577586
726,863,137,0.137,0.05380344689689662
732,866,134,0.134,0.06055729178096226
750,875,125,0.125,0.05767282501864247
712,856,144,0.144,0.052806241095197035
698,849,151,0.151,0.04555465814984745
718,859,141,0.141,0.05295896862596419
748,874,126,0.126,0.05432909215041946
752,876,124,0.124,0.05851711061664537
690,845,155,0.155,0.05738342520876904
738,869,131,0.131,0.05283878017698589
694,847,153,0.153,0.0467481202401741
750,875,125,0.125,0.045907606320935886
740,870,130,0.13,0.05271711699687148
696,848,152,0.152,0.04420443845928821
790,895,105,0.105,0.048373429893035794
744,872,128,0.128,0.043525579254173864
728,864,136,0.136,0.05775130264665131
704,852,148,0.148,0.054212919803045226
722,861,139,0.139,0.05642814595972595
716,858,142,0.142,0.057287624573276845
684,842,158,0.158,0.052953613515088364
722,861,139,0.139,0.04878196886054502
720,860,140,0.14,0.04612734070719307
736,868,132,0.132,0.05338505559324949
692,846,154,0.154,0.05247656661248766
660,830,170,0.17,0.047759194379719705
740,870,130,0.13,0.05080356531705183
696,848,152,0.152,0.04539540801716066
746,873,127,0.127,0.05802924518263899
716,858,142,0.142,0.05394470487646686
742,871,129,0.129,0.05217940632823411
748,874,126,0.126,0.05013598957719068
706,853,147,0.147,0.048189462487813216
744,872,128,0.128,0.04800361608387902
716,858,142,0.142,0.04400043696948706
746,873,127,0.127,0.050551532740282706
770,885,115,0.115,0.04283348587904584
758,879,121,0.121,0.039729255992271645
730,865,135,0.135,0.04999072345449622
660,830,170,0.17,0.052731453512153165
726,863,137,0.137,0.048638202272130004
766,883,117,0.117,0.0473297093055553
732,866,134,0.134,0.04309286045480985
720,860,140,0.14,0.04628861937123292
738,869,131,0.131,0.045726515453151935
740,870,130,0.13,0.03946285354812807
746,873,127,0.127,0.05946714099486053
778,889,111,0.111,0.05011916983399715
736,868,132,0.132,0.05118754766431266
746,873,127,0.127,0.04068632140955742
786,893,107,0.107,0.04870461076701486
798,899,101,0.101,0.04475297481600137
766,883,117,0.117,0.03822860613232296
726,863,137,0.137,0.04008248674096649
708,854,146,0.146,0.04341797919608973
770,885,115,0.115,0.054413816530563056
732,866,134,0.134,0.04921948845191946
732,866,134,0.134,0.04081225809675198
670,835,165,0.165,0.03806857282351712
778,889,111,0.111,0.049297488587981206
732,866,134,0.134,0.04693487502337121
728,864,136,0.136,0.04634947066335917
700,850,150,0.15,0.04117805776191017
736,868,132,0.132,0.04931079616231364
734,867,133,0.133,0.04729632750295252
730,865,135,0.135,0.04078125439361247
770,885,115,0.115,0.04754544514879672
786,893,107,0.107,0.035130543719920755
728,864,136,0.136,0.03665228265474161
748,874,126,0.126,0.03892968761234897
718,859,141,0.141,0.052808901982118184
700,850,150,0.15,0.05215905938348078
740,870,130,0.13,0.04427715900386829
754,877,123,0.123,0.03853198087960118
694,847,153,0.153,0.03974818689769745
718,859,141,0.141,0.04803520148232929
750,875,125,0.125,0.044325169735499
768,884,116,0.116,0.04271902477238836
714,857,143,0.143,0.04576844991651706
702,851,149,0.149,0.04253887784625522
740,870,130,0.13,0.049190553102374454
674,837,163,0.163,0.03558189031548375
670,835,165,0.165,0.048345345535457454
748,874,126,0.126,0.04273009735791493
750,875,125,0.125,0.04891662784156324
746,873,127,0.127,0.03427712200740643
746,873,127,0.127,0.03894486044405221
776,888,112,0.112,0.04374990539625014
728,864,136,0.136,0.04326813822825955
728,864,136,0.136,0.03702259004195548
702,851,149,0.149,0.043965997981707916
724,862,138,0.138,0.03958331714032829
700,850,150,0.15,0.039395210962735294
754,877,123,0.123,0.052720634322638946
790,895,105,0.105,0.031224723063930013
696,848,152,0.152,0.04534190800508804
728,864,136,0.136,0.05041594285888732
702,851,149,0.149,0.05485315954576799
690,845,155,0.155,0.04482784138466559
730,865,135,0.135,0.050902761025503424
690,845,155,0.155,0.04388120770604655
684,842,158,0.158,0.042178251035238645
796,898,102,0.102,0.05347411245894909
692,846,154,0.154,0.04127618245638587
726,863,137,0.137,0.04677267554801021
738,869,131,0.131,0.03673823156141043
760,880,120,0.12,0.05214623785623735
732,866,134,0.134,0.042888790258792255
750,875,125,0.125,0.042384747119889654
722,861,139,0.139,0.04960235799654038
758,879,121,0.121,0.05417573758990056
734,867,133,0.133,0.04081968168213097
688,844,156,0.156,0.039428603285217835
730,865,135,0.135,0.04438184429636021
770,885,115,0.115,0.037845653863561896
744,872,128,0.128,0.04544538926893983
754,877,123,0.123,0.03170609596673603
758,879,121,0.121,0.03796333306236192
744,872,128,0.128,0.03758777865492084
738,869,131,0.131,0.03847205376862894
712,856,144,0.144,0.03832471045337691
706,853,147,0.147,0.04718772418765366
742,871,129,0.129,0.043271795018015834
700,850,150,0.15,0.043311160718139945
712,856,144,0.144,0.04338953659641515
812,906,94,0.094,0.05122876543429311
710,855,145,0.145,0.03280247570387206
746,873,127,0.127,0.0401771253069769
720,860,140,0.14,0.04032058096673245
744,872,128,0.128,0.03705620670347525
748,874,126,0.126,0.042666613054483604
724,862,138,0.138,0.03560120575650217
774,887,113,0.113,0.042904928729726635
688,844,156,0.156,0.04136745568670176
772,886,114,0.114,0.04654540685930988
726,863,137,0.137,0.04256142380834353
696,848,152,0.152,0.03144573761586071
742,871,129,0.129,0.03565412998719285
670,835,165,0.165,0.04500684914559997
672,836,164,0.164,0.054492592291811665
702,851,149,0.149,0.04103553527792997
726,863,137,0.137,0.0407870847159611
766,883,117,0.117,0.044777133889268954
748,874,126,0.126,0.04094683977538989
722,861,139,0.139,0.03917491673223776
746,873,127,0.127,0.032549511357456484
680,840,160,0.16,0.04077635774523083
726,863,137,0.137,0.037906173187304104
706,853,147,0.147,0.04896162203732843
710,855,145,0.145,0.05346275473204878
680,840,160,0.16,0.0372072618761149
714,857,143,0.143,0.03624426627904427
702,851,149,0.149,0.042285960405396505
726,863,137,0.137,0.04045907556301791
682,841,159,0.159,0.03391352875695156
738,869,131,0.131,0.030914313296214458
682,841,159,0.159,0.04605675070218422
740,870,130,0.13,0.04342916703797073
766,883,117,0.117,0.03947447990096373
714,857,143,0.143,0.04487850210098986
690,845,155,0.155,0.03402206012328043
746,873,127,0.127,0.03293679026861355
740,870,130,0.13,0.044255845712148585
696,848,152,0.152,0.04052859915281988
740,870,130,0.13,0.04405690271110893
716,858,142,0.142,0.03389936631453418
680,840,160,0.16,0.036735421631454754
698,849,151,0.151,0.03164394122637896
674,837,163,0.163,0.04482429748771028
706,853,147,0.147,0.037409275178641364
716,858,142,0.142,0.04111130886049773
768,884,116,0.116,0.040859643319110545
662,831,169,0.169,0.044620865117705764
736,868,132,0.132,0.04818171362864882
806,903,97,0.097,0.04255596591335779
726,863,137,0.137,0.05240823624182485
732,866,134,0.134,0.045826016929313484
758,879,121,0.121,0.04014826573802202
724,862,138,0.138,0.0416797467199649
734,867,133,0.133,0.050677119179640386
692,846,154,0.154,0.04049059194451775
742,871,129,0.129,0.04654613279417754
714,857,143,0.143,0.0495188262270276
762,881,119,0.119,0.04179524863003297
768,884,116,0.116,0.04779274045533384
712,856,144,0.144,0.041597766321367996
690,845,155,0.155,0.04469226241610522
738,869,131,0.131,0.05065764563865287
736,868,132,0.132,0.04564083695300906
748,874,126,0.126,0.04320769823690353
716,858,142,0.142,0.04238395689281242
716,858,142,0.142,0.043273243606882714
756,878,122,0.122,0.041962522897465535
728,864,136,0.136,0.04406108452747139
716,858,142,0.142,0.05101342480214771
766,883,117,0.117,0.041354262681918046
728,864,136,0.136,0.03953924328597714
740,870,130,0.13,0.05680368467098015
718,859,141,0.141,0.050785505682319126
694,847,153,0.153,0.039824034825956915
684,842,158,0.158,0.05101583496175317
658,829,171,0.171,0.04649220025568502
736,868,132,0.132,0.03790409077807271
734,867,133,0.133,0.05672922948079213
696,848,152,0.152,0.04717350878625439
716,858,142,0.142,0.04484516140375126
714,857,143,0.143,0.04359367919302144
728,864,136,0.136,0.03884145453104111
774,887,113,0.113,0.04254022123387494
734,867,133,0.133,0.039343191744515935
674,837,163,0.163,0.04624663510979735
708,854,146,0.146,0.036536889929277096
698,849,151,0.151,0.04744713605695506
746,873,127,0.127,0.048879191555798965
732,866,134,0.134,0.04594286287464274
758,879,121,0.121,0.04027056971955608
710,855,145,0.145,0.038353551597949266
636,818,182,0.182,0.04386029415825397
762,881,119,0.119,0.052431562977668364
696,848,152,0.152,0.04806415198091781
738,869,131,0.131,0.0499004494470064
760,880,120,0.12,0.04817239976103565
764,882,118,0.118,0.04369820037006184
726,863,137,0.137,0.05404407181665238
710,855,145,0.145,0.0445582050874591
660,830,170,0.17,0.0499650246114179
764,882,118,0.118,0.043821786517772125
764,882,118,0.118,0.04659540269322679
718,859,141,0.141,0.04188364340136468
714,857,143,0.143,0.04088892280521009
732,866,134,0.134,0.04326506902249457
816,908,92,0.092,0.04690885934749531
724,862,138,0.138,0.05501597271754133
686,843,157,0.157,0.05371865819411732
742,871,129,0.129,0.05949829043215141
714,857,143,0.143,0.047184587122214454
778,889,111,0.111,0.03545966276688887
700,850,150,0.15,0.04886991211023633
744,872,128,0.128,0.043274110309364004
736,868,132,0.132,0.04712890839496322
712,856,144,0.144,0.04390622738699949
714,857,143,0.143,0.044787005122877414
766,883,117,0.117,0.043483509265868636
770,885,115,0.115,0.04039804852344787
722,861,139,0.139,0.04834805425206628
688,844,156,0.156,0.04721815126323418
770,885,115,0.115,0.044279722808583756
704,852,148,0.148,0.04791497508180828
760,880,120,0.12,0.053578416288550215
726,863,137,0.137,0.04441714463592507
740,870,130,0.13,0.04998866116282625
744,872,128,0.128,0.06292287008240237
710,855,145,0.145,0.041337698026236463
740,870,130,0.13,0.04646709783432743
744,872,128,0.128,0.0388654958052939
738,869,131,0.131,0.04411949703394202
698,849,151,0.151,0.05040674355212832
704,852,148,0.148,0.04538343386248562
674,837,163,0.163,0.05034627304206151
754,877,123,0.123,0.04292471604323509
720,860,140,0.14,0.053924789452417826
660,830,170,0.17,0.04495211513783761
734,867,133,0.133,0.04799470778204568
736,868,132,0.132,0.05230420732244602
740,870,130,0.13,0.05236158767782035
714,857,143,0.143,0.03991540098486439
718,859,141,0.141,0.04841868607819924
712,856,144,0.144,0.04343946054303524
714,857,143,0.143,0.049651511794472525
756,878,122,0.122,0.04924690815607209
774,887,113,0.113,0.04364681766884314
720,860,140,0.14,0.04738319678535481
716,858,142,0.142,0.05286939698600054
694,847,153,0.153,0.04699165088883274
714,857,143,0.143,0.04633301212521036
746,873,127,0.127,0.04578090375259831
766,883,117,0.117,0.04595896212364437
790,895,105,0.105,0.04292687797767212
672,836,164,0.164,0.03826061927590945
732,866,134,0.134,0.043437539309343264
738,869,131,0.131,0.04262514075669605
734,867,133,0.133,0.04306031637492197
734,867,133,0.133,0.04555183450629556
704,852,148,0.148,0.051796566430924944
698,849,151,0.151,0.04369925912035251
726,863,137,0.137,0.037430255429596174
770,885,115,0.115,0.05322151734762883
716,858,142,0.142,0.055054708386775016
762,881,119,0.119,0.05500577220156606
710,855,145,0.145,0.047200502188060454
742,871,129,0.129,0.03739668326076935
762,881,119,0.119,0.050192392476888927
714,857,143,0.143,0.044754007569154056
688,844,156,0.156,0.039007015997621235
732,866,134,0.134,0.053879957239706525
740,870,130,0.13,0.04025535061924802
720,860,140,0.14,0.04676660555723356
744,872,128,0.128,0.04479819025982215
694,847,153,0.153,0.04695001027271064
756,878,122,0.122,0.04327479754641672
726,863,137,0.137,0.04931602430159182
658,829,171,0.171,0.04709133587925839
696,848,152,0.152,0.034590473031057625
650,825,175,0.175,0.0414472844935708
698,849,151,0.151,0.034679542459831285
736,868,132,0.132,0.048113148880414056
764,882,118,0.118,0.035269620897040936
698,849,151,0.151,0.03778936577172408
696,848,152,0.152,0.041854158171823655
770,885,115,0.115,0.04224330712309848
760,880,120,0.12,0.03836287729365813
716,858,142,0.142,0.03828897090162173
712,856,144,0.144,0.046119338607386456
740,870,130,0.13,0.051823511314398274
738,869,131,0.131,0.044321797456716015
748,874,126,0.126,0.04824544432445691
732,866,134,0.134,0.049259658040442446
730,865,135,0.135,0.04774388436082404
762,881,119,0.119,0.04400299090689805
702,851,149,0.149,0.04647564439391135
832,916,84,0.084,0.05061833232386198
744,872,128,0.128,0.048543442445530674
676,838,162,0.162,0.040036951762340324
730,865,135,0.135,0.055931051781877156
732,866,134,0.134,0.04599960562352499
758,879,121,0.121,0.04589997136200327
726,863,137,0.137,0.06201999293029985
776,888,112,0.112,0.0546499364502215
674,837,163,0.163,0.04598678153404762
730,865,135,0.135,0.049982397388528624
738,869,131,0.131,0.05480158815612958
666,833,167,0.167,0.04467887791068642
692,846,154,0.154,0.040346642963486376
722,861,139,0.139,0.042078846714548944
698,849,151,0.151,0.04188774924211566
682,841,159,0.159,0.04360144189620178
768,884,116,0.116,0.043745807964456616
724,862,138,0.138,0.04840192367962072
724,862,138,0.138,0.04219934163803737
738,869,131,0.131,0.04572978725784725
726,863,137,0.137,0.054255523411731704
764,882,118,0.118,0.053464037821033344
726,863,137,0.137,0.03526828788619605
726,863,137,0.137,0.050929769088092144
728,864,136,0.136,0.052826629741532086
708,854,146,0.146,0.047564842174624575
768,884,116,0.116,0.04648642186217222
704,852,148,0.148,0.03811166152270016
716,858,142,0.142,0.04860196089790014
786,893,107,0.107,0.046214054096766634
638,819,181,0.181,0.045728767331889686
682,841,159,0.159,0.0509179919365306
716,858,142,0.142,0.046494625184551296
694,847,153,0.153,0.05398814626191233
746,873,127,0.127,0.0396928195428618
790,895,105,0.105,0.04256773334728041
748,874,126,0.126,0.0509629163599675
790,895,105,0.105,0.051032430088573166
686,843,157,0.157,0.04685952441958943
740,870,130,0.13,0.0455984764725581
754,877,123,0.123,0.053296384798559304
702,851,149,0.149,0.04388399470464532
696,848,152,0.152,0.054755908392318815
788,894,106,0.106,0.040405023721918044
746,873,127,0.127,0.04561796980227882
738,869,131,0.131,0.05002381069788453
760,880,120,0.12,0.04582126991961559
724,862,138,0.138,0.053665690855591947
780,890,110,0.11,0.046165762123642706
692,846,154,0.154,0.04530135265017816
708,854,146,0.146,0.041759076202750295
716,858,142,0.142,0.054027255682492975
710,855,145,0.145,0.059194932849160976
704,852,148,0.148,0.044711151958888876
672,836,164,0.164,0.04168822196047176
748,874,126,0.126,0.0469112246885893
760,880,120,0.12,0.05098279230891785
726,863,137,0.137,0.05012719267438297
762,881,119,0.119,0.040936863726597945
742,871,129,0.129,0.04688291417127402
772,886,114,0.114,0.04265701096123212
710,855,145,0.145,0.04846559796053043
740,870,130,0.13,0.042429689032564055
746,873,127,0.127,0.04442272855007104
686,843,157,0.157,0.040447481726587284
722,861,139,0.139,0.044320171337009016
732,866,134,0.134,0.04454347303537361
750,875,125,0.125,0.0456241114893578
756,878,122,0.122,0.044458714681954004
800,900,100,0.1,0.04248919491585366
700,850,150,0.15,0.0459185425905996
700,850,150,0.15,0.044644134189489704
750,875,125,0.125,0.042285899985229206
724,862,138,0.138,0.0388406437318672
752,876,124,0.124,0.03639301363911272
740,870,130,0.13,0.03873790568364893
720,860,140,0.14,0.044179965035049465
744,872,128,0.128,0.04957200605859092
730,865,135,0.135,0.042060369803508364
724,862,138,0.138,0.04037609782067193
718,859,141,0.141,0.04439565526890146
762,881,119,0.119,0.03988876226393768
730,865,135,0.135,0.04229838555166134
770,885,115,0.115,0.04462937314847477
756,878,122,0.122,0.0486804105831443
698,849,151,0.151,0.049061212085489386
724,862,138,0.138,0.04559829963849188
680,840,160,0.16,0.05501844593827991
724,862,138,0.138,0.04186402569306665
722,861,139,0.139,0.04662131195601614
712,856,144,0.144,0.04587512641965327
702,851,149,0.149,0.04603421311191363
696,848,152,0.152,0.04222648430002209
704,852,148,0.148,0.05202876320121868
726,863,137,0.137,0.03491819510409914
704,852,148,0.148,0.04232711070011282
764,882,118,0.118,0.04665671806068713
754,877,123,0.123,0.048748466239829216
756,878,122,0.122,0.054284716907321125
702,851,149,0.149,0.04822493351128651
710,855,145,0.145,0.037545104582084605
702,851,149,0.149,0.044376750799668005
748,874,126,0.126,0.056492180952544005
734,867,133,0.133,0.0521104526643569
750,875,125,0.125,0.04223704126372468
754,877,123,0.123,0.042844517128177814
738,869,131,0.131,0.05185943779000445
728,864,136,0.136,0.042626579045667315
796,898,102,0.102,0.043616493086761694
714,857,143,0.143,0.04813715795139433
758,879,121,0.121,0.047882503729124434
750,875,125,0.125,0.048054837205650985
666,833,167,0.167,0.06351096906861677
680,840,160,0.16,0.05075162723854737
776,888,112,0.112,0.05426141665004252
744,872,128,0.128,0.046271448875559146
714,857,143,0.143,0.053155568873924496
736,868,132,0.132,0.049573214588621344
744,872,128,0.128,0.04931029208935797
738,869,131,0.131,0.05205932656966837
674,837,163,0.163,0.045551540519626316
746,873,127,0.127,0.04968785592156928
752,876,124,0.124,0.04539819093340248
736,868,132,0.132,0.04794497577717266
716,858,142,0.142,0.04575990756375813
754,877,123,0.123,0.04220132014455157
682,841,159,0.159,0.04278587638130921
784,892,108,0.108,0.05506312674770652
780,890,110,0.11,0.049188052204597627
782,891,109,0.109,0.041672637679563196
738,869,131,0.131,0.045126349278109504
704,852,148,0.148,0.0524510131197203
756,878,122,0.122,0.04156552132615616
764,882,118,0.118,0.06001607499759848
776,888,112,0.112,0.05787153767177369
734,867,133,0.133,0.04738329986236931
758,879,121,0.121,0.04154428895173987
646,823,177,0.177,0.04030202832475879
758,879,121,0.121,0.05577557863191339
742,871,129,0.129,0.04728723770315628
694,847,153,0.153,0.045285960927077665
746,873,127,0.127,0.053201966034361246
762,881,119,0.119,0.05005309391017181
762,881,119,0.119,0.05036943657079974
746,873,127,0.127,0.046912036150853965
746,873,127,0.127,0.037433654344707294
756,878,122,0.122,0.05244006206043736
808,904,96,0.096,0.05379719011347095
762,881,119,0.119,0.045110837347718646
720,860,140,0.14,0.04256339651875169
760,880,120,0.12,0.044849004965815766
774,887,113,0.113,0.04247973018707762
690,845,155,0.155,0.04196323945231416
746,873,127,0.127,0.032349703297131785
748,874,126,0.126,0.040555540505309184
780,890,110,0.11,0.04934408233378599
728,864,136,0.136,0.04903033275639245
710,855,145,0.145,0.04832984966026925
766,883,117,0.117,0.03428207103813474
756,878,122,0.122,0.04255487314578386
756,878,122,0.122,0.04006458853608342
728,864,136,0.136,0.037687497405240716
698,849,151,0.151,0.04501579525715169
772,886,114,0.114,0.04556451076374288
744,872,128,0.128,0.05125301946791353
714,857,143,0.143,0.05109879539069288
732,866,134,0.134,0.054757736983014185
806,903,97,0.097,0.044085275353752874
742,871,129,0.129,0.05277547306633005
702,851,149,0.149,0.0507565932515281
714,857,143,0.143,0.04246983975938929
736,868,132,0.132,0.039610157966475525
720,860,140,0.14,0.04407665969544178
790,895,105,0.105,0.03962837687172759
710,855,145,0.145,0.03617046346011921
738,869,131,0.131,0.04310072563761787
752,876,124,0.124,0.04262022529960268
750,875,125,0.125,0.032513582072863756
698,849,151,0.151,0.05394064578171205
730,865,135,0.135,0.04287792357640501
690,845,155,0.155,0.044183704933417174
750,875,125,0.125,0.04412837523605776
736,868,132,0.132,0.04269643819353769
692,846,154,0.154,0.03985621439648094
758,879,121,0.121,0.056094313296102885
708,854,146,0.146,0.04528343764645297
702,851,149,0.149,0.049490588196942555
692,846,154,0.154,0.05799594998186603
682,841,159,0.159,0.05111028507762785
752,876,124,0.124,0.038545465930414136
764,882,118,0.118,0.051985687769752986
738,869,131,0.131,0.05005175870462517
692,846,154,0.154,0.03831598882655726
712,856,144,0.144,0.051674769618388385
784,892,108,0.108,0.049875067879887866
682,841,159,0.159,0.04014250230143807
688,844,156,0.156,0.04826476585171622
758,879,121,0.121,0.047042109370635445
700,850,150,0.15,0.06132059022108797
722,861,139,0.139,0.04736674140468676
772,886,114,0.114,0.04199265124140993
692,846,154,0.154,0.048591524430846675
702,851,149,0.149,0.0421778412249605
778,889,111,0.111,0.0367516667257878
762,881,119,0.119,0.04537257346647766
712,856,144,0.144,0.04259418422191351
708,854,146,0.146,0.05409018557368927
742,871,129,0.129,0.05379100281924912
732,866,134,0.134,0.050878799692342
726,863,137,0.137,0.041758508530503606
730,865,135,0.135,0.051983385934463514
750,875,125,0.125,0.04901641363698582
716,858,142,0.142,0.043371270298664964
772,886,114,0.114,0.059654125956058124
722,861,139,0.139,0.05405910744723951
756,878,122,0.122,0.04463241748415521
726,863,137,0.137,0.04863892943270045
710,855,145,0.145,0.0526907244969816
698,849,151,0.151,0.04383126855106502
706,853,147,0.147,0.05314546145943677
694,847,153,0.153,0.05674524263263743
708,854,146,0.146,0.034371900370893854
728,864,136,0.136,0.04027036597110782
694,847,153,0.153,0.047977626319429194
700,850,150,0.15,0.04772364117328834
750,875,125,0.125,0.04026874079259323
680,840,160,0.16,0.04623758828487371
748,874,126,0.126,0.043474840160506574
730,865,135,0.135,0.046833938299241706
770,885,115,0.115,0.05887642386391235
744,872,128,0.128,0.043171686141191455
708,854,146,0.146,0.04072372481014054
784,892,108,0.108,0.03905993172355011
716,858,142,0.142,0.0456461511798725
752,876,124,0.124,0.042909146829660585
742,871,129,0.129,0.061029860978339456
728,864,136,0.136,0.046349032511269345
688,844,156,0.156,0.05360371771967175
736,868,132,0.132,0.041430310910029224
758,879,121,0.121,0.04017199941627405
696,848,152,0.152,0.03924164124833123
722,861,139,0.139,0.05411533025906101
708,854,146,0.146,0.038808759463958266
736,868,132,0.132,0.05125966565944054
712,856,144,0.144,0.05868637385824314
714,857,143,0.143,0.04022891459025368
744,872,128,0.128,0.04832890485579628
756,878,122,0.122,0.05345803571548458
698,849,151,0.151,0.04778983320930274
750,875,125,0.125,0.051450085422249686
776,888,112,0.112,0.04974176705073842
722,861,139,0.139,0.06189123873248718
772,886,114,0.114,0.058088143446020694
712,856,144,0.144,0.04097264707259091
788,894,106,0.106,0.04557153441426271
718,859,141,0.141,0.0463542397639103
738,869,131,0.131,0.048360860156826675
728,864,136,0.136,0.06091948332354423
746,873,127,0.127,0.04043219279904588
750,875,125,0.125,0.06666970733914786
736,868,132,0.132,0.056617177962951244
738,869,131,0.131,0.06581891368774814
724,862,138,0.138,0.05182751924578042
714,857,143,0.143,0.05798630408170538
748,874,126,0.126,0.0530543461582929
754,877,123,0.123,0.05017253350975807
794,897,103,0.103,0.06551299292132899
754,877,123,0.123,0.05027905109716085
696,848,152,0.152,0.046434701054223294
740,870,130,0.13,0.052568675481466924
796,898,102,0.102,0.0455949041430431
736,868,132,0.132,0.04027052756016201
688,844,156,0.156,0.05155727948739059
742,871,129,0.129,0.047515171300256044
738,869,131,0.131,0.050077797213802115
730,865,135,0.135,0.07168637696474615
738,869,131,0.131,0.04254912835903815
784,892,108,0.108,0.05861759533486475
706,853,147,0.147,0.051701628065638945
710,855,145,0.145,0.05753908923844438
668,834,166,0.166,0.05914204470146069
734,867,133,0.133,0.0542178871465876
762,881,119,0.119,0.06797320099777425
656,828,172,0.172,0.05719919302970811
746,873,127,0.127,0.06397004650885356
760,880,120,0.12,0.05156021106204571
690,845,155,0.155,0.047808927028450854
754,877,123,0.123,0.05254962576596881
758,879,121,0.121,0.04611279908159486
712,856,144,0.144,0.04170215094399646
764,882,118,0.118,0.052619507685718415
696,848,152,0.152,0.05078132833878954
784,892,108,0.108,0.05303864488486579
730,865,135,0.135,0.047862406748346985
726,863,137,0.137,0.05399522127589262
766,883,117,0.117,0.04587884232397482
688,844,156,0.156,0.06167387937502645
740,870,130,0.13,0.05575378808421465
730,865,135,0.135,0.061111598678871816
756,878,122,0.122,0.05292718344483001
784,892,108,0.108,0.0555679881197284
744,872,128,0.128,0.06720511952997402
686,843,157,0.157,0.06765063364387243
762,881,119,0.119,0.06266251711405675
746,873,127,0.127,0.047334396722510066
770,885,115,0.115,0.050575647589168514
738,869,131,0.131,0.06459970385987981
714,857,143,0.143,0.05013377491609572
734,867,133,0.133,0.06565294311639082
738,869,131,0.131,0.059484745011686754
686,843,157,0.157,0.0656684409690788
748,874,126,0.126,0.05508721007839267
714,857,143,0.143,0.05904687599154568
766,883,117,0.117,0.05651546628500273
722,861,139,0.139,0.07141318540563225
728,864,136,0.136,0.05712331969293882
690,845,155,0.155,0.05844499145622831
720,860,140,0.14,0.05569771696511225
640,820,180,0.18,0.05575451116050317
718,859,141,0.141,0.060116099720708006
768,884,116,0.116,0.05295784003307199
762,881,119,0.119,0.042548113108325195
730,865,135,0.135,0.0484249750828385
708,854,146,0.146,0.04962003014755283
784,892,108,0.108,0.05394659913363648
764,882,118,0.118,0.06529029752363567
700,850,150,0.15,0.05723713296242568
762,881,119,0.119,0.04263846344462945
774,887,113,0.113,0.04845796036053798
702,851,149,0.149,0.04948548873351683
730,865,135,0.135,0.04835341543783579
784,892,108,0.108,0.0568457358921587
712,856,144,0.144,0.05257126987242373
682,841,159,0.159,0.048263748106939605
768,884,116,0.116,0.04528519193084503
776,888,112,0.112,0.058332519155959744
746,873,127,0.127,0.04191495814545487
700,850,150,0.15,0.05117859024043355
674,837,163,0.163,0.04530782535850767
720,860,140,0.14,0.05405520815146156
752,876,124,0.124,0.06079503521522202
714,857,143,0.143,0.06382169366657035
748,874,126,0.126,0.05485452147915203
770,885,115,0.115,0.050753188066969414
706,853,147,0.147,0.06372277476989985
694,847,153,0.153,0.05157665680054561
708,854,146,0.146,0.05265610776624817
736,868,132,0.132,0.04751011962037046
682,841,159,0.159,0.05187845180285285
736,868,132,0.132,0.055373531559622276
712,856,144,0.144,0.04754005817592497
724,862,138,0.138,0.04467414980525973
756,878,122,0.122,0.05391354639824113
674,837,163,0.163,0.06340739990054453
702,851,149,0.149,0.046473568704699576
710,855,145,0.145,0.05706210663712409
722,861,139,0.139,0.05240732207548467
748,874,126,0.126,0.042168142918744704
770,885,115,0.115,0.056259234968718375
710,855,145,0.145,0.05503387537979142
756,878,122,0.122,0.05176871269625735
758,879,121,0.121,0.059659049808689815
716,858,142,0.142,0.046711361706729806
806,903,97,0.097,0.05417232193480595
776,888,112,0.112,0.05147141118088848
750,875,125,0.125,0.05475272914005745
744,872,128,0.128,0.04128818318257072
718,859,141,0.141,0.05137736907804265
724,862,138,0.138,0.05208247919182031
782,891,109,0.109,0.04800231689380962
778,889,111,0.111,0.046362917986953106
718,859,141,0.141,0.045487517889803715
750,875,125,0.125,0.04816436038621578
750,875,125,0.125,0.06003267267663432
758,879,121,0.121,0.04615758558446032
726,863,137,0.137,0.04515681899683113
668,834,166,0.166,0.04643489389387014
722,861,139,0.139,0.04315689744442716
732,866,134,0.134,0.04521392298158207
778,889,111,0.111,0.042175941755285745
754,877,123,0.123,0.05534496599570491
722,861,139,0.139,0.05199772839034631
806,903,97,0.097,0.03829135235486683
706,853,147,0.147,0.04158206929029257
776,888,112,0.112,0.037970801128887614
734,867,133,0.133,0.05434748548704465
772,886,114,0.114,0.051085429736316655
648,824,176,0.176,0.042125508026118044
716,858,142,0.142,0.03413331527547598
742,871,129,0.129,0.03525391259420758
714,857,143,0.143,0.04591992637696967
770,885,115,0.115,0.04334138268715469
704,852,148,0.148,0.047752254545281175
718,859,141,0.141,0.03906942809875818
742,871,129,0.129,0.04059355978969586
724,862,138,0.138,0.0439837903990192
756,878,122,0.122,0.04677636671135951
764,882,118,0.118,0.04339281404428039
748,874,126,0.126,0.042967748697604745
768,884,116,0.116,0.04526816378390504
686,843,157,0.157,0.045588317418084896
760,880,120,0.12,0.042582867914274174
712,856,144,0.144,0.05472838383941189
718,859,141,0.141,0.04618638740933784
712,856,144,0.144,0.052162797955093425
782,891,109,0.109,0.04485257530854324
746,873,127,0.127,0.04165470859086758
746,873,127,0.127,0.047754725966085314
736,868,132,0.132,0.05490581048483273
722,861,139,0.139,0.041082271193371524
752,876,124,0.124,0.05416422361239529
744,872,128,0.128,0.056224160747507995
728,864,136,0.136,0.04953407397397677
744,872,128,0.128,0.04292017437484424
748,874,126,0.126,0.05364268529075343
774,887,113,0.113,0.05222020316024282
726,863,137,0.137,0.04074553415486116
700,850,150,0.15,0.05559064245106129
692,846,154,0.154,0.04399466200467032
794,897,103,0.103,0.042399251638496595
672,836,164,0.164,0.051652923794812525
802,901,99,0.099,0.04592802748651593
782,891,109,0.109,0.060272832026941614
720,860,140,0.14,0.06162457245338737
750,875,125,0.125,0.056085354790287964
706,853,147,0.147,0.05158999868798537
680,840,160,0.16,0.04713750955411524
734,867,133,0.133,0.05538092735694954
718,859,141,0.141,0.049806745204309666
694,847,153,0.153,0.04676113297508709
802,901,99,0.099,0.043645441495401886
716,858,142,0.142,0.05697302938397479
714,857,143,0.143,0.042380519724152695
692,846,154,0.154,0.05341610842922819
712,856,144,0.144,0.050822371839800325
764,882,118,0.118,0.05549257994252548
666,833,167,0.167,0.04539845880261782
752,876,124,0.124,0.05211175432900563
700,850,150,0.15,0.05403192479866266
710,855,145,0.145,0.04851918919365744
686,843,157,0.157,0.04389636325753236
712,856,144,0.144,0.04453597522225755
704,852,148,0.148,0.039811401854829453
808,904,96,0.096,0.05919534760632928
738,869,131,0.131,0.05089267634530552
814,907,93,0.093,0.05144171349483804
732,866,134,0.134,0.04802952647633356
758,879,121,0.121,0.04123462428235143
734,867,133,0.133,0.05596346912606532
736,868,132,0.132,0.05325229028580361
698,849,151,0.151,0.05534168493653124
778,889,111,0.111,0.054515210125966405
746,873,127,0.127,0.045287166294705854
762,881,119,0.119,0.048825870118831514
698,849,151,0.151,0.04812360364955657
664,832,168,0.168,0.050029137812030965
744,872,128,0.128,0.046977309435314966
762,881,119,0.119,0.05668437509703108
780,890,110,0.11,0.05313918384257704
740,870,130,0.13,0.06110324025173986
688,844,156,0.156,0.05296767758315764
726,863,137,0.137,0.05324639477870369
738,869,131,0.131,0.058156917340950715
726,863,137,0.137,0.059590039002287085
776,888,112,0.112,0.057111467154813
728,864,136,0.136,0.04723046276991227
780,890,110,0.11,0.057008502527578456
748,874,126,0.126,0.0595745904539217
730,865,135,0.135,0.05523551670784946
740,870,130,0.13,0.06338519124978476
694,847,153,0.153,0.05988741805548852
750,875,125,0.125,0.06336163031537216
738,869,131,0.131,0.058182202216426955
742,871,129,0.129,0.05793524596642237
746,873,127,0.127,0.06335308429086035
728,864,136,0.136,0.06469751746553447
774,887,113,0.113,0.053154765511855655
706,853,147,0.147,0.062496013873416814
718,859,141,0.141,0.05969500174189125
718,859,141,0.141,0.0601850626328669
752,876,124,0.124,0.06308421827331767
740,870,130,0.13,0.05485143400955712
718,859,141,0.141,0.06239286625368186
726,863,137,0.137,0.05835177869845938
740,870,130,0.13,0.052007515642093494
722,861,139,0.139,0.05454643931318424
744,872,128,0.128,0.05220576937726582
748,874,126,0.126,0.06346541327319574
734,867,133,0.133,0.07147187817738813
762,881,119,0.119,0.0736232504399668
662,831,169,0.169,0.05863594753513462
782,891,109,0.109,0.07353280484754941
734,867,133,0.133,0.06453961867886392
770,885,115,0.115,0.05384683189991119
706,853,147,0.147,0.06087888452192419
724,862,138,0.138,0.07452068123572826
706,853,147,0.147,0.07266398914082674
722,861,139,0.139,0.06427891859968077
744,872,128,0.128,0.0469480575411144
696,848,152,0.152,0.07584743274393259
716,858,142,0.142,0.061003957870272185
756,878,122,0.122,0.05546362649902039
692,846,154,0.154,0.06171991348877782
756,878,122,0.122,0.06515771423495607
696,848,152,0.152,0.06869301916552649
774,887,113,0.113,0.0676096999628644
730,865,135,0.135,0.07341769129963359
752,876,124,0.124,0.07265844397808542
706,853,147,0.147,0.062445576493752014
784,892,108,0.108,0.06275814231821278
732,866,134,0.134,0.08186268577931333
746,873,127,0.127,0.07533296186016378
758,879,121,0.121,0.08187736539728939
738,869,131,0.131,0.07478205189004075
772,886,114,0.114,0.07032024583016755
740,870,130,0.13,0.06866057439343422
740,870,130,0.13,0.07043722940194494
678,839,161,0.161,0.05974406241251563
794,897,103,0.103,0.061469849926244935
738,869,131,0.131,0.06885808180668392
698,849,151,0.151,0.07121092281650636
724,862,138,0.138,0.0698446976102714
726,863,137,0.137,0.06812782258470543
740,870,130,0.13,0.0735011011165916
732,866,134,0.134,0.06543613231528433
734,867,133,0.133,0.06613935501125524
682,841,159,0.159,0.07350559848660487
714,857,143,0.143,0.07040294018364511
756,878,122,0.122,0.08419469473602839
738,869,131,0.131,0.05936603854854184
664,832,168,0.168,0.07099678506293276
726,863,137,0.137,0.07514778168142948
698,849,151,0.151,0.08448389039156609
816,908,92,0.092,0.07495097520673881
682,841,159,0.159,0.07535230181113002
736,868,132,0.132,0.06857083986228099
714,857,143,0.143,0.09155855903949123
710,855,145,0.145,0.07775714416065603
758,879,121,0.121,0.0823187111337902
730,865,135,0.135,0.06980783266905928
740,870,130,0.13,0.07954029637988425
772,886,114,0.114,0.05987954943155819
756,878,122,0.122,0.07749504590936886
786,893,107,0.107,0.07977209554507862
688,844,156,0.156,0.07259275005068049
702,851,149,0.149,0.0746278311503047
712,856,144,0.144,0.07168907930966816
730,865,135,0.135,0.077879646753825
696,848,152,0.152,0.06719310274964664
720,860,140,0.14,0.08561286702176585
752,876,124,0.124,0.06710724387225492
752,876,124,0.124,0.07467252265501884
702,851,149,0.149,0.06959547684708377
706,853,147,0.147,0.0843894976832671
788,894,106,0.106,0.07732536915571836
732,866,134,0.134,0.07117526163809816
712,856,144,0.144,0.07208779155518277
712,856,144,0.144,0.07094762426197121
710,855,145,0.145,0.0692902019842586
776,888,112,0.112,0.06906586816965136
672,836,164,0.164,0.08092216715146787
754,877,123,0.123,0.07366872665220581
738,869,131,0.131,0.08046603615867207
700,850,150,0.15,0.09651013367518317
752,876,124,0.124,0.08276927663030802
768,884,116,0.116,0.08540967357333284
730,865,135,0.135,0.0711410778236459
782,891,109,0.109,0.08167984845381579
716,858,142,0.142,0.07044129987707129
704,852,148,0.148,0.09106624458468286
752,876,124,0.124,0.08831106331819319
672,836,164,0.164,0.06804345144284889
764,882,118,0.118,0.07431696934468346
772,886,114,0.114,0.07812637301240466
708,854,146,0.146,0.07145586558594369
716,858,142,0.142,0.07936827579757665
738,869,131,0.131,0.07578821918360336
750,875,125,0.125,0.08560704525239998
764,882,118,0.118,0.07044289649958956
720,860,140,0.14,0.07353097539948067
742,871,129,0.129,0.07478271343663437
764,882,118,0.118,0.08400089239655062
736,868,132,0.132,0.0825766398912383
742,871,129,0.129,0.07072805199676077
720,860,140,0.14,0.07989269907050767
700,850,150,0.15,0.08252680824304116
752,876,124,0.124,0.0804933509992552
726,863,137,0.137,0.07561622091347818
706,853,147,0.147,0.07588026802960667
694,847,153,0.153,0.08276238978099718
748,874,126,0.126,0.09366490770596829
736,868,132,0.132,0.07408347474534094
708,854,146,0.146,0.07262074755138019
682,841,159,0.159,0.08289583167270757
726,863,137,0.137,0.07740800396438863
788,894,106,0.106,0.08109738052080502
712,856,144,0.144,0.0742714494712127
748,874,126,0.126,0.07611472151597264
736,868,132,0.132,0.07963968224092968
744,872,128,0.128,0.07343633461762511
710,855,145,0.145,0.07014159147096143
760,880,120,0.12,0.08832297313562594
720,860,140,0.14,0.07977189373481088
700,850,150,0.15,0.08526672345917904
722,861,139,0.139,0.08871825538302074
716,858,142,0.142,0.08875094223860651
742,871,129,0.129,0.0767341623132961
732,866,134,0.134,0.07229408733842138
742,871,129,0.129,0.06240930197687703
686,843,157,0.157,0.07316563377529382
768,884,116,0.116,0.07544604212822742
750,875,125,0.125,0.10106402658496517
670,835,165,0.165,0.07442356457049028
678,839,161,0.161,0.08486361380583549
698,849,151,0.151,0.08077340408333111
762,881,119,0.119,0.0781737876557745
714,857,143,0.143,0.08225342341267969
716,858,142,0.142,0.08702621119271498
790,895,105,0.105,0.07756576441333164
764,882,118,0.118,0.08347632363252341
770,885,115,0.115,0.08404735877666099
726,863,137,0.137,0.08888340066978707
778,889,111,0.111,0.08292373534594663
700,850,150,0.15,0.08462948191544274
746,873,127,0.127,0.08365412007886334
694,847,153,0.153,0.07739163907372858
722,861,139,0.139,0.08017073402777168
704,852,148,0.148,0.0769406653677579
772,886,114,0.114,0.0776581762592541
748,874,126,0.126,0.08412320743408054
726,863,137,0.137,0.08304262328252662
802,901,99,0.099,0.07353660134767415
752,876,124,0.124,0.07669312810545671
694,847,153,0.153,0.08391210283857072
770,885,115,0.115,0.07930831171080353
778,889,111,0.111,0.09321059060958214
770,885,115,0.115,0.08995039660396287
754,877,123,0.123,0.08859648589300922
714,857,143,0.143,0.08298272068715505
748,874,126,0.126,0.10486963143368484
692,846,154,0.154,0.09974196344008669
758,879,121,0.121,0.09081296785606537
734,867,133,0.133,0.09972666797618149
700,850,150,0.15,0.10088058445768547
768,884,116,0.116,0.10316936732374597
772,886,114,0.114,0.0825345533132786
754,877,123,0.123,0.08859066561586224
718,859,141,0.141,0.09566509528364986
752,876,124,0.124,0.09796699895049096
730,865,135,0.135,0.10887719121067493
796,898,102,0.102,0.10956719428888755
676,838,162,0.162,0.0943935643468285
800,900,100,0.1,0.090167287315242
718,859,141,0.141,0.10486806708673248
764,882,118,0.118,0.09722303690751141
752,876,124,0.124,0.08786053775192704
738,869,131,0.131,0.0929270006561419
736,868,132,0.132,0.09966249457816594
752,876,124,0.124,0.11934608295583166
704,852,148,0.148,0.10037375884689391
744,872,128,0.128,0.10488219386641867
746,873,127,0.127,0.10276665002823575
736,868,132,0.132,0.1176235345157329
716,858,142,0.142,0.11916548672551289
732,866,134,0.134,0.11359161715721712
752,876,124,0.124,0.11077088068937883
726,863,137,0.137,0.13130455174937378
716,858,142,0.142,0.11028261503798421
772,886,114,0.114,0.11709760541841388
692,846,154,0.154,0.10931823143968358
746,873,127,0.127,0.10711279605689925
738,869,131,0.131,0.11790181789407507
716,858,142,0.142,0.12184782858286053
752,876,124,0.124,0.11220600090338849
732,866,134,0.134,0.10876489576534368
738,869,131,0.131,0.10847336080437527
746,873,127,0.127,0.123156821945915
680,840,160,0.16,0.12445144095126306
750,875,125,0.125,0.12757929419260472
686,843,157,0.157,0.12787672886345536
776,888,112,0.112,0.11644240435678511
752,876,124,0.124,0.12287664996826789
674,837,163,0.163,0.12069213634892367
680,840,160,0.16,0.12991811607498677
696,848,152,0.152,0.12425219432404265
678,839,161,0.161,0.12275112427059502
736,868,132,0.132,0.11894493264524499
756,878,122,0.122,0.12821859722421505
724,862,138,0.138,0.1294497972521931
690,845,155,0.155,0.11329095304058864
740,870,130,0.13,0.14016742473770866
704,852,148,0.148,0.1290373947308399
724,862,138,0.138,0.10560830599605106
710,855,145,0.145,0.12989163801516407
708,854,146,0.146,0.12357437386061065
728,864,136,0.136,0.12670952423335985
748,874,126,0.126,0.13128406804485712
770,885,115,0.115,0.12544239038601518
718,859,141,0.141,0.13064386770594866
744,872,128,0.128,0.13490460570249707
692,846,154,0.154,0.14279854786023496
730,865,135,0.135,0.1340833085612394
726,863,137,0.137,0.14422785146394745
738,869,131,0.131,0.147952890150249
660,830,170,0.17,0.14316489694779738
728,864,136,0.136,0.142813605775591
694,847,153,0.153,0.15326415661186912
724,862,138,0.138,0.15644016203499633
752,876,124,0.124,0.16120162190310658
750,875,125,0.125,0.18137449845904485
700,850,150,0.15,0.1499076735903509
746,873,127,0.127,0.1571024178180378
712,856,144,0.144,0.15980639640334993
724,862,138,0.138,0.16409758588089607
720,860,140,0.14,0.16651592582743616
754,877,123,0.123,0.18248592717479914
704,852,148,0.148,0.15690140467509628
706,853,147,0.147,0.1766820586817339
706,853,147,0.147,0.17170593445980922
742,871,129,0.129,0.18167355109378697
712,856,144,0.144,0.16851464235689492
706,853,147,0.147,0.1658349593942985
710,855,145,0.145,0.1929248758596368
762,881,119,0.119,0.19783049838338046
726,863,137,0.137,0.1757581437025219
716,858,142,0.142,0.1759492481481284
716,858,142,0.142,0.19591149887256323
714,857,143,0.143,0.20123821973335
690,845,155,0.155,0.181450432586018
708,854,146,0.146,0.19750844862218947
670,835,165,0.165,0.21860577041562645
744,872,128,0.128,0.19748832672229036
664,832,168,0.168,0.20152211782336235
668,834,166,0.166,0.1992070295624435
718,859,141,0.141,0.18238468581810593
762,881,119,0.119,0.18801344222575425
752,876,124,0.124,0.19974071574211122
702,851,149,0.149,0.18721795715810732
724,862,138,0.138,0.201087463776581
732,866,134,0.134,0.18277634669095277
724,862,138,0.138,0.2074878193847835
774,887,113,0.113,0.22306222964450717
686,843,157,0.157,0.21015589318796993
650,825,175,0.175,0.2001449213232845
738,869,131,0.131,0.19741834063408897
772,886,114,0.114,0.1866886455845088
704,852,148,0.148,0.20493108906410634
710,855,145,0.145,0.20447411404922605
770,885,115,0.115,0.2050056357011199
706,853,147,0.147,0.2145835287384689
702,851,149,0.149,0.18075072295498104
684,842,158,0.158,0.1771226891549304
690,845,155,0.155,0.22109433714859186
734,867,133,0.133,0.1801494627278298
758,879,121,0.121,0.18772950895596296
718,859,141,0.141,0.20934179474879056
718,859,141,0.141,0.17275305311894043
672,836,164,0.164,0.19451982138492166
746,873,127,0.127,0.19290699485037477
722,861,139,0.139,0.18631249894667418
736,868,132,0.132,0.19552742857579142
724,862,138,0.138,0.19455233125016094
752,876,124,0.124,0.1813114920258522
696,848,152,0.152,0.20241483828797938
736,868,132,0.132,0.18208448471222072
774,887,113,0.113,0.17931734780641273
748,874,126,0.126,0.16398468438070268
708,854,146,0.146,0.19590969803463668
682,841,159,0.159,0.17180860931053757
706,853,147,0.147,0.17897184851393103
692,846,154,0.154,0.1843709584902972
652,826,174,0.174,0.17712611623713748
726,863,137,0.137,0.17599353142548352
720,860,140,0.14,0.16453353917272762
706,853,147,0.147,0.1685803849902004
766,883,117,0.117,0.18568202867056244
752,876,124,0.124,0.17886148836649954
748,874,126,0.126,0.18480313331680373
688,844,156,0.156,0.1845395101662725
708,854,146,0.146,0.18466778126137798
710,855,145,0.145,0.1705808678008616
706,853,147,0.147,0.19087610326800494
788,894,106,0.106,0.1847060928856954
756,878,122,0.122,0.18180728619545697
706,853,147,0.147,0.17969075812585653
710,855,145,0.145,0.1828373228320852
740,870,130,0.13,0.18538496632128953
768,884,116,0.116,0.18269905746076257
736,868,132,0.132,0.19462183135189115
658,829,171,0.171,0.1894135549403727
752,876,124,0.124,0.17569283429626376
722,861,139,0.139,0.17906265609152616
698,849,151,0.151,0.20216344361426308
678,839,161,0.161,0.20528576681297273
722,861,139,0.139,0.1838161552483216
784,892,108,0.108,0.18753511571791023
716,858,142,0.142,0.19590446646045895
746,873,127,0.127,0.18598060018476098
682,841,159,0.159,0.19150981418881566
700,850,150,0.15,0.20997749439720065
676,838,162,0.162,0.1871931747160852
720,860,140,0.14,0.20356957601662726
762,881,119,0.119,0.18716166810691356
680,840,160,0.16,0.19505195299908518
754,877,123,0.123,0.19845875702705235
744,872,128,0.128,0.19169783635996282
758,879,121,0.121,0.21062152234185488
692,846,154,0.154,0.20270010769856162
726,863,137,0.137,0.18410115706548094
722,861,139,0.139,0.21490113987587392
770,885,115,0.115,0.21296709865517915
736,868,132,0.132,0.19074632908962666
688,844,156,0.156,0.2004725064584054
730,865,135,0.135,0.1935486734844744
684,842,158,0.158,0.21304485350241884
706,853,147,0.147,0.20928967008925975
694,847,153,0.153,0.1984876909200102
728,864,136,0.136,0.2053823110051453
732,866,134,0.134,0.19375817794911562
668,834,166,0.166,0.18516951410891488
744,872,128,0.128,0.17468840470630675
780,890,110,0.11,0.17134291581530123
736,868,132,0.132,0.18250906606472564
682,841,159,0.159,0.18504526396701113
700,850,150,0.15,0.17369858129147905
780,890,110,0.11,0.1690534793655388
742,871,129,0.129,0.14961211713030934
666,833,167,0.167,0.1553643392995
714,857,143,0.143,0.16239079171651974
720,860,140,0.14,0.15619808734906837
746,873,127,0.127,0.15398846087232232
744,872,128,0.128,0.16010420524794608
764,882,118,0.118,0.1481816082475707
740,870,130,0.13,0.15010364880226554
702,851,149,0.149,0.13420801791443956
750,875,125,0.125,0.14357851825654508
738,869,131,0.131,0.13618985009565948
718,859,141,0.141,0.14397587458090857
750,875,125,0.125,0.1239177473296877
748,874,126,0.126,0.1365163282910362
658,829,171,0.171,0.1466397760240361
744,872,128,0.128,0.1445551234805025
722,861,139,0.139,0.13994674830086296
726,863,137,0.137,0.14373279263754377
786,893,107,0.107,0.1338205977641046
704,852,148,0.148,0.16118240306619555
736,868,132,0.132,0.15330871404195204
762,881,119,0.119,0.14640163297206163
732,866,134,0.134,0.15898023513215595
704,852,148,0.148,0.1829770292970352
748,874,126,0.126,0.15941978390561418
698,849,151,0.151,0.15803816809877752
744,872,128,0.128,0.16426846672920511
748,874,126,0.126,0.1576097404952161
738,869,131,0.131,0.16752841637912205
754,877,123,0.123,0.16074252288229762
688,844,156,0.156,0.17696720123756676
738,869,131,0.131,0.17109959996677934
712,856,144,0.144,0.17747383118700236
742,871,129,0.129,0.16882106536300853
766,883,117,0.117,0.16365941306948661
718,859,141,0.141,0.15159772678650915
742,871,129,0.129,0.1682111831791699
732,866,134,0.134,0.1683854764206335
702,851,149,0.149,0.18054194659087808
700,850,150,0.15,0.165647261044709
730,865,135,0.135,0.17494348304858431
732,866,134,0.134,0.18216352778859438
726,863,137,0.137,0.18019202029611917
754,877,123,0.123,0.1952153792604804
718,859,141,0.141,0.17016778878634795
764,882,118,0.118,0.1705117099089548
752,876,124,0.124,0.16932140243332833
730,865,135,0.135,0.18498632839531637
684,842,158,0.158,0.17226876927912235
658,829,171,0.171,0.16820347602199764
696,848,152,0.152,0.16268649825733156
742,871,129,0.129,0.18904690449265762
676,838,162,0.162,0.17228160326462238
694,847,153,0.153,0.18164153940277175
702,851,149,0.149,0.16415506911044941
678,839,161,0.161,0.16353438022406772
676,838,162,0.162,0.14941597908223048
734,867,133,0.133,0.15809885200153076
738,869,131,0.131,0.15563991493172943
692,846,154,0.154,0.14525196252809838
710,855,145,0.145,0.15867124397167937
736,868,132,0.132,0.15566328051965683
700,850,150,0.15,0.15238873270340264
722,861,139,0.139,0.13471161429490894
754,877,123,0.123,0.13946173223142977
740,870,130,0.13,0.1563820388200693
716,858,142,0.142,0.14898064296157099
750,875,125,0.125,0.13267525941692293
750,875,125,0.125,0.13475183284282685
720,860,140,0.14,0.14556194579508155
746,873,127,0.127,0.13235678892605937
760,880,120,0.12,0.1453377021769993
752,876,124,0.124,0.1472326084645465
732,866,134,0.134,0.1419758079443127
738,869,131,0.131,0.14567047732137145
700,850,150,0.15,0.13089180699083955
772,886,114,0.114,0.14219659805856646
746,873,127,0.127,0.12490817385585978
740,870,130,0.13,0.15124001558311284
704,852,148,0.148,0.1365286558137741
756,878,122,0.122,0.13887662424356675
770,885,115,0.115,0.12283249078784138
690,845,155,0.155,0.1331479969304055
676,838,162,0.162,0.13636645600711927
718,859,141,0.141,0.1432329843924381
732,866,134,0.134,0.13179116441309452
762,881,119,0.119,0.12047882314119487
722,861,139,0.139,0.13434158105310054
742,871,129,0.129,0.13295383372530342
676,838,162,0.162,0.1297499686582014
702,851,149,0.149,0.14105007100314834
718,859,141,0.141,0.11312032557697967
734,867,133,0.133,0.13334963304037228
670,835,165,0.165,0.11691698743216693
688,844,156,0.156,0.14672048342041671
726,863,137,0.137,0.12870499676396138
796,898,102,0.102,0.10947085474152118
734,867,133,0.133,0.10918747856747359
688,844,156,0.156,0.12423440502700396
716,858,142,0.142,0.11471644292282872
728,864,136,0.136,0.1117658582928707
728,864,136,0.136,0.11030114110605792
724,862,138,0.138,0.10501209105493035
674,837,163,0.163,0.09258964252960868
714,857,143,0.143,0.110303409577813
722,861,139,0.139,0.11500149395712651
746,873,127,0.127,0.1019876573067886
748,874,126,0.126,0.1092113148504286
710,855,145,0.145,0.10933198929209903
758,879,121,0.121,0.10308412926690654
748,874,126,0.126,0.10537371994607383
748,874,126,0.126,0.09191490084747783
662,831,169,0.169,0.08987355130177457
746,873,127,0.127,0.10652780144673306
756,878,122,0.122,0.10381144707521889
714,857,143,0.143,0.09454230276076123
768,884,116,0.116,0.08573896994395182
716,858,142,0.142,0.0970047736869892
782,891,109,0.109,0.10956276458140929
736,868,132,0.132,0.09530848425530712
724,862,138,0.138,0.09019223603104183
694,847,153,0.153,0.10789677825462422
736,868,132,0.132,0.087942190105794
738,869,131,0.131,0.08281662262836471
670,835,165,0.165,0.08419878956861794
750,875,125,0.125,0.07881530498131178
736,868,132,0.132,0.09855121955828508
710,855,145,0.145,0.07939135071324563
694,847,153,0.153,0.092004494783876
734,867,133,0.133,0.09414225319901015
730,865,135,0.135,0.07953833450423553
718,859,141,0.141,0.08141670516197337
682,841,159,0.159,0.1030154069531709
722,861,139,0.139,0.07266403104827623
730,865,135,0.135,0.0957581928477157
738,869,131,0.131,0.09339896021597087
702,851,149,0.149,0.09434364112852199
712,856,144,0.144,0.08373899938666728
660,830,170,0.17,0.07001212816999759
700,850,150,0.15,0.07439296454341092
758,879,121,0.121,0.0946631556666689
702,851,149,0.149,0.07653094029044587
688,844,156,0.156,0.08490519475127803
732,866,134,0.134,0.07164243583200733
770,885,115,0.115,0.0733513350187568
772,886,114,0.114,0.07774709547765088
742,871,129,0.129,0.07493180875986581
740,870,130,0.13,0.06766754446912092
702,851,149,0.149,0.0844886735995242
724,862,138,0.138,0.07838906131265685
712,856,144,0.144,0.08197933470516
742,871,129,0.129,0.07196330560468778
766,883,117,0.117,0.08426755637163297
736,868,132,0.132,0.05943912038653798
742,871,129,0.129,0.07894490989165207
722,861,139,0.139,0.08168784125900129
718,859,141,0.141,0.06529075227305293
746,873,127,0.127,0.08187965123989852
742,871,129,0.129,0.08056899878620606
726,863,137,0.137,0.08081115536578
732,866,134,0.134,0.0640175594100183
714,857,143,0.143,0.08358717727201292
694,847,153,0.153,0.08122263411979656
772,886,114,0.114,0.08040130232751835
746,873,127,0.127,0.08636623930494534
720,860,140,0.14,0.07943969479054067
802,901,99,0.099,0.06696346418088069
778,889,111,0.111,0.0830934935855912
778,889,111,0.111,0.08781602382892743
716,858,142,0.142,0.07612920305914304
754,877,123,0.123,0.06906851259955783
752,876,124,0.124,0.06155321648635436
764,882,118,0.118,0.07488728067855117
756,878,122,0.122,0.07580326319296728
768,884,116,0.116,0.08070826492767083
764,882,118,0.118,0.06327078573942709
754,877,123,0.123,0.06584572923013184
812,906,94,0.094,0.07499476003675955
722,861,139,0.139,0.06532801397523144
710,855,145,0.145,0.06372045626843464
718,859,141,0.141,0.06792622422213025
726,863,137,0.137,0.07488348776014754
746,873,127,0.127,0.06291200129743084
794,897,103,0.103,0.0652276946126949
794,897,103,0.103,0.06746394629601855
724,862,138,0.138,0.07677634863142158
750,875,125,0.125,0.06069686569779879
762,881,119,0.119,0.07187569727646768
750,875,125,0.125,0.07403854498363216
770,885,115,0.115,0.07180199282703688
668,834,166,0.166,0.056555109503126005
680,840,160,0.16,0.0695118103083223
710,855,145,0.145,0.06927988882334103
802,901,99,0.099,0.06841031451722665
786,893,107,0.107,0.07166472293189145
770,885,115,0.115,0.06968748681538273
734,867,133,0.133,0.07357724098552718
762,881,119,0.119,0.0626954017688986
688,844,156,0.156,0.07582713515448268
724,862,138,0.138,0.05792407918945537
730,865,135,0.135,0.0687906830850552
732,866,134,0.134,0.06790989229665138
696,848,152,0.152,0.06306295028464229
696,848,152,0.152,0.06586111876391806
682,841,159,0.159,0.0669448210799892
758,879,121,0.121,0.07490353450286238
728,864,136,0.136,0.08382034760412353
764,882,118,0.118,0.07423785476281773
706,853,147,0.147,0.07065676290116972
752,876,124,0.124,0.06559072619408834
750,875,125,0.125,0.06819362114206888
772,886,114,0.114,0.08876521974080243
742,871,129,0.129,0.07298131709487643
670,835,165,0.165,0.07347517066221917
666,833,167,0.167,0.0817916660040064
712,856,144,0.144,0.0803647086735582
720,860,140,0.14,0.06399740146585099
700,850,150,0.15,0.0848755254179705
746,873,127,0.127,0.0793793529412942
714,857,143,0.143,0.08048133416907513
732,866,134,0.134,0.07755510868801503
750,875,125,0.125,0.08158897381398128
680,840,160,0.16,0.08284994870470837
718,859,141,0.141,0.09514038825500756
734,867,133,0.133,0.0771809810042505
776,888,112,0.112,0.08121113875202718
750,875,125,0.125,0.06957980302104261
724,862,138,0.138,0.0787458418434835
702,851,149,0.149,0.07837223850889131
748,874,126,0.126,0.07668390127097519
714,857,143,0.143,0.07665531678136904
736,868,132,0.132,0.07897781552286323
738,869,131,0.131,0.07463891411060468
674,837,163,0.163,0.06921003099504743
720,860,140,0.14,0.06997428023500833
744,872,128,0.128,0.08162341283878777
702,851,149,0.149,0.08910207712743431
790,895,105,0.105,0.08502666970918654
698,849,151,0.151,0.08102739255735651
766,883,117,0.117,0.06859254557930398
748,874,126,0.126,0.07433133175529656
740,870,130,0.13,0.09176315212537883
706,853,147,0.147,0.0768533510681882
720,860,140,0.14,0.07830801797000458
730,865,135,0.135,0.08739973039904726
760,880,120,0.12,0.08250598124333192
770,885,115,0.115,0.09062225942499935
740,870,130,0.13,0.09889349650406802
748,874,126,0.126,0.09904991278308443
688,844,156,0.156,0.07619637077650987
720,860,140,0.14,0.09244690734402684
692,846,154,0.154,0.0899933107047982
726,863,137,0.137,0.10061581454862607
788,894,106,0.106,0.07899237826294848
740,870,130,0.13,0.08271526558225742
692,846,154,0.154,0.09139414692891296
710,855,145,0.145,0.08131952047569212
732,866,134,0.134,0.08263753257374629
748,874,126,0.126,0.07596503607416526
726,863,137,0.137,0.08630073926091426
680,840,160,0.16,0.09303291751712095
736,868,132,0.132,0.080654854501714
726,863,137,0.137,0.08810206072975416
772,886,114,0.114,0.0861766315032728
734,867,133,0.133,0.08313356782926712
718,859,141,0.141,0.08193809943196538
712,856,144,0.144,0.08363093006971759
706,853,147,0.147,0.09211943546740804
710,855,145,0.145,0.09124720029637683
738,869,131,0.131,0.08373327521519969
716,858,142,0.142,0.0659262874344713
750,875,125,0.125,0.09044157426839229
742,871,129,0.129,0.0963068383425125
740,870,130,0.13,0.0831148517630063
750,875,125,0.125,0.08015387706586626
704,852,148,0.148,0.09893463200540281
716,858,142,0.142,0.08444472112180665
724,862,138,0.138,0.08820961278234608
740,870,130,0.13,0.08889898424959393
686,843,157,0.157,0.08666994963679463
752,876,124,0.124,0.09142947981371254
734,867,133,0.133,0.08660832910391036
742,871,129,0.129,0.09644898837991059
706,853,147,0.147,0.07667339859041386
704,852,148,0.148,0.09432280583307147
778,889,111,0.111,0.09283241236262256
732,866,134,0.134,0.0935633712100098
718,859,141,0.141,0.09512231444718781
696,848,152,0.152,0.09372158348723315
688,844,156,0.156,0.09009037266037194
702,851,149,0.149,0.09027765660337173
766,883,117,0.117,0.06115933893620968
714,857,143,0.143,0.0871434814047534
700,850,150,0.15,0.0839966938259895
738,869,131,0.131,0.07880618797871285
742,871,129,0.129,0.08387412204177236
748,874,126,0.126,0.09466373354219831
674,837,163,0.163,0.07206356220133603
706,853,147,0.147,0.08861645900120493
744,872,128,0.128,0.0832330627085903
720,860,140,0.14,0.08088801328385307
758,879,121,0.121,0.07810142885392997
734,867,133,0.133,0.0835791214966448
718,859,141,0.141,0.08397413210676313
702,851,149,0.149,0.07794385510426946
752,876,124,0.124,0.08644322805688716
720,860,140,0.14,0.08518712444347329
718,859,141,0.141,0.07449100237456151
770,885,115,0.115,0.07497833196391002
776,888,112,0.112,0.08290638456266607
678,839,161,0.161,0.08526819552385131
690,845,155,0.155,0.08917100945318816
750,875,125,0.125,0.07552520637738053
718,859,141,0.141,0.0909989109087619
700,850,150,0.15,0.07968343263975111
746,873,127,0.127,0.09088956317002884
720,860,140,0.14,0.08213972306196228
708,854,146,0.146,0.09132583172665909
788,894,106,0.106,0.07454037990421057
670,835,165,0.165,0.07444513255334459
708,854,146,0.146,0.08351230080926325
724,862,138,0.138,0.07812068295490462
740,870,130,0.13,0.07407334651757265
654,827,173,0.173,0.0772679509994341
704,852,148,0.148,0.07697977529792115
734,867,133,0.133,0.08684588422928936
704,852,148,0.148,0.0741711543049314
690,845,155,0.155,0.07659742533601821
708,854,146,0.146,0.07664623994351132
744,872,128,0.128,0.0708689406880294
722,861,139,0.139,0.09735121333377901
738,869,131,0.131,0.07651467916590628
718,859,141,0.141,0.07040148888889235
724,862,138,0.138,0.08648227820580359
702,851,149,0.149,0.08443485352001152
692,846,154,0.154,0.08629760884057032
764,882,118,0.118,0.088834521348821
748,874,126,0.126,0.07167789187726066
726,863,137,0.137,0.08210267842835947
756,878,122,0.122,0.07505985649960348
702,851,149,0.149,0.07771092772448901
770,885,115,0.115,0.0941932730654662
730,865,135,0.135,0.06817486632487271
788,894,106,0.106,0.07462418040272314
712,856,144,0.144,0.0798986740524706
772,886,114,0.114,0.09172627667995402
720,860,140,0.14,0.07594571804394945
730,865,135,0.135,0.07714491056883707
712,856,144,0.144,0.077460315477103
818,909,91,0.091,0.07278243205987382
734,867,133,0.133,0.08225222756294534
766,883,117,0.117,0.07547309395595221
730,865,135,0.135,0.08083575858868426
748,874,126,0.126,0.08902056577417534
692,846,154,0.154,0.08312166952638654
748,874,126,0.126,0.08409033334994456
684,842,158,0.158,0.08276022412366
786,893,107,0.107,0.07229659344058018
746,873,127,0.127,0.07402967543387785
772,886,114,0.114,0.07462578573603242
728,864,136,0.136,0.080048897404311
810,905,95,0.095,0.08231972668025991
744,872,128,0.128,0.07151977844140492
760,880,120,0.12,0.06911995309717804
800,900,100,0.1,0.07804335993528366
682,841,159,0.159,0.08171380270138616
762,881,119,0.119,0.08059065174154238
796,898,102,0.102,0.0653527218158124
676,838,162,0.162,0.0719404528795858
700,850,150,0.15,0.08329649002384394
684,842,158,0.158,0.06966060854663374
702,851,149,0.149,0.07010997241229051
764,882,118,0.118,0.07038439778727479
716,858,142,0.142,0.07687852746935096
750,875,125,0.125,0.06526186045548092
724,862,138,0.138,0.08366844520356972
732,866,134,0.134,0.08129489017109154
742,871,129,0.129,0.07286826755051516
710,855,145,0.145,0.07271838038403075
688,844,156,0.156,0.07655675884577795
718,859,141,0.141,0.08183686456300898
702,851,149,0.149,0.07793257418359281
740,870,130,0.13,0.07115755489456933
734,867,133,0.133,0.07467472949944204
736,868,132,0.132,0.07394102738681249
664,832,168,0.168,0.06772097285825293
718,859,141,0.141,0.07973030139075127
792,896,104,0.104,0.0738654061363195
762,881,119,0.119,0.07577485055776197
700,850,150,0.15,0.07633601427730173
772,886,114,0.114,0.070177052286861
756,878,122,0.122,0.06829676956511685
748,874,126,0.126,0.08059396178531461
698,849,151,0.151,0.0813141648744786
704,852,148,0.148,0.08361154530159547
700,850,150,0.15,0.094906749173766
732,866,134,0.134,0.0808581415823428
726,863,137,0.137,0.076337730968924
732,866,134,0.134,0.07555285960895708
712,856,144,0.144,0.08642730124105583
716,858,142,0.142,0.08855937624018406
722,861,139,0.139,0.07756635991114308
676,838,162,0.162,0.07709674261923646
710,855,145,0.145,0.07762436565058306
742,871,129,0.129,0.08789204885135404
774,887,113,0.113,0.08434568706899881
724,862,138,0.138,0.07654569714021636
734,867,133,0.133,0.07361748291860568
698,849,151,0.151,0.07528709105373127
764,882,118,0.118,0.07367447456019
740,870,130,0.13,0.08487949756975285
676,838,162,0.162,0.08276660824223654
786,893,107,0.107,0.06088986103673233
728,864,136,0.136,0.06848126172623598
744,872,128,0.128,0.0806773525000317
674,837,163,0.163,0.08249307245586533
670,835,165,0.165,0.09573205501330086
788,894,106,0.106,0.07629549799382221
712,856,144,0.144,0.08200556455703918
764,882,118,0.118,0.07580193857121048
720,860,140,0.14,0.07119136167271063
750,875,125,0.125,0.08906803587515606
730,865,135,0.135,0.07894639784639003
744,872,128,0.128,0.07818218160743709
758,879,121,0.121,0.07293375142040895
768,884,116,0.116,0.08117045804025838
734,867,133,0.133,0.08626811668765731
738,869,131,0.131,0.08286210046822089
664,832,168,0.168,0.07953894064330962
740,870,130,0.13,0.07781612060480984
690,845,155,0.155,0.08297756934026256
702,851,149,0.149,0.07915989138645818
788,894,106,0.106,0.0917669121362269
732,866,134,0.134,0.07732151864443768
798,899,101,0.101,0.0817913408956374
722,861,139,0.139,0.08778239638736704
766,883,117,0.117,0.08299744716833811
742,871,129,0.129,0.07772320894886797
726,863,137,0.137,0.06637679963407572
766,883,117,0.117,0.08071135752880945
716,858,142,0.142,0.08351682013299433
698,849,151,0.151,0.07975951568724123
706,853,147,0.147,0.090517022150103
680,840,160,0.16,0.09092632629128639
724,862,138,0.138,0.08229576874902705
730,865,135,0.135,0.090144088552217
770,885,115,0.115,0.08556500298855826
766,883,117,0.117,0.0822898435256211
744,872,128,0.128,0.07589604450584739
706,853,147,0.147,0.08397243640731177
712,856,144,0.144,0.09901356341036444
766,883,117,0.117,0.07886052730440861
740,870,130,0.13,0.08742806663474767
762,881,119,0.119,0.08332138743111864
686,843,157,0.157,0.08560180915740784
756,878,122,0.122,0.08608370033559913
772,886,114,0.114,0.08618833415188419
698,849,151,0.151,0.08392711913993116
744,872,128,0.128,0.08800673980917782
752,876,124,0.124,0.07683812990831211
762,881,119,0.119,0.08171253357111709
724,862,138,0.138,0.0863566731188912
708,854,146,0.146,0.07704234313953202
742,871,129,0.129,0.0802851937029045
718,859,141,0.141,0.09291289002820849
696,848,152,0.152,0.08935494708316401
686,843,157,0.157,0.08764358982693375
732,866,134,0.134,0.08733356348739471
752,876,124,0.124,0.08328271535012755
726,863,137,0.137,0.08478460478276247
672,836,164,0.164,0.08522588932409417
756,878,122,0.122,0.0824633823801123
724,862,138,0.138,0.09546650892717298
772,886,114,0.114,0.07101120754040312
792,896,104,0.104,0.08681267616763944
768,884,116,0.116,0.07575571207178292
736,868,132,0.132,0.09169505400222261
694,847,153,0.153,0.08266432621880085
706,853,147,0.147,0.0744038448313804
726,863,137,0.137,0.08204678231058642
720,860,140,0.14,0.08651542245014571
726,863,137,0.137,0.07647642389617977
744,872,128,0.128,0.08165865886883694
722,861,139,0.139,0.08301444647554308
720,860,140,0.14,0.08085824612743454
712,856,144,0.144,0.09225739247235469
782,891,109,0.109,0.08137956493732054
714,857,143,0.143,0.07027337311278098
718,859,141,0.141,0.06698874381568748
692,846,154,0.154,0.07549354419379961
738,869,131,0.131,0.08318395557301118
732,866,134,0.134,0.07592604202940129
812,906,94,0.094,0.09503714809496887
714,857,143,0.143,0.06904951407437329
684,842,158,0.158,0.08830430236647953
740,870,130,0.13,0.07855379823318799
740,870,130,0.13,0.08586239759223827
680,840,160,0.16,0.08972298417476123
748,874,126,0.126,0.10541487862414214
748,874,126,0.126,0.08276232595188776
714,857,143,0.143,0.09913379077881108
770,885,115,0.115,0.0838435339864227
758,879,121,0.121,0.08008019232854713
714,857,143,0.143,0.08773132584584528
708,854,146,0.146,0.08906380009104033
690,845,155,0.155,0.08198483533516993
728,864,136,0.136,0.07455593817401678
706,853,147,0.147,0.08183486097538843
686,843,157,0.157,0.0774724408260081
720,860,140,0.14,0.07822356759750983
760,880,120,0.12,0.07961147363798227
638,819,181,0.181,0.08946780946629587
688,844,156,0.156,0.07592688553628978
652,826,174,0.174,0.07516673451010138
740,870,130,0.13,0.08422261480469023
732,866,134,0.134,0.07848760045855306
758,879,121,0.121,0.08695468668320246
716,858,142,0.142,0.08378613533749012
724,862,138,0.138,0.09737323835282587
752,876,124,0.124,0.09027204913389869
784,892,108,0.108,0.0840488062184304
760,880,120,0.12,0.08483626187668415
666,833,167,0.167,0.08509950208791997
686,843,157,0.157,0.08814084211259615
778,889,111,0.111,0.09522478281095391
748,874,126,0.126,0.08473717654813663
730,865,135,0.135,0.07989798221050295
734,867,133,0.133,0.07242043033288792
706,853,147,0.147,0.08783748628366447
716,858,142,0.142,0.09672053014824633
714,857,143,0.143,0.08143049843609333
686,843,157,0.157,0.08365436709753703
720,860,140,0.14,0.08775901784846792
708,854,146,0.146,0.11547231079922766
684,842,158,0.158,0.08734694871876854
760,880,120,0.12,0.08485274535161443
700,850,150,0.15,0.10089348054782021
694,847,153,0.153,0.08374792241468094
696,848,152,0.152,0.08465826746978564
696,848,152,0.152,0.0766205339555163
706,853,147,0.147,0.09364985523276846
712,856,144,0.144,0.08435580878169276
658,829,171,0.171,0.0938607058385387
788,894,106,0.106,0.08822400979473605
698,849,151,0.151,0.07931233507883735
768,884,116,0.116,0.08554494623350911
728,864,136,0.136,0.09643598913575624
730,865,135,0.135,0.08228356220503338
696,848,152,0.152,0.09620819491145084
750,875,125,0.125,0.07980685976054519
742,871,129,0.129,0.08826846179569839
736,868,132,0.132,0.07903272910263377
686,843,157,0.157,0.08340055903117173
682,841,159,0.159,0.09512387837143615
736,868,132,0.132,0.08623917290772079
732,866,134,0.134,0.07918299918030243
744,872,128,0.128,0.0889129948472837
736,868,132,0.132,0.0848358699438395
684,842,158,0.158,0.07491136388015002
730,865,135,0.135,0.09167989858228248
708,854,146,0.146,0.08037397116154898
710,855,145,0.145,0.08364986223634333
748,874,126,0.126,0.07847696489856754
686,843,157,0.157,0.08603450647337013
738,869,131,0.131,0.0921740223314846
730,865,135,0.135,0.08644861191223026
658,829,171,0.171,0.0890055013562087
718,859,141,0.141,0.09316932841882226
708,854,146,0.146,0.08577151390956715
770,885,115,0.115,0.08043272687727586
740,870,130,0.13,0.07769492918695323
720,860,140,0.14,0.07844347376655787
726,863,137,0.137,0.08159664868883555
720,860,140,0.14,0.09343565777201729
762,881,119,0.119,0.07615827666211408
750,875,125,0.125,0.06637102327839238
736,868,132,0.132,0.07534982334414962
776,888,112,0.112,0.06568929133971688
744,872,128,0.128,0.08675988532556221
716,858,142,0.142,0.07950988793640863
714,857,143,0.143,0.08396428574959282
748,874,126,0.126,0.07318102039204677
730,865,135,0.135,0.07888184882106725
784,892,108,0.108,0.08082472528069047
764,882,118,0.118,0.08298992553969584
734,867,133,0.133,0.08341744500159984
742,871,129,0.129,0.08098982288641855
740,870,130,0.13,0.08310117908113171
744,872,128,0.128,0.07624763863059343
742,871,129,0.129,0.08332471035968046
720,860,140,0.14,0.08464234747079899
758,879,121,0.121,0.08116270737137529
718,859,141,0.141,0.0762149502975808
712,856,144,0.144,0.09293942746182438
706,853,147,0.147,0.08986744840571191
726,863,137,0.137,0.07729923845175654
718,859,141,0.141,0.0861700429156408
656,828,172,0.172,0.06843621928297217
720,860,140,0.14,0.08573897062923061
644,822,178,0.178,0.08047000138659496
722,861,139,0.139,0.0715586247149622
790,895,105,0.105,0.07027992922419798
752,876,124,0.124,0.08248557183064986
722,861,139,0.139,0.06981542339111911
784,892,108,0.108,0.05741964752448257
734,867,133,0.133,0.0811298431744508
800,900,100,0.1,0.07216941739365575
748,874,126,0.126,0.07868706501152337
800,900,100,0.1,0.06249288726440864
678,839,161,0.161,0.0746013687691011
790,895,105,0.105,0.07509722253051222
726,863,137,0.137,0.07830896980113175
716,858,142,0.142,0.07877805905236164
728,864,136,0.136,0.08579520515928743
718,859,141,0.141,0.07246355288726045
708,854,146,0.146,0.0738143987483345
804,902,98,0.098,0.08268938050008728
720,860,140,0.14,0.08309918041525816
760,880,120,0.12,0.06788569111609831
734,867,133,0.133,0.06647295505806687
736,868,132,0.132,0.07066760953173798
728,864,136,0.136,0.07330295383720659
748,874,126,0.126,0.07007771376165328
716,858,142,0.142,0.07491786805208539
708,854,146,0.146,0.07759411726631515
694,847,153,0.153,0.08329921165009728
722,861,139,0.139,0.07483457146357977
750,875,125,0.125,0.07516984459317791
726,863,137,0.137,0.07086466481024399
672,836,164,0.164,0.07007234854472336
724,862,138,0.138,0.06868280231655809
726,863,137,0.137,0.07893020358786453
704,852,148,0.148,0.07648993554187473
768,884,116,0.116,0.0690585252684832
708,854,146,0.146,0.07069051802461035
680,840,160,0.16,0.07800741589663085
722,861,139,0.139,0.07862257331318688
726,863,137,0.137,0.07363416907179635
736,868,132,0.132,0.08770117481029592
674,837,163,0.163,0.08783650453487644
668,834,166,0.166,0.07508260261331452
802,901,99,0.099,0.07524061054416234
720,860,140,0.14,0.07936105910353945
670,835,165,0.165,0.08574945020844461
710,855,145,0.145,0.06853285610444436
712,856,144,0.144,0.07666332788817817
718,859,141,0.141,0.0833810078339302
742,871,129,0.129,0.07295117138593923
698,849,151,0.151,0.07403587524872274
