log_avg_ept_score,log_avg_succ_req,log_avg_blk_req,log_avg_BP_req,log_avg_entropy
6,503,497,0.497,2.3015465695858
50,525,475,0.475,2.3015249767303465
64,532,468,0.468,2.301541467666626
44,522,478,0.478,2.3015369663238525
80,540,460,0.46,2.301460948944092
60,530,470,0.47,2.3014631695747374
70,535,465,0.465,2.3014772272109987
36,518,482,0.482,2.301438997745514
34,517,483,0.483,2.301167468547821
38,519,481,0.481,2.301160202741623
82,541,459,0.459,2.30111439538002
112,556,444,0.444,2.3011022703647614
78,539,461,0.461,2.300497569799423
76,538,462,0.462,2.300459686756134
98,549,451,0.451,2.300340134382248
86,543,457,0.457,2.3001314647197724
64,532,468,0.468,2.29861346578598
84,542,458,0.458,2.2985442864894865
26,513,487,0.487,2.297389523267746
76,538,462,0.462,2.296853368997574
94,547,453,0.453,2.2919613370895386
120,560,440,0.44,2.291496933221817
110,555,445,0.445,2.2859683513641356
104,552,448,0.448,2.2839710602760315
136,568,432,0.432,2.2655508427619933
204,602,398,0.398,2.2571809504032134
178,589,411,0.411,2.239582935810089
258,629,371,0.371,2.2212424631118775
270,635,365,0.365,2.1250798543691634
378,689,311,0.311,2.0411880704164505
442,721,279,0.279,1.9603751718997955
450,725,275,0.275,1.8597142769098283
520,760,240,0.24,1.5361516543626785
600,800,200,0.2,1.2750780937671662
602,801,199,0.199,1.1031542350053787
680,840,160,0.16,0.90976743465662
662,831,169,0.169,0.6988939791321754
688,844,156,0.156,0.6486650585532189
728,864,136,0.136,0.6762772399187088
652,826,174,0.174,0.7162426456212997
736,868,132,0.132,0.7808745102286339
686,843,157,0.157,0.8077178173065186
682,841,159,0.159,0.7960955443382263
648,824,176,0.176,0.7915385879874229
718,859,141,0.141,0.7296823763251304
630,815,185,0.185,0.705495866894722
670,835,165,0.165,0.664937129497528
694,847,153,0.153,0.6656090504527092
702,851,149,0.149,0.6598686327338219
678,839,161,0.161,0.6672439331412315
724,862,138,0.138,0.6785631091594696
638,819,181,0.181,0.6953688730597496
678,839,161,0.161,0.708729692041874
702,851,149,0.149,0.7260782016515732
662,831,169,0.169,0.7718321816325188
702,851,149,0.149,0.7837176275253296
676,838,162,0.162,0.7823685194849967
686,843,157,0.157,0.7872176175713539
674,837,163,0.163,0.7851405849456787
642,821,179,0.179,0.7829636075496673
730,865,135,0.135,0.7811450041532516
692,846,154,0.154,0.776959857404232
702,851,149,0.149,0.7549116243124008
686,843,157,0.157,0.7587803921103478
770,885,115,0.115,0.7523265100717544
678,839,161,0.161,0.751453777730465
700,850,150,0.15,0.7529582195281982
760,880,120,0.12,0.7516830572485924
724,862,138,0.138,0.7500206863880158
766,883,117,0.117,0.7502110508680344
750,875,125,0.125,0.7242857680916787
764,882,118,0.118,0.7131078953146934
756,878,122,0.122,0.7050039047598838
744,872,128,0.128,0.7055910654067993
764,882,118,0.118,0.6351453007459641
750,875,125,0.125,0.6158811362683773
776,888,112,0.112,0.6116991140246392
740,870,130,0.13,0.6063618717193604
758,879,121,0.121,0.5495832616090774
744,872,128,0.128,0.5482610555291176
732,866,134,0.134,0.5503927665054799
810,905,95,0.095,0.5551062446534634
746,873,127,0.127,0.5730135798454284
814,907,93,0.093,0.5736041606068611
774,887,113,0.113,0.5720437500178814
744,872,128,0.128,0.5745204302072525
784,892,108,0.108,0.5698858762979507
762,881,119,0.119,0.572518127322197
724,862,138,0.138,0.5792282831072807
726,863,137,0.137,0.5858976845741272
734,867,133,0.133,0.5974957563281059
774,887,113,0.113,0.595888314962387
778,889,111,0.111,0.5782935397326946
764,882,118,0.118,0.57215130007267
750,875,125,0.125,0.5291359159350395
734,867,133,0.133,0.5167126781344413
774,887,113,0.113,0.4995780899822712
762,881,119,0.119,0.49901124227046967
692,846,154,0.154,0.4790113951265812
748,874,126,0.126,0.47460575205087663
812,906,94,0.094,0.4515238773226738
770,885,115,0.115,0.44661125394701956
674,837,163,0.163,0.4345494199693203
758,879,121,0.121,0.42409827399253847
728,864,136,0.136,0.4088086528778076
776,888,112,0.112,0.4063085432648659
738,869,131,0.131,0.3985502322912216
774,887,113,0.113,0.3925386442840099
728,864,136,0.136,0.3903589012026787
736,868,132,0.132,0.3897274039387703
704,852,148,0.148,0.3904158132970333
758,879,121,0.121,0.38529662784934043
750,875,125,0.125,0.3809652700424194
776,888,112,0.112,0.3753274801671505
720,860,140,0.14,0.37812191927433014
778,889,111,0.111,0.3678085557818413
788,894,106,0.106,0.3533831553161144
750,875,125,0.125,0.35396460017561915
716,858,142,0.142,0.35644154104590414
726,863,137,0.137,0.3520725561380386
736,868,132,0.132,0.36405294942855837
718,859,141,0.141,0.36300624600052833
776,888,112,0.112,0.358045266866684
740,870,130,0.13,0.35894011017680166
776,888,112,0.112,0.3197509940415621
774,887,113,0.113,0.3152911971360445
814,907,93,0.093,0.31551995433866975
756,878,122,0.122,0.302116302639246
772,886,114,0.114,0.26097746431827545
746,873,127,0.127,0.26091392669081687
704,852,148,0.148,0.26328137567639354
754,877,123,0.123,0.2627416871339083
770,885,115,0.115,0.2628277121633291
812,906,94,0.094,0.25908700142800806
762,881,119,0.119,0.2618483124524355
778,889,111,0.111,0.25825860354304314
752,876,124,0.124,0.21996804746985435
772,886,114,0.114,0.21421237604320048
776,888,112,0.112,0.2110416086167097
764,882,118,0.118,0.21161734169721602
762,881,119,0.119,0.2206451354622841
768,884,116,0.116,0.2281465920805931
796,898,102,0.102,0.22519969165325165
814,907,93,0.093,0.2260939016342163
812,906,94,0.094,0.23250972424447536
744,872,128,0.128,0.2341140365898609
814,907,93,0.093,0.2373475956171751
730,865,135,0.135,0.2338120541572571
840,920,80,0.08,0.2279702740609646
734,867,133,0.133,0.23392084911465644
764,882,118,0.118,0.2293676171898842
700,850,150,0.15,0.2337354253679514
802,901,99,0.099,0.23239106991887093
770,885,115,0.115,0.23519267329573632
712,856,144,0.144,0.2312045620381832
808,904,96,0.096,0.23017143808305263
726,863,137,0.137,0.21594572089612485
740,870,130,0.13,0.20862694700062276
798,899,101,0.101,0.2083232507109642
828,914,86,0.086,0.20691495998203754
738,869,131,0.131,0.2154890848249197
766,883,117,0.117,0.21077063076198102
730,865,135,0.135,0.21740104968845844
774,887,113,0.113,0.21860825730860234
750,875,125,0.125,0.2278965609371662
778,889,111,0.111,0.2240392224341631
712,856,144,0.144,0.2233862778544426
748,874,126,0.126,0.22607467931509018
704,852,148,0.148,0.22021236699819566
738,869,131,0.131,0.21920239432156086
738,869,131,0.131,0.22109215715527533
780,890,110,0.11,0.2190430050343275
806,903,97,0.097,0.21460169710218907
752,876,124,0.124,0.2118936905860901
744,872,128,0.128,0.20038668470084667
776,888,112,0.112,0.19626118913292884
814,907,93,0.093,0.1811503817141056
758,879,121,0.121,0.18032124909758568
772,886,114,0.114,0.16327741023153067
742,871,129,0.129,0.1602812259942293
794,897,103,0.103,0.15672333578765393
730,865,135,0.135,0.16046860809624194
764,882,118,0.118,0.18143030081689357
694,847,153,0.153,0.18010982951521873
782,891,109,0.109,0.18348864793777467
776,888,112,0.112,0.18911505801975728
766,883,117,0.117,0.17712767294049264
732,866,134,0.134,0.17687336168438197
822,911,89,0.089,0.17250502184033395
772,886,114,0.114,0.169195446588099
746,873,127,0.127,0.14110280592739582
746,873,127,0.127,0.1435252565070987
804,902,98,0.098,0.13886162457615137
770,885,115,0.115,0.1371504525244236
768,884,116,0.116,0.12086492622643709
750,875,125,0.125,0.12153530316799879
740,870,130,0.13,0.12301710076630115
756,878,122,0.122,0.12029446411132813
790,895,105,0.105,0.14058869588375092
780,890,110,0.11,0.14550833015888928
752,876,124,0.124,0.14675000454485415
722,861,139,0.139,0.1481092862561345
732,866,134,0.134,0.12187841982394457
780,890,110,0.11,0.11416888547688722
778,889,111,0.111,0.11098770218342542
770,885,115,0.115,0.11125153113156556
730,865,135,0.135,0.10051883557438851
754,877,123,0.123,0.10136873316764831
756,878,122,0.122,0.10569887890666724
742,871,129,0.129,0.1055164286121726
776,888,112,0.112,0.10793963708728552
762,881,119,0.119,0.10618276912719012
798,899,101,0.101,0.1018810213059187
776,888,112,0.112,0.09863553941622376
716,858,142,0.142,0.08287308778241277
722,861,139,0.139,0.08299199085310102
782,891,109,0.109,0.07765159026160837
794,897,103,0.103,0.07789708354324103
772,886,114,0.114,0.08106590262055396
770,885,115,0.115,0.07882312217727304
788,894,106,0.106,0.07287874811142683
814,907,93,0.093,0.07214240171760321
786,893,107,0.107,0.0662384171076119
822,911,89,0.089,0.06194032767415047
716,858,142,0.142,0.06297625616937876
782,891,109,0.109,0.062328032817691566
774,887,113,0.113,0.0670850840434432
774,887,113,0.113,0.0699560510776937
808,904,96,0.096,0.07750066440925002
780,890,110,0.11,0.07720910189673305
736,868,132,0.132,0.08128255171328783
788,894,106,0.106,0.07497404991090298
768,884,116,0.116,0.06865437612310052
770,885,115,0.115,0.0677427963130176
726,863,137,0.137,0.0674584178738296
738,869,131,0.131,0.07020316382497549
770,885,115,0.115,0.07822444309294224
742,871,129,0.129,0.08153186412900686
750,875,125,0.125,0.08024008221179246
778,889,111,0.111,0.08257182256504893
748,874,126,0.126,0.0788883828446269
780,890,110,0.11,0.07862271089106798
740,870,130,0.13,0.08119946649298072
740,870,130,0.13,0.07566975266486406
756,878,122,0.122,0.07676078626140952
782,891,109,0.109,0.07601127847656608
782,891,109,0.109,0.07757807221263648
686,843,157,0.157,0.07827960194647313
796,898,102,0.102,0.09231176197901368
732,866,134,0.134,0.09096494940668344
746,873,127,0.127,0.09339923672378063
744,872,128,0.128,0.09169384159147739
764,882,118,0.118,0.08214906047657132
816,908,92,0.092,0.08045249355584383
714,857,143,0.143,0.07989521427452564
754,877,123,0.123,0.07671511533856391
754,877,123,0.123,0.07749746223166586
784,892,108,0.108,0.07887516573816537
746,873,127,0.127,0.07850549793243408
774,887,113,0.113,0.08192127973213792
708,854,146,0.146,0.08268904483690857
792,896,104,0.104,0.07943967234343291
778,889,111,0.111,0.07860950353369117
750,875,125,0.125,0.0782309594862163
788,894,106,0.106,0.07764684742689133
764,882,118,0.118,0.080736390825361
716,858,142,0.142,0.08283556212484837
752,876,124,0.124,0.08213146353885531
792,896,104,0.104,0.08337699010968208
728,864,136,0.136,0.08457851301506161
758,879,121,0.121,0.08484923973679542
724,862,138,0.138,0.08524842062219977
796,898,102,0.102,0.07999730358272791
806,903,97,0.097,0.07500941272079945
790,895,105,0.105,0.07566574193537236
788,894,106,0.106,0.07273301456868649
764,882,118,0.118,0.06619581445679068
738,869,131,0.131,0.06929953024163842
776,888,112,0.112,0.07224712366610765
742,871,129,0.129,0.07805803697556257
732,866,134,0.134,0.0910579851679504
776,888,112,0.112,0.08905947831273078
790,895,105,0.105,0.08747752211615444
770,885,115,0.115,0.08188010735809803
750,875,125,0.125,0.06574397322535515
816,908,92,0.092,0.059405179869383574
802,901,99,0.099,0.054598967913538216
798,899,101,0.101,0.052023215383291244
760,880,120,0.12,0.04812191901355982
828,914,86,0.086,0.04567557790130377
758,879,121,0.121,0.04780473603308201
788,894,106,0.106,0.04972095206007361
772,886,114,0.114,0.05233327605202794
802,901,99,0.099,0.05494996831193567
762,881,119,0.119,0.06178833346441388
694,847,153,0.153,0.06293163649365306
740,870,130,0.13,0.0643925360031426
764,882,118,0.118,0.06314181545749306
786,893,107,0.107,0.05474627727642655
736,868,132,0.132,0.052822535678744315
760,880,120,0.12,0.0491792622897774
742,871,129,0.129,0.04708430355228484
802,901,99,0.099,0.04723717574775219
804,902,98,0.098,0.04938735100254416
742,871,129,0.129,0.04972428702376783
744,872,128,0.128,0.05007542157173157
764,882,118,0.118,0.0434880841076374
776,888,112,0.112,0.03966874390281737
768,884,116,0.116,0.039375930720940235
812,906,94,0.094,0.036650563322007654
784,892,108,0.108,0.032206197660416366
694,847,153,0.153,0.035071875009685755
800,900,100,0.1,0.035589370530098675
738,869,131,0.131,0.03571596659347415
778,889,111,0.111,0.038279872659593824
802,901,99,0.099,0.03750876612588763
756,878,122,0.122,0.035947430165484545
814,907,93,0.093,0.03458460123091936
730,865,135,0.135,0.027653306933119893
768,884,116,0.116,0.02652226945012808
756,878,122,0.122,0.026743782613426446
742,871,129,0.129,0.027377949183806777
742,871,129,0.129,0.03268145497329533
744,872,128,0.128,0.031852586356922986
784,892,108,0.108,0.03443064864911139
752,876,124,0.124,0.03430012276209891
786,893,107,0.107,0.03930688068270683
716,858,142,0.142,0.04048540972732007
754,877,123,0.123,0.04032411498576403
694,847,153,0.153,0.041597463699057695
776,888,112,0.112,0.0359600250441581
738,869,131,0.131,0.034190917683765296
784,892,108,0.108,0.03270363773498684
804,902,98,0.098,0.03000699026696384
748,874,126,0.126,0.02480675225611776
754,877,123,0.123,0.024002191501669587
804,902,98,0.098,0.023544845250435174
810,905,95,0.095,0.02464655910991132
728,864,136,0.136,0.02643860264122486
782,891,109,0.109,0.026823404430411757
728,864,136,0.136,0.02760477594472468
780,890,110,0.11,0.0287437913864851
780,890,110,0.11,0.029093307642266156
766,883,117,0.117,0.027496904127299784
726,863,137,0.137,0.02790147670917213
788,894,106,0.106,0.026940012408420443
742,871,129,0.129,0.02664401030167937
796,898,102,0.102,0.02538647944200784
844,922,78,0.078,0.024822993421927095
752,876,124,0.124,0.02373431998770684
792,896,104,0.104,0.022910691228695212
758,879,121,0.121,0.022692472513765098
722,861,139,0.139,0.0222388285305351
702,851,149,0.149,0.025490397789515555
760,880,120,0.12,0.027013667018152773
780,890,110,0.11,0.03042911222204566
834,917,83,0.083,0.03191039250977337
724,862,138,0.138,0.03333104301802814
764,882,118,0.118,0.03285717649571598
752,876,124,0.124,0.028904277151450514
802,901,99,0.099,0.02659406122379005
758,879,121,0.121,0.026255169054493308
788,894,106,0.106,0.025553795795887707
844,922,78,0.078,0.024047331696376205
776,888,112,0.112,0.023762456821277738
814,907,93,0.093,0.021959995819255708
806,903,97,0.097,0.02224474869389087
772,886,114,0.114,0.02265072996262461
818,909,91,0.091,0.025232120268046856
746,873,127,0.127,0.02803840321674943
766,883,117,0.117,0.027602338572964073
764,882,118,0.118,0.028402059867978096
766,883,117,0.117,0.030046097796410324
760,880,120,0.12,0.03037966818921268
808,904,96,0.096,0.030648771876469253
770,885,115,0.115,0.03045093001052737
724,862,138,0.138,0.03231404482200742
702,851,149,0.149,0.031878423223271966
764,882,118,0.118,0.03177772329002619
806,903,97,0.097,0.03261147405952215
786,893,107,0.107,0.03167997802607715
752,876,124,0.124,0.031942404370754955
814,907,93,0.093,0.027909286896698176
790,895,105,0.105,0.027963126150891186
800,900,100,0.1,0.02517184272222221
778,889,111,0.111,0.02535102867241949
766,883,117,0.117,0.02615577216912061
718,859,141,0.141,0.02672540204320103
770,885,115,0.115,0.03203422779031098
776,888,112,0.112,0.03199122180044651
776,888,112,0.112,0.033396742466837166
786,893,107,0.107,0.03452668676525354
812,906,94,0.094,0.028629935735836626
792,896,104,0.104,0.027578644784167407
786,893,107,0.107,0.025018065911717714
794,897,103,0.103,0.02396480111218989
804,902,98,0.098,0.021000671711750327
804,902,98,0.098,0.022380449334159492
764,882,118,0.118,0.022931540026329456
764,882,118,0.118,0.02430627566203475
750,875,125,0.125,0.028056185031309723
792,896,104,0.104,0.029278489770367743
814,907,93,0.093,0.030456641893833875
768,884,116,0.116,0.03170597517117858
734,867,133,0.133,0.03515397344529629
752,876,124,0.124,0.03466119020432234
758,879,121,0.121,0.03353924007713795
760,880,120,0.12,0.03343772927299142
770,885,115,0.115,0.03010729445889592
776,888,112,0.112,0.028494992481544613
808,904,96,0.096,0.027973006535321473
736,868,132,0.132,0.026728100409731267
762,881,119,0.119,0.026217557350173594
752,876,124,0.124,0.02521536515187472
810,905,95,0.095,0.02488407404255122
818,909,91,0.091,0.024475498002953826
790,895,105,0.105,0.022970315837301313
818,909,91,0.091,0.023475205313414335
754,877,123,0.123,0.023445140343159438
826,913,87,0.087,0.021671208383515477
744,872,128,0.128,0.021840487933717668
762,881,119,0.119,0.021818206621333956
730,865,135,0.135,0.02114946228917688
774,887,113,0.113,0.022247211567126213
690,845,155,0.155,0.025270050993189217
728,864,136,0.136,0.028425156283192338
772,886,114,0.114,0.028268888629041613
698,849,151,0.151,0.02867088539339602
762,881,119,0.119,0.027807288250885905
764,882,118,0.118,0.024025889223441482
778,889,111,0.111,0.02253716785274446
788,894,106,0.106,0.019853489637374877
802,901,99,0.099,0.018659998893737793
808,904,96,0.096,0.016463948232121765
762,881,119,0.119,0.017132053192704916
790,895,105,0.105,0.016889717280864715
736,868,132,0.132,0.017448917048983277
740,870,130,0.13,0.01830084509961307
774,887,113,0.113,0.01841597826220095
812,906,94,0.094,0.017913297034800053
748,874,126,0.126,0.01810187561903149
790,895,105,0.105,0.017187942402437328
760,880,120,0.12,0.015350770354270935
796,898,102,0.102,0.01525898052752018
756,878,122,0.122,0.015450632123276591
728,864,136,0.136,0.01599051059782505
732,866,134,0.134,0.018751610327512026
796,898,102,0.102,0.020071303670294582
722,861,139,0.139,0.021065103322267534
802,901,99,0.099,0.021229222827591
738,869,131,0.131,0.020711502364836633
686,843,157,0.157,0.020021383033134044
768,884,116,0.116,0.020334003290161492
744,872,128,0.128,0.019224531138315796
778,889,111,0.111,0.02055688771698624
790,895,105,0.105,0.021066039476543664
756,878,122,0.122,0.021631554112769662
726,863,137,0.137,0.021397317386232316
812,906,94,0.094,0.018994149535894393
798,899,101,0.101,0.01853835072927177
784,892,108,0.108,0.017705898478627205
770,885,115,0.115,0.016987938583828507
762,881,119,0.119,0.015363835928030312
790,895,105,0.105,0.015444161036983133
760,880,120,0.12,0.01637681336607784
772,886,114,0.114,0.016858525265008212
748,874,126,0.126,0.02111150228511542
748,874,126,0.126,0.02198508080933243
688,844,156,0.156,0.024245121215470136
730,865,135,0.135,0.026225538194179533
748,874,126,0.126,0.03065993619337678
698,849,151,0.151,0.030219608105719088
724,862,138,0.138,0.03132193800341338
784,892,108,0.108,0.028733755002729594
740,870,130,0.13,0.021474282949231566
810,905,95,0.095,0.01693519890215248
726,863,137,0.137,0.017779845411889254
776,888,112,0.112,0.014828371718525886
744,872,128,0.128,0.01660096066817641
772,886,114,0.114,0.01642211015196517
790,895,105,0.105,0.017369347458705307
774,887,113,0.113,0.018186647388152778
764,882,118,0.118,0.01990710074175149
728,864,136,0.136,0.019056963277980687
772,886,114,0.114,0.019138278089463712
806,903,97,0.097,0.01843318393919617
778,889,111,0.111,0.017424329495057463
766,883,117,0.117,0.016889296082779764
780,890,110,0.11,0.015596703979186714
818,909,91,0.091,0.014706075468100608
752,876,124,0.124,0.016066416128538548
756,878,122,0.122,0.01621332980133593
732,866,134,0.134,0.01810033757891506
772,886,114,0.114,0.019695451999083163
762,881,119,0.119,0.021688511554151774
746,873,127,0.127,0.022291733380407096
728,864,136,0.136,0.023275774392299355
814,907,93,0.093,0.021367747002281248
756,878,122,0.122,0.02161829393915832
748,874,126,0.126,0.020932148961350323
842,921,79,0.079,0.017417501592077316
790,895,105,0.105,0.015800869987811893
748,874,126,0.126,0.015189982164651155
750,875,125,0.125,0.01515475557697937
712,856,144,0.144,0.017366842137649656
784,892,108,0.108,0.018715783685445787
762,881,119,0.119,0.021065332187339664
778,889,111,0.111,0.02124491477943957
738,869,131,0.131,0.023908793571405112
736,868,132,0.132,0.023875322541221978
756,878,122,0.122,0.022971756315790116
776,888,112,0.112,0.02200722357351333
774,887,113,0.113,0.02055106615833938
768,884,116,0.116,0.020000212754122913
762,881,119,0.119,0.02022426872327924
784,892,108,0.108,0.019150643385015428
754,877,123,0.123,0.019082344519905745
748,874,126,0.126,0.01973557879216969
768,884,116,0.116,0.020100529774092137
776,888,112,0.112,0.02114148700237274
786,893,107,0.107,0.023477511551231147
746,873,127,0.127,0.023639608178287745
786,893,107,0.107,0.022777499628253282
742,871,129,0.129,0.023726695358753203
772,886,114,0.114,0.021383627527393402
814,907,93,0.093,0.02156391556467861
720,860,140,0.14,0.020923332317732274
784,892,108,0.108,0.02004836024157703
744,872,128,0.128,0.019090734892524778
742,871,129,0.129,0.019876004660502076
766,883,117,0.117,0.020118999865837397
748,874,126,0.126,0.020917160018347203
764,882,118,0.118,0.025309675497934222
740,870,130,0.13,0.026150856313295664
794,897,103,0.103,0.025547674630768596
794,897,103,0.103,0.024569694594480097
750,875,125,0.125,0.021229883711785077
756,878,122,0.122,0.02063845574297011
804,902,98,0.098,0.019493780575692652
766,883,117,0.117,0.019607948797754942
776,888,112,0.112,0.019028196437284352
740,870,130,0.13,0.0195992607306689
792,896,104,0.104,0.01898931714799255
750,875,125,0.125,0.020303227233700455
790,895,105,0.105,0.023283167149871588
784,892,108,0.108,0.024181057972833514
718,859,141,0.141,0.024311831415630876
750,875,125,0.125,0.024477568127214907
722,861,139,0.139,0.02364838952384889
782,891,109,0.109,0.022014623520895837
828,914,86,0.086,0.021404346649535
790,895,105,0.105,0.02091464757360518
774,887,113,0.113,0.01707438392750919
764,882,118,0.118,0.01618589977454394
768,884,116,0.116,0.016327321325428783
784,892,108,0.108,0.016508536672219635
740,870,130,0.13,0.01940519841108471
752,876,124,0.124,0.02034447153098881
782,891,109,0.109,0.02090070023480803
742,871,129,0.129,0.021521037857979534
836,918,82,0.082,0.019222458672709764
726,863,137,0.137,0.019639505795203148
806,903,97,0.097,0.01797966743260622
734,867,133,0.133,0.01762766675464809
774,887,113,0.113,0.01634035641606897
790,895,105,0.105,0.0170077744666487
728,864,136,0.136,0.01956852154713124
754,877,123,0.123,0.02411466667521745
774,887,113,0.113,0.026257310424931346
750,875,125,0.125,0.02862028241623193
756,878,122,0.122,0.02657532393280417
796,898,102,0.102,0.021972297955304386
752,876,124,0.124,0.020968678816221654
828,914,86,0.086,0.01781918388605118
770,885,115,0.115,0.014142026147805154
792,896,104,0.104,0.013509526936337352
818,909,91,0.091,0.013119366513099522
768,884,116,0.116,0.014044378555379808
794,897,103,0.103,0.016625088539440183
772,886,114,0.114,0.017694258718751372
788,894,106,0.106,0.018140625867061316
756,878,122,0.122,0.018281724411062895
728,864,136,0.136,0.021174528694711627
780,890,110,0.11,0.02218455111887306
788,894,106,0.106,0.022396987804211677
714,857,143,0.143,0.023250089668668806
786,893,107,0.107,0.02173981447890401
758,879,121,0.121,0.02052438948582858
754,877,123,0.123,0.020518925530835987
784,892,108,0.108,0.019499705499969423
758,879,121,0.121,0.018375856288708747
784,892,108,0.108,0.01837402030080557
788,894,106,0.106,0.017954726145602763
766,883,117,0.117,0.018317370518110693
746,873,127,0.127,0.015582665876485408
822,911,89,0.089,0.015755805416963996
724,862,138,0.138,0.015693229522090405
814,907,93,0.093,0.015581490934826433
768,884,116,0.116,0.016860467391088606
772,886,114,0.114,0.016702493714168667
730,865,135,0.135,0.01810349369607866
734,867,133,0.133,0.018082879001274706
784,892,108,0.108,0.018823832134716213
750,875,125,0.125,0.018477489626035095
810,905,95,0.095,0.019112575681880118
824,912,88,0.088,0.01721207123622298
760,880,120,0.12,0.014238296735100449
788,894,106,0.106,0.013254642883315683
810,905,95,0.095,0.012567571307066828
766,883,117,0.117,0.012505573314614594
780,890,110,0.11,0.012982879016548396
744,872,128,0.128,0.014812682625837624
696,848,152,0.152,0.015705553393810988
746,873,127,0.127,0.017409998970106245
750,875,125,0.125,0.020842932292260228
776,888,112,0.112,0.02138808426260948
790,895,105,0.105,0.02086047653388232
798,899,101,0.101,0.01892051964905113
806,903,97,0.097,0.014633653261233122
810,905,95,0.095,0.012927495239302516
790,895,105,0.105,0.010833095161709935
792,896,104,0.104,0.009977574435528368
790,895,105,0.105,0.011357822788879274
780,890,110,0.11,0.013111041078343988
734,867,133,0.133,0.017183823568746447
718,859,141,0.141,0.02052327984571457
756,878,122,0.122,0.02311320707574487
764,882,118,0.118,0.023597185128368437
802,901,99,0.099,0.022017355686053633
750,875,125,0.125,0.01965406146273017
732,866,134,0.134,0.018982667260803283
752,876,124,0.124,0.016800122803077102
782,891,109,0.109,0.01646218576002866
736,868,132,0.132,0.017613459445536137
818,909,91,0.091,0.017015075511299074
766,883,117,0.117,0.018170982769690452
766,883,117,0.117,0.018056154230609536
718,859,141,0.141,0.01920182479172945
766,883,117,0.117,0.019214150731451808
722,861,139,0.139,0.020442097552120685
772,886,114,0.114,0.021553402076475322
808,904,96,0.096,0.02013560972176492
720,860,140,0.14,0.02072951052431017
830,915,85,0.085,0.018254972008988263
722,861,139,0.139,0.016033340957947076
786,893,107,0.107,0.015307946267537773
736,868,132,0.132,0.01631466672476381
786,893,107,0.107,0.015521023373119534
778,889,111,0.111,0.01727149687986821
796,898,102,0.102,0.016999123726040125
712,856,144,0.144,0.018130068886093795
808,904,96,0.096,0.01739706398639828
790,895,105,0.105,0.019346796869300305
804,902,98,0.098,0.01922532651014626
778,889,111,0.111,0.020358324266038834
744,872,128,0.128,0.019966392952017485
776,888,112,0.112,0.017430680675432086
754,877,123,0.123,0.017382331718690695
724,862,138,0.138,0.017608503829687833
690,845,155,0.155,0.018121957588009538
704,852,148,0.148,0.021035788428969682
762,881,119,0.119,0.02067980575468391
842,921,79,0.079,0.019334652048535645
838,919,81,0.081,0.01940814884379506
748,874,126,0.126,0.015258795759640634
762,881,119,0.119,0.01570411091018468
758,879,121,0.121,0.014887606194242835
770,885,115,0.115,0.014905641946941614
718,859,141,0.141,0.020995850516483186
758,879,121,0.121,0.021103166240267455
784,892,108,0.108,0.021649511446245016
774,887,113,0.113,0.023698409467935562
704,852,148,0.148,0.02513060999568552
794,897,103,0.103,0.02377947022859007
760,880,120,0.12,0.023327781522646546
770,885,115,0.115,0.021870381453074513
752,876,124,0.124,0.018799681723117828
736,868,132,0.132,0.018362010402604937
778,889,111,0.111,0.017547291065566243
784,892,108,0.108,0.016985295509919524
708,854,146,0.146,0.016886901272460817
770,885,115,0.115,0.01725601091608405
762,881,119,0.119,0.01759619498066604
782,891,109,0.109,0.017894408057443797
762,881,119,0.119,0.019567876355722547
802,901,99,0.099,0.019781538459472357
820,910,90,0.09,0.018760187340900302
744,872,128,0.128,0.020048470430076123
754,877,123,0.123,0.01919631371460855
788,894,106,0.106,0.017497895995154975
796,898,102,0.102,0.017464950568974017
746,873,127,0.127,0.016483588779345155
836,918,82,0.082,0.015496877946890891
756,878,122,0.122,0.015758947774767877
752,876,124,0.124,0.01694042525626719
766,883,117,0.117,0.017732975251972677
736,868,132,0.132,0.018638281060382723
760,880,120,0.12,0.019173208652064205
818,909,91,0.091,0.020476818926632404
824,912,88,0.088,0.021562330382876096
700,850,150,0.15,0.02261520129814744
750,875,125,0.125,0.02248331622313708
750,875,125,0.125,0.022750118422321976
752,876,124,0.124,0.024172143465839326
732,866,134,0.134,0.024052154786884786
808,904,96,0.096,0.02301161732058972
774,887,113,0.113,0.021605983256362378
792,896,104,0.104,0.019304284545592965
816,908,92,0.092,0.01897990036383271
796,898,102,0.102,0.016732117051724345
830,915,85,0.085,0.0139873484284617
728,864,136,0.136,0.01537354603689164
740,870,130,0.13,0.015701935987453907
700,850,150,0.15,0.0174169010524638
778,889,111,0.111,0.025309488225728274
732,866,134,0.134,0.02926977098919451
768,884,116,0.116,0.02863844357524067
758,879,121,0.121,0.02959688218124211
756,878,122,0.122,0.025698443348519503
726,863,137,0.137,0.025277487501502036
704,852,148,0.148,0.02412652027234435
772,886,114,0.114,0.022458080465905368
770,885,115,0.115,0.019618340586312115
828,914,86,0.086,0.018211492655798793
768,884,116,0.116,0.01886818891763687
758,879,121,0.121,0.018812970394268633
730,865,135,0.135,0.019805460976436734
762,881,119,0.119,0.02091004277020693
764,882,118,0.118,0.019994949080981313
756,878,122,0.122,0.02179215731471777
780,890,110,0.11,0.023177992556244136
750,875,125,0.125,0.022640261720865966
774,887,113,0.113,0.022995721326209605
788,894,106,0.106,0.020716493698768317
752,876,124,0.124,0.01833682423364371
828,914,86,0.086,0.015961538477800786
824,912,88,0.088,0.014667516373097897
834,917,83,0.083,0.012953842352610082
722,861,139,0.139,0.013546502573415636
836,918,82,0.082,0.013586188581306488
782,891,109,0.109,0.015556284037884324
794,897,103,0.103,0.017621233559213578
766,883,117,0.117,0.02006176764983684
774,887,113,0.113,0.021313455692492426
742,871,129,0.129,0.0218775897892192
724,862,138,0.138,0.022022323552519082
730,865,135,0.135,0.02245194185897708
732,866,134,0.134,0.023059389632195233
786,893,107,0.107,0.022759878896176814
768,884,116,0.116,0.02192147931829095
786,893,107,0.107,0.02151248180586845
810,905,95,0.095,0.021630427729338406
752,876,124,0.124,0.019964094530791045
788,894,106,0.106,0.01868437257036567
730,865,135,0.135,0.01881194804981351
704,852,148,0.148,0.020007798061706127
792,896,104,0.104,0.021880206116475166
792,896,104,0.104,0.023131288801319896
772,886,114,0.114,0.022935804579406978
752,876,124,0.124,0.02270081103220582
782,891,109,0.109,0.01848966904077679
750,875,125,0.125,0.018316313819028436
820,910,90,0.09,0.016951649958267808
780,890,110,0.11,0.01796031297557056
730,865,135,0.135,0.020269446625374256
716,858,142,0.142,0.02088449746929109
804,902,98,0.098,0.02094117661193013
720,860,140,0.14,0.023294821325689555
752,876,124,0.124,0.028399664633907376
762,881,119,0.119,0.027829967382363974
728,864,136,0.136,0.029436640482395887
726,863,137,0.137,0.028473133618943394
802,901,99,0.099,0.020840731429867445
786,893,107,0.107,0.02004886447638273
826,913,87,0.087,0.017509663353674113
734,867,133,0.133,0.0178062377916649
756,878,122,0.122,0.015053067926783115
804,902,98,0.098,0.01456645682035014
770,885,115,0.115,0.015352388430386782
830,915,85,0.085,0.015410029862076045
752,876,124,0.124,0.019881230318918825
762,881,119,0.119,0.019869194405153393
814,907,93,0.093,0.020732896296307445
802,901,99,0.099,0.021056152070872487
744,872,128,0.128,0.02093121100962162
738,869,131,0.131,0.020635098836384713
774,887,113,0.113,0.020134085737168787
738,869,131,0.131,0.019594776622951032
780,890,110,0.11,0.020548656207509338
726,863,137,0.137,0.02182894416619092
718,859,141,0.141,0.022230857510119675
808,904,96,0.096,0.022833825341425838
774,887,113,0.113,0.02190896449517459
734,867,133,0.133,0.021212732126936317
762,881,119,0.119,0.02131603258661926
738,869,131,0.131,0.01937756364699453
780,890,110,0.11,0.019923505822196604
750,875,125,0.125,0.02022901959810406
774,887,113,0.113,0.01978814112022519
860,930,70,0.07,0.018180153680965306
780,890,110,0.11,0.018667778140865267
698,849,151,0.151,0.01886758413631469
706,853,147,0.147,0.019021752944216132
834,917,83,0.083,0.019180336714722215
750,875,125,0.125,0.022557488135062156
764,882,118,0.118,0.023001951202750205
718,859,141,0.141,0.023281001707538964
742,871,129,0.129,0.02292873850464821
772,886,114,0.114,0.02253184362128377
800,900,100,0.1,0.019926203552633522
788,894,106,0.106,0.02041694756783545
758,879,121,0.121,0.0174775200933218
780,890,110,0.11,0.015420270189642905
746,873,127,0.127,0.015383771806955337
798,899,101,0.101,0.013666276410222054
778,889,111,0.111,0.014537285079248249
722,861,139,0.139,0.016080632584635168
800,900,100,0.1,0.015571701494976877
824,912,88,0.088,0.017249381529167294
780,890,110,0.11,0.019327563245780766
806,903,97,0.097,0.01942097070161253
744,872,128,0.128,0.02096550534851849
800,900,100,0.1,0.02032376434095204
802,901,99,0.099,0.020355787595734
666,833,167,0.167,0.02086238137912005
782,891,109,0.109,0.019821992676705123
792,896,104,0.104,0.019002846986986698
748,874,126,0.126,0.020084787274710834
736,868,132,0.132,0.02085514493100345
756,878,122,0.122,0.020772361835464836
734,867,133,0.133,0.023445734851062296
830,915,85,0.085,0.024429169218987225
716,858,142,0.142,0.026120623466558756
716,858,142,0.142,0.026953522009775042
768,884,116,0.116,0.025296576315537094
750,875,125,0.125,0.024929751470685005
734,867,133,0.133,0.026467002606019377
740,870,130,0.13,0.02456781907938421
778,889,111,0.111,0.02178024675231427
832,916,84,0.084,0.01919406917691231
766,883,117,0.117,0.01980833954550326
762,881,119,0.119,0.019063934778794648
768,884,116,0.116,0.016738731006160378
788,894,106,0.106,0.016838838990777732
724,862,138,0.138,0.018352915949188173
830,915,85,0.085,0.0175036210231483
766,883,117,0.117,0.021925230944529174
764,882,118,0.118,0.02356024542171508
780,890,110,0.11,0.0249798678252846
784,892,108,0.108,0.025102976496331395
770,885,115,0.115,0.023955025224946438
764,882,118,0.118,0.023130033597350122
766,883,117,0.117,0.02095219454821199
782,891,109,0.109,0.020105885892175136
792,896,104,0.104,0.018006845984607934
760,880,120,0.12,0.017810707534663378
722,861,139,0.139,0.018407560172490775
766,883,117,0.117,0.019063726735301316
778,889,111,0.111,0.023233408385887742
828,914,86,0.086,0.022700041267089546
778,889,111,0.111,0.024295308373868466
726,863,137,0.137,0.02373138061352074
772,886,114,0.114,0.021699547423049807
712,856,144,0.144,0.023105607665143905
770,885,115,0.115,0.02181481132749468
758,879,121,0.121,0.023068964312784372
672,836,164,0.164,0.02737884732428938
744,872,128,0.128,0.02485622609872371
768,884,116,0.116,0.025600883167237045
820,910,90,0.09,0.025556878585368394
720,860,140,0.14,0.02778867116570473
736,868,132,0.132,0.026941680769436063
784,892,108,0.108,0.025992683020420373
776,888,112,0.112,0.027806003279983997
770,885,115,0.115,0.02638386775087565
810,905,95,0.095,0.02479513705894351
796,898,102,0.102,0.025719173012301325
758,879,121,0.121,0.021924158085137604
798,899,101,0.101,0.017691799825057388
804,902,98,0.098,0.016948785654269157
744,872,128,0.128,0.017276516078040004
802,901,99,0.099,0.016088975744321943
822,911,89,0.089,0.017069907541386785
844,922,78,0.078,0.01810644879192114
786,893,107,0.107,0.019870013528503476
778,889,111,0.111,0.01952673741336912
794,897,103,0.103,0.019632243727333843
750,875,125,0.125,0.02018072235584259
788,894,106,0.106,0.020739174803718924
730,865,135,0.135,0.02521367435157299
782,891,109,0.109,0.026187074481509625
742,871,129,0.129,0.029043460119515658
724,862,138,0.138,0.029894212410785256
740,870,130,0.13,0.026686702087521552
820,910,90,0.09,0.02234144589398056
810,905,95,0.095,0.020750650588423014
770,885,115,0.115,0.018341890723444523
750,875,125,0.125,0.018910868133418263
746,873,127,0.127,0.019822068922221662
782,891,109,0.109,0.018954674198292196
736,868,132,0.132,0.02172669906169176
772,886,114,0.114,0.02340863458160311
798,899,101,0.101,0.022952420070767404
788,894,106,0.106,0.022766623292118312
732,866,134,0.134,0.023619244524277747
776,888,112,0.112,0.024819272347725928
684,842,158,0.158,0.027331717868335544
756,878,122,0.122,0.026665895994752647
792,896,104,0.104,0.02839477491006255
754,877,123,0.123,0.027595819422975183
756,878,122,0.122,0.02690943973977119
744,872,128,0.128,0.026184231119230388
790,895,105,0.105,0.023932607338763772
776,888,112,0.112,0.025310025792568924
732,866,134,0.134,0.027250155425630508
748,874,126,0.126,0.02797361485660076
768,884,116,0.116,0.030782232493162157
778,889,111,0.111,0.031204952297732232
730,865,135,0.135,0.031836194168776276
752,876,124,0.124,0.03046869038324803
834,917,83,0.083,0.026815145204775036
764,882,118,0.118,0.027336227172985672
726,863,137,0.137,0.028099626313894985
762,881,119,0.119,0.02728310529422015
776,888,112,0.112,0.0323300844617188
758,879,121,0.121,0.03620610488019883
792,896,104,0.104,0.03628173850849271
748,874,126,0.126,0.03783136693201959
744,872,128,0.128,0.03569408528879285
798,899,101,0.101,0.03221741294674575
732,866,134,0.134,0.03208826410025358
804,902,98,0.098,0.029815759187564253
796,898,102,0.102,0.026995211148634554
812,906,94,0.094,0.02606713861133903
810,905,95,0.095,0.02591110805235803
756,878,122,0.122,0.02708560168556869
714,857,143,0.143,0.029137866336852312
706,853,147,0.147,0.029651609182357788
732,866,134,0.134,0.03128438107389957
756,878,122,0.122,0.034409909583628176
766,883,117,0.117,0.036218048581853506
788,894,106,0.106,0.03640533334389329
780,890,110,0.11,0.03373301001265645
752,876,124,0.124,0.029760138962417842
764,882,118,0.118,0.024915740726515652
738,869,131,0.131,0.02428582646884024
726,863,137,0.137,0.024638530246913433
726,863,137,0.137,0.025752448415383697
820,910,90,0.09,0.025886170777492227
726,863,137,0.137,0.028354178802110254
780,890,110,0.11,0.027880128394812347
756,878,122,0.122,0.0289730823636055
720,860,140,0.14,0.030189998710528018
778,889,111,0.111,0.0308740228433162
774,887,113,0.113,0.029795535488054158
696,848,152,0.152,0.032835924418643116
798,899,101,0.101,0.028235164726153016
750,875,125,0.125,0.02880398213956505
766,883,117,0.117,0.026787787513807417
762,881,119,0.119,0.026237024621106685
704,852,148,0.148,0.028127353144809603
772,886,114,0.114,0.028666542447172105
756,878,122,0.122,0.02958363520819694
756,878,122,0.122,0.033773514699190856
782,891,109,0.109,0.034061350740492345
826,913,87,0.087,0.03190114863216877
716,858,142,0.142,0.0326477335896343
758,879,121,0.121,0.029855901369825005
676,838,162,0.162,0.03140982785448432
728,864,136,0.136,0.030917343132197857
804,902,98,0.098,0.030909000910818576
720,860,140,0.14,0.04094432825595141
718,859,141,0.141,0.042268220845609904
652,826,174,0.174,0.04748864384740591
786,893,107,0.107,0.04580244638212025
728,864,136,0.136,0.048668083110824226
786,893,107,0.107,0.046871683904901144
770,885,115,0.115,0.04549599562585354
812,906,94,0.094,0.041125289853662254
748,874,126,0.126,0.030922948622144758
778,889,111,0.111,0.030727744500152768
742,871,129,0.129,0.028742273789830505
772,886,114,0.114,0.027375848633237183
750,875,125,0.125,0.03097288097348064
810,905,95,0.095,0.029489853274077178
746,873,127,0.127,0.03228340006247163
806,903,97,0.097,0.030885353341698646
802,901,99,0.099,0.027209406565874814
764,882,118,0.118,0.02897632391564548
738,869,131,0.131,0.02692587006185204
798,899,101,0.101,0.02524926394596696
726,863,137,0.137,0.02513255663961172
788,894,106,0.106,0.025887946679256858
742,871,129,0.129,0.025896090325899422
722,861,139,0.139,0.029479447319172323
786,893,107,0.107,0.028857922130264342
774,887,113,0.113,0.029934304535388947
786,893,107,0.107,0.029503719178959727
746,873,127,0.127,0.025963152948766947
786,893,107,0.107,0.02286423756275326
792,896,104,0.104,0.02145847293920815
754,877,123,0.123,0.02115225583873689
786,893,107,0.107,0.02097252993285656
810,905,95,0.095,0.02151900204271078
732,866,134,0.134,0.02307895123772323
800,900,100,0.1,0.021259330035187304
796,898,102,0.102,0.021294573524966835
764,882,118,0.118,0.022721195790916682
700,850,150,0.15,0.024142809473909437
728,864,136,0.136,0.024832173601724208
756,878,122,0.122,0.027039529399946333
776,888,112,0.112,0.028124008004553617
780,890,110,0.11,0.027879873532801868
824,912,88,0.088,0.026537271929904818
750,875,125,0.125,0.024033276255242528
842,921,79,0.079,0.022326213281601667
762,881,119,0.119,0.021713308485224844
752,876,124,0.124,0.021455391339957715
766,883,117,0.117,0.023747963758185504
764,882,118,0.118,0.022410111205652356
834,917,83,0.083,0.022133783334866167
730,865,135,0.135,0.02277175438031554
824,912,88,0.088,0.021098806330002846
748,874,126,0.126,0.023602545004338026
732,866,134,0.134,0.022996826796792446
806,903,97,0.097,0.022382698140107096
794,897,103,0.103,0.022467191345989703
814,907,93,0.093,0.02217539566103369
756,878,122,0.122,0.02292903919611126
784,892,108,0.108,0.02299092724453658
788,894,106,0.106,0.0237459654584527
728,864,136,0.136,0.025318495138548315
780,890,110,0.11,0.02644901447556913
752,876,124,0.124,0.02912716491613537
804,902,98,0.098,0.027869239499792458
750,875,125,0.125,0.028909356591291725
808,904,96,0.096,0.02793881081417203
754,877,123,0.123,0.026175014375709
752,876,124,0.124,0.025403349980711937
842,921,79,0.079,0.022233123493380844
748,874,126,0.126,0.023531120336614548
710,855,145,0.145,0.02664527670480311
758,879,121,0.121,0.026249123549088836
696,848,152,0.152,0.029631887122057377
756,878,122,0.122,0.033262129608541725
746,873,127,0.127,0.03514945710077882
792,896,104,0.104,0.03446200176887214
820,910,90,0.09,0.03261455109156668
758,879,121,0.121,0.02831609216425568
754,877,123,0.123,0.02401848097424954
752,876,124,0.124,0.023997765723615883
818,909,91,0.091,0.02337123929243535
786,893,107,0.107,0.02274937554821372
790,895,105,0.105,0.021500526711344718
796,898,102,0.102,0.02215330028068274
772,886,114,0.114,0.02179158068448305
730,865,135,0.135,0.02685900942143053
754,877,123,0.123,0.028279768272303045
820,910,90,0.09,0.029983428493142127
712,856,144,0.144,0.03395931045524776
760,880,120,0.12,0.03354905178211629
766,883,117,0.117,0.03332184342853725
804,902,98,0.098,0.030165965117514133
736,868,132,0.132,0.028688561453483998
794,897,103,0.103,0.022279388127848507
824,912,88,0.088,0.021867696231231092
826,913,87,0.087,0.020644438046962022
732,866,134,0.134,0.021191321255639196
826,913,87,0.087,0.02185885894112289
728,864,136,0.136,0.024032166060991584
766,883,117,0.117,0.026699977429583667
752,876,124,0.124,0.031111264075152575
760,880,120,0.12,0.03449879744462669
790,895,105,0.105,0.03458204397186637
734,867,133,0.133,0.036388055374845865
854,927,73,0.073,0.033835204908624295
758,879,121,0.121,0.036363672217354176
778,889,111,0.111,0.03512554534524679
696,848,152,0.152,0.03525737319514156
808,904,96,0.096,0.031026330458000302
796,898,102,0.102,0.03328316497057676
752,876,124,0.124,0.03201556560583413
756,878,122,0.122,0.035156687397509816
788,894,106,0.106,0.03406370126269758
820,910,90,0.09,0.033718612955883145
766,883,117,0.117,0.03512257326953113
732,866,134,0.134,0.0346010607983917
760,880,120,0.12,0.03527517070434988
720,860,140,0.14,0.03750679687783122
816,908,92,0.092,0.037178724149242046
778,889,111,0.111,0.03889376196451485
804,902,98,0.098,0.03758902028016746
740,870,130,0.13,0.039448837149888276
742,871,129,0.129,0.03655058196187019
814,907,93,0.093,0.03240768180508167
762,881,119,0.119,0.03204403808806092
798,899,101,0.101,0.02966272828914225
780,890,110,0.11,0.026680579434148966
788,894,106,0.106,0.027010109603405
740,870,130,0.13,0.029152898681350053
722,861,139,0.139,0.03502195742819458
714,857,143,0.143,0.04300727456994355
776,888,112,0.112,0.04366937362775206
764,882,118,0.118,0.044207110287621615
758,879,121,0.121,0.04652191014774144
778,889,111,0.111,0.042922719897702334
778,889,111,0.111,0.041549131579697134
768,884,116,0.116,0.04060196343809366
778,889,111,0.111,0.037306600529700515
748,874,126,0.126,0.03532098880782723
832,916,84,0.084,0.03492051523923874
742,871,129,0.129,0.03746795919537544
800,900,100,0.1,0.038006568310782314
720,860,140,0.14,0.044456740429624914
818,909,91,0.091,0.042586772982031104
754,877,123,0.123,0.04403229889832437
814,907,93,0.093,0.041474780956283215
756,878,122,0.122,0.043163701850920916
730,865,135,0.135,0.04239911971241236
782,891,109,0.109,0.04343957870081067
692,846,154,0.154,0.04434351641498506
728,864,136,0.136,0.04748614402115345
778,889,111,0.111,0.04603562933392823
748,874,126,0.126,0.04650899088010192
688,844,156,0.156,0.05594164761155844
794,897,103,0.103,0.05383591043017805
746,873,127,0.127,0.055380731586366895
712,856,144,0.144,0.05714111668616533
770,885,115,0.115,0.0513319471348077
786,893,107,0.107,0.04491934838704765
714,857,143,0.143,0.04751030714064836
780,890,110,0.11,0.044307201540097596
750,875,125,0.125,0.03993306271918118
828,914,86,0.086,0.0352002678848803
808,904,96,0.096,0.03405221067927778
756,878,122,0.122,0.036291794767603275
744,872,128,0.128,0.039248759353533384
742,871,129,0.129,0.04260974487289786
718,859,141,0.141,0.046277800776064394
808,904,96,0.096,0.04484077939763665
774,887,113,0.113,0.0525717347394675
796,898,102,0.102,0.05266469052620232
714,857,143,0.143,0.05464217580854893
816,908,92,0.092,0.05092755814641714
740,870,130,0.13,0.046904938159510495
718,859,141,0.141,0.04602052131295204
730,865,135,0.135,0.04655853339098394
804,902,98,0.098,0.04272194012999535
750,875,125,0.125,0.05110214411653578
694,847,153,0.153,0.05441642090678215
738,869,131,0.131,0.055820260694250466
736,868,132,0.132,0.05639844563789666
742,871,129,0.129,0.06961887067556381
762,881,119,0.119,0.07072180742025376
748,874,126,0.126,0.068542195584625
792,896,104,0.104,0.06494270694442093
730,865,135,0.135,0.04816451944969594
770,885,115,0.115,0.04819435012899339
694,847,153,0.153,0.047158434769138696
806,903,97,0.097,0.042858053574338556
714,857,143,0.143,0.04933727654442191
698,849,151,0.151,0.047771808603778484
722,861,139,0.139,0.0481713401209563
814,907,93,0.093,0.049325713351368906
762,881,119,0.119,0.04880035568960011
722,861,139,0.139,0.04848291513882577
728,864,136,0.136,0.04926843174919486
820,910,90,0.09,0.04221922484226525
794,897,103,0.103,0.04181647802516818
758,879,121,0.121,0.04236976730823517
760,880,120,0.12,0.04210467409528792
778,889,111,0.111,0.04236022528447211
816,908,92,0.092,0.04519766509160399
750,875,125,0.125,0.04791224868781865
778,889,111,0.111,0.04940643006004393
764,882,118,0.118,0.050252722188830375
788,894,106,0.106,0.04695040373690426
760,880,120,0.12,0.05013165388256311
768,884,116,0.116,0.04667201984301209
742,871,129,0.129,0.046258894124999644
688,844,156,0.156,0.04576191056147218
746,873,127,0.127,0.0453354354519397
832,916,84,0.084,0.04384784301370382
718,859,141,0.141,0.04796656939387321
764,882,118,0.118,0.04547413074411452
714,857,143,0.143,0.046028769550845026
808,904,96,0.096,0.04104452208057046
758,879,121,0.121,0.040965600423514846
784,892,108,0.108,0.037328592021018264
750,875,125,0.125,0.039318784406408666
776,888,112,0.112,0.0322249448094517
784,892,108,0.108,0.030170427854172885
778,889,111,0.111,0.027418310875073074
752,876,124,0.124,0.027998301880434156
768,884,116,0.116,0.025152913234196602
816,908,92,0.092,0.026043734426610173
742,871,129,0.129,0.027023623204790057
768,884,116,0.116,0.02759882759489119
756,878,122,0.122,0.029346221927553415
768,884,116,0.116,0.030871953062713148
814,907,93,0.093,0.028308710182085632
716,858,142,0.142,0.03181412538699806
726,863,137,0.137,0.0289901076965034
792,896,104,0.104,0.026478251124732198
724,862,138,0.138,0.027519087933935225
752,876,124,0.124,0.027657774079591035
788,894,106,0.106,0.02844780519325286
772,886,114,0.114,0.02857269120030105
782,891,109,0.109,0.02887362904008478
762,881,119,0.119,0.03021697035897523
726,863,137,0.137,0.026924035123549402
758,879,121,0.121,0.025686161120422185
792,896,104,0.104,0.024706457728520037
788,894,106,0.106,0.024890647090040147
708,854,146,0.146,0.025011405952274798
766,883,117,0.117,0.0239094122024253
820,910,90,0.09,0.022550699817948043
806,903,97,0.097,0.02384207050409168
698,849,151,0.151,0.025043178907595574
742,871,129,0.129,0.024947478969581424
800,900,100,0.1,0.024104103951714934
784,892,108,0.108,0.024576795919798316
750,875,125,0.125,0.028478946037590505
748,874,126,0.126,0.02867325761169195
778,889,111,0.111,0.027588359448127448
784,892,108,0.108,0.026712492283433677
776,888,112,0.112,0.02368749097082764
776,888,112,0.112,0.02396319453883916
792,896,104,0.104,0.023508758718147872
752,876,124,0.124,0.022389062435366213
774,887,113,0.113,0.025324305155314506
784,892,108,0.108,0.024929621210321783
738,869,131,0.131,0.026100793689489366
782,891,109,0.109,0.026214301472529768
750,875,125,0.125,0.026571347736753525
738,869,131,0.131,0.02673825462628156
748,874,126,0.126,0.026581283785402775
786,893,107,0.107,0.025732577714137735
748,874,126,0.126,0.02578476272150874
728,864,136,0.136,0.02858350820094347
680,840,160,0.16,0.029450413736514747
786,893,107,0.107,0.028052933131344618
766,883,117,0.117,0.028868892670609058
686,843,157,0.157,0.03150642231479287
740,870,130,0.13,0.030379841635003686
770,885,115,0.115,0.028870926992967724
764,882,118,0.118,0.025193517431616783
772,886,114,0.114,0.023903363452292978
704,852,148,0.148,0.023108765264041722
760,880,120,0.12,0.02060726631525904
748,874,126,0.126,0.02062132979091257
832,916,84,0.084,0.01983094125427306
786,893,107,0.107,0.022835668408311905
742,871,129,0.129,0.023064943371340633
732,866,134,0.134,0.02320725667849183
738,869,131,0.131,0.024006818026304246
740,870,130,0.13,0.02535566742438823
776,888,112,0.112,0.025692149521782993
744,872,128,0.128,0.025734444404952227
742,871,129,0.129,0.02717893253453076
730,865,135,0.135,0.02680939555633813
758,879,121,0.121,0.025166804160922766
740,870,130,0.13,0.026022516563534735
700,850,150,0.15,0.027777256852947175
786,893,107,0.107,0.024406767721287907
764,882,118,0.118,0.02452658573538065
744,872,128,0.128,0.024721967700868847
762,881,119,0.119,0.024904333700425923
714,857,143,0.143,0.02452021212875843
734,867,133,0.133,0.023298053515143694
804,902,98,0.098,0.022595155741088092
736,868,132,0.132,0.022999276076443493
752,876,124,0.124,0.021047785925678908
802,901,99,0.099,0.0206189601207152
806,903,97,0.097,0.01901810279674828
782,891,109,0.109,0.017390265862457455
728,864,136,0.136,0.017244668813422324
714,857,143,0.143,0.01812784213433042
774,887,113,0.113,0.017847142529673874
762,881,119,0.119,0.02253503360878676
712,856,144,0.144,0.02548116912320256
738,869,131,0.131,0.026689484939910472
836,918,82,0.082,0.02315827089175582
790,895,105,0.105,0.02388314938172698
756,878,122,0.122,0.021678166448138653
738,869,131,0.131,0.021553590072318912
740,870,130,0.13,0.020083262163214384
766,883,117,0.117,0.019603624327108264
726,863,137,0.137,0.022078881439752878
788,894,106,0.106,0.021301193970255553
732,866,134,0.134,0.02372233804035932
742,871,129,0.129,0.027514891176484525
776,888,112,0.112,0.026732193370349704
804,902,98,0.098,0.025004172759130597
778,889,111,0.111,0.02541663571726531
774,887,113,0.113,0.019034431515261532
766,883,117,0.117,0.020777608220465482
796,898,102,0.102,0.01935566448699683
742,871,129,0.129,0.020834091989323497
770,885,115,0.115,0.02575082728918642
744,872,128,0.128,0.028347592913545668
768,884,116,0.116,0.0270461560273543
754,877,123,0.123,0.02882662907987833
784,892,108,0.108,0.027071420117281378
738,869,131,0.131,0.026684661478735508
756,878,122,0.122,0.02564705495722592
766,883,117,0.117,0.02490051820408553
688,844,156,0.156,0.024940566670149565
824,912,88,0.088,0.02029197699483484
800,900,100,0.1,0.019973395106382668
750,875,125,0.125,0.02187281313724816
758,879,121,0.121,0.021223720827139914
750,875,125,0.125,0.02169538618158549
798,899,101,0.101,0.02119282918702811
808,904,96,0.096,0.02055829038005322
806,903,97,0.097,0.02015056208241731
750,875,125,0.125,0.02011108483374119
798,899,101,0.101,0.01863603568915278
758,879,121,0.121,0.01841529380623251
778,889,111,0.111,0.018438026496209205
772,886,114,0.114,0.020115310142748057
696,848,152,0.152,0.022673429545015097
748,874,126,0.126,0.022587319565936924
718,859,141,0.141,0.024927209940738975
782,891,109,0.109,0.03017826368380338
786,893,107,0.107,0.030048982006497683
722,861,139,0.139,0.03184591597598046
740,870,130,0.13,0.03152048276923597
720,860,140,0.14,0.022246132139116526
752,876,124,0.124,0.021259325512684883
736,868,132,0.132,0.02275148101709783
756,878,122,0.122,0.020815481153316797
734,867,133,0.133,0.023827269916422665
780,890,110,0.11,0.022066153831779955
814,907,93,0.093,0.021543353504501282
738,869,131,0.131,0.02399087658151984
754,877,123,0.123,0.02534442203305662
714,857,143,0.143,0.02643665378075093
782,891,109,0.109,0.02512226091325283
782,891,109,0.109,0.02445063418801874
804,902,98,0.098,0.022464880689978598
780,890,110,0.11,0.02148370563145727
750,875,125,0.125,0.020036965498700737
784,892,108,0.108,0.018504810596816242
756,878,122,0.122,0.018618614511564373
778,889,111,0.111,0.018711439243517817
690,845,155,0.155,0.020776696667075156
732,866,134,0.134,0.021469294764101504
728,864,136,0.136,0.025120260554365812
714,857,143,0.143,0.028880322254262864
756,878,122,0.122,0.030539939731359482
764,882,118,0.118,0.03304414138011634
752,876,124,0.124,0.03317908878438175
788,894,106,0.106,0.02928851329535246
780,890,110,0.11,0.026844904201105236
818,909,91,0.091,0.021941369541920722
772,886,114,0.114,0.021170368779450655
810,905,95,0.095,0.01798736142460257
856,928,72,0.072,0.016337623560801148
798,899,101,0.101,0.018101230833679437
736,868,132,0.132,0.018846551166847348
806,903,97,0.097,0.0206547111319378
818,909,91,0.091,0.02111700627580285
768,884,116,0.116,0.02382433049194515
736,868,132,0.132,0.024875536811538042
814,907,93,0.093,0.025487862118519843
766,883,117,0.117,0.02599645987059921
724,862,138,0.138,0.02935369569901377
744,872,128,0.128,0.02861115151643753
804,902,98,0.098,0.027320223514921964
776,888,112,0.112,0.027338148785755037
764,882,118,0.118,0.02719580273050815
694,847,153,0.153,0.028812303692102432
792,896,104,0.104,0.026108494534157218
750,875,125,0.125,0.027595017766579986
732,866,134,0.134,0.03014462033379823
702,851,149,0.149,0.03135073704551906
770,885,115,0.115,0.035488545298576354
780,890,110,0.11,0.035439694695174696
752,876,124,0.124,0.035298778891563416
796,898,102,0.102,0.03509075388684869
726,863,137,0.137,0.03077150499820709
734,867,133,0.133,0.03051127908565104
776,888,112,0.112,0.03060888153500855
796,898,102,0.102,0.029375160886906088
798,899,101,0.101,0.03142264365032315
762,881,119,0.119,0.03243733164295554
790,895,105,0.105,0.031990419132635
828,914,86,0.086,0.030679321948438882
754,877,123,0.123,0.02924074148386717
766,883,117,0.117,0.02844872560817748
734,867,133,0.133,0.02884314259700477
796,898,102,0.102,0.02820622213277966
800,900,100,0.1,0.039335881043225523
754,877,123,0.123,0.04324595802277326
716,858,142,0.142,0.04636225227639079
712,856,144,0.144,0.04556537270732224
760,880,120,0.12,0.044987508310005066
762,881,119,0.119,0.04306068093329668
798,899,101,0.101,0.041490388894453646
740,870,130,0.13,0.044074552629143
788,894,106,0.106,0.030326576485298573
760,880,120,0.12,0.030958051348105073
768,884,116,0.116,0.030687026059255003
742,871,129,0.129,0.03061531380750239
842,921,79,0.079,0.028426378606818615
760,880,120,0.12,0.029893868764862417
806,903,97,0.097,0.028906324556097387
762,881,119,0.119,0.03076855468004942
756,878,122,0.122,0.03173351040575653
746,873,127,0.127,0.03291942028980702
708,854,146,0.146,0.03355555131286383
758,879,121,0.121,0.033652108192443846
806,903,97,0.097,0.050015507448464634
742,871,129,0.129,0.052706848166882994
732,866,134,0.134,0.052986348235979676
806,903,97,0.097,0.05045816811732948
722,861,139,0.139,0.035440106904134155
792,896,104,0.104,0.03246424609422684
726,863,137,0.137,0.03390350099559873
716,858,142,0.142,0.031216559619642793
760,880,120,0.12,0.03648021149914712
722,861,139,0.139,0.03783820745535195
736,868,132,0.132,0.03728939419519156
834,917,83,0.083,0.03600558547675609
794,897,103,0.103,0.030896616510115563
796,898,102,0.102,0.03063543853443116
746,873,127,0.127,0.02896676629316062
788,894,106,0.106,0.023538657147437334
762,881,119,0.119,0.021070990711450577
720,860,140,0.14,0.02135381217766553
776,888,112,0.112,0.02213256770092994
754,877,123,0.123,0.024507370026782153
744,872,128,0.128,0.028534128576517104
764,882,118,0.118,0.028573281758464873
742,871,129,0.129,0.030063893765211104
748,874,126,0.126,0.030207156888209283
762,881,119,0.119,0.028903436650522054
700,850,150,0.15,0.03205175277404487
772,886,114,0.114,0.028777155571617186
794,897,103,0.103,0.028859166954644026
702,851,149,0.149,0.030463456022553147
754,877,123,0.123,0.028363308638334275
782,891,109,0.109,0.029234923091717064
812,906,94,0.094,0.029326767877675592
726,863,137,0.137,0.032104976532049474
730,865,135,0.135,0.03099990666564554
786,893,107,0.107,0.029445066689513622
730,865,135,0.135,0.030604995539411903
804,902,98,0.098,0.027947663773782553
794,897,103,0.103,0.026997832189314067
728,864,136,0.136,0.027677665051072838
778,889,111,0.111,0.02677406669035554
828,914,86,0.086,0.0243854418406263
746,873,127,0.127,0.027192534195259212
678,839,161,0.161,0.029939985535107554
760,880,120,0.12,0.028851405507884918
778,889,111,0.111,0.029303206690587103
730,865,135,0.135,0.030846517007797957
720,860,140,0.14,0.03626656306348741
758,879,121,0.121,0.033360689079388973
756,878,122,0.122,0.034585355909541246
730,865,135,0.135,0.034570164043456315
824,912,88,0.088,0.025714424036443233
808,904,96,0.096,0.02146742497012019
854,927,73,0.073,0.021049107116647064
734,867,133,0.133,0.02346102681104094
800,900,100,0.1,0.01513902969053015
800,900,100,0.1,0.016075829060282557
828,914,86,0.086,0.015446630619000644
722,861,139,0.139,0.01810756686422974
752,876,124,0.124,0.02843373360671103
804,902,98,0.098,0.0268821504926309
738,869,131,0.131,0.02884603838250041
854,927,73,0.073,0.025703322192654015
810,905,95,0.095,0.022261635337956248
770,885,115,0.115,0.020989569471217693
812,906,94,0.094,0.020290813895873724
742,871,129,0.129,0.020915989412926137
766,883,117,0.117,0.027513208814896644
742,871,129,0.129,0.02803998958412558
756,878,122,0.122,0.028132566239684822
786,893,107,0.107,0.03107964500132948
806,903,97,0.097,0.034420585718005894
794,897,103,0.103,0.033948707322590053
730,865,135,0.135,0.03571281683072448
712,856,144,0.144,0.03470143242739141
772,886,114,0.114,0.02800544284284115
730,865,135,0.135,0.02806261975504458
740,870,130,0.13,0.027446866071783007
794,897,103,0.103,0.025224750565364957
750,875,125,0.125,0.03049184336606413
782,891,109,0.109,0.0306408765995875
798,899,101,0.101,0.03228538788668811
746,873,127,0.127,0.03366267730481923
766,883,117,0.117,0.034990391973406074
774,887,113,0.113,0.034551632955670354
774,887,113,0.113,0.03597434229776263
774,887,113,0.113,0.033790088461712005
798,899,101,0.101,0.03351184501871467
804,902,98,0.098,0.03299115548841655
750,875,125,0.125,0.03218797470070422
746,873,127,0.127,0.03270308013446629
766,883,117,0.117,0.0306138014793396
792,896,104,0.104,0.03214269758202135
828,914,86,0.086,0.032607010815292596
756,878,122,0.122,0.035740051206201315
792,896,104,0.104,0.03257648377120495
724,862,138,0.138,0.03590980913490057
734,867,133,0.133,0.03714489190839231
748,874,126,0.126,0.03835544005595148
760,880,120,0.12,0.03708988040685654
742,871,129,0.129,0.03865334434807301
814,907,93,0.093,0.04053278474509716
726,863,137,0.137,0.04277187896892429
684,842,158,0.158,0.04294117291644216
772,886,114,0.114,0.04076670320518315
760,880,120,0.12,0.036307577773928644
812,906,94,0.094,0.03294249517843127
790,895,105,0.105,0.031019008736126126
704,852,148,0.148,0.03427649268973619
786,893,107,0.107,0.02707388892862946
764,882,118,0.118,0.026743884473107757
718,859,141,0.141,0.028532426057383417
740,870,130,0.13,0.027117505465634167
768,884,116,0.116,0.034553647777065634
768,884,116,0.116,0.0358503758776933
740,870,130,0.13,0.03767154693417251
790,895,105,0.105,0.03435474053770304
770,885,115,0.115,0.029582417924888433
796,898,102,0.102,0.02796435496304184
790,895,105,0.105,0.02889401945285499
714,857,143,0.143,0.02987129898183048
752,876,124,0.124,0.02615814736764878
776,888,112,0.112,0.0252325639417395
818,909,91,0.091,0.02482203956041485
758,879,121,0.121,0.025757893463596703
804,902,98,0.098,0.029243586137890815
748,874,126,0.126,0.029720640771090986
764,882,118,0.118,0.027633907875046135
782,891,109,0.109,0.027431127625517547
792,896,104,0.104,0.023577403916977345
714,857,143,0.143,0.023758108644746243
786,893,107,0.107,0.02286437493003905
720,860,140,0.14,0.02452811982948333
776,888,112,0.112,0.02536719742882997
756,878,122,0.122,0.026910553270950915
766,883,117,0.117,0.024811603545211256
780,890,110,0.11,0.025572500001639128
748,874,126,0.126,0.023186922032386065
730,865,135,0.135,0.023915985425002874
746,873,127,0.127,0.02305233812984079
758,879,121,0.121,0.022535448707640172
772,886,114,0.114,0.023658925062976777
764,882,118,0.118,0.024006155407987534
800,900,100,0.1,0.022441749884746967
682,841,159,0.159,0.02529365227743983
722,861,139,0.139,0.022646040727384388
790,895,105,0.105,0.021788370055146514
756,878,122,0.122,0.021307226706296204
796,898,102,0.102,0.021035058493725955
734,867,133,0.133,0.022238710092380643
770,885,115,0.115,0.022311551873572172
706,853,147,0.147,0.02528403736744076
820,910,90,0.09,0.021589206880889833
764,882,118,0.118,0.022223865363746882
708,854,146,0.146,0.023067557843402028
810,905,95,0.095,0.021183906170539557
748,874,126,0.126,0.02274456296954304
744,872,128,0.128,0.022745816338807345
770,885,115,0.115,0.022281740812584758
748,874,126,0.126,0.02102854893542826
708,854,146,0.146,0.02301236562989652
768,884,116,0.116,0.02272296519484371
806,903,97,0.097,0.0212681523039937
764,882,118,0.118,0.02098523062840104
760,880,120,0.12,0.02255150646623224
702,851,149,0.149,0.023879493503831326
756,878,122,0.122,0.02244025080744177
784,892,108,0.108,0.021477471721358596
772,886,114,0.114,0.02044058743864298
804,902,98,0.098,0.0198220631708391
744,872,128,0.128,0.02042390150297433
778,889,111,0.111,0.013829168275464326
776,888,112,0.112,0.013885712744668125
764,882,118,0.118,0.014055808859411626
738,869,131,0.131,0.014260308040305971
744,872,128,0.128,0.01944768723193556
800,900,100,0.1,0.019711004841141404
752,876,124,0.124,0.020337448203004895
758,879,121,0.121,0.0214710752107203
742,871,129,0.129,0.02014057816937566
750,875,125,0.125,0.018620924121700227
760,880,120,0.12,0.01877112831361592
752,876,124,0.124,0.01854402194544673
816,908,92,0.092,0.015149731951300054
746,873,127,0.127,0.016999357842840256
778,889,111,0.111,0.016237813652958722
772,886,114,0.114,0.015022842984646559
800,900,100,0.1,0.017092231423128396
712,856,144,0.144,0.019084145033732056
700,850,150,0.15,0.019442562241107225
764,882,118,0.118,0.019964443029370157
818,909,91,0.091,0.01785575308743864
814,907,93,0.093,0.017739108082372695
766,883,117,0.117,0.019610814389772715
792,896,104,0.104,0.01649982943246141
756,878,122,0.122,0.015538481720257551
786,893,107,0.107,0.014290968648158014
744,872,128,0.128,0.015977176227606832
784,892,108,0.108,0.016694848550949246
794,897,103,0.103,0.020867231865413487
730,865,135,0.135,0.023011958118528127
774,887,113,0.113,0.022585048380307855
762,881,119,0.119,0.023330532991327344
788,894,106,0.106,0.022763285451568662
766,883,117,0.117,0.022776196577586234
684,842,158,0.158,0.02339855856820941
768,884,116,0.116,0.02088564697187394
758,879,121,0.121,0.020918954176828264
694,847,153,0.153,0.021915304471738638
686,843,157,0.157,0.026377391746267676
748,874,126,0.126,0.02683890388160944
768,884,116,0.116,0.03051261890027672
752,876,124,0.124,0.030899925826117395
752,876,124,0.124,0.03140972114633769
770,885,115,0.115,0.027510547310113907
782,891,109,0.109,0.023949726205319165
730,865,135,0.135,0.024502421075478197
780,890,110,0.11,0.02047627918701619
756,878,122,0.122,0.019233402078039943
760,880,120,0.12,0.020208318597637116
752,876,124,0.124,0.021284672242589293
738,869,131,0.131,0.022347712635062637
796,898,102,0.102,0.021754240105859936
832,916,84,0.084,0.019643881075084208
756,878,122,0.122,0.020824432228691875
744,872,128,0.128,0.019487559732049704
748,874,126,0.126,0.019750739227980374
800,900,100,0.1,0.019782107003964485
780,890,110,0.11,0.01935736325196922
704,852,148,0.148,0.024797882332466544
718,859,141,0.141,0.025305699021555484
678,839,161,0.161,0.02926522585656494
768,884,116,0.116,0.025340972458943723
802,901,99,0.099,0.02687703037634492
768,884,116,0.116,0.02800563578866422
752,876,124,0.124,0.028081160185858607
810,905,95,0.095,0.025263342827558516
750,875,125,0.125,0.018785228732507677
720,860,140,0.14,0.017716983255464582
822,911,89,0.089,0.015330726576503367
746,873,127,0.127,0.015900842211209236
796,898,102,0.102,0.016221179930027575
734,867,133,0.133,0.017322573476936668
672,836,164,0.164,0.019224047548137606
776,888,112,0.112,0.01700434927130118
732,866,134,0.134,0.020146659369580447
728,864,136,0.136,0.019740588404238223
804,902,98,0.098,0.01789120223466307
802,901,99,0.099,0.017797145244199782
748,874,126,0.126,0.012656047683674843
784,892,108,0.108,0.010856176444329322
760,880,120,0.12,0.010663302869303152
812,906,94,0.094,0.010916482492350043
790,895,105,0.105,0.01027573294355534
742,871,129,0.129,0.011184402921702712
794,897,103,0.103,0.00986158885108307
806,903,97,0.097,0.009992650607600809
730,865,135,0.135,0.013536387610249221
740,870,130,0.13,0.013943612709175796
802,901,99,0.099,0.01256302972510457
756,878,122,0.122,0.012424192032776773
726,863,137,0.137,0.016052595208399
730,865,135,0.135,0.016537085080519317
756,878,122,0.122,0.015204368809703737
744,872,128,0.128,0.016586873321793972
758,879,121,0.121,0.012760360263753682
812,906,94,0.094,0.012340695514110848
812,906,94,0.094,0.01232666922453791
788,894,106,0.106,0.010984616652363912
778,889,111,0.111,0.008979130848543718
836,918,82,0.082,0.008513373141176998
760,880,120,0.12,0.009623450813814998
712,856,144,0.144,0.011415745607111604
788,894,106,0.106,0.018266538820695132
762,881,119,0.119,0.018583749493118376
796,898,102,0.102,0.018910218196921052
786,893,107,0.107,0.018740259699057786
806,903,97,0.097,0.013729652600362897
826,913,87,0.087,0.01268536205496639
778,889,111,0.111,0.012155275438446552
742,871,129,0.129,0.010679516778327524
736,868,132,0.132,0.011939317564480008
790,895,105,0.105,0.011818450886756182
790,895,105,0.105,0.014075224105734379
750,875,125,0.125,0.016799819100182502
722,861,139,0.139,0.021415696567855774
790,895,105,0.105,0.02097947687562555
718,859,141,0.141,0.023259667929261922
736,868,132,0.132,0.02345341537427157
720,860,140,0.14,0.022150945065543055
846,923,77,0.077,0.019154664669185875
750,875,125,0.125,0.02049934347253293
744,872,128,0.128,0.01724173132982105
810,905,95,0.095,0.013638838634826242
736,868,132,0.132,0.01517853924445808
794,897,103,0.103,0.014886309808585792
762,881,119,0.119,0.015524233859032392
804,902,98,0.098,0.01446686387481168
822,911,89,0.089,0.014035132783465087
798,899,101,0.101,0.013952310510445386
766,883,117,0.117,0.01435259072855115
748,874,126,0.126,0.015249316028784961
748,874,126,0.126,0.015373021081089974
750,875,125,0.125,0.018505040315911173
792,896,104,0.104,0.019108869296498597
744,872,128,0.128,0.021180314178578557
754,877,123,0.123,0.0218688308596611
778,889,111,0.111,0.02137849843688309
718,859,141,0.141,0.02161214803997427
760,880,120,0.12,0.019198162706568836
808,904,96,0.096,0.017531325617805123
704,852,148,0.148,0.016209373353980483
794,897,103,0.103,0.015128555248025805
704,852,148,0.148,0.016672244345303625
708,854,146,0.146,0.016822651471011342
766,883,117,0.117,0.0212794701163657
796,898,102,0.102,0.0207311187973246
802,901,99,0.099,0.02180614276137203
814,907,93,0.093,0.02017465510684997
796,898,102,0.102,0.014244263553991913
796,898,102,0.102,0.011080188386142253
718,859,141,0.141,0.012313620624132455
820,910,90,0.09,0.01116705894842744
742,871,129,0.129,0.01837007332732901
802,901,99,0.099,0.020735878896899523
758,879,121,0.121,0.020950477206148208
778,889,111,0.111,0.021893887908197938
790,895,105,0.105,0.02574650819040835
738,869,131,0.131,0.024950274040922524
746,873,127,0.127,0.02575977896247059
758,879,121,0.121,0.023953261384740472
782,891,109,0.109,0.017261553210671993
772,886,114,0.114,0.015410479587968439
776,888,112,0.112,0.01736226208275184
770,885,115,0.115,0.016538124416954816
786,893,107,0.107,0.015359174475073815
750,875,125,0.125,0.015757228018250316
804,902,98,0.098,0.014898882161825895
810,905,95,0.095,0.01482300754915923
776,888,112,0.112,0.016869282810483128
778,889,111,0.111,0.016592395927757023
748,874,126,0.126,0.017419169045984745
746,873,127,0.127,0.018484655759762974
770,885,115,0.115,0.020391410110518336
790,895,105,0.105,0.019860026367940008
700,850,150,0.15,0.021515151912346483
808,904,96,0.096,0.018972880445420743
734,867,133,0.133,0.018161488762125373
766,883,117,0.117,0.018956890559755267
764,882,118,0.118,0.01788674088381231
700,850,150,0.15,0.019210297286510466
790,895,105,0.105,0.017334938312880695
788,894,106,0.106,0.017493000133894383
766,883,117,0.117,0.01791372107854113
756,878,122,0.122,0.01868686573393643
750,875,125,0.125,0.017679736817721278
786,893,107,0.107,0.016911378636956215
782,891,109,0.109,0.01737895127106458
772,886,114,0.114,0.01755132102407515
794,897,103,0.103,0.017646545614581555
754,877,123,0.123,0.018853879822418092
778,889,111,0.111,0.01814318398432806
782,891,109,0.109,0.018269764119759203
764,882,118,0.118,0.018783261387608944
750,875,125,0.125,0.018778800454922022
710,855,145,0.145,0.020021486091427506
722,861,139,0.139,0.022183095812797548
758,879,121,0.121,0.025503667522221805
738,869,131,0.131,0.02634528517909348
740,870,130,0.13,0.025771499581634997
774,887,113,0.113,0.024977388979401438
820,910,90,0.09,0.01841320519754663
810,905,95,0.095,0.01850782237807289
718,859,141,0.141,0.01744417198235169
790,895,105,0.105,0.013509142311289907
724,862,138,0.138,0.014552499995101243
758,879,121,0.121,0.013955546972341835
740,870,130,0.13,0.017380549536086618
786,893,107,0.107,0.02096884622750804
764,882,118,0.118,0.023771693458780645
788,894,106,0.106,0.02370080553460866
740,870,130,0.13,0.02414327608887106
754,877,123,0.123,0.022263216932304205
778,889,111,0.111,0.019906805647537114
758,879,121,0.121,0.02050632810778916
780,890,110,0.11,0.017541740983258933
706,853,147,0.147,0.02008652913942933
786,893,107,0.107,0.019480798967182637
700,850,150,0.15,0.021815689858980476
796,898,102,0.102,0.02224843735061586
738,869,131,0.131,0.024141362574882804
780,890,110,0.11,0.022213095259852707
786,893,107,0.107,0.02174509833008051
786,893,107,0.107,0.01936933807982132
754,877,123,0.123,0.019355828035622837
742,871,129,0.129,0.01937197600118816
758,879,121,0.121,0.01959555489104241
768,884,116,0.116,0.018192112046293913
788,894,106,0.106,0.01713623039331287
796,898,102,0.102,0.0167685970030725
762,881,119,0.119,0.017578491872176527
806,903,97,0.097,0.01803096893429756
728,864,136,0.136,0.023246276861056684
786,893,107,0.107,0.022465073673985897
772,886,114,0.114,0.023635513342916966
810,905,95,0.095,0.023148477271199227
746,873,127,0.127,0.02295792574528605
746,873,127,0.127,0.022108951916918158
754,877,123,0.123,0.021931668530218305
776,888,112,0.112,0.020688944038935005
720,860,140,0.14,0.02092446652147919
798,899,101,0.101,0.021267444785684347
798,899,101,0.101,0.02073647181969136
774,887,113,0.113,0.02295220397692174
826,913,87,0.087,0.01973071775631979
778,889,111,0.111,0.021188359911553562
762,881,119,0.119,0.020607910654507577
660,830,170,0.17,0.02214721489790827
772,886,114,0.114,0.01929881164059043
776,888,112,0.112,0.019686686489731074
746,873,127,0.127,0.020386551757343115
758,879,121,0.121,0.0251266781501472
778,889,111,0.111,0.023143649749457835
748,874,126,0.126,0.02331307053845376
810,905,95,0.095,0.023096520349383354
746,873,127,0.127,0.01682293477654457
826,913,87,0.087,0.014408412498887628
800,900,100,0.1,0.013965286878868938
730,865,135,0.135,0.015679171493276953
702,851,149,0.149,0.019833072029985487
752,876,124,0.124,0.020246249543037265
744,872,128,0.128,0.021724059017840774
738,869,131,0.131,0.026232016894966365
774,887,113,0.113,0.029577587423846127
778,889,111,0.111,0.02980497390497476
720,860,140,0.14,0.03115623371116817
780,890,110,0.11,0.025354921928606926
718,859,141,0.141,0.018625586667098105
666,833,167,0.167,0.019433122221380474
752,876,124,0.124,0.0188038801481016
786,893,107,0.107,0.017539639247581364
778,889,111,0.111,0.020966477263718843
748,874,126,0.126,0.02176261020079255
804,902,98,0.098,0.020311235005967317
798,899,101,0.101,0.0184437363948673
736,868,132,0.132,0.016031547096557915
752,876,124,0.124,0.014764909057412297
790,895,105,0.105,0.014614948503673076
708,854,146,0.146,0.015917101168539376
796,898,102,0.102,0.017242076751310377
770,885,115,0.115,0.0178210625667125
752,876,124,0.124,0.018424360585398973
824,912,88,0.088,0.015404139102902264
760,880,120,0.12,0.014472032638266682
774,887,113,0.113,0.014379949636291713
784,892,108,0.108,0.014808103416580707
752,876,124,0.124,0.016078747225925328
782,891,109,0.109,0.018015161911956967
738,869,131,0.131,0.01863507946347818
780,890,110,0.11,0.02005392987281084
720,860,140,0.14,0.023212052506394684
750,875,125,0.125,0.023352270072326063
674,837,163,0.163,0.025973033080808818
774,887,113,0.113,0.02602299274969846
744,872,128,0.128,0.027133274897933005
800,900,100,0.1,0.025424926217645406
740,870,130,0.13,0.02705767122656107
774,887,113,0.113,0.021867043401114644
772,886,114,0.114,0.019741962229367346
806,903,97,0.097,0.016577110838145018
830,915,85,0.085,0.016867667871993036
702,851,149,0.149,0.019284769513644277
792,896,104,0.104,0.018865476794540884
736,868,132,0.132,0.022561183237470687
816,908,92,0.092,0.020071273027919233
770,885,115,0.115,0.02143617812357843
850,925,75,0.075,0.017549078093841673
730,865,135,0.135,0.019627873045392333
778,889,111,0.111,0.01829849793156609
772,886,114,0.114,0.018578327666968108
810,905,95,0.095,0.018528964443132283
730,865,135,0.135,0.021706499355845153
780,890,110,0.11,0.018774342249147594
754,877,123,0.123,0.02028158194757998
766,883,117,0.117,0.020323444317094982
744,872,128,0.128,0.022371347199194133
762,881,119,0.119,0.022626140309497715
748,874,126,0.126,0.024908569650724532
764,882,118,0.118,0.026440511873923243
808,904,96,0.096,0.027811956101097168
722,861,139,0.139,0.029189267401583494
776,888,112,0.112,0.027751439991407098
738,869,131,0.131,0.030137458309531212
730,865,135,0.135,0.0317048617657274
742,871,129,0.129,0.03063167542591691
762,881,119,0.119,0.029678216009400786
790,895,105,0.105,0.027450457752682268
786,893,107,0.107,0.023743721052072942
774,887,113,0.113,0.024846744891256094
726,863,137,0.137,0.020471939265727997
822,911,89,0.089,0.018196817783638835
770,885,115,0.115,0.018755510756745933
802,901,99,0.099,0.018419137086719276
778,889,111,0.111,0.022731972320005296
736,868,132,0.132,0.025098307779058814
780,890,110,0.11,0.02369039370585233
752,876,124,0.124,0.0245331113897264
804,902,98,0.098,0.024346919963136315
770,885,115,0.115,0.021607859981246293
722,861,139,0.139,0.02234401692915708
750,875,125,0.125,0.02271476883534342
750,875,125,0.125,0.02125776435714215
768,884,116,0.116,0.02239372249133885
814,907,93,0.093,0.020133280120790006
806,903,97,0.097,0.022148928344249724
778,889,111,0.111,0.021933262275531887
710,855,145,0.145,0.023155128612183034
728,864,136,0.136,0.022361438266932963
808,904,96,0.096,0.021340530953370036
754,877,123,0.123,0.02796590768452734
712,856,144,0.144,0.03054812919255346
712,856,144,0.144,0.031510551314800975
790,895,105,0.105,0.02696386829391122
718,859,141,0.141,0.02424899126868695
738,869,131,0.131,0.02408417509216815
750,875,125,0.125,0.025033966114744545
818,909,91,0.091,0.020192882244475185
784,892,108,0.108,0.019530241935513913
752,876,124,0.124,0.021310300706885756
784,892,108,0.108,0.02130786558892578
790,895,105,0.105,0.02055879629496485
758,879,121,0.121,0.021854205526411534
818,909,91,0.091,0.020838457846082747
692,846,154,0.154,0.023988959658890963
806,903,97,0.097,0.019131303642876445
860,930,70,0.07,0.015102655137423426
722,861,139,0.139,0.017123952420428395
772,886,114,0.114,0.017242554652504623
818,909,91,0.091,0.01576726168068126
762,881,119,0.119,0.018750439300201833
774,887,113,0.113,0.020373821205459535
722,861,139,0.139,0.024050151570700107
774,887,113,0.113,0.023154637063853442
804,902,98,0.098,0.023781137068755925
746,873,127,0.127,0.024367339950986208
744,872,128,0.128,0.02398418728169054
752,876,124,0.124,0.022006851757876575
702,851,149,0.149,0.02256420969683677
704,852,148,0.148,0.02289210163336247
798,899,101,0.101,0.01959011431504041
756,878,122,0.122,0.02275087632238865
762,881,119,0.119,0.02261598240863532
692,846,154,0.154,0.02556506036221981
802,901,99,0.099,0.021583452235907317
802,901,99,0.099,0.019439759862609207
732,866,134,0.134,0.02113712900085375
804,902,98,0.098,0.018939753528684378
774,887,113,0.113,0.017742260471917688
744,872,128,0.128,0.017474462090991436
724,862,138,0.138,0.018635525910649448
796,898,102,0.102,0.019187621586024762
750,875,125,0.125,0.024119810336269438
754,877,123,0.123,0.024521392712369562
754,877,123,0.123,0.02528196235280484
754,877,123,0.123,0.025428729467093944
744,872,128,0.128,0.022035470923408865
750,875,125,0.125,0.022420064459554852
732,866,134,0.134,0.022349661262705923
782,891,109,0.109,0.02091300826985389
718,859,141,0.141,0.022392742660827934
764,882,118,0.118,0.020454599512740968
762,881,119,0.119,0.02068224017787725
802,901,99,0.099,0.018821726601570846
728,864,136,0.136,0.01852356510050595
772,886,114,0.114,0.01690397251211107
804,902,98,0.098,0.016183618419338016
758,879,121,0.121,0.017887376355472953
776,888,112,0.112,0.018591487831436097
772,886,114,0.114,0.01839076279103756
806,903,97,0.097,0.018501955442130565
792,896,104,0.104,0.018733371574431657
794,897,103,0.103,0.017885244064964355
798,899,101,0.101,0.016664573322050274
738,869,131,0.131,0.017486542038619518
762,881,119,0.119,0.015966122922021896
724,862,138,0.138,0.01530320940585807
740,870,130,0.13,0.014927744921762496
810,905,95,0.095,0.014223645982332528
738,869,131,0.131,0.016435522800311447
768,884,116,0.116,0.01822750430647284
780,890,110,0.11,0.017839087530039252
822,911,89,0.089,0.016141997378319502
770,885,115,0.115,0.01664267197670415
806,903,97,0.097,0.013700441054534168
724,862,138,0.138,0.01622855154750869
778,889,111,0.111,0.013562827383633702
776,888,112,0.112,0.015006911244243384
724,862,138,0.138,0.01420583367953077
824,912,88,0.088,0.012174372606910766
778,889,111,0.111,0.012845871850382537
758,879,121,0.121,0.012931256721261889
750,875,125,0.125,0.012245487096719444
802,901,99,0.099,0.011583412108477204
794,897,103,0.103,0.011752290977630765
752,876,124,0.124,0.012440614536870271
766,883,117,0.117,0.01546378329396248
738,869,131,0.131,0.016946515474002808
750,875,125,0.125,0.01631406681286171
732,866,134,0.134,0.017867111621424556
758,879,121,0.121,0.019614811355248094
756,878,122,0.122,0.02026091055572033
756,878,122,0.122,0.021102368044666947
726,863,137,0.137,0.020265655764378606
802,901,99,0.099,0.017764838650356978
752,876,124,0.124,0.01950897092744708
710,855,145,0.145,0.019560181153006853
670,835,165,0.165,0.019607509310357273
782,891,109,0.109,0.01699656976433471
772,886,114,0.114,0.019009813548531384
784,892,108,0.108,0.017689657646697013
806,903,97,0.097,0.015708973608445375
728,864,136,0.136,0.014632603542879223
782,891,109,0.109,0.013657003227155656
768,884,116,0.116,0.01352489950414747
814,907,93,0.093,0.013424371520988644
710,855,145,0.145,0.017046872810460627
736,868,132,0.132,0.017261301748454572
742,871,129,0.129,0.01818825120292604
810,905,95,0.095,0.016676316586788743
780,890,110,0.11,0.01753688205825165
748,874,126,0.126,0.01729187073651701
776,888,112,0.112,0.014950693690683694
736,868,132,0.132,0.016227585091721265
760,880,120,0.12,0.015419380635023117
740,870,130,0.13,0.015748845716472715
690,845,155,0.155,0.01807128027640283
758,879,121,0.121,0.017653752219863237
810,905,95,0.095,0.016035003044642508
750,875,125,0.125,0.01848449666891247
812,906,94,0.094,0.015792631548829376
710,855,145,0.145,0.015733444813638926
762,881,119,0.119,0.01574559661652893
808,904,96,0.096,0.013780541081912815
812,906,94,0.094,0.011939059279859067
768,884,116,0.116,0.01221026079542935
768,884,116,0.116,0.01237832428375259
828,914,86,0.086,0.011047806873451919
814,907,93,0.093,0.013113423881586641
710,855,145,0.145,0.016670524510089307
762,881,119,0.119,0.015860524413641542
758,879,121,0.121,0.016246126036159693
806,903,97,0.097,0.016236586581915617
776,888,112,0.112,0.018168351670261474
782,891,109,0.109,0.0170629493733868
774,887,113,0.113,0.015205347203183919
778,889,111,0.111,0.014157050921116025
826,913,87,0.087,0.01371346305217594
726,863,137,0.137,0.015062055011745542
774,887,113,0.113,0.01510357617214322
840,920,80,0.08,0.014236486211419106
734,867,133,0.133,0.015447036042343825
804,902,98,0.098,0.013262194892391563
792,896,104,0.104,0.013646155918482691
770,885,115,0.115,0.013742543712258339
758,879,121,0.121,0.014956555965356529
754,877,123,0.123,0.01606521774083376
742,871,129,0.129,0.018773659963160754
742,871,129,0.129,0.022646611599251628
746,873,127,0.127,0.023211409451439978
778,889,111,0.111,0.02194529586285353
796,898,102,0.102,0.021671575676649808
780,890,110,0.11,0.018142188072670252
754,877,123,0.123,0.019067134875338523
784,892,108,0.108,0.01576839719247073
820,910,90,0.09,0.014674319380894304
792,896,104,0.104,0.015326601010281592
772,886,114,0.114,0.01397895826632157
732,866,134,0.134,0.017431432189885528
796,898,102,0.102,0.01724389839079231
784,892,108,0.108,0.018519949909299612
742,871,129,0.129,0.02126992816478014
758,879,121,0.121,0.02183550703525543
738,869,131,0.131,0.02215583594236523
758,879,121,0.121,0.020738333683460952
744,872,128,0.128,0.02145881572458893
730,865,135,0.135,0.01951664406526834
796,898,102,0.102,0.01650612524384633
710,855,145,0.145,0.019705750174820423
728,864,136,0.136,0.01888104503415525
728,864,136,0.136,0.022025309983640908
812,906,94,0.094,0.019442489275708793
794,897,103,0.103,0.02073642966989428
738,869,131,0.131,0.02065214609820396
786,893,107,0.107,0.01753142795152962
750,875,125,0.125,0.018105791681446135
706,853,147,0.147,0.019214521010871975
784,892,108,0.108,0.01676647335058078
790,895,105,0.105,0.01592017333721742
756,878,122,0.122,0.01731544108968228
794,897,103,0.103,0.01698427006462589
760,880,120,0.12,0.016810788242612035
800,900,100,0.1,0.014128895451314747
714,857,143,0.143,0.015130629848223179
742,871,129,0.129,0.01557262349827215
830,915,85,0.085,0.01344100788421929
770,885,115,0.115,0.015568919849116356
784,892,108,0.108,0.015925883476622403
740,870,130,0.13,0.018519627171568572
770,885,115,0.115,0.017390201658476143
766,883,117,0.117,0.01998663017246872
740,870,130,0.13,0.020029785737395285
768,884,116,0.116,0.020100274110678582
730,865,135,0.135,0.02070755602605641
772,886,114,0.114,0.017460556116886437
762,881,119,0.119,0.018038010200019924
772,886,114,0.114,0.015111715496052057
766,883,117,0.117,0.014659506250172854
750,875,125,0.125,0.014680745413992554
818,909,91,0.091,0.01356495168292895
740,870,130,0.13,0.01639064433472231
756,878,122,0.122,0.016602616631425916
766,883,117,0.117,0.017814808644820004
752,876,124,0.124,0.01843966482905671
800,900,100,0.1,0.016086784581653774
756,878,122,0.122,0.017197850234340877
808,904,96,0.096,0.013422499396838247
764,882,118,0.118,0.014129857887513935
784,892,108,0.108,0.011333321070764214
830,915,85,0.085,0.010534517856314778
722,861,139,0.139,0.012540502375923097
814,907,93,0.093,0.011279209894593805
818,909,91,0.091,0.013565957418642938
796,898,102,0.102,0.013884599285200238
770,885,115,0.115,0.015242365580517798
818,909,91,0.091,0.013623624646570534
792,896,104,0.104,0.013789512942545115
792,896,104,0.104,0.014071691096760333
754,877,123,0.123,0.015019584837835283
742,871,129,0.129,0.015992915420327335
788,894,106,0.106,0.019738913419656456
764,882,118,0.118,0.019857140672393143
762,881,119,0.119,0.02076898874808103
766,883,117,0.117,0.019792028217576443
744,872,128,0.128,0.015433054209221154
744,872,128,0.128,0.01528511776495725
792,896,104,0.104,0.014573009909596294
758,879,121,0.121,0.01505802747886628
804,902,98,0.098,0.014231140376068652
818,909,91,0.091,0.013013512655626983
820,910,90,0.09,0.013145393640734256
798,899,101,0.101,0.013114256193395703
786,893,107,0.107,0.012331630181521178
758,879,121,0.121,0.013103860837873071
762,881,119,0.119,0.013334916192106902
756,878,122,0.122,0.014500652049668133
734,867,133,0.133,0.018393396959174423
726,863,137,0.137,0.018484420232474805
774,887,113,0.113,0.018446988499723375
808,904,96,0.096,0.017581172437407075
818,909,91,0.091,0.014919391112867744
764,882,118,0.118,0.015703468456398695
788,894,106,0.106,0.014521602845285088
786,893,107,0.107,0.01443759669130668
754,877,123,0.123,0.014959189548157156
762,881,119,0.119,0.01458831639541313
800,900,100,0.1,0.016263738544657826
782,891,109,0.109,0.01617282965686172
776,888,112,0.112,0.019680052971467375
722,861,139,0.139,0.021234246286563577
734,867,133,0.133,0.021031339445151388
792,896,104,0.104,0.02033673722855747
772,886,114,0.114,0.017552560792304574
746,873,127,0.127,0.018367775867693125
792,896,104,0.104,0.017990285359323024
736,868,132,0.132,0.019296133479103444
854,927,73,0.073,0.018380007970146835
732,866,134,0.134,0.021423266472294925
800,900,100,0.1,0.016991654481738807
746,873,127,0.127,0.018805451404303314
782,891,109,0.109,0.014909512153826654
820,910,90,0.09,0.013817438767757267
732,866,134,0.134,0.015481440559029579
750,875,125,0.125,0.01649330450827256
834,917,83,0.083,0.014103867428842932
780,890,110,0.11,0.01678402905538678
782,891,109,0.109,0.021101590807549656
830,915,85,0.085,0.019126133289188146
758,879,121,0.121,0.019700354598928244
832,916,84,0.084,0.018071007390972227
706,853,147,0.147,0.017803531020879747
758,879,121,0.121,0.01861266113072634
724,862,138,0.138,0.018395969806239008
792,896,104,0.104,0.016662036781199277
762,881,119,0.119,0.025320203017443418
764,882,118,0.118,0.024355545871891083
758,879,121,0.121,0.02496028199419379
728,864,136,0.136,0.02551986650377512
778,889,111,0.111,0.02011813947558403
788,894,106,0.106,0.019548758634366094
788,894,106,0.106,0.019067260139156134
728,864,136,0.136,0.019603872175794096
732,866,134,0.134,0.017865275722928346
768,884,116,0.116,0.01664105954580009
728,864,136,0.136,0.017983666950836776
740,870,130,0.13,0.01779281084565446
764,882,118,0.118,0.02044115864764899
750,875,125,0.125,0.01993984643276781
828,914,86,0.086,0.01887583996914327
762,881,119,0.119,0.020467632205225527
780,890,110,0.11,0.01738423150125891
708,854,146,0.146,0.018639942442066966
782,891,109,0.109,0.017293546956963838
754,877,123,0.123,0.01734505576826632
762,881,119,0.119,0.016190053325146437
800,900,100,0.1,0.015626361683942377
788,894,106,0.106,0.015418539781589061
800,900,100,0.1,0.015637464861851184
778,889,111,0.111,0.014383085649460553
748,874,126,0.126,0.014501463181339205
818,909,91,0.091,0.013804857796989381
758,879,121,0.121,0.01579710813704878
836,918,82,0.082,0.015352377662435175
742,871,129,0.129,0.01745568594848737
690,845,155,0.155,0.01877708365675062
734,867,133,0.133,0.017744506293907763
760,880,120,0.12,0.01698151096375659
784,892,108,0.108,0.01636467438098043
754,877,123,0.123,0.01593641048716381
716,858,142,0.142,0.01697968507464975
792,896,104,0.104,0.014696268491912632
748,874,126,0.126,0.014501785312313586
794,897,103,0.103,0.013509919072501361
776,888,112,0.112,0.013147772880271077
736,868,132,0.132,0.011860135068651289
800,900,100,0.1,0.010803896503522993
714,857,143,0.143,0.01328396137803793
774,887,113,0.113,0.011574961928185076
776,888,112,0.112,0.014282133700791746
794,897,103,0.103,0.014034795608371496
738,869,131,0.131,0.01536145336786285
812,906,94,0.094,0.014575467946007848
756,878,122,0.122,0.01403144913772121
764,882,118,0.118,0.012868910701479762
780,890,110,0.11,0.01427639309503138
734,867,133,0.133,0.015111771762371063
716,858,142,0.142,0.019267680807970464
780,890,110,0.11,0.018201519433874637
788,894,106,0.106,0.018756642181426288
794,897,103,0.103,0.017262687932234257
780,890,110,0.11,0.01535415442986414
768,884,116,0.116,0.015592423588037491
700,850,150,0.15,0.014753555865492672
722,861,139,0.139,0.01501987281627953
786,893,107,0.107,0.015325536358635873
774,887,113,0.113,0.01607076641591266
818,909,91,0.091,0.01727493760129437
754,877,123,0.123,0.01895516990404576
724,862,138,0.138,0.01908501114929095
712,856,144,0.144,0.018653776998631657
738,869,131,0.131,0.016632435199338942
784,892,108,0.108,0.01531530457176268
790,895,105,0.105,0.014937351258471608
752,876,124,0.124,0.016386793400160967
772,886,114,0.114,0.01723879908164963
780,890,110,0.11,0.018440578285604716
746,873,127,0.127,0.021257582708261908
818,909,91,0.091,0.019327042036224158
734,867,133,0.133,0.020702882077544928
796,898,102,0.102,0.01864706273563206
754,877,123,0.123,0.01822984866518527
812,906,94,0.094,0.015929944813251495
756,878,122,0.122,0.016646008865907787
804,902,98,0.098,0.015127946230117232
750,875,125,0.125,0.01645780584542081
760,880,120,0.12,0.016064793118741365
758,879,121,0.121,0.01638834461197257
776,888,112,0.112,0.016382475041318685
792,896,104,0.104,0.01760643538739532
772,886,114,0.114,0.018182321313768627
684,842,158,0.158,0.023214776983484627
758,879,121,0.121,0.02238020809367299
802,901,99,0.099,0.022623536687344313
738,869,131,0.131,0.024235967507585884
716,858,142,0.142,0.028567872036248446
762,881,119,0.119,0.02635839839093387
776,888,112,0.112,0.026454176351428032
782,891,109,0.109,0.026389198613353072
852,926,74,0.074,0.01960373405367136
820,910,90,0.09,0.0181339007220231
806,903,97,0.097,0.016825737605337055
712,856,144,0.144,0.01826502560917288
816,908,92,0.092,0.015113839832600206
754,877,123,0.123,0.018736677405424416
744,872,128,0.128,0.018947818281594662
834,917,83,0.083,0.017927087632007895
786,893,107,0.107,0.023059204439632594
760,880,120,0.12,0.02244439229834825
754,877,123,0.123,0.02377603486645967
742,871,129,0.129,0.023661871429532768
784,892,108,0.108,0.022558829144574702
818,909,91,0.091,0.02320450253970921
734,867,133,0.133,0.025843797674402594
796,898,102,0.102,0.022686421650461853
840,920,80,0.08,0.017299513797275724
758,879,121,0.121,0.01745610956987366
784,892,108,0.108,0.017191327061038465
770,885,115,0.115,0.016210889745969324
852,926,74,0.074,0.016341354983858764
760,880,120,0.12,0.018527550123166293
812,906,94,0.094,0.016721516177989542
768,884,116,0.116,0.01814302595006302
776,888,112,0.112,0.01783352299546823
724,862,138,0.138,0.018656472342554478
796,898,102,0.102,0.018826098496094346
802,901,99,0.099,0.018710949584841728
742,871,129,0.129,0.022816747440956534
696,848,152,0.152,0.02577443746291101
754,877,123,0.123,0.02301917175296694
778,889,111,0.111,0.02434184752590954
764,882,118,0.118,0.02443347288807854
774,887,113,0.113,0.023815270852297545
804,902,98,0.098,0.02119848277233541
796,898,102,0.102,0.020155609127134086
828,914,86,0.086,0.01393308932101354
816,908,92,0.092,0.013677254256792367
740,870,130,0.13,0.015315432730130852
804,902,98,0.098,0.013676427647005766
804,902,98,0.098,0.01683493502391502
740,870,130,0.13,0.02089717021305114
816,908,92,0.092,0.01918257040437311
738,869,131,0.131,0.0210762176560238
750,875,125,0.125,0.024410682848654688
754,877,123,0.123,0.023031780008226633
752,876,124,0.124,0.022967765409499408
810,905,95,0.095,0.020596699684858322
798,899,101,0.101,0.01870196451060474
750,875,125,0.125,0.01960169222112745
776,888,112,0.112,0.017662180816754698
802,901,99,0.099,0.016936476605013014
786,893,107,0.107,0.016522397254128008
792,896,104,0.104,0.016294225722551344
730,865,135,0.135,0.017589798079337925
812,906,94,0.094,0.015246621024794876
736,868,132,0.132,0.019824348595459014
816,908,92,0.092,0.017270138529129328
790,895,105,0.105,0.019747971687465907
778,889,111,0.111,0.02106158311571926
760,880,120,0.12,0.020826433743350206
760,880,120,0.12,0.020469225781969726
794,897,103,0.103,0.019025931192096324
776,888,112,0.112,0.01875487077329308
758,879,121,0.121,0.017839887442998588
838,919,81,0.081,0.0168135722479783
764,882,118,0.118,0.020393027860671282
772,886,114,0.114,0.019031681599095462
800,900,100,0.1,0.02036835931520909
780,890,110,0.11,0.01932371544931084
752,876,124,0.124,0.021420792328193782
824,912,88,0.088,0.01912333746254444
754,877,123,0.123,0.020547325904481113
724,862,138,0.138,0.02119809073768556
768,884,116,0.116,0.0247805018145591
766,883,117,0.117,0.023032956979237497
746,873,127,0.127,0.022649672271683814
830,915,85,0.085,0.020066977811977266
766,883,117,0.117,0.017805575755424796
736,868,132,0.132,0.016691534774843603
738,869,131,0.131,0.017167360256426036
730,865,135,0.135,0.018171621850226076
748,874,126,0.126,0.021194911959581078
780,890,110,0.11,0.02300388710014522
780,890,110,0.11,0.021929665490053592
722,861,139,0.139,0.022919764779508113
824,912,88,0.088,0.01854539935523644
792,896,104,0.104,0.018151717416010796
752,876,124,0.124,0.01744539587572217
800,900,100,0.1,0.01801026116218418
682,841,159,0.159,0.020645023815333844
698,849,151,0.151,0.020155959780327977
754,877,123,0.123,0.019962059951853007
752,876,124,0.124,0.021506175043061376
758,879,121,0.121,0.026568638104014098
746,873,127,0.127,0.027715217094868422
738,869,131,0.131,0.027314137848094104
790,895,105,0.105,0.025167543117888273
710,855,145,0.145,0.021354976526461542
836,918,82,0.082,0.017456611380446702
734,867,133,0.133,0.02232060228753835
832,916,84,0.084,0.016097463668789714
836,918,82,0.082,0.01353053320525214
684,842,158,0.158,0.01527789242984727
782,891,109,0.109,0.01375496092159301
784,892,108,0.108,0.015411442267242819
748,874,126,0.126,0.021262632803060115
780,890,110,0.11,0.019853523939847947
798,899,101,0.101,0.020567362730856985
768,884,116,0.116,0.022763938672840597
800,900,100,0.1,0.020557253356091678
766,883,117,0.117,0.020189873789437117
754,877,123,0.123,0.020034134580753742
752,876,124,0.124,0.018144888415932654
788,894,106,0.106,0.01583368455898017
778,889,111,0.111,0.016038355951197444
694,847,153,0.153,0.01805076418723911
730,865,135,0.135,0.019331842536106706
772,886,114,0.114,0.018471621066331864
730,865,135,0.135,0.0210512079205364
782,891,109,0.109,0.020917060653679074
756,878,122,0.122,0.023601921254768968
722,861,139,0.139,0.02715202773269266
704,852,148,0.148,0.027961605350486935
754,877,123,0.123,0.02538768048491329
776,888,112,0.112,0.021752033290453256
820,910,90,0.09,0.01632223740266636
724,862,138,0.138,0.018899240178521723
844,922,78,0.078,0.013347480921074748
776,888,112,0.112,0.012257076154462993
822,911,89,0.089,0.012131498230155557
734,867,133,0.133,0.013895930774975569
738,869,131,0.131,0.014453325360547751
790,895,105,0.105,0.01685793237388134
718,859,141,0.141,0.018177458692342042
834,917,83,0.083,0.015860677157063036
788,894,106,0.106,0.01530246409960091
764,882,118,0.118,0.01333181580528617
810,905,95,0.095,0.014221744121517986
826,913,87,0.087,0.012353645442984998
780,890,110,0.11,0.012552588433027267
836,918,82,0.082,0.01026305661443621
756,878,122,0.122,0.012022422555834055
820,910,90,0.09,0.01039518635161221
772,886,114,0.114,0.011815797704737634
798,899,101,0.101,0.011950221476145089
776,888,112,0.112,0.012540688067674636
760,880,120,0.12,0.01258917838614434
704,852,148,0.148,0.01720071274507791
740,870,130,0.13,0.017693838642910124
822,911,89,0.089,0.017160136711783708
670,835,165,0.165,0.019997737414669245
714,857,143,0.143,0.023785919602960347
812,906,94,0.094,0.018335460869595407
738,869,131,0.131,0.020329063036944716
786,893,107,0.107,0.019526150485966353
708,854,146,0.146,0.01832101367553696
702,851,149,0.149,0.016305924602318556
758,879,121,0.121,0.015905068948864936
774,887,113,0.113,0.014822812305297703
770,885,115,0.115,0.020294909567572177
794,897,103,0.103,0.02006741501018405
776,888,112,0.112,0.020590220898389817
744,872,128,0.128,0.01877449731901288
716,858,142,0.142,0.019954834983218463
786,893,107,0.107,0.01614825416635722
762,881,119,0.119,0.016355574205517767
766,883,117,0.117,0.017185269739944487
756,878,122,0.122,0.017783533825073392
816,908,92,0.092,0.014852107852697373
788,894,106,0.106,0.015438675770070404
790,895,105,0.105,0.014668410305399447
798,899,101,0.101,0.013483339502010494
730,865,135,0.135,0.01517609653249383
732,866,134,0.134,0.01590800587274134
802,901,99,0.099,0.017691620192490518
824,912,88,0.088,0.020427580749150364
766,883,117,0.117,0.020932598944753408
768,884,116,0.116,0.022644463719800115
772,886,114,0.114,0.018433060403913258
718,859,141,0.141,0.017247316579334437
774,887,113,0.113,0.016317486220039427
784,892,108,0.108,0.016247318415902556
848,924,76,0.076,0.014005397732835262
744,872,128,0.128,0.015678935773670674
786,893,107,0.107,0.014677358128596097
788,894,106,0.106,0.014729708740022034
742,871,129,0.129,0.021953880509361624
790,895,105,0.105,0.021010280438233168
708,854,146,0.146,0.023450325099751354
738,869,131,0.131,0.02458010127302259
780,890,110,0.11,0.02413676947914064
772,886,114,0.114,0.022405933965928854
794,897,103,0.103,0.022362233185209333
758,879,121,0.121,0.021967420403845608
758,879,121,0.121,0.01751162761123851
786,893,107,0.107,0.017429041697178037
770,885,115,0.115,0.01749556133430451
744,872,128,0.128,0.01797012272151187
750,875,125,0.125,0.01924831038946286
776,888,112,0.112,0.019343657880090178
682,841,159,0.159,0.022434665505774318
768,884,116,0.116,0.020804732650518416
808,904,96,0.096,0.019250252226367594
764,882,118,0.118,0.02232550588902086
762,881,119,0.119,0.023391042571514843
722,861,139,0.139,0.02145637369249016
740,870,130,0.13,0.017523107488639653
802,901,99,0.099,0.015069152880460023
792,896,104,0.104,0.015183882893063128
782,891,109,0.109,0.01530705494293943
676,838,162,0.162,0.02102696991059929
770,885,115,0.115,0.018421143689192832
756,878,122,0.122,0.02101911108288914
822,911,89,0.089,0.020511550668627025
718,859,141,0.141,0.025835519370622933
748,874,126,0.126,0.025438631108962
774,887,113,0.113,0.021395997176412492
742,871,129,0.129,0.020717602143529804
832,916,84,0.084,0.01540199402300641
782,891,109,0.109,0.015603018152061849
794,897,103,0.103,0.012909399557858706
768,884,116,0.116,0.011731668966822326
770,885,115,0.115,0.011558998629450798
762,881,119,0.119,0.011679886935278773
794,897,103,0.103,0.01601061499444768
778,889,111,0.111,0.018370195431634782
764,882,118,0.118,0.019576031627133488
804,902,98,0.098,0.018985797096509487
760,880,120,0.12,0.020900151285342873
820,910,90,0.09,0.015363276245305315
862,931,69,0.069,0.01228472478291951
828,914,86,0.086,0.01470777093200013
772,886,114,0.114,0.010296922901645304
760,880,120,0.12,0.00947865070705302
722,861,139,0.139,0.010502473164815456
758,879,121,0.121,0.010638549676630646
744,872,128,0.128,0.02033345940615982
758,879,121,0.121,0.023528411735780536
780,890,110,0.11,0.02069091177592054
790,895,105,0.105,0.02122302215825766
682,841,159,0.159,0.02527827675268054
788,894,106,0.106,0.018789619124960154
722,861,139,0.139,0.02007674397621304
802,901,99,0.099,0.017452764299232513
770,885,115,0.115,0.011451373627176508
782,891,109,0.109,0.010850117886438965
758,879,121,0.121,0.011449975229334086
756,878,122,0.122,0.010875311431242153
774,887,113,0.113,0.014224570075515657
734,867,133,0.133,0.015243964130990207
756,878,122,0.122,0.017062003990169616
780,890,110,0.11,0.016566934760659933
792,896,104,0.104,0.016461272112093864
788,894,106,0.106,0.015151354236062616
740,870,130,0.13,0.015728290871251376
758,879,121,0.121,0.01512152294954285
772,886,114,0.114,0.013923176358453929
764,882,118,0.118,0.014661999170202762
744,872,128,0.128,0.016658472830895336
752,876,124,0.124,0.016660580745898188
744,872,128,0.128,0.016045888201333583
826,913,87,0.087,0.014278777925297617
788,894,106,0.106,0.015679535907693207
752,876,124,0.124,0.015422294324729592
728,864,136,0.136,0.011923389170551673
754,877,123,0.123,0.011411713228560985
788,894,106,0.106,0.010017804281553253
792,896,104,0.104,0.011388692378997802
706,853,147,0.147,0.018499538579490035
726,863,137,0.137,0.01740278501342982
766,883,117,0.117,0.016863887888845058
758,879,121,0.121,0.019244002416264266
768,884,116,0.116,0.017335879292339085
720,860,140,0.14,0.01848534349584952
780,890,110,0.11,0.016427120444364847
770,885,115,0.115,0.01492236788617447
808,904,96,0.096,0.01164492039848119
798,899,101,0.101,0.012486110826022924
766,883,117,0.117,0.01208531356160529
794,897,103,0.103,0.009972745426464825
780,890,110,0.11,0.009431643828283995
732,866,134,0.134,0.010527505028061568
758,879,121,0.121,0.011949219828704371
800,900,100,0.1,0.012260790635831654
794,897,103,0.103,0.014530209742486477
746,873,127,0.127,0.015866163881961257
786,893,107,0.107,0.015361900670919568
690,845,155,0.155,0.016271421851124613
790,895,105,0.105,0.014588294657412916
730,865,135,0.135,0.015524467347655444
802,901,99,0.099,0.01178882636455819
768,884,116,0.116,0.011576363190077245
750,875,125,0.125,0.01078200145671144
818,909,91,0.091,0.010178498019231484
776,888,112,0.112,0.009856492588995024
722,861,139,0.139,0.010953738678013906
742,871,129,0.129,0.011280851235147566
794,897,103,0.103,0.011044133861316368
800,900,100,0.1,0.01377186400210485
784,892,108,0.108,0.015240075008943676
808,904,96,0.096,0.01397202706988901
744,872,128,0.128,0.014989873037906363
684,842,158,0.158,0.01063901074975729
782,891,109,0.109,0.008635085377376527
736,868,132,0.132,0.009684243083931506
782,891,109,0.109,0.009538006252842023
782,891,109,0.109,0.0117491117506288
746,873,127,0.127,0.014045578454388306
736,868,132,0.132,0.014556050662184135
710,855,145,0.145,0.01651634005457163
804,902,98,0.098,0.013594111832324415
780,890,110,0.11,0.014402565449010581
768,884,116,0.116,0.012335960178636014
784,892,108,0.108,0.010298764287028462
780,890,110,0.11,0.00942123025492765
728,864,136,0.136,0.010513285031542183
834,917,83,0.083,0.008115501056425273
752,876,124,0.124,0.009544129278277979
778,889,111,0.111,0.008384587783599273
770,885,115,0.115,0.009045963410288096
756,878,122,0.122,0.009146475216373802
806,903,97,0.097,0.008258613836020232
828,914,86,0.086,0.007848624052014202
774,887,113,0.113,0.008246278049657121
790,895,105,0.105,0.006909486249089241
812,906,94,0.094,0.007280746223405004
820,910,90,0.09,0.007028060233453289
732,866,134,0.134,0.007933197541628034
792,896,104,0.104,0.009376059968955814
792,896,104,0.104,0.010104562376858667
724,862,138,0.138,0.011127885589376092
752,876,124,0.124,0.011844619401497766
746,873,127,0.127,0.012773856804007664
708,854,146,0.146,0.013346075023058802
734,867,133,0.133,0.01231019545532763
752,876,124,0.124,0.013198594574350863
760,880,120,0.12,0.013550426421687007
782,891,109,0.109,0.011688778463751078
730,865,135,0.135,0.013642366991378368
746,873,127,0.127,0.012295608592685312
750,875,125,0.125,0.009946534221759066
732,866,134,0.134,0.01000853187404573
722,861,139,0.139,0.010059912444790825
794,897,103,0.103,0.009827073463238776
784,892,108,0.108,0.01063368775928393
760,880,120,0.12,0.0101349014849402
738,869,131,0.131,0.011734533117152751
746,873,127,0.127,0.010920096749207004
680,840,160,0.16,0.011503309808671475
808,904,96,0.096,0.009280429075006395
740,870,130,0.13,0.011341502534458413
788,894,106,0.106,0.010880422853399067
742,871,129,0.129,0.011089553121710196
734,867,133,0.133,0.011011844892287627
794,897,103,0.103,0.01056258455850184
788,894,106,0.106,0.011136378924828022
796,898,102,0.102,0.011217290593311191
754,877,123,0.123,0.012004428424639627
756,878,122,0.122,0.009508063268614933
736,868,132,0.132,0.007795402893912978
846,923,77,0.077,0.006497322756098584
792,896,104,0.104,0.007122809085762128
694,847,153,0.153,0.009398235134314746
798,899,101,0.101,0.009992726701777428
748,874,126,0.126,0.011552262280136347
776,888,112,0.112,0.010588249119231478
768,884,116,0.116,0.01525187015440315
754,877,123,0.123,0.014587283998262137
770,885,115,0.115,0.014934514527209104
766,883,117,0.117,0.013144073867006228
716,858,142,0.142,0.008880155741237104
714,857,143,0.143,0.009275741779711098
788,894,106,0.106,0.008020813434151933
772,886,114,0.114,0.00792918044538237
768,884,116,0.116,0.009148996053263546
702,851,149,0.149,0.01129503820091486
778,889,111,0.111,0.009587206112220883
768,884,116,0.116,0.011205459895078092
762,881,119,0.119,0.01065829785959795
728,864,136,0.136,0.011788830874022096
760,880,120,0.12,0.010506258642068132
772,886,114,0.114,0.00984627525205724
760,880,120,0.12,0.008950121646514162
788,894,106,0.106,0.00842708486248739
770,885,115,0.115,0.009049914572853595
668,834,166,0.166,0.010512143975123763
796,898,102,0.102,0.009861861600307747
780,890,110,0.11,0.009658927174983546
794,897,103,0.103,0.009457073954865336
814,907,93,0.093,0.010173972663935275
732,866,134,0.134,0.01225827771378681
778,889,111,0.111,0.010176037416560575
732,866,134,0.134,0.009024877274176106
756,878,122,0.122,0.00827634242689237
758,879,121,0.121,0.007813371701166034
820,910,90,0.09,0.00735877407155931
782,891,109,0.109,0.008168336463626474
768,884,116,0.116,0.007895997643703594
738,869,131,0.131,0.008961121920961887
810,905,95,0.095,0.008219567841151729
774,887,113,0.113,0.010771293766098098
732,866,134,0.134,0.011713956002146005
782,891,109,0.109,0.010893799513345584
776,888,112,0.112,0.011301678934134543
766,883,117,0.117,0.010623773926869034
782,891,109,0.109,0.009987270201789215
788,894,106,0.106,0.009315425066044554
812,906,94,0.094,0.007629186719306745
830,915,85,0.085,0.005400562491617166
762,881,119,0.119,0.005683771324460395
826,913,87,0.087,0.0048684878729982305
792,896,104,0.104,0.005201685502077453
810,905,95,0.095,0.006747617158805951
742,871,129,0.129,0.008848852421040648
788,894,106,0.106,0.00832654957822524
764,882,118,0.118,0.009386131266364828
750,875,125,0.125,0.010344401609618217
802,901,99,0.099,0.009817017902154475
828,914,86,0.086,0.008893320882692932
800,900,100,0.1,0.007809148582164198
738,869,131,0.131,0.00764154643449001
814,907,93,0.093,0.005909991126856766
770,885,115,0.115,0.006628388406476006
770,885,115,0.115,0.008232374125625937
720,860,140,0.14,0.010540163320023567
776,888,112,0.112,0.010901898517971858
746,873,127,0.127,0.014086449779570102
778,889,111,0.111,0.013803149037063122
780,890,110,0.11,0.013080385591136291
742,871,129,0.129,0.013100406575016677
750,875,125,0.125,0.011274893690831959
720,860,140,0.14,0.011961166311055422
728,864,136,0.136,0.011718181480187924
754,877,123,0.123,0.012040697229560464
740,870,130,0.13,0.013651110755745322
742,871,129,0.129,0.013766933587379753
802,901,99,0.099,0.01287268623476848
754,877,123,0.123,0.01266985538508743
782,891,109,0.109,0.009270805339794606
780,890,110,0.11,0.008928111228859052
798,899,101,0.101,0.00855957071087323
832,916,84,0.084,0.007675011962419376
796,898,102,0.102,0.0075933251187670974
800,900,100,0.1,0.007229427588405088
782,891,109,0.109,0.007645121314330027
828,914,86,0.086,0.006932002278976142
742,871,129,0.129,0.007942840962205083
804,902,98,0.098,0.006691190056502819
774,887,113,0.113,0.007860541271278635
750,875,125,0.125,0.008881286613410339
778,889,111,0.111,0.012204152055550367
734,867,133,0.133,0.01371718285465613
756,878,122,0.122,0.014112883319845422
800,900,100,0.1,0.012751925554592163
708,854,146,0.146,0.013202008052030579
744,872,128,0.128,0.011626222564838827
808,904,96,0.096,0.009512232356704772
758,879,121,0.121,0.010056624038377777
766,883,117,0.117,0.009025045635877178
754,877,123,0.123,0.00933432072470896
776,888,112,0.112,0.008623299363302066
782,891,109,0.109,0.008249581584706903
758,879,121,0.121,0.008845687719061971
738,869,131,0.131,0.008942764661740512
708,854,146,0.146,0.0113758819589857
722,861,139,0.139,0.011260603357572108
776,888,112,0.112,0.011546069940784946
792,896,104,0.104,0.011652335217688232
798,899,101,0.101,0.010657628744840622
760,880,120,0.12,0.01080484198895283
806,903,97,0.097,0.008570310283219442
764,882,118,0.118,0.010118456301046535
752,876,124,0.124,0.007390601276652887
752,876,124,0.124,0.0064285786445252594
800,900,100,0.1,0.006817700055893511
816,908,92,0.092,0.006682446336839348
772,886,114,0.114,0.010309068091679365
852,926,74,0.074,0.008940603696042672
814,907,93,0.093,0.009352744603762403
796,898,102,0.102,0.009438732964452357
820,910,90,0.09,0.006772868481464684
726,863,137,0.137,0.009135047891410068
718,859,141,0.141,0.00847932861954905
826,913,87,0.087,0.0068363824256230145
718,859,141,0.141,0.01041072391718626
824,912,88,0.088,0.00945872968249023
712,856,144,0.144,0.010660535291070118
808,904,96,0.096,0.00904197726934217
730,865,135,0.135,0.013232926048571243
732,866,134,0.134,0.013825548418797552
768,884,116,0.116,0.01434571102913469
758,879,121,0.121,0.01258055428462103
790,895,105,0.105,0.011115296382457018
728,864,136,0.136,0.01237708789622411
818,909,91,0.091,0.00965970079577528
728,864,136,0.136,0.009875795308034866
764,882,118,0.118,0.008808967209653929
756,878,122,0.122,0.008741385447327048
742,871,129,0.129,0.009027047453215345
718,859,141,0.141,0.010698665313888342
710,855,145,0.145,0.015665329133626074
772,886,114,0.114,0.015736779476515948
738,869,131,0.131,0.014597299309913069
774,887,113,0.113,0.016349781940225513
770,885,115,0.115,0.014394076792523264
808,904,96,0.096,0.012311805535806342
746,873,127,0.127,0.013170600495766849
754,877,123,0.123,0.011175012268824502
736,868,132,0.132,0.008668774909572676
782,891,109,0.109,0.007521065388107672
762,881,119,0.119,0.008453298211796209
768,884,116,0.116,0.008622803054051473
738,869,131,0.131,0.011940435480792076
764,882,118,0.118,0.011894549511838704
784,892,108,0.108,0.01303786244802177
766,883,117,0.117,0.014211481674108654
754,877,123,0.123,0.013102355234557763
734,867,133,0.133,0.013426251730415971
806,903,97,0.097,0.009464202396105974
792,896,104,0.104,0.008492803825531154
780,890,110,0.11,0.008752294126665219
722,861,139,0.139,0.009096249209018425
818,909,91,0.091,0.006134688192745671
760,880,120,0.12,0.006910436134086922
808,904,96,0.096,0.006307626450201496
794,897,103,0.103,0.006495439857477322
734,867,133,0.133,0.009957803215133025
754,877,123,0.123,0.009626545840641484
786,893,107,0.107,0.010301918035838752
794,897,103,0.103,0.009095095911063254
768,884,116,0.116,0.011482422834727913
728,864,136,0.136,0.011899144563358277
766,883,117,0.117,0.012079336498863995
732,866,134,0.134,0.011762023971881717
782,891,109,0.109,0.00938032967573963
796,898,102,0.102,0.008803485665703192
726,863,137,0.137,0.008816716929432004
712,856,144,0.144,0.009312091120518744
756,878,122,0.122,0.009700555176241323
738,869,131,0.131,0.009034510378958657
748,874,126,0.126,0.009868450302397832
758,879,121,0.121,0.010385669767158106
820,910,90,0.09,0.00756057259789668
790,895,105,0.105,0.008114340674132109
782,891,109,0.109,0.007825859559699893
764,882,118,0.118,0.007697134857065976
736,868,132,0.132,0.008112237272551283
772,886,114,0.114,0.008036487167235463
772,886,114,0.114,0.009636594924842938
782,891,109,0.109,0.009541588604450226
804,902,98,0.098,0.009380047481274233
816,908,92,0.092,0.008868638754356652
800,900,100,0.1,0.008435720653040334
756,878,122,0.122,0.007595895772799849
770,885,115,0.115,0.007086784230545163
802,901,99,0.099,0.007030687132384628
780,890,110,0.11,0.007844601786928251
798,899,101,0.101,0.008089763695606962
794,897,103,0.103,0.007370321972994134
846,923,77,0.077,0.007163152292836457
816,908,92,0.092,0.007299011399270966
714,857,143,0.143,0.009448000243864954
740,870,130,0.13,0.01003621722664684
738,869,131,0.131,0.009777651569107548
796,898,102,0.102,0.012462875135242938
784,892,108,0.108,0.013483951702481135
792,896,104,0.104,0.011611855630762875
806,903,97,0.097,0.011239114209311084
770,885,115,0.115,0.008207307470263913
746,873,127,0.127,0.008344274896895513
766,883,117,0.117,0.007442956554004922
756,878,122,0.122,0.008607345208525657
768,884,116,0.116,0.013138724255608395
760,880,120,0.12,0.014362750827334821
734,867,133,0.133,0.01351747196353972
782,891,109,0.109,0.015210581875871867
842,921,79,0.079,0.010703008275479079
740,870,130,0.13,0.011708715023938566
754,877,123,0.123,0.010445221533533186
764,882,118,0.118,0.008016920033376665
720,860,140,0.14,0.00814354092022404
748,874,126,0.126,0.008001513660885393
764,882,118,0.118,0.008470906978007406
738,869,131,0.131,0.01122809219127521
782,891,109,0.109,0.011312514584045858
796,898,102,0.102,0.011489177448907867
794,897,103,0.103,0.010758376847952604
748,874,126,0.126,0.01116329400637187
758,879,121,0.121,0.009946612244704738
694,847,153,0.153,0.011288808767218142
752,876,124,0.124,0.011502806050237268
792,896,104,0.104,0.010505567483836785
732,866,134,0.134,0.011851947946008294
786,893,107,0.107,0.011577618598472327
812,906,94,0.094,0.009081205466995016
788,894,106,0.106,0.00875397232058458
740,870,130,0.13,0.00995384712726809
798,899,101,0.101,0.008684086825232952
750,875,125,0.125,0.009609170767711476
802,901,99,0.099,0.008828510587103666
750,875,125,0.125,0.00991599194938317
804,902,98,0.098,0.009317044656490907
802,901,99,0.099,0.010343930185073987
746,873,127,0.127,0.011242704252479597
812,906,94,0.094,0.010740099113434553
754,877,123,0.123,0.010942559750983492
798,899,101,0.101,0.008701233432628214
804,902,98,0.098,0.007979418778792024
806,903,97,0.097,0.007874820766737685
794,897,103,0.103,0.007070031263399869
814,907,93,0.093,0.008131905863527208
760,880,120,0.12,0.009861243322258816
762,881,119,0.119,0.009206571276299655
766,883,117,0.117,0.01054105413914658
776,888,112,0.112,0.011071051290957257
770,885,115,0.115,0.011505789420800284
826,913,87,0.087,0.008649491338059307
796,898,102,0.102,0.008971750079188497
804,902,98,0.098,0.008074937481433153
734,867,133,0.133,0.008962532450910658
768,884,116,0.116,0.008810639475472271
740,870,130,0.13,0.010711453051073476
758,879,121,0.121,0.011938855574233458
746,873,127,0.127,0.013399701919872314
774,887,113,0.113,0.012967284945771098
730,865,135,0.135,0.013961070575285704
820,910,90,0.09,0.011711333356797695
792,896,104,0.104,0.011865170450415461
712,856,144,0.144,0.011768744281027466
732,866,134,0.134,0.009242065384052693
732,866,134,0.134,0.009960420152638108
722,861,139,0.139,0.010499955081380904
772,886,114,0.114,0.01266759225167334
788,894,106,0.106,0.01212962818518281
744,872,128,0.128,0.013258496491238475
784,892,108,0.108,0.012942915797699243
756,878,122,0.122,0.011507453147089109
744,872,128,0.128,0.01078974205860868
766,883,117,0.117,0.010579515588935464
756,878,122,0.122,0.010471021155361086
702,851,149,0.149,0.011636420482769609
728,864,136,0.136,0.012178308672970161
794,897,103,0.103,0.010724013454746455
808,904,96,0.096,0.01160526120546274
748,874,126,0.126,0.013074710692279041
800,900,100,0.1,0.01216886919690296
816,908,92,0.092,0.010334012324223294
726,863,137,0.137,0.012566334617789835
800,900,100,0.1,0.009041105121839792
734,867,133,0.133,0.010008764407131821
796,898,102,0.102,0.008981930203502998
758,879,121,0.121,0.009019093462033197
798,899,101,0.101,0.011366680010221899
770,885,115,0.115,0.011031790937762707
780,890,110,0.11,0.011170374202076346
766,883,117,0.117,0.011680380454752594
752,876,124,0.124,0.01143588937446475
776,888,112,0.112,0.011770978895016014
796,898,102,0.102,0.011571441770531238
760,880,120,0.12,0.013628975206054748
764,882,118,0.118,0.013125392243731767
728,864,136,0.136,0.014737786717247217
804,902,98,0.098,0.011419720117002725
820,910,90,0.09,0.01181111735990271
792,896,104,0.104,0.012023864779155702
790,895,105,0.105,0.012234021190088241
734,867,133,0.133,0.013616722747217863
790,895,105,0.105,0.012012521187309175
722,861,139,0.139,0.012832001083996148
738,869,131,0.131,0.012146398624870927
744,872,128,0.128,0.013707761597353966
810,905,95,0.095,0.01205094215273857
752,876,124,0.124,0.014149888498708605
792,896,104,0.104,0.013919975765049457
752,876,124,0.124,0.014014434250537305
754,877,123,0.123,0.012454077788628637
766,883,117,0.117,0.011121467425487936
706,853,147,0.147,0.013940125098684803
750,875,125,0.125,0.013210367818363012
720,860,140,0.14,0.015538906542118638
744,872,128,0.128,0.015510199819691478
774,887,113,0.113,0.015969131316058337
720,860,140,0.14,0.018308125246316195
776,888,112,0.112,0.01826544772600755
736,868,132,0.132,0.01898380844388157
708,854,146,0.146,0.02037597751710564
772,886,114,0.114,0.01731021424010396
764,882,118,0.118,0.01458802083041519
816,908,92,0.092,0.014201022051740437
790,895,105,0.105,0.012740590619854629
768,884,116,0.116,0.009684071191120892
786,893,107,0.107,0.007755252755014225
740,870,130,0.13,0.008525494489585981
770,885,115,0.115,0.008247846340062096
756,878,122,0.122,0.01006852303748019
780,890,110,0.11,0.010674795280676335
774,887,113,0.113,0.0122470584041439
796,898,102,0.102,0.012181847180239857
758,879,121,0.121,0.012122282274067402
786,893,107,0.107,0.011387001211522148
694,847,153,0.153,0.012029174503870308
762,881,119,0.119,0.009844052357133478
808,904,96,0.096,0.0074725622341502455
824,912,88,0.088,0.006896739847259596
820,910,90,0.09,0.0068886403329670425
754,877,123,0.123,0.0066664863475598395
784,892,108,0.108,0.0061136714707827194
824,912,88,0.088,0.0062816411438398065
778,889,111,0.111,0.0058408606201410295
762,881,119,0.119,0.005929832285270095
834,917,83,0.083,0.0072997880936600265
744,872,128,0.128,0.009073085615644232
726,863,137,0.137,0.009450168805662542
766,883,117,0.117,0.009187531739240513
736,868,132,0.132,0.008666532115545123
774,887,113,0.113,0.006826802555471659
796,898,102,0.102,0.007196634746855125
802,901,99,0.099,0.007177182815503329
768,884,116,0.116,0.006952714495826512
780,890,110,0.11,0.006511581789818592
820,910,90,0.09,0.005990961600095034
800,900,100,0.1,0.006221498860744759
762,881,119,0.119,0.006613330828491598
736,868,132,0.132,0.0072588066000025715
756,878,122,0.122,0.006698182099382393
762,881,119,0.119,0.007366470698267222
702,851,149,0.149,0.009789936303393915
748,874,126,0.126,0.010541153554804623
768,884,116,0.116,0.009792006424395367
754,877,123,0.123,0.009839952474227176
758,879,121,0.121,0.009833259418373928
764,882,118,0.118,0.00966048024664633
706,853,147,0.147,0.011080064656445756
758,879,121,0.121,0.009341505458345637
822,911,89,0.089,0.007755264893639833
734,867,133,0.133,0.007721105578355491
740,870,130,0.13,0.00720834536687471
746,873,127,0.127,0.00710659706639126
734,867,133,0.133,0.007215791770955548
766,883,117,0.117,0.007331465085269883
756,878,122,0.122,0.007862510829931125
706,853,147,0.147,0.010092401106143371
804,902,98,0.098,0.009070308284601196
738,869,131,0.131,0.011366583465132862
762,881,119,0.119,0.011480293250642717
750,875,125,0.125,0.009953578987624495
758,879,121,0.121,0.010340926372911782
708,854,146,0.146,0.010575936612673104
712,856,144,0.144,0.010590121917426585
808,904,96,0.096,0.008345749747473747
772,886,114,0.114,0.008750093802576884
722,861,139,0.139,0.010074544474948198
778,889,111,0.111,0.008046175707131625
692,846,154,0.154,0.01050835521821864
718,859,141,0.141,0.009808141209417955
752,876,124,0.124,0.010396981298225
726,863,137,0.137,0.009433953103609383
790,895,105,0.105,0.00787184117292054
776,888,112,0.112,0.008517475650412961
754,877,123,0.123,0.007963217996526509
730,865,135,0.135,0.007369234041776508
800,900,100,0.1,0.00659680470242165
728,864,136,0.136,0.007501396225765348
710,855,145,0.145,0.008118796445662156
762,881,119,0.119,0.009318657763535156
764,882,118,0.118,0.00933604393247515
742,871,129,0.129,0.010569597496883944
844,922,78,0.078,0.008554715663427487
704,852,148,0.148,0.009940703758504242
718,859,141,0.141,0.008848348908126354
818,909,91,0.091,0.007118900250876322
764,882,118,0.118,0.00820267326454632
754,877,123,0.123,0.007482285840203985
786,893,107,0.107,0.006712532996432856
744,872,128,0.128,0.007706644429592416
716,858,142,0.142,0.008587339398218319
718,859,141,0.141,0.009214470784179866
832,916,84,0.084,0.007613574333954602
782,891,109,0.109,0.008459469417342916
778,889,111,0.111,0.007382140734232962
768,884,116,0.116,0.007499226118903607
778,889,111,0.111,0.007335201384266838
780,890,110,0.11,0.007677574888570234
644,822,178,0.178,0.009268191579496488
762,881,119,0.119,0.009159685941878706
780,890,110,0.11,0.008953314799116924
800,900,100,0.1,0.00867269081948325
772,886,114,0.114,0.009365959214279428
782,891,109,0.109,0.009096104996046052
808,904,96,0.096,0.007145916469860822
728,864,136,0.136,0.00789444457506761
746,873,127,0.127,0.007382227936061099
714,857,143,0.143,0.007643314759247005
708,854,146,0.146,0.009286412809509785
808,904,96,0.096,0.007691785120638088
762,881,119,0.119,0.010915211534360423
782,891,109,0.109,0.011026728047989308
740,870,130,0.13,0.010921942362328992
808,904,96,0.096,0.00893343631294556
758,879,121,0.121,0.008445553154218941
776,888,112,0.112,0.007560108843026683
780,890,110,0.11,0.007956429744372145
694,847,153,0.153,0.009008466811152175
746,873,127,0.127,0.008980344059411437
730,865,135,0.135,0.010315499381860719
736,868,132,0.132,0.00949146160366945
760,880,120,0.12,0.009956648049410433
762,881,119,0.119,0.010968950661830604
790,895,105,0.105,0.009843209736282006
792,896,104,0.104,0.009769628059584647
742,871,129,0.129,0.01037046229839325
744,872,128,0.128,0.00927295399364084
772,886,114,0.114,0.008786863713758065
820,910,90,0.09,0.006620196068892256
744,872,128,0.128,0.008583076180424542
682,841,159,0.159,0.009623106631450355
748,874,126,0.126,0.008731590286595746
770,885,115,0.115,0.009304942242335528
816,908,92,0.092,0.00975341187347658
784,892,108,0.108,0.010737512974301353
720,860,140,0.14,0.01053409385611303
728,864,136,0.136,0.010833086875500157
766,883,117,0.117,0.00820158433308825
804,902,98,0.098,0.007376378298271448
788,894,106,0.106,0.00801096248649992
720,860,140,0.14,0.008077819393016397
776,888,112,0.112,0.006618009408004582
708,854,146,0.146,0.007387589083518833
762,881,119,0.119,0.007768077615648508
830,915,85,0.085,0.006967697773594409
770,885,115,0.115,0.008449138216208667
738,869,131,0.131,0.00988054893561639
752,876,124,0.124,0.00873263327195309
774,887,113,0.113,0.00841516644298099
766,883,117,0.117,0.008595340080326423
762,881,119,0.119,0.008607016839785502
754,877,123,0.123,0.008709163630381227
782,891,109,0.109,0.008307547543663531
746,873,127,0.127,0.00994419512571767
780,890,110,0.11,0.008431853382848202
826,913,87,0.087,0.007886028797598556
742,871,129,0.129,0.009068174199666828
778,889,111,0.111,0.007158276836620644
774,887,113,0.113,0.007167411231668666
766,883,117,0.117,0.0068196582917589696
774,887,113,0.113,0.006934995746007189
794,897,103,0.103,0.006042435592506081
780,890,110,0.11,0.007366334526566789
762,881,119,0.119,0.007050048188306391
752,876,124,0.124,0.009969928048551083
786,893,107,0.107,0.00905322056170553
708,854,146,0.146,0.009987421757308766
812,906,94,0.094,0.008613355553010479
752,876,124,0.124,0.008404497269075363
772,886,114,0.114,0.0090255336179398
794,897,103,0.103,0.00743017490580678
732,866,134,0.134,0.00809331963583827
746,873,127,0.127,0.007755000055301935
782,891,109,0.109,0.0072545909534674135
808,904,96,0.096,0.007253123944858089
740,870,130,0.13,0.008250396345509217
708,854,146,0.146,0.010465516048949212
786,893,107,0.107,0.008636279823258519
778,889,111,0.111,0.010112532366765663
714,857,143,0.143,0.0109960236819461
762,881,119,0.119,0.009919639833038672
782,891,109,0.109,0.0103754860132467
744,872,128,0.128,0.009374224638333544
730,865,135,0.135,0.009516520070377737
752,876,124,0.124,0.009181062217568979
736,868,132,0.132,0.009445766025222837
722,861,139,0.139,0.0095207396869082
688,844,156,0.156,0.011990057938732207
750,875,125,0.125,0.010580495702102781
748,874,126,0.126,0.011798229462467134
782,891,109,0.109,0.010750253590987996
720,860,140,0.14,0.012597064885077999
770,885,115,0.115,0.009609521553618834
802,901,99,0.099,0.007886345696053468
794,897,103,0.103,0.008213159635430203
742,871,129,0.129,0.007746656462550163
730,865,135,0.135,0.006853932416066528
794,897,103,0.103,0.006317805252969265
796,898,102,0.102,0.006851723050465807
756,878,122,0.122,0.009119789876509458
742,871,129,0.129,0.01004019121499732
754,877,123,0.123,0.012800366207025946
704,852,148,0.148,0.012891900116344914
738,869,131,0.131,0.011837864828528836
784,892,108,0.108,0.010989158808020875
794,897,103,0.103,0.009028569130925462
738,869,131,0.131,0.00871943005057983
778,889,111,0.111,0.005399824951775372
788,894,106,0.106,0.005769833898171783
750,875,125,0.125,0.005010519825387746
790,895,105,0.105,0.005731254839920439
772,886,114,0.114,0.007176777336280793
766,883,117,0.117,0.006947628574213013
732,866,134,0.134,0.007879341693595051
772,886,114,0.114,0.007457215768750757
752,876,124,0.124,0.007318198257125914
786,893,107,0.107,0.006805406263214536
720,860,140,0.14,0.007571159902843647
762,881,119,0.119,0.006654154685209505
778,889,111,0.111,0.0070023791182320565
722,861,139,0.139,0.008305500829126686
786,893,107,0.107,0.007237352796597406
770,885,115,0.115,0.007664729305543005
774,887,113,0.113,0.007098928111372515
730,865,135,0.135,0.00739873294509016
770,885,115,0.115,0.006870776207651943
732,866,134,0.134,0.006879130916437134
776,888,112,0.112,0.007163744240766391
732,866,134,0.134,0.006748213677899912
766,883,117,0.117,0.006940901219611988
756,878,122,0.122,0.007035127909621224
782,891,109,0.109,0.007008198119932785
740,870,130,0.13,0.007138017032062635
800,900,100,0.1,0.0063906955623533575
746,873,127,0.127,0.0063370108747622
762,881,119,0.119,0.006597849031095393
762,881,119,0.119,0.006025992963695898
794,897,103,0.103,0.005449872508761473
740,870,130,0.13,0.006285975319682621
786,893,107,0.107,0.006258448021719232
782,891,109,0.109,0.006313626663759351
792,896,104,0.104,0.006926433315966278
812,906,94,0.094,0.006409222954185679
716,858,142,0.142,0.006409188952296972
802,901,99,0.099,0.0053820972581161185
806,903,97,0.097,0.004559181066695601
832,916,84,0.084,0.0036209813675377516
770,885,115,0.115,0.0047086292774183676
734,867,133,0.133,0.004643587556784041
814,907,93,0.093,0.004884326314437203
732,866,134,0.134,0.0067759254542179405
704,852,148,0.148,0.009183530343929306
778,889,111,0.111,0.007832830202998593
720,860,140,0.14,0.009742312692338601
756,878,122,0.122,0.008545945131918415
728,864,136,0.136,0.00963930734153837
742,871,129,0.129,0.008947049235226587
792,896,104,0.104,0.007622581756673753
740,870,130,0.13,0.008767088542459533
726,863,137,0.137,0.008710590093163774
816,908,92,0.092,0.006190215362701565
790,895,105,0.105,0.006043459954787977
794,897,103,0.103,0.005984027930418961
734,867,133,0.133,0.006311867824755609
810,905,95,0.095,0.0052529784567886964
742,871,129,0.129,0.005098827637732029
796,898,102,0.102,0.004678775237989612
794,897,103,0.103,0.004148443056968972
696,848,152,0.152,0.0059808613694040105
766,883,117,0.117,0.006104756992892362
754,877,123,0.123,0.006644796973210759
790,895,105,0.105,0.00710010764352046
740,870,130,0.13,0.008721336581744253
732,866,134,0.134,0.010183746405644341
738,869,131,0.131,0.00934081325493753
704,852,148,0.148,0.009417591085191817
780,890,110,0.11,0.0075071045442018655
738,869,131,0.131,0.008659971662331373
728,864,136,0.136,0.008696192768169566
798,899,101,0.101,0.007502203627256677
752,876,124,0.124,0.008048107957001775
768,884,116,0.116,0.007373006250942126
788,894,106,0.106,0.006339896689285524
760,880,120,0.12,0.006715952095575631
764,882,118,0.118,0.005604976461501792
750,875,125,0.125,0.005187465993803926
800,900,100,0.1,0.004963963844114914
776,888,112,0.112,0.006012527130893432
754,877,123,0.123,0.007975161676527932
698,849,151,0.151,0.011202805096516385
736,868,132,0.132,0.010891400075517595
766,883,117,0.117,0.010421307127224281
730,865,135,0.135,0.00998954488313757
776,888,112,0.112,0.008178589014569297
748,874,126,0.126,0.008795881939586253
738,869,131,0.131,0.007760873013874516
724,862,138,0.138,0.007568025764543563
708,854,146,0.146,0.008994671508669854
784,892,108,0.108,0.00791475170967169
796,898,102,0.102,0.007680499356472865
802,901,99,0.099,0.00815000713802874
772,886,114,0.114,0.007661582406843081
776,888,112,0.112,0.006917872745310888
764,882,118,0.118,0.006289523863815702
834,917,83,0.083,0.004972233974491246
728,864,136,0.136,0.00573609653278254
640,820,180,0.18,0.0079424407039769
776,888,112,0.112,0.008916991423116997
708,854,146,0.146,0.009630542766768486
712,856,144,0.144,0.012842904208227993
784,892,108,0.108,0.01176908557768911
702,851,149,0.149,0.011771977606927976
784,892,108,0.108,0.011252879547420888
730,865,135,0.135,0.010050075966399162
750,875,125,0.125,0.007160142462700606
694,847,153,0.153,0.007989666614681482
750,875,125,0.125,0.00773986476007849
826,913,87,0.087,0.006558118722983636
764,882,118,0.118,0.00745010973024182
802,901,99,0.099,0.006563986875582487
782,891,109,0.109,0.006159004436456598
796,898,102,0.102,0.005957173738861457
740,870,130,0.13,0.007301215652143583
766,883,117,0.117,0.0071544839544221755
764,882,118,0.118,0.007636676053516566
732,866,134,0.134,0.008392169063095934
784,892,108,0.108,0.009640603692503646
738,869,131,0.131,0.011298402850981801
706,853,147,0.147,0.011360459019662813
704,852,148,0.148,0.012733102324884385
718,859,141,0.141,0.01040529800602235
750,875,125,0.125,0.009825016345595941
754,877,123,0.123,0.010628495070384816
748,874,126,0.126,0.010826558798085898
804,902,98,0.098,0.008326085595879704
804,902,98,0.098,0.008152556501328945
796,898,102,0.102,0.007629222306190058
752,876,124,0.124,0.007001932269195095
758,879,121,0.121,0.0055934183236677195
816,908,92,0.092,0.005408421722589992
770,885,115,0.115,0.006204785223817452
738,869,131,0.131,0.007451827187091112
818,909,91,0.091,0.006725379572017119
766,883,117,0.117,0.009202057613059879
742,871,129,0.129,0.009595574318896979
824,912,88,0.088,0.007192902669776231
744,872,128,0.128,0.007796633733902126
762,881,119,0.119,0.006747954482911154
768,884,116,0.116,0.006708592494484037
682,841,159,0.159,0.009017972437897696
738,869,131,0.131,0.008654002397088334
744,872,128,0.128,0.009398485756712035
762,881,119,0.119,0.009608824414666742
818,909,91,0.091,0.0098020738507621
710,855,145,0.145,0.01195136781106703
800,900,100,0.1,0.00858317361283116
798,899,101,0.101,0.006548705083318055
780,890,110,0.11,0.0059465252843219785
794,897,103,0.103,0.006601896344218403
764,882,118,0.118,0.006327411057893187
658,829,171,0.171,0.009531879241578282
718,859,141,0.141,0.009328932941891252
784,892,108,0.108,0.009437044160207733
738,869,131,0.131,0.010630408662604169
782,891,109,0.109,0.012209939755965024
798,899,101,0.101,0.010434589020209387
766,883,117,0.117,0.010181915301131085
812,906,94,0.094,0.008011365454411135
740,870,130,0.13,0.005755652493331581
772,886,114,0.114,0.005459667859016918
790,895,105,0.105,0.004578088384354487
742,871,129,0.129,0.005480819248477928
770,885,115,0.115,0.006380307851359248
838,919,81,0.081,0.005629184766672552
810,905,95,0.095,0.005956266348715871
758,879,121,0.121,0.007001130342949182
786,893,107,0.107,0.0066543513939250265
810,905,95,0.095,0.006192415503319353
826,913,87,0.087,0.005746193002676591
794,897,103,0.103,0.006622104445588775
808,904,96,0.096,0.005797744012088515
716,858,142,0.142,0.0069228075048886235
698,849,151,0.151,0.008141703350003809
780,890,110,0.11,0.007411689366563223
770,885,115,0.115,0.008755092415725812
794,897,103,0.103,0.008367362229619176
796,898,102,0.102,0.00873716599890031
788,894,106,0.106,0.007716252869227901
766,883,117,0.117,0.007680359124438837
690,845,155,0.155,0.009457924243295565
714,857,143,0.143,0.008947633354691788
792,896,104,0.104,0.008429325741715728
804,902,98,0.098,0.00826932806102559
792,896,104,0.104,0.008681665097363293
760,880,120,0.12,0.008528243718435987
804,902,98,0.098,0.007131948098074645
704,852,148,0.148,0.008624920131638646
726,863,137,0.137,0.008510261771501973
804,902,98,0.098,0.007471361791132949
770,885,115,0.115,0.009481316082645208
768,884,116,0.116,0.009704548014327883
758,879,121,0.121,0.009776852567447349
780,890,110,0.11,0.010166834597242996
746,873,127,0.127,0.010282027665060013
724,862,138,0.138,0.01033663779241033
780,890,110,0.11,0.009158520594937727
730,865,135,0.135,0.011836500315228477
726,863,137,0.137,0.01215313921449706
772,886,114,0.114,0.011415232335450127
764,882,118,0.118,0.01392519048601389
766,883,117,0.117,0.013839560783468187
734,867,133,0.133,0.015188948982860892
762,881,119,0.119,0.013706906013656407
750,875,125,0.125,0.011853297519264743
694,847,153,0.153,0.012190793788759037
794,897,103,0.103,0.009335214089602232
732,866,134,0.134,0.010066404490498827
802,901,99,0.099,0.008459288709331304
746,873,127,0.127,0.01018230780470185
752,876,124,0.124,0.009285998853389174
740,870,130,0.13,0.010405058482429013
780,890,110,0.11,0.009179724538698792
752,876,124,0.124,0.009973037191899493
798,899,101,0.101,0.009641555233858526
766,883,117,0.117,0.009461923841852694
740,870,130,0.13,0.010460425284691155
728,864,136,0.136,0.009932063121115789
772,886,114,0.114,0.008684248803649097
864,932,68,0.068,0.007024416590807959
792,896,104,0.104,0.00790067077986896
758,879,121,0.121,0.008016635210020467
728,864,136,0.136,0.008462678581476212
746,873,127,0.127,0.008959880537353457
734,867,133,0.133,0.009289654165739193
738,869,131,0.131,0.012877131022512913
728,864,136,0.136,0.012597048873547465
750,875,125,0.125,0.01376985653815791
792,896,104,0.104,0.013757806163979694
780,890,110,0.11,0.012055487940553576
714,857,143,0.143,0.011644541151821614
802,901,99,0.099,0.008381160757038743
736,868,132,0.132,0.00842375637916848
770,885,115,0.115,0.006555700175929814
816,908,92,0.092,0.006581991819897667
722,861,139,0.139,0.008704131689155474
746,873,127,0.127,0.00841531086480245
756,878,122,0.122,0.011263892189133913
814,907,93,0.093,0.00887823558994569
736,868,132,0.132,0.011224490093532949
772,886,114,0.114,0.00962435167725198
776,888,112,0.112,0.0077444626055657865
750,875,125,0.125,0.008050884573487564
744,872,128,0.128,0.008245886371238157
776,888,112,0.112,0.006976165376836434
762,881,119,0.119,0.007231595643097535
744,872,128,0.128,0.007759966062847525
822,911,89,0.089,0.007343119102763012
778,889,111,0.111,0.008501569998450578
776,888,112,0.112,0.008752636600052937
764,882,118,0.118,0.008208002767991275
824,912,88,0.088,0.00711891594924964
764,882,118,0.118,0.006309331682976336
824,912,88,0.088,0.005300314858439378
748,874,126,0.126,0.007309203377109952
690,845,155,0.155,0.009024463389767335
802,901,99,0.099,0.010074433893198148
828,914,86,0.086,0.01021627765474841
788,894,106,0.106,0.011403305039508269
766,883,117,0.117,0.012437764741713181
754,877,123,0.123,0.009527945067733527
772,886,114,0.114,0.009228502426296473
688,844,156,0.156,0.009738927774131299
764,882,118,0.118,0.0084596590786241
746,873,127,0.127,0.00946208178345114
754,877,123,0.123,0.009910449394024908
802,901,99,0.099,0.00981306959828362
776,888,112,0.112,0.010452696316177025
784,892,108,0.108,0.007918156133266166
838,919,81,0.081,0.006604816017672419
720,860,140,0.14,0.007280356206465512
792,896,104,0.104,0.006315961189568043
820,910,90,0.09,0.006444482087390497
778,889,111,0.111,0.006849007996730506
748,874,126,0.126,0.008294880834175273
786,893,107,0.107,0.009704442888032645
746,873,127,0.127,0.011784529247088359
712,856,144,0.144,0.01291356520401314
806,903,97,0.097,0.011358305071946233
808,904,96,0.096,0.010238334505818784
730,865,135,0.135,0.011100797891849652
776,888,112,0.112,0.009801976129412651
766,883,117,0.117,0.009248543954687194
764,882,118,0.118,0.009091311436146497
738,869,131,0.131,0.01004637659015134
750,875,125,0.125,0.010766615105560049
792,896,104,0.104,0.009259487738832832
826,913,87,0.087,0.011069473050069063
770,885,115,0.115,0.010790494141867384
734,867,133,0.133,0.011473463819362224
768,884,116,0.116,0.010310241888277233
758,879,121,0.121,0.009181713527766987
770,885,115,0.115,0.008034572889097034
742,871,129,0.129,0.008472686952911318
784,892,108,0.108,0.007750740472227335
790,895,105,0.105,0.00860029512248002
794,897,103,0.103,0.009676004838896916
768,884,116,0.116,0.008591343395179137
812,906,94,0.094,0.007730543422047049
736,868,132,0.132,0.008973120908951387
770,885,115,0.115,0.008928778478875757
808,904,96,0.096,0.007174735106062144
728,864,136,0.136,0.008451572885038332
788,894,106,0.106,0.007827223160304129
818,909,91,0.091,0.006540996066760272
706,853,147,0.147,0.00886726738838479
812,906,94,0.094,0.007613708228454925
764,882,118,0.118,0.009222450568107889
710,855,145,0.145,0.011799290628405288
780,890,110,0.11,0.011497719331877307
734,867,133,0.133,0.013985740168020129
768,884,116,0.116,0.013615171832730994
774,887,113,0.113,0.012935955163789913
800,900,100,0.1,0.01036911920690909
794,897,103,0.103,0.009411508076358587
722,861,139,0.139,0.010226035991450772
772,886,114,0.114,0.009230356102110818
672,836,164,0.164,0.014023787270765751
698,849,151,0.151,0.01699890428618528
748,874,126,0.126,0.015362002005567775
714,857,143,0.143,0.020732574138790368
802,901,99,0.099,0.020762294253800065
808,904,96,0.096,0.019024436473380774
762,881,119,0.119,0.019813363396096975
728,864,136,0.136,0.018103034418076275
750,875,125,0.125,0.010385250762337818
740,870,130,0.13,0.0084750065933913
750,875,125,0.125,0.008569818529766054
788,894,106,0.106,0.007645739258034155
760,880,120,0.12,0.009121587798930705
774,887,113,0.113,0.008511654385365545
732,866,134,0.134,0.011110323858214543
756,878,122,0.122,0.01039860497531481
776,888,112,0.112,0.014090501280501485
762,881,119,0.119,0.013924788975622505
780,890,110,0.11,0.012757993375882506
768,884,116,0.116,0.013661740703508257
794,897,103,0.103,0.008005517292069272
736,868,132,0.132,0.008678045581094921
728,864,136,0.136,0.008279492921195925
700,850,150,0.15,0.008736517563695088
760,880,120,0.12,0.010375964770326391
774,887,113,0.113,0.012564426686847582
712,856,144,0.144,0.01397401123913005
760,880,120,0.12,0.014295953878201545
724,862,138,0.138,0.014647791168419645
780,890,110,0.11,0.011385651470394805
734,867,133,0.133,0.01276038018707186
804,902,98,0.098,0.009022635963512585
730,865,135,0.135,0.008627043452113866
760,880,120,0.12,0.007282322440529242
792,896,104,0.104,0.006974388967966661
802,901,99,0.099,0.006432533655781299
728,864,136,0.136,0.00853755367686972
744,872,128,0.128,0.009787635794375091
828,914,86,0.086,0.007899313342291861
766,883,117,0.117,0.008268952504266054
820,910,90,0.09,0.007628355701686814
780,890,110,0.11,0.006807105709216558
724,862,138,0.138,0.007059960556682199
716,858,142,0.142,0.007373048197361641
752,876,124,0.124,0.00770987226231955
696,848,152,0.152,0.010845292552374304
714,857,143,0.143,0.0169519409914501
744,872,128,0.128,0.016575468736700714
716,858,142,0.142,0.019028597145341337
696,848,152,0.152,0.02092939788289368
772,886,114,0.114,0.014975165760377423
772,886,114,0.114,0.014278443942777812
818,909,91,0.091,0.012861342814518138
726,863,137,0.137,0.013739079490071162
700,850,150,0.15,0.007584212450310588
768,884,116,0.116,0.007156832920154557
738,869,131,0.131,0.007305861551314592
854,927,73,0.073,0.005406389315845445
772,886,114,0.114,0.008918800526298582
784,892,108,0.108,0.008882289974950254
704,852,148,0.148,0.00972956545650959
814,907,93,0.093,0.008814745533745736
750,875,125,0.125,0.00917919830023311
760,880,120,0.12,0.008631506786681712
822,911,89,0.089,0.0070971078055445105
806,903,97,0.097,0.007990603062789887
822,911,89,0.089,0.0068424148701597
778,889,111,0.111,0.0071397727534640585
730,865,135,0.135,0.007678370305104181
790,895,105,0.105,0.0068797925317194315
788,894,106,0.106,0.006950483359396457
752,876,124,0.124,0.008810350366402417
716,858,142,0.142,0.009352869529742748
706,853,147,0.147,0.010132864611921833
700,850,150,0.15,0.012407255321508274
796,898,102,0.102,0.010573633639141917
768,884,116,0.116,0.010752602569526062
782,891,109,0.109,0.010479208933655173
786,893,107,0.107,0.0074465242116712035
730,865,135,0.135,0.006718426669249311
794,897,103,0.103,0.005989669790607877
784,892,108,0.108,0.005606260779080913
790,895,105,0.105,0.005434476954163984
788,894,106,0.106,0.005776988013763912
794,897,103,0.103,0.005829019476426766
690,845,155,0.155,0.00799245172739029
702,851,149,0.149,0.008762037073494867
760,880,120,0.12,0.007690774405375123
792,896,104,0.104,0.009295819047838449
766,883,117,0.117,0.009690949460025878
736,868,132,0.132,0.010896958804689348
748,874,126,0.126,0.00974398850207217
720,860,140,0.14,0.009067702404223383
760,880,120,0.12,0.010093615147517995
736,868,132,0.132,0.009230380194727331
700,850,150,0.15,0.008841777295572683
782,891,109,0.109,0.010210662571014837
656,828,172,0.172,0.013264003035146743
778,889,111,0.111,0.011107621373375877
820,910,90,0.09,0.010013613709481433
792,896,104,0.104,0.007793412335216999
740,870,130,0.13,0.0082611197642982
760,880,120,0.12,0.007430549939628691
762,881,119,0.119,0.007027364340610802
776,888,112,0.112,0.005610266538802535
804,902,98,0.098,0.005429898505681195
746,873,127,0.127,0.005887304879375733
856,928,72,0.072,0.005197574226767756
712,856,144,0.144,0.008092175946338102
800,900,100,0.1,0.006686301432782784
760,880,120,0.12,0.00744094044342637
742,871,129,0.129,0.008210295857628808
760,880,120,0.12,0.008191801542299799
800,900,100,0.1,0.006474060115637258
780,890,110,0.11,0.00721831052552443
756,878,122,0.122,0.007407220758730545
724,862,138,0.138,0.006659819248714484
768,884,116,0.116,0.007396918206941336
740,870,130,0.13,0.007776942715514451
762,881,119,0.119,0.0069175019927788526
756,878,122,0.122,0.0087192975403741
768,884,116,0.116,0.008490852635353804
754,877,123,0.123,0.007628232122398913
750,875,125,0.125,0.008393277609953656
776,888,112,0.112,0.006368113145930693
832,916,84,0.084,0.004955156972515397
704,852,148,0.148,0.006379228179575876
780,890,110,0.11,0.005395518002915196
738,869,131,0.131,0.007152501562610269
812,906,94,0.094,0.00665984169440344
722,861,139,0.139,0.008447285257745534
818,909,91,0.091,0.007145451697404497
800,900,100,0.1,0.0074039276544936
782,891,109,0.109,0.007007762362714857
820,910,90,0.09,0.006080199122312478
798,899,101,0.101,0.005761307667940855
778,889,111,0.111,0.0055839211286511274
752,876,124,0.124,0.005404076560167595
776,888,112,0.112,0.007682236248860136
734,867,133,0.133,0.008309272135258653
760,880,120,0.12,0.008733537951949984
782,891,109,0.109,0.010119485531235114
736,868,132,0.132,0.010380670615937561
736,868,132,0.132,0.011247661071829498
760,880,120,0.12,0.010240710319019854
754,877,123,0.123,0.010074941905913874
740,870,130,0.13,0.008596448577009141
760,880,120,0.12,0.008671788503415883
744,872,128,0.128,0.008235385884298011
732,866,134,0.134,0.008907056022435427
756,878,122,0.122,0.00880471135606058
774,887,113,0.113,0.009765990672400221
688,844,156,0.156,0.010558958367677406
802,901,99,0.099,0.007620180650614202
750,875,125,0.125,0.00811782030435279
740,870,130,0.13,0.007773243294563145
806,903,97,0.097,0.00649483037122991
780,890,110,0.11,0.007143199622863904
704,852,148,0.148,0.007523769693216309
744,872,128,0.128,0.00657728047692217
708,854,146,0.146,0.00713997665012721
790,895,105,0.105,0.006847527231322602
740,870,130,0.13,0.008998380368575453
682,841,159,0.159,0.009714318502228708
772,886,114,0.114,0.008220817938214168
746,873,127,0.127,0.008551507507450878
750,875,125,0.125,0.007391209618770518
772,886,114,0.114,0.005863114288076759
738,869,131,0.131,0.005941000363789499
810,905,95,0.095,0.0046975058154203
762,881,119,0.119,0.0044660937912995
726,863,137,0.137,0.0056516437869286165
758,879,121,0.121,0.00508202820236329
756,878,122,0.122,0.005561604611459188
834,917,83,0.083,0.0047382544382708145
750,875,125,0.125,0.007083946288330481
768,884,116,0.116,0.007945438070688397
762,881,119,0.119,0.007196777893579565
800,900,100,0.1,0.006417154958937317
770,885,115,0.115,0.00527612754527945
758,879,121,0.121,0.004207021575712133
752,876,124,0.124,0.0038556841474492102
760,880,120,0.12,0.003881993005052209
792,896,104,0.104,0.003860958453034982
838,919,81,0.081,0.004118519153329544
688,844,156,0.156,0.006523601812310517
772,886,114,0.114,0.0053431864448357375
800,900,100,0.1,0.004970481232739985
796,898,102,0.102,0.005099998308345675
732,866,134,0.134,0.005607933167368174
768,884,116,0.116,0.004803862629341893
730,865,135,0.135,0.005868582070455887
700,850,150,0.15,0.00818595045641996
758,879,121,0.121,0.007192748440313153
710,855,145,0.145,0.008625322519568726
838,919,81,0.081,0.007122909385710955
774,887,113,0.113,0.005653381824376993
756,878,122,0.122,0.005276011874782853
772,886,114,0.114,0.004714707776380237
770,885,115,0.115,0.004671294326079078
766,883,117,0.117,0.00452327338658506
744,872,128,0.128,0.005810218220809475
718,859,141,0.141,0.006572359061916359
774,887,113,0.113,0.006965744836605154
686,843,157,0.157,0.01070141929667443
778,889,111,0.111,0.009530223306501284
772,886,114,0.114,0.00981068685092032
780,890,110,0.11,0.008811352770775556
726,863,137,0.137,0.007491166082327254
760,880,120,0.12,0.005086099888547324
774,887,113,0.113,0.005510328552103602
792,896,104,0.104,0.0045450765116838735
730,865,135,0.135,0.005179458978120237
730,865,135,0.135,0.005492202097433619
776,888,112,0.112,0.005838076196261682
794,897,103,0.103,0.005965636251145042
710,855,145,0.145,0.008995472860289738
772,886,114,0.114,0.007584282687166706
798,899,101,0.101,0.006122205866267905
774,887,113,0.113,0.006690399653278291
832,916,84,0.084,0.005765029988717287
780,890,110,0.11,0.004398396205622703
758,879,121,0.121,0.0037230763255502097
754,877,123,0.123,0.004179432728327811
760,880,120,0.12,0.003975055882066954
722,861,139,0.139,0.005809722007717937
756,878,122,0.122,0.008038778781425207
770,885,115,0.115,0.007420948528451845
822,911,89,0.089,0.007663259204127826
740,870,130,0.13,0.00817385136941448
754,877,123,0.123,0.007048940212815069
756,878,122,0.122,0.005519042119383812
780,890,110,0.11,0.006307374011608772
756,878,122,0.122,0.005743929586140439
724,862,138,0.138,0.007371984572266228
786,893,107,0.107,0.006401269926340319
750,875,125,0.125,0.007038365053827874
746,873,127,0.127,0.007474689025897533
782,891,109,0.109,0.006671239939983934
804,902,98,0.098,0.005929424520698376
742,871,129,0.129,0.0064418056817958135
788,894,106,0.106,0.005560288874432445
820,910,90,0.09,0.004226482652244158
726,863,137,0.137,0.00517318493424682
778,889,111,0.111,0.005352583310334012
782,891,109,0.109,0.005105048556812108
798,899,101,0.101,0.005764855413464829
740,870,130,0.13,0.0066444960590451956
716,858,142,0.142,0.00643488751386758
750,875,125,0.125,0.005820224716328084
784,892,108,0.108,0.006093335808371194
746,873,127,0.127,0.007557341795880347
800,900,100,0.1,0.006947994849993847
772,886,114,0.114,0.007380970906931907
762,881,119,0.119,0.006033930196543224
772,886,114,0.114,0.006992286865483038
796,898,102,0.102,0.006100251459167339
706,853,147,0.147,0.008404579053865746
762,881,119,0.119,0.007080543671734631
708,854,146,0.146,0.008513941838289612
732,866,134,0.134,0.007195585489505902
760,880,120,0.12,0.007374516910640522
770,885,115,0.115,0.007148085485678166
816,908,92,0.092,0.006652477672090754
732,866,134,0.134,0.007587646958651021
736,868,132,0.132,0.008298638327047228
740,870,130,0.13,0.007225438191788271
794,897,103,0.103,0.005420311790076084
800,900,100,0.1,0.0047522240192629395
826,913,87,0.087,0.00427819179504877
756,878,122,0.122,0.0048918932265369225
668,834,166,0.166,0.005901157828047871
764,882,118,0.118,0.005631138448836282
810,905,95,0.095,0.005344713765545748
724,862,138,0.138,0.006977892788476311
744,872,128,0.128,0.008345623241271824
828,914,86,0.086,0.006337072453927249
740,870,130,0.13,0.007982690887060016
746,873,127,0.127,0.008199474638211541
760,880,120,0.12,0.006497423992608674
774,887,113,0.113,0.006415387719986029
700,850,150,0.15,0.0070846169433789324
752,876,124,0.124,0.006338111792108975
740,870,130,0.13,0.007492748651187867
796,898,102,0.102,0.0063086707664188
820,910,90,0.09,0.005716765160788782
768,884,116,0.116,0.006457282549701631
748,874,126,0.126,0.006156861013034359
782,891,109,0.109,0.005685958308284171
772,886,114,0.114,0.00553527596918866
794,897,103,0.103,0.004610975077026524
784,892,108,0.108,0.004620755965006538
802,901,99,0.099,0.003854100978700444
814,907,93,0.093,0.004123770190170035
764,882,118,0.118,0.004502827732707374
750,875,125,0.125,0.00513189651526045
778,889,111,0.111,0.005695534818689339
738,869,131,0.131,0.006905344164348208
786,893,107,0.107,0.006385158172692172
724,862,138,0.138,0.00778690218925476
798,899,101,0.101,0.006412188559887
764,882,118,0.118,0.0070858728066086766
720,860,140,0.14,0.00703716672596056
716,858,142,0.142,0.006496069391723722
802,901,99,0.099,0.0051093976104166355
726,863,137,0.137,0.006007917023613117
824,912,88,0.088,0.005499308421625756
766,883,117,0.117,0.006308114221086725
776,888,112,0.112,0.005646287919022143
804,902,98,0.098,0.0057469341434771195
798,899,101,0.101,0.005691809121170081
780,890,110,0.11,0.0059571150544798
684,842,158,0.158,0.007070309743983671
812,906,94,0.094,0.004700353992753662
792,896,104,0.104,0.004375599874358159
778,889,111,0.111,0.004433401047834195
780,890,110,0.11,0.004826404444291256
712,856,144,0.144,0.005502545091090724
736,868,132,0.132,0.005104829995078035
734,867,133,0.133,0.008201827609562316
806,903,97,0.097,0.006794056680169888
740,870,130,0.13,0.00951723257615231
794,897,103,0.103,0.007734404113376513
770,885,115,0.115,0.006221810773247853
762,881,119,0.119,0.006956812078482471
826,913,87,0.087,0.004245419355225749
728,864,136,0.136,0.004788930232520215
734,867,133,0.133,0.0053685886226594445
764,882,118,0.118,0.0048520563886268065
786,893,107,0.107,0.006157316000317223
714,857,143,0.143,0.008242040640092456
742,871,129,0.129,0.009020256088348106
760,880,120,0.12,0.008407754193991422
770,885,115,0.115,0.008170021281344817
784,892,108,0.108,0.007903784597758205
782,891,109,0.109,0.007470340103842318
756,878,122,0.122,0.006895410810480826
780,890,110,0.11,0.005006284049770329
760,880,120,0.12,0.004324895737459883
762,881,119,0.119,0.004093692918308079
762,881,119,0.119,0.004181575663445983
778,889,111,0.111,0.0044636435807915405
714,857,143,0.143,0.00661850568279624
758,879,121,0.121,0.006509964439203032
860,930,70,0.07,0.0053614434711635114
784,892,108,0.108,0.006026433915598318
740,870,130,0.13,0.0059711548029445114
754,877,123,0.123,0.005779979198123329
776,888,112,0.112,0.004420746780117043
858,929,71,0.071,0.004023364360851702
738,869,131,0.131,0.003847571282472927
784,892,108,0.108,0.0034927711710333823
750,875,125,0.125,0.003660104764858261
806,903,97,0.097,0.00315629165264545
786,893,107,0.107,0.004945741406059824
708,854,146,0.146,0.007639529874781147
746,873,127,0.127,0.007266068500932306
718,859,141,0.141,0.008390627714688889
744,872,128,0.128,0.010229206591611728
692,846,154,0.154,0.01220968676568009
766,883,117,0.117,0.00872468408732675
818,909,91,0.091,0.006985081953345798
742,871,129,0.129,0.005790537573280744
740,870,130,0.13,0.004616736368392594
776,888,112,0.112,0.004500334638520144
800,900,100,0.1,0.004459661078872159
796,898,102,0.102,0.004210180968628265
786,893,107,0.107,0.004639081408386119
804,902,98,0.098,0.004721605645259842
752,876,124,0.124,0.004666513419593684
776,888,112,0.112,0.004372673079953529
802,901,99,0.099,0.005048069585929625
744,872,128,0.128,0.005508674668497406
716,858,142,0.142,0.007410397342639044
730,865,135,0.135,0.007417028332711197
728,864,136,0.136,0.00861037666699849
804,902,98,0.098,0.0073716674959287045
802,901,99,0.099,0.0062739178049378095
750,875,125,0.125,0.007024665707722306
764,882,118,0.118,0.005846374578308314
808,904,96,0.096,0.004596039645839482
744,872,128,0.128,0.005295409354614094
734,867,133,0.133,0.005017576224170625
756,878,122,0.122,0.005387113639560993
708,854,146,0.146,0.006803159196744673
804,902,98,0.098,0.005885326579795219
782,891,109,0.109,0.0065880455072037875
788,894,106,0.106,0.005821196125121787
748,874,126,0.126,0.006191505851922557
738,869,131,0.131,0.005997898391913623
748,874,126,0.126,0.005913876361097209
734,867,133,0.133,0.006634345914353617
724,862,138,0.138,0.008391808528453112
808,904,96,0.096,0.007045267774490639
760,880,120,0.12,0.008777754821116104
762,881,119,0.119,0.008250499892281368
752,876,124,0.124,0.007236318063689396
774,887,113,0.113,0.00733568319818005
808,904,96,0.096,0.005455320091219619
710,855,145,0.145,0.007726938773179427
824,912,88,0.088,0.0052570877453545104
742,871,129,0.129,0.006643525621504523
798,899,101,0.101,0.004905626471852884
754,877,123,0.123,0.005538696123519912
740,870,130,0.13,0.006843457181239501
736,868,132,0.132,0.007216372328111902
772,886,114,0.114,0.007842448188108392
780,890,110,0.11,0.007439924595993943
794,897,103,0.103,0.006885845691082068
804,902,98,0.098,0.006924402506672777
762,881,119,0.119,0.007556952242739498
722,861,139,0.139,0.008033959474880248
786,893,107,0.107,0.007189261271851138
766,883,117,0.117,0.006862496055546217
776,888,112,0.112,0.0074287524656392635
774,887,113,0.113,0.006369900471414439
744,872,128,0.128,0.006221702505950816
816,908,92,0.092,0.005672771770041436
806,903,97,0.097,0.0055571339976741
744,872,128,0.128,0.005724908279255032
772,886,114,0.114,0.00610029813379515
738,869,131,0.131,0.007292430161265656
798,899,101,0.101,0.006204920730437152
818,909,91,0.091,0.007835458321031183
686,843,157,0.157,0.01029704286507331
758,879,121,0.121,0.009681625101016835
770,885,115,0.115,0.009328223851276561
762,881,119,0.119,0.008958611601497978
816,908,92,0.092,0.006739276612293906
756,878,122,0.122,0.007566828544251621
790,895,105,0.105,0.006510705005028285
762,881,119,0.119,0.007198279823875055
728,864,136,0.136,0.007635006141965278
738,869,131,0.131,0.008499497066251933
758,879,121,0.121,0.008756799528375268
782,891,109,0.109,0.008736145448172465
758,879,121,0.121,0.009823804309824482
758,879,121,0.121,0.011159123966237531
704,852,148,0.148,0.010019045803695918
764,882,118,0.118,0.008769590536830947
810,905,95,0.095,0.007138559606624767
790,895,105,0.105,0.006997242591110989
800,900,100,0.1,0.006623042531078681
792,896,104,0.104,0.006279551894869655
762,881,119,0.119,0.006549936006544158
786,893,107,0.107,0.006560995398205705
772,886,114,0.114,0.0067922135989647355
812,906,94,0.094,0.006728895595995709
754,877,123,0.123,0.007746559157036245
756,878,122,0.122,0.007711908108787611
702,851,149,0.149,0.009709264834178612
810,905,95,0.095,0.009060926279053092
708,854,146,0.146,0.011510640163207426
752,876,124,0.124,0.01197683927952312
780,890,110,0.11,0.010945202443515881
734,867,133,0.133,0.01162570732482709
762,881,119,0.119,0.011334357164334506
754,877,123,0.123,0.011263849864713847
826,913,87,0.087,0.00897044022893533
732,866,134,0.134,0.010256057106424124
770,885,115,0.115,0.00747341597173363
746,873,127,0.127,0.008201556338928639
742,871,129,0.129,0.008797113625099882
756,878,122,0.122,0.009671931426739321
780,890,110,0.11,0.009004734572488815
718,859,141,0.141,0.011421247470658272
768,884,116,0.116,0.012290376815013588
734,867,133,0.133,0.012031926380004734
780,890,110,0.11,0.011587531838798895
814,907,93,0.093,0.009614034473663196
778,889,111,0.111,0.008898382881423458
768,884,116,0.116,0.007702418548520654
776,888,112,0.112,0.006572212618310005
752,876,124,0.124,0.008425321602961049
758,879,121,0.121,0.008322942537954077
740,870,130,0.13,0.012433037534821778
740,870,130,0.13,0.012791777619160711
836,918,82,0.082,0.011570884194457903
760,880,120,0.12,0.01366637109965086
748,874,126,0.126,0.010434914408950136
776,888,112,0.112,0.010247884615557269
810,905,95,0.095,0.006836363021517172
760,880,120,0.12,0.007781708850758151
786,893,107,0.107,0.006447337889694609
774,887,113,0.113,0.006773342545609921
772,886,114,0.114,0.007599358341190964
784,892,108,0.108,0.00803978213807568
794,897,103,0.103,0.00798320115939714
772,886,114,0.114,0.009836421049199998
802,901,99,0.099,0.007422658195719123
794,897,103,0.103,0.007385835809167475
828,914,86,0.086,0.007547776728402823
760,880,120,0.12,0.009484925476834178
780,890,110,0.11,0.00931593006523326
770,885,115,0.115,0.009198058529058471
818,909,91,0.091,0.009175161742605268
756,878,122,0.122,0.010944098928710446
754,877,123,0.123,0.010509270671987906
746,873,127,0.127,0.010649242867482827
754,877,123,0.123,0.008561443503247574
722,861,139,0.139,0.009752010674215853
774,887,113,0.113,0.008469035442452878
740,870,130,0.13,0.010151623041718266
738,869,131,0.131,0.012485228180885315
724,862,138,0.138,0.015288918493315578
750,875,125,0.125,0.013849884052062406
712,856,144,0.144,0.016662302115932108
762,881,119,0.119,0.014745220908196643
768,884,116,0.116,0.013609939933288842
758,879,121,0.121,0.011540037364000454
796,898,102,0.102,0.009601587912533432
782,891,109,0.109,0.009038217124063521
732,866,134,0.134,0.00864306965097785
752,876,124,0.124,0.008472847274737433
762,881,119,0.119,0.00935084990109317
770,885,115,0.115,0.009244421360781416
764,882,118,0.118,0.01077914371411316
708,854,146,0.146,0.01319079166976735
736,868,132,0.132,0.01424426937964745
736,868,132,0.132,0.014442973437253386
778,889,111,0.111,0.013662768491078168
764,882,118,0.118,0.012410288616549223
760,880,120,0.12,0.011360782747156918
790,895,105,0.105,0.009561420170823112
754,877,123,0.123,0.009525350008858367
782,891,109,0.109,0.00922725756955333
748,874,126,0.126,0.010451767972204835
760,880,120,0.12,0.009552602980285882
786,893,107,0.107,0.009612012119963766
764,882,118,0.118,0.010519948934437707
832,916,84,0.084,0.008011292094597593
778,889,111,0.111,0.009463938657427206
792,896,104,0.104,0.007627954211086035
788,894,106,0.106,0.006443533067591488
754,877,123,0.123,0.006785900563932955
754,877,123,0.123,0.006434643808170222
728,864,136,0.136,0.006368966581532732
792,896,104,0.104,0.009472768443403766
774,887,113,0.113,0.011346350123407319
782,891,109,0.109,0.012868137049954384
794,897,103,0.103,0.011889095707563684
738,869,131,0.131,0.013257851248607039
774,887,113,0.113,0.00958984215091914
676,838,162,0.162,0.011178485567448661
742,871,129,0.129,0.009666555719217285
746,873,127,0.127,0.0083140233324375
758,879,121,0.121,0.008477962336037308
780,890,110,0.11,0.008743420832557604
808,904,96,0.096,0.007293635227950289
816,908,92,0.092,0.008765685078920796
716,858,142,0.142,0.009653033738024532
720,860,140,0.14,0.010652851418126375
782,891,109,0.109,0.00893308088183403
790,895,105,0.105,0.008848199474159628
794,897,103,0.103,0.009090071978280321
794,897,103,0.103,0.007065423664054833
744,872,128,0.128,0.00879113881289959
744,872,128,0.128,0.008599603582872078
816,908,92,0.092,0.006922795775579289
744,872,128,0.128,0.00885576898395084
708,854,146,0.146,0.012190538957947866
772,886,114,0.114,0.011263674868270755
818,909,91,0.091,0.010812747825868428
806,903,97,0.097,0.010542322812369094
798,899,101,0.101,0.009669136395677925
762,881,119,0.119,0.008053319330792874
768,884,116,0.116,0.0061534462057752535
754,877,123,0.123,0.0067698624979238954
770,885,115,0.115,0.008378315444570034
734,867,133,0.133,0.00945029370393604
804,902,98,0.098,0.008910305731231347
802,901,99,0.099,0.008810033726273104
758,879,121,0.121,0.009640983559889718
754,877,123,0.123,0.010024799223989248
752,876,124,0.124,0.009191639136290179
776,888,112,0.112,0.007354773912345991
718,859,141,0.141,0.009101391002070159
756,878,122,0.122,0.008380292257061227
774,887,113,0.113,0.008794372267322615
768,884,116,0.116,0.009444142497610301
780,890,110,0.11,0.009068027721717954
768,884,116,0.116,0.009667057439219206
780,890,110,0.11,0.008793529427610337
720,860,140,0.14,0.009384778912179172
734,867,133,0.133,0.009452625806210563
750,875,125,0.125,0.008646579491905868
794,897,103,0.103,0.008754012207034974
778,889,111,0.111,0.009797847047215327
750,875,125,0.125,0.010158185180509463
818,909,91,0.091,0.009232394013088197
786,893,107,0.107,0.009240130703197793
772,886,114,0.114,0.0070036995341069995
796,898,102,0.102,0.005938752250978723
764,882,118,0.118,0.006522734942147508
808,904,96,0.096,0.0051656963167479265
806,903,97,0.097,0.006402369128423743
732,866,134,0.134,0.007976791962631978
714,857,143,0.143,0.007730936528532766
764,882,118,0.118,0.007958809561561793
818,909,91,0.091,0.006749540833989158
760,880,120,0.12,0.008443276256788522
796,898,102,0.102,0.007063823251752183
778,889,111,0.111,0.006161905940389261
762,881,119,0.119,0.0057538893150631334
762,881,119,0.119,0.006009452709578909
736,868,132,0.132,0.006738037258735858
782,891,109,0.109,0.0059387309841113164
776,888,112,0.112,0.007285974555881694
766,883,117,0.117,0.00676276722108014
814,907,93,0.093,0.006334441132843495
720,860,140,0.14,0.007962504926486872
802,901,99,0.099,0.007133220417774282
728,864,136,0.136,0.007259517489699647
746,873,127,0.127,0.0078498305529356
712,856,144,0.144,0.010993769069667906
758,879,121,0.121,0.010327815887751057
744,872,128,0.128,0.012185019509168341
726,863,137,0.137,0.01381163290143013
708,854,146,0.146,0.013280099583789706
802,901,99,0.099,0.009841140384553
742,871,129,0.129,0.011343526381067932
786,893,107,0.107,0.006964454764383845
742,871,129,0.129,0.006578689213958569
786,893,107,0.107,0.005681169214425608
816,908,92,0.092,0.005038126215105876
734,867,133,0.133,0.0060325757657410575
774,887,113,0.113,0.0058442864635726436
746,873,127,0.127,0.006891964298556558
740,870,130,0.13,0.007447829948971048
776,888,112,0.112,0.008483307448914275
734,867,133,0.133,0.008810575386043637
780,890,110,0.11,0.007772402279078961
754,877,123,0.123,0.00822512808186002
748,874,126,0.126,0.009074501564959064
860,930,70,0.07,0.006464433893095702
780,890,110,0.11,0.007784935731091537
742,871,129,0.129,0.007325202453881502
722,861,139,0.139,0.007619552296586334
736,868,132,0.132,0.00834351687587332
710,855,145,0.145,0.008942432260373607
770,885,115,0.115,0.009594228208297863
758,879,121,0.121,0.013050167484441773
752,876,124,0.124,0.01315225656889379
736,868,132,0.132,0.014008175907423719
794,897,103,0.103,0.01171772387623787
792,896,104,0.104,0.009905238651670516
754,877,123,0.123,0.009900426537031309
780,890,110,0.11,0.009363033138215541
774,887,113,0.113,0.008280246480833739
786,893,107,0.107,0.0074829397913999856
780,890,110,0.11,0.0067690932769328355
800,900,100,0.1,0.006536577027291059
822,911,89,0.089,0.006565021301619708
788,894,106,0.106,0.007336786172585562
768,884,116,0.116,0.008175021808827296
724,862,138,0.138,0.010120987146627158
786,893,107,0.107,0.009325678903609514
710,855,145,0.145,0.011584607067285105
784,892,108,0.108,0.010330961208092048
774,887,113,0.113,0.010226819135481492
776,888,112,0.112,0.010551398321986198
770,885,115,0.115,0.01057282753381878
788,894,106,0.106,0.010064580756938085
756,878,122,0.122,0.01079305685358122
774,887,113,0.113,0.009616423826199025
784,892,108,0.108,0.009561031772522256
740,870,130,0.13,0.009839353053597734
780,890,110,0.11,0.008877300712279976
744,872,128,0.128,0.010759017911739648
810,905,95,0.095,0.009848573639523238
830,915,85,0.085,0.008974505403777585
702,851,149,0.149,0.013364065170055256
760,880,120,0.12,0.013704423616174608
768,884,116,0.116,0.014016120904125273
734,867,133,0.133,0.01323596709035337
720,860,140,0.14,0.016171622772701084
804,902,98,0.098,0.012885935447178781
804,902,98,0.098,0.012739980287384241
742,871,129,0.129,0.013521151216933504
718,859,141,0.141,0.013442006883211434
740,870,130,0.13,0.012390246361726896
770,885,115,0.115,0.012423233714420348
730,865,135,0.135,0.01405093353241682
718,859,141,0.141,0.016724840227980167
744,872,128,0.128,0.01739210645761341
734,867,133,0.133,0.017232882126234472
772,886,114,0.114,0.016603468649554996
784,892,108,0.108,0.015890470009297133
686,843,157,0.157,0.017448065619915725
714,857,143,0.143,0.016296920731663705
726,863,137,0.137,0.016174673832952978
782,891,109,0.109,0.013589027661830186
770,885,115,0.115,0.01332152073364705
748,874,126,0.126,0.013817327064462006
738,869,131,0.131,0.014322779977694154
780,890,110,0.11,0.010986183437984437
764,882,118,0.118,0.01131569474725984
766,883,117,0.117,0.010053562661167234
764,882,118,0.118,0.009885281480150297
744,872,128,0.128,0.010066495237639174
766,883,117,0.117,0.009192494305549189
794,897,103,0.103,0.01054226932534948
782,891,109,0.109,0.011503627724945545
792,896,104,0.104,0.013068188915029168
784,892,108,0.108,0.010806845765560865
762,881,119,0.119,0.011848760813474656
778,889,111,0.111,0.011080888074357063
774,887,113,0.113,0.009942436511162668
792,896,104,0.104,0.009066323537146672
756,878,122,0.122,0.010482134406687691
784,892,108,0.108,0.009611713636666536
746,873,127,0.127,0.011267551885219291
786,893,107,0.107,0.009649968876503408
740,870,130,0.13,0.012090026352088898
732,866,134,0.134,0.011766818914795295
784,892,108,0.108,0.00950023622927256
762,881,119,0.119,0.009403189222095534
728,864,136,0.136,0.009633308140328154
778,889,111,0.111,0.010251636551693082
698,849,151,0.151,0.01095905784680508
698,849,151,0.151,0.011915495126275346
768,884,116,0.116,0.01114730027364567
740,870,130,0.13,0.011662077432731167
762,881,119,0.119,0.013112453843932599
788,894,106,0.106,0.01165211120969616
768,884,116,0.116,0.011194119958672673
764,882,118,0.118,0.010534321145154535
700,850,150,0.15,0.009303003005450592
856,928,72,0.072,0.005674745676340535
696,848,152,0.152,0.00856773689086549
730,865,135,0.135,0.008729647282743827
738,869,131,0.131,0.01024018126539886
790,895,105,0.105,0.010298118066741153
784,892,108,0.108,0.009682509142905475
792,896,104,0.104,0.009985315950820223
726,863,137,0.137,0.01067490907991305
780,890,110,0.11,0.009128139894921332
766,883,117,0.117,0.008797640776028856
776,888,112,0.112,0.007870934914331882
764,882,118,0.118,0.008162980506429449
770,885,115,0.115,0.007504095260985196
710,855,145,0.145,0.009889324814314022
752,876,124,0.124,0.010605376553488895
654,827,173,0.173,0.014440886504482478
750,875,125,0.125,0.014540075855329633
776,888,112,0.112,0.0133223236722406
790,895,105,0.105,0.010330372215015813
772,886,114,0.114,0.011802131951320917
808,904,96,0.096,0.00981524440436624
774,887,113,0.113,0.007131797220441513
754,877,123,0.123,0.005682104130391963
728,864,136,0.136,0.006061498811584898
692,846,154,0.154,0.007477215692517348
790,895,105,0.105,0.008431031842017546
820,910,90,0.09,0.00996267446805723
730,865,135,0.135,0.011649100983748212
718,859,141,0.141,0.01208025964233093
724,862,138,0.138,0.012198577474569901
780,890,110,0.11,0.010139215856557712
754,877,123,0.123,0.01007258185185492
726,863,137,0.137,0.011643324420088903
740,870,130,0.13,0.007867248613387346
750,875,125,0.125,0.007362129250308499
826,913,87,0.087,0.006412445282097906
758,879,121,0.121,0.007908431719057262
768,884,116,0.116,0.008524782169028185
774,887,113,0.113,0.00864140356471762
776,888,112,0.112,0.008671297127380967
764,882,118,0.118,0.009881864091614262
774,887,113,0.113,0.007953969154972583
782,891,109,0.109,0.007604057886172086
746,873,127,0.127,0.007753469772869721
738,869,131,0.131,0.007683012394234538
720,860,140,0.14,0.009522281353361904
770,885,115,0.115,0.010184592904523015
770,885,115,0.115,0.010229523311601952
708,854,146,0.146,0.01167134939902462
752,876,124,0.124,0.01003353231283836
762,881,119,0.119,0.010130953404586761
804,902,98,0.098,0.008939804271794855
788,894,106,0.106,0.008293143672985025
818,909,91,0.091,0.005811250659986399
800,900,100,0.1,0.005568173451931216
730,865,135,0.135,0.005315744685358368
714,857,143,0.143,0.006864394884672947
752,876,124,0.124,0.007873707617400215
752,876,124,0.124,0.00872057015739847
790,895,105,0.105,0.008136711412109435
774,887,113,0.113,0.008612160604447127
752,876,124,0.124,0.008303908000467345
738,869,131,0.131,0.007142171464744024
780,890,110,0.11,0.007219495557248592
764,882,118,0.118,0.005686920879059471
740,870,130,0.13,0.006189558890182525
766,883,117,0.117,0.005823205001302995
768,884,116,0.116,0.006251335434149951
782,891,109,0.109,0.006989802105352282
744,872,128,0.128,0.00857397862127982
822,911,89,0.089,0.007281740347156301
738,869,131,0.131,0.008235302274581045
752,876,124,0.124,0.006287906229845248
792,896,104,0.104,0.0060485281836008655
782,891,109,0.109,0.005219019396114163
768,884,116,0.116,0.005664508079178631
782,891,109,0.109,0.004361712260521017
752,876,124,0.124,0.005086508902488276
764,882,118,0.118,0.0047986764684319495
756,878,122,0.122,0.004976052159909159
746,873,127,0.127,0.005637882176437415
758,879,121,0.121,0.005575224347878247
790,895,105,0.105,0.006356046249507926
738,869,131,0.131,0.006081235241144896
728,864,136,0.136,0.0066013478079112245
800,900,100,0.1,0.00535160534188617
816,908,92,0.092,0.005472341258893721
730,865,135,0.135,0.004815118678845465
736,868,132,0.132,0.004407851971802302
780,890,110,0.11,0.004161204535281285
822,911,89,0.089,0.004148669661488384
724,862,138,0.138,0.005770844486542046
780,890,110,0.11,0.005768863777280785
754,877,123,0.123,0.006285525835584849
754,877,123,0.123,0.006022706640185788
794,897,103,0.103,0.005790919078397565
824,912,88,0.088,0.005210168472491204
764,882,118,0.118,0.005494774066261016
744,872,128,0.128,0.00446808662643889
788,894,106,0.106,0.0035462153078988194
820,910,90,0.09,0.0032998737687594255
752,876,124,0.124,0.003663953176292125
788,894,106,0.106,0.004915181226679124
744,872,128,0.128,0.00558836671791505
744,872,128,0.128,0.006958970418083481
722,861,139,0.139,0.006641479230951518
720,860,140,0.14,0.010764949282398448
746,873,127,0.127,0.009728227926418186
750,875,125,0.125,0.009776347857667133
718,859,141,0.141,0.010102552628377453
744,872,128,0.128,0.008114347071154044
736,868,132,0.132,0.00808595657418482
750,875,125,0.125,0.006884151566307992
768,884,116,0.116,0.005888978110160679
772,886,114,0.114,0.006471049204235897
768,884,116,0.116,0.006252287896582857
834,917,83,0.083,0.0057106085405685
782,891,109,0.109,0.005583626103005372
792,896,104,0.104,0.0046950528681045395
772,886,114,0.114,0.004223781592212618
716,858,142,0.142,0.005016570492996834
778,889,111,0.111,0.004362307532690466
806,903,97,0.097,0.0052817100604297595
718,859,141,0.141,0.006980724483029917
810,905,95,0.095,0.005496779524488375
748,874,126,0.126,0.00814700631890446
760,880,120,0.12,0.007787890894920565
850,925,75,0.075,0.006735248578246683
766,883,117,0.117,0.0073006938333855945
708,854,146,0.146,0.005652435989584773
702,851,149,0.149,0.005663319237995893
768,884,116,0.116,0.004906212424160913
738,869,131,0.131,0.00588255802844651
732,866,134,0.134,0.00774423109088093
754,877,123,0.123,0.009406421614112332
792,896,104,0.104,0.007721738963620738
828,914,86,0.086,0.006941250487579964
778,889,111,0.111,0.0065987256921362135
758,879,121,0.121,0.005923786869738251
760,880,120,0.12,0.005494880157406442
802,901,99,0.099,0.003787622558302246
766,883,117,0.117,0.004542234415654093
750,875,125,0.125,0.004866841839160771
784,892,108,0.108,0.004520875094342045
762,881,119,0.119,0.005597708831657656
738,869,131,0.131,0.0069036026161629705
784,892,108,0.108,0.005798728040186689
654,827,173,0.173,0.00811028414266184
778,889,111,0.111,0.007417754113208503
726,863,137,0.137,0.009759688617661594
744,872,128,0.128,0.009002450071042403
744,872,128,0.128,0.009900128028122708
732,866,134,0.134,0.008095527962781488
772,886,114,0.114,0.006189204490510747
778,889,111,0.111,0.005515532742021606
808,904,96,0.096,0.004640264807618223
810,905,95,0.095,0.0047710542376153174
730,865,135,0.135,0.005839981183991767
746,873,127,0.127,0.005274096181150526
788,894,106,0.106,0.005568322891718708
770,885,115,0.115,0.0074139823415316644
744,872,128,0.128,0.007680749869672582
786,893,107,0.107,0.007362290323944762
806,903,97,0.097,0.007583536303369328
790,895,105,0.105,0.0048660349395358935
764,882,118,0.118,0.004924757144413888
766,883,117,0.117,0.004964815507642925
754,877,123,0.123,0.004417990194284357
696,848,152,0.152,0.005681200243066996
748,874,126,0.126,0.005800291268387809
844,922,78,0.078,0.0045814457128290085
720,860,140,0.14,0.008651219815481455
788,894,106,0.106,0.008413114842958749
736,868,132,0.132,0.009695426034973934
742,871,129,0.129,0.009731096138479188
748,874,126,0.126,0.00940304822102189
704,852,148,0.148,0.010013892696006223
714,857,143,0.143,0.009528701827628537
722,861,139,0.139,0.009068589033093304
708,854,146,0.146,0.009476430398179218
738,869,131,0.131,0.00897895544092171
752,876,124,0.124,0.00875886933505535
764,882,118,0.118,0.008898210338316857
768,884,116,0.116,0.007208349401829764
776,888,112,0.112,0.006771543167182244
812,906,94,0.094,0.00645839453744702
750,875,125,0.125,0.004869188406621106
768,884,116,0.116,0.004731078301905655
746,873,127,0.127,0.004875100457691587
832,916,84,0.084,0.003914600112941116
776,888,112,0.112,0.005927969524869695
830,915,85,0.085,0.005650266825570725
788,894,106,0.106,0.00643097882415168
748,874,126,0.126,0.007404307141201571
806,903,97,0.097,0.005572737806942314
714,857,143,0.143,0.006600947869708762
806,903,97,0.097,0.005574606602312997
778,889,111,0.111,0.00581844165653456
850,925,75,0.075,0.0034834571742103433
760,880,120,0.12,0.004266360618406907
760,880,120,0.12,0.004273117650067434
824,912,88,0.088,0.003034007238340564
774,887,113,0.113,0.005033730656956323
756,878,122,0.122,0.004882683970383369
752,876,124,0.124,0.005314592419657856
802,901,99,0.099,0.005035933616920374
760,880,120,0.12,0.0065975461000343785
762,881,119,0.119,0.006437696286593564
790,895,105,0.105,0.005733319265884347
776,888,112,0.112,0.005686225032666698
774,887,113,0.113,0.004967471710406244
792,896,104,0.104,0.0049416772454278545
744,872,128,0.128,0.005750097953598015
794,897,103,0.103,0.004658781706471928
742,871,129,0.129,0.006881354295648634
724,862,138,0.138,0.007296474460046738
712,856,144,0.144,0.008552054191124625
790,895,105,0.105,0.007130761151900515
782,891,109,0.109,0.008074752141488716
772,886,114,0.114,0.006085490500554442
760,880,120,0.12,0.00715240270132199
798,899,101,0.101,0.004977163297939114
782,891,109,0.109,0.0044446881171315905
752,876,124,0.124,0.004768084648996591
788,894,106,0.106,0.004495145896566101
800,900,100,0.1,0.004197084592073225
794,897,103,0.103,0.004227356371004134
778,889,111,0.111,0.004583642261452041
746,873,127,0.127,0.0047869441292714325
760,880,120,0.12,0.005100421916809864
800,900,100,0.1,0.004967881868826226
740,870,130,0.13,0.006392775206477381
780,890,110,0.11,0.006033804707112722
776,888,112,0.112,0.006293664674623869
774,887,113,0.113,0.00585149695770815
750,875,125,0.125,0.006580201237578877
758,879,121,0.121,0.005778977145790122
776,888,112,0.112,0.0054387985006906095
754,877,123,0.123,0.005142225397983566
820,910,90,0.09,0.00392936162056867
724,862,138,0.138,0.0046894004113273696
842,921,79,0.079,0.0034013451302889732
790,895,105,0.105,0.0033235631377319806
806,903,97,0.097,0.0037302408929681405
782,891,109,0.109,0.004619116260670126
728,864,136,0.136,0.0049947373250033705
722,861,139,0.139,0.007188552857842296
772,886,114,0.114,0.006484394898754545
776,888,112,0.112,0.0067127877459861336
802,901,99,0.099,0.006036979433731176
734,867,133,0.133,0.006461084796930664
738,869,131,0.131,0.0063877946647116915
758,879,121,0.121,0.00603516059066169
746,873,127,0.127,0.005781573229469359
830,915,85,0.085,0.004438680010149255
756,878,122,0.122,0.004487129785062279
774,887,113,0.113,0.0045721472661243755
744,872,128,0.128,0.004768233914859593
788,894,106,0.106,0.004837165005621501
798,899,101,0.101,0.0053659049230627715
778,889,111,0.111,0.005135303701506928
772,886,114,0.114,0.005674485363997519
750,875,125,0.125,0.005970054666395299
732,866,134,0.134,0.0063707491783425215
766,883,117,0.117,0.005403673093765974
734,867,133,0.133,0.006018040862167254
732,866,134,0.134,0.006916471336851828
800,900,100,0.1,0.006774782363791019
754,877,123,0.123,0.006847262723138556
758,879,121,0.121,0.00590555111807771
788,894,106,0.106,0.0054265834805555645
760,880,120,0.12,0.005173146079177968
836,918,82,0.082,0.0042339382163481785
744,872,128,0.128,0.00483151991374325
744,872,128,0.128,0.0049012908443110065
798,899,101,0.101,0.004784160310402513
732,866,134,0.134,0.006295011493493803
802,901,99,0.099,0.004921809965046123
692,846,154,0.154,0.00621018049120903
758,879,121,0.121,0.005604836339713074
778,889,111,0.111,0.0061604207057971505
762,881,119,0.119,0.006012038421351462
782,891,109,0.109,0.006151099871145561
718,859,141,0.141,0.006968717135954648
736,868,132,0.132,0.006413545672548935
770,885,115,0.115,0.0063156932862475515
796,898,102,0.102,0.005217298652743921
778,889,111,0.111,0.006148232904728502
766,883,117,0.117,0.005293830024078489
740,870,130,0.13,0.004889457271434367
814,907,93,0.093,0.004309221558622085
792,896,104,0.104,0.004609580202377402
732,866,134,0.134,0.00492231074126903
826,913,87,0.087,0.0033985890140756964
762,881,119,0.119,0.0046113685285672544
784,892,108,0.108,0.004307052278425544
748,874,126,0.126,0.005657498348387889
768,884,116,0.116,0.005886133595951833
708,854,146,0.146,0.006973329882370308
736,868,132,0.132,0.007674974495312199
740,870,130,0.13,0.007922569116810337
804,902,98,0.098,0.006770601704367436
750,875,125,0.125,0.008604846342466771
772,886,114,0.114,0.005341268383199349
804,902,98,0.098,0.005438230933854356
688,844,156,0.156,0.004528548591304571
798,899,101,0.101,0.003724406031775288
764,882,118,0.118,0.004090020500007086
732,866,134,0.134,0.0051616135756485165
734,867,133,0.133,0.006852045351173728
782,891,109,0.109,0.006191712245810777
728,864,136,0.136,0.007721321168122813
788,894,106,0.106,0.006689052583416924
742,871,129,0.129,0.007425058906897902
820,910,90,0.09,0.005856404283316806
796,898,102,0.102,0.0064502820522757244
752,876,124,0.124,0.0059940266556805
816,908,92,0.092,0.004692555660381913
820,910,90,0.09,0.003799595756572671
708,854,146,0.146,0.00460193867131602
790,895,105,0.105,0.004113919474708382
798,899,101,0.101,0.00428093398862984
810,905,95,0.095,0.0043573929679114375
810,905,95,0.095,0.004576926555600948
764,882,118,0.118,0.004532285157474689
744,872,128,0.128,0.005001881689298898
754,877,123,0.123,0.00520300852204673
768,884,116,0.116,0.005730549634201452
816,908,92,0.092,0.005462770516402088
792,896,104,0.104,0.006285957409301773
756,878,122,0.122,0.006543039200361818
790,895,105,0.105,0.006315984162618406
752,876,124,0.124,0.006448681624606252
822,911,89,0.089,0.004827767629409209
758,879,121,0.121,0.006076855810591951
788,894,106,0.106,0.004565230574924499
812,906,94,0.094,0.00403553318278864
712,856,144,0.144,0.004822831370751374
776,888,112,0.112,0.004772594081819989
770,885,115,0.115,0.005488731819903478
750,875,125,0.125,0.005440810342435725
780,890,110,0.11,0.006245750872883946
770,885,115,0.115,0.006683093957137317
768,884,116,0.116,0.005806434581871144
782,891,109,0.109,0.005058756388374604
736,868,132,0.132,0.0054813018376007674
760,880,120,0.12,0.00478236698161345
828,914,86,0.086,0.0038387822165386752
708,854,146,0.146,0.005180574717232957
790,895,105,0.105,0.0044950879949610684
766,883,117,0.117,0.004324841184774414
766,883,117,0.117,0.004859994042781182
804,902,98,0.098,0.004475955973844975
780,890,110,0.11,0.004985153927817009
752,876,124,0.124,0.004829189434880391
758,879,121,0.121,0.004909987414372154
748,874,126,0.126,0.005469078550697304
826,913,87,0.087,0.003893338042544201
786,893,107,0.107,0.0038800655138329604
806,903,97,0.097,0.0036524125902215017
750,875,125,0.125,0.0040673644469352436
726,863,137,0.137,0.003700328824983444
742,871,129,0.129,0.004018461325205862
766,883,117,0.117,0.005163730266445782
712,856,144,0.144,0.0060624571419321
784,892,108,0.108,0.0060759219337487595
740,870,130,0.13,0.007467989116208628
758,879,121,0.121,0.006284238176885992
780,890,110,0.11,0.005893951809266582
762,881,119,0.119,0.004319957498810254
774,887,113,0.113,0.003753493449476082
744,872,128,0.128,0.0033946733677294107
750,875,125,0.125,0.0028687869099667295
786,893,107,0.107,0.003275211406580638
726,863,137,0.137,0.003986423319205642
784,892,108,0.108,0.0039022648296086117
726,863,137,0.137,0.00506774911552202
820,910,90,0.09,0.00379012299439637
766,883,117,0.117,0.0037307412271620705
804,902,98,0.098,0.0032832427832181566
836,918,82,0.082,0.0026362320500193165
792,896,104,0.104,0.002112205983372405
714,857,143,0.143,0.0028295763306086883
782,891,109,0.109,0.0024145455853722526
820,910,90,0.09,0.002857886597746983
768,884,116,0.116,0.0030933266836800613
714,857,143,0.143,0.0046406670897849835
794,897,103,0.103,0.003499462117382791
800,900,100,0.1,0.004152823451673612
796,898,102,0.102,0.003969311537803151
722,861,139,0.139,0.0044972747169085775
756,878,122,0.122,0.004315906183968763
852,926,74,0.074,0.00278222465707222
788,894,106,0.106,0.002655384040379431
804,902,98,0.098,0.002403680494695436
708,854,146,0.146,0.003563391468662303
824,912,88,0.088,0.0021821571282634976
730,865,135,0.135,0.0036228029143530877
700,850,150,0.15,0.004303374871029519
852,926,74,0.074,0.0034655439011985435
750,875,125,0.125,0.005117500900407322
746,873,127,0.127,0.004803746446734294
758,879,121,0.121,0.005491028763586655
742,871,129,0.129,0.00497104277741164
766,883,117,0.117,0.004495470481575467
772,886,114,0.114,0.004081840341095813
726,863,137,0.137,0.0044293826763168904
748,874,126,0.126,0.0030903437371598555
796,898,102,0.102,0.0029124130274867637
742,871,129,0.129,0.00368722642341163
764,882,118,0.118,0.003212935125979129
750,875,125,0.125,0.0036365043377736585
760,880,120,0.12,0.00426406978740124
740,870,130,0.13,0.004331637406838127
784,892,108,0.108,0.003961955088190735
774,887,113,0.113,0.004264533493493218
808,904,96,0.096,0.0038604857896571048
778,889,111,0.111,0.0036120109324692747
758,879,121,0.121,0.0035152599156135695
808,904,96,0.096,0.003044291204714682
802,901,99,0.099,0.003148508054204285
802,901,99,0.099,0.0031549379587522707
810,905,95,0.095,0.0029466398913646115
804,902,98,0.098,0.0030058927152422257
780,890,110,0.11,0.0027254259854671546
786,893,107,0.107,0.0025580039080232383
820,910,90,0.09,0.0026088792337686756
730,865,135,0.135,0.003565578954294324
794,897,103,0.103,0.0033381609902717172
736,868,132,0.132,0.004478885481599719
738,869,131,0.131,0.004905121824122034
732,866,134,0.134,0.0049261580227175725
774,887,113,0.113,0.004993044481030665
764,882,118,0.118,0.005271162399090827
758,879,121,0.121,0.005316599184996449
750,875,125,0.125,0.004543417379260064
812,906,94,0.094,0.0036625207311008125
764,882,118,0.118,0.003594949908030685
762,881,119,0.119,0.003133944357454311
826,913,87,0.087,0.002415131404181011
766,883,117,0.117,0.0028977420675219035
774,887,113,0.113,0.0030886050782282836
792,896,104,0.104,0.0030786730009131134
754,877,123,0.123,0.0035855324244475923
732,866,134,0.134,0.004619993920554407
736,868,132,0.132,0.005360465752659365
720,860,140,0.14,0.0066303156308131295
698,849,151,0.151,0.0074536978040123355
700,850,150,0.15,0.008159192074090242
766,883,117,0.117,0.0066548920895438644
812,906,94,0.094,0.005035069680656306
750,875,125,0.125,0.0055072700460441415
788,894,106,0.106,0.0032903876086347737
732,866,134,0.134,0.00424948779027909
762,881,119,0.119,0.003231189739424735
796,898,102,0.102,0.002946539180877153
812,906,94,0.094,0.003203802287520375
758,879,121,0.121,0.0035269741881638764
714,857,143,0.143,0.004981948484724853
712,856,144,0.144,0.0056308619501069185
800,900,100,0.1,0.005630268260720186
754,877,123,0.123,0.005830165841849521
772,886,114,0.114,0.005772609510691837
796,898,102,0.102,0.004249670596327633
792,896,104,0.104,0.0034719367607613095
778,889,111,0.111,0.0033109557811985724
790,895,105,0.105,0.002654081434884574
794,897,103,0.103,0.0024331296411692167
790,895,105,0.105,0.0022677946798503397
734,867,133,0.133,0.0030979677382856606
832,916,84,0.084,0.0030111040798947216
766,883,117,0.117,0.004220258938148618
730,865,135,0.135,0.006062044562073424
792,896,104,0.104,0.004369970447733067
792,896,104,0.104,0.00528737808461301
802,901,99,0.099,0.0038423729228670707
754,877,123,0.123,0.00454251844144892
784,892,108,0.108,0.0027082463133265263
718,859,141,0.141,0.003689913023961708
812,906,94,0.094,0.002590435724821873
844,922,78,0.078,0.002702100598020479
782,891,109,0.109,0.003532743966439739
752,876,124,0.124,0.004035674273502082
772,886,114,0.114,0.003470323364716023
754,877,123,0.123,0.004432348374277353
722,861,139,0.139,0.00462602597172372
696,848,152,0.152,0.006013822231558151
804,902,98,0.098,0.0051237816287903115
726,863,137,0.137,0.006513412419590168
768,884,116,0.116,0.006254893825156614
802,901,99,0.099,0.00523202050285181
780,890,110,0.11,0.003727599284553435
790,895,105,0.105,0.0032116729883127845
722,861,139,0.139,0.0030569019087124615
756,878,122,0.122,0.0035296536706737242
766,883,117,0.117,0.0032118763423641212
740,870,130,0.13,0.004605112681630999
734,867,133,0.133,0.00488005185831571
808,904,96,0.096,0.005523725420818664
712,856,144,0.144,0.007287016533431597
808,904,96,0.096,0.0048391709554707635
768,884,116,0.116,0.0062890923102386295
826,913,87,0.087,0.003813515511690639
722,861,139,0.139,0.004828595487284474
700,850,150,0.15,0.004641473546100314
762,881,119,0.119,0.004076883973088115
650,825,175,0.175,0.006266889764694497
712,856,144,0.144,0.007030568597489037
744,872,128,0.128,0.006896649419795722
746,873,127,0.127,0.008504240547539666
740,870,130,0.13,0.008464337700977922
770,885,115,0.115,0.00805112816800829
762,881,119,0.119,0.006600844909786247
820,910,90,0.09,0.00512522005563369
804,902,98,0.098,0.003268104579125065
756,878,122,0.122,0.0036093189933453684
784,892,108,0.108,0.002760142649523914
740,870,130,0.13,0.0034293294272792992
772,886,114,0.114,0.0036007244267966597
714,857,143,0.143,0.004768881288298872
806,903,97,0.097,0.003912649551522918
760,880,120,0.12,0.006210069409804419
688,844,156,0.156,0.007612369521870278
716,858,142,0.142,0.008281301600276493
770,885,115,0.115,0.006826387762092054
762,881,119,0.119,0.007298071767902002
720,860,140,0.14,0.008743351896759123
780,890,110,0.11,0.0061412420509150255
828,914,86,0.086,0.005088576114154421
780,890,110,0.11,0.004034785870462656
804,902,98,0.098,0.0036561000933870674
792,896,104,0.104,0.003110921238374431
702,851,149,0.149,0.003784580233041197
712,856,144,0.144,0.004074044384877198
818,909,91,0.091,0.003796883453906048
820,910,90,0.09,0.004424787313677371
746,873,127,0.127,0.005271537621039897
778,889,111,0.111,0.005679928863653913
748,874,126,0.126,0.006417558184359223
746,873,127,0.127,0.0060852741363924
762,881,119,0.119,0.004861385141848587
778,889,111,0.111,0.004236575727001764
758,879,121,0.121,0.004806771784089506
800,900,100,0.1,0.003836585387471132
788,894,106,0.106,0.004574370271991938
738,869,131,0.131,0.005662484857020899
738,869,131,0.131,0.006094354864791967
766,883,117,0.117,0.006353071532677859
758,879,121,0.121,0.006272561718593352
742,871,129,0.129,0.006541301911696792
826,913,87,0.087,0.004522968409233726
750,875,125,0.125,0.005248015451012179
798,899,101,0.101,0.0032719718500738965
776,888,112,0.112,0.0033013777589076198
754,877,123,0.123,0.0038772431778488683
756,878,122,0.122,0.0040370365942362695
796,898,102,0.102,0.004729873649426736
768,884,116,0.116,0.005051473051309586
810,905,95,0.095,0.0049509892326314005
754,877,123,0.123,0.004850897757685743
784,892,108,0.108,0.004770530018140562
744,872,128,0.128,0.005603752370690927
816,908,92,0.092,0.004328446941566653
790,895,105,0.105,0.004272254909621551
746,873,127,0.127,0.004164952398568857
796,898,102,0.102,0.003411601738538593
804,902,98,0.098,0.0034299714468652384
760,880,120,0.12,0.004058832105249166
786,893,107,0.107,0.004216894004959613
780,890,110,0.11,0.004501207296154462
746,873,127,0.127,0.005000894097262062
768,884,116,0.116,0.006356160423601978
710,855,145,0.145,0.006879447368206456
774,887,113,0.113,0.0058704721458489074
848,924,76,0.076,0.004905714263208211
742,871,129,0.129,0.004159003728418611
760,880,120,0.12,0.0042963583797682075
756,878,122,0.122,0.003206778344407212
748,874,126,0.126,0.003361153693695087
758,879,121,0.121,0.004793943668075371
802,901,99,0.099,0.004422743855393492
754,877,123,0.123,0.006324689030181616
786,893,107,0.107,0.005924189480021596
790,895,105,0.105,0.004985368512105196
744,872,128,0.128,0.005175087912124582
682,841,159,0.159,0.00625498141720891
764,882,118,0.118,0.005217589212232269
742,871,129,0.129,0.006330602359725162
770,885,115,0.115,0.006391071203281171
720,860,140,0.14,0.006915225674165412
772,886,114,0.114,0.005999466051463969
786,893,107,0.107,0.004347701127990149
810,905,95,0.095,0.004104829605785199
816,908,92,0.092,0.003706254830933176
790,895,105,0.105,0.002777779084863141
762,881,119,0.119,0.0026691913097165523
794,897,103,0.103,0.0028530276222736577
760,880,120,0.12,0.003284706270613242
760,880,120,0.12,0.005622949617332779
704,852,148,0.148,0.005914170764037408
770,885,115,0.115,0.0075939582600258295
714,857,143,0.143,0.008206728018587454
766,883,117,0.117,0.00646298064221628
782,891,109,0.109,0.006222815876943059
840,920,80,0.08,0.004119479795335792
766,883,117,0.117,0.004157119891548064
748,874,126,0.126,0.0031378589542000557
738,869,131,0.131,0.0033104668323067016
798,899,101,0.101,0.0033273201082483867
768,884,116,0.116,0.003968090347771067
668,834,166,0.166,0.007168024643440731
706,853,147,0.147,0.0068359533654293045
786,893,107,0.107,0.006725696830428205
802,901,99,0.099,0.006136749791097827
764,882,118,0.118,0.006531229611253366
792,896,104,0.104,0.0054469392764149235
790,895,105,0.105,0.004814868445042521
742,871,129,0.129,0.004913704997627065
734,867,133,0.133,0.004982494058320299
758,879,121,0.121,0.005024454663740471
782,891,109,0.109,0.004326398087898269
762,881,119,0.119,0.005449878188897856
782,891,109,0.109,0.005513555995537899
812,906,94,0.094,0.00465821885317564
684,842,158,0.158,0.006442464485531673
762,881,119,0.119,0.005284921916900203
788,894,106,0.106,0.005036182848387398
736,868,132,0.132,0.005692959515494295
746,873,127,0.127,0.005429235490621067
762,881,119,0.119,0.005608564322115853
712,856,144,0.144,0.006563297043205239
778,889,111,0.111,0.005446684916620143
766,883,117,0.117,0.006649398073321208
768,884,116,0.116,0.006676480616442859
808,904,96,0.096,0.005789546097628772
764,882,118,0.118,0.005355510547524318
726,863,137,0.137,0.0064245085605653006
830,915,85,0.085,0.004391591680236161
766,883,117,0.117,0.005243713977863081
760,880,120,0.12,0.00547983023931738
788,894,106,0.106,0.005603251910419204
798,899,101,0.101,0.004885859594796784
810,905,95,0.095,0.005375633189105429
768,884,116,0.116,0.005679847772582434
736,868,132,0.132,0.0064211652731755746
798,899,101,0.101,0.005225001911632716
760,880,120,0.12,0.004952198907849379
798,899,101,0.101,0.004553489298792556
828,914,86,0.086,0.00397131421987433
752,876,124,0.124,0.004907898480421864
758,879,121,0.121,0.006048959337407723
774,887,113,0.113,0.006177624433068559
784,892,108,0.108,0.006759375527966767
766,883,117,0.117,0.0074496973566710945
816,908,92,0.092,0.006568543721688911
782,891,109,0.109,0.006602597787976265
816,908,92,0.092,0.0044352204956230705
814,907,93,0.093,0.004670835580385756
832,916,84,0.084,0.0030547021047677846
704,852,148,0.148,0.004208347610256169
796,898,102,0.102,0.0035776876129675656
838,919,81,0.081,0.003612189416657202
804,902,98,0.098,0.004239481287833769
714,857,143,0.143,0.005771395392599516
758,879,121,0.121,0.005497887173085474
768,884,116,0.116,0.005820004793116823
810,905,95,0.095,0.0049296546976547685
778,889,111,0.111,0.00501573560689576
784,892,108,0.108,0.004525844282819889
714,857,143,0.143,0.004852199698798358
750,875,125,0.125,0.004395743436180055
812,906,94,0.094,0.004672380678355694
728,864,136,0.136,0.0061275448319502174
732,866,134,0.134,0.007348961727460846
808,904,96,0.096,0.006465837025316432
788,894,106,0.106,0.006289052850101143
766,883,117,0.117,0.005769228270393796
738,869,131,0.131,0.006314963781042024
748,874,126,0.126,0.0052455139814410355
724,862,138,0.138,0.00519604953029193
780,890,110,0.11,0.0044052689395612105
726,863,137,0.137,0.006464128712425008
788,894,106,0.106,0.006228028489393182
754,877,123,0.123,0.007556976230698637
774,887,113,0.113,0.007380531437695026
772,886,114,0.114,0.006665454329573549
778,889,111,0.111,0.005199890099465847
790,895,105,0.105,0.004431665830896236
806,903,97,0.097,0.003865398481138982
766,883,117,0.117,0.003637414029741194
802,901,99,0.099,0.004254952630959452
770,885,115,0.115,0.0056577567842323335
722,861,139,0.139,0.006477993106236681
764,882,118,0.118,0.007010218618786894
798,899,101,0.101,0.005796523749246262
764,882,118,0.118,0.005619217769359239
790,895,105,0.105,0.005549642472527921
774,887,113,0.113,0.005235441621509381
784,892,108,0.108,0.004568784743431024
700,850,150,0.15,0.005710904918611049
742,871,129,0.129,0.005237611417309381
732,866,134,0.134,0.006060018070042133
788,894,106,0.106,0.006031621732050553
780,890,110,0.11,0.006605318641057238
748,874,126,0.126,0.006942069745855406
828,914,86,0.086,0.004789459101855755
832,916,84,0.084,0.0029382324643665923
820,910,90,0.09,0.0029445376148214564
746,873,127,0.127,0.0027624486319255083
730,865,135,0.135,0.0030050710571813397
760,880,120,0.12,0.003494478807784617
778,889,111,0.111,0.0037343188649392686
832,916,84,0.084,0.0037361717242747547
700,850,150,0.15,0.005083684361539781
710,855,145,0.145,0.006385976688121445
778,889,111,0.111,0.005279532913700678
734,867,133,0.133,0.006516355906613171
798,899,101,0.101,0.0058918709247373045
708,854,146,0.146,0.006644746518577449
756,878,122,0.122,0.005695866357651539
716,858,142,0.142,0.006341999807395041
740,870,130,0.13,0.0056449508627410975
740,870,130,0.13,0.0043652720225509254
778,889,111,0.111,0.003923972215270624
762,881,119,0.119,0.0040526109983911734
766,883,117,0.117,0.0036954114833497444
780,890,110,0.11,0.003906923320959322
706,853,147,0.147,0.004047579679405317
824,912,88,0.088,0.003130539351841435
800,900,100,0.1,0.004018901626055595
718,859,141,0.141,0.004459353501675651
704,852,148,0.148,0.0048220359457773155
750,875,125,0.125,0.004341698061907664
752,876,124,0.124,0.004481850515585393
734,867,133,0.133,0.004961977887549438
776,888,112,0.112,0.004377006721682846
792,896,104,0.104,0.0034088651357451452
774,887,113,0.113,0.0037208126758923755
736,868,132,0.132,0.0037645941548980775
746,873,127,0.127,0.0032608690035995096
758,879,121,0.121,0.004026220676722005
788,894,106,0.106,0.00396558946929872
754,877,123,0.123,0.004127574772166554
746,873,127,0.127,0.004727811506134458
802,901,99,0.099,0.00341103265050333
726,863,137,0.137,0.004013617185235489
802,901,99,0.099,0.0028951278520398774
752,876,124,0.124,0.003840712534962222
788,894,106,0.106,0.0030480407375725917
730,865,135,0.135,0.0036276480172527954
774,887,113,0.113,0.0031908418781822546
706,853,147,0.147,0.003290149281208869
830,915,85,0.085,0.0033257866362691856
828,914,86,0.086,0.0033160453058080747
730,865,135,0.135,0.003639790355344303
804,902,98,0.098,0.0032059721641708163
780,890,110,0.11,0.0031519611602998337
786,893,107,0.107,0.0021827254981617444
808,904,96,0.096,0.002097236499248538
744,872,128,0.128,0.002564983402262442
748,874,126,0.126,0.002911101509234868
