log_avg_ept_score,log_avg_succ_req,log_avg_blk_req,log_avg_BP_req,log_avg_entropy
22,61,39,0.39,1.6068097841739655
42,71,29,0.29,1.6067696499824524
20,60,40,0.4,1.606743735074997
20,60,40,0.4,1.6066952228546143
20,60,40,0.4,1.606669921875
28,64,36,0.36,1.606677656173706
42,71,29,0.29,1.6065946984291077
28,64,36,0.36,1.6066758525371552
36,68,32,0.32,1.606569278240204
4,52,48,0.48,1.6066366887092591
40,70,30,0.3,1.6064125609397888
22,61,39,0.39,1.6063590335845948
32,66,34,0.34,1.6062741076946259
38,69,31,0.31,1.6063155925273895
36,68,32,0.32,1.6062762427330017
38,69,31,0.31,1.606164400577545
22,61,39,0.39,1.6061390376091003
32,66,34,0.34,1.6061377453804015
24,62,38,0.38,1.606058530807495
40,70,30,0.3,1.6060048055648803
32,66,34,0.34,1.6059954071044922
40,70,30,0.3,1.605953266620636
40,70,30,0.3,1.605926843881607
34,67,33,0.33,1.6058811128139496
24,62,38,0.38,1.6058657205104827
40,70,30,0.3,1.6057818722724915
52,76,24,0.24,1.6058217883110046
14,57,43,0.43,1.6057452130317689
26,63,37,0.37,1.6056909775733947
22,61,39,0.39,1.6057160604000091
32,66,34,0.34,1.6056053841114044
16,58,42,0.42,1.6055513441562652
26,63,37,0.37,1.6054793095588684
30,65,35,0.35,1.605441609621048
14,57,43,0.43,1.6053352332115174
8,54,46,0.46,1.6053195917606353
24,62,38,0.38,1.6053287732601165
36,68,32,0.32,1.605211933851242
34,67,33,0.33,1.6051819586753846
22,61,39,0.39,1.6049911344051362
24,62,38,0.38,1.6050142300128938
26,63,37,0.37,1.6049702191352844
12,56,44,0.44,1.604895749092102
30,65,35,0.35,1.604696329832077
24,62,38,0.38,1.6045930111408233
26,63,37,0.37,1.604504362344742
20,60,40,0.4,1.6044673454761504
32,66,34,0.34,1.6043959367275238
34,67,33,0.33,1.6044396257400513
24,62,38,0.38,1.6042197287082671
28,64,36,0.36,1.6040868556499481
40,70,30,0.3,1.6039801490306855
28,64,36,0.36,1.6038244199752807
10,55,45,0.45,1.6038198471069336
30,65,35,0.35,1.6036138105392457
52,76,24,0.24,1.6037246525287627
36,68,32,0.32,1.6033466172218322
16,58,42,0.42,1.6033193504810332
30,65,35,0.35,1.603406411409378
48,74,26,0.26,1.6030130112171173
30,65,35,0.35,1.6030820739269256
20,60,40,0.4,1.6028533637523652
30,65,35,0.35,1.6027907931804657
32,66,34,0.34,1.6023303747177124
32,66,34,0.34,1.6024514818191529
16,58,42,0.42,1.601932464838028
34,67,33,0.33,1.6020755827426911
22,61,39,0.39,1.6019788837432862
36,68,32,0.32,1.6017472743988037
20,60,40,0.4,1.601391294002533
36,68,32,0.32,1.601641548871994
38,69,31,0.31,1.6011027884483338
12,56,44,0.44,1.601019513607025
38,69,31,0.31,1.600570147037506
24,62,38,0.38,1.600593674182892
32,66,34,0.34,1.6002449572086335
32,66,34,0.34,1.6003387212753295
32,66,34,0.34,1.5999933791160583
38,69,31,0.31,1.5999995863437653
28,64,36,0.36,1.5992244982719421
6,53,47,0.47,1.59922309756279
28,64,36,0.36,1.5994568693637847
36,68,32,0.32,1.5988896369934082
20,60,40,0.4,1.5983532679080963
20,60,40,0.4,1.5978157818317413
20,60,40,0.4,1.5984870874881745
38,69,31,0.31,1.5982203030586242
16,58,42,0.42,1.5979419136047364
36,68,32,0.32,1.598040554523468
46,73,27,0.27,1.597483971118927
46,73,27,0.27,1.5974216210842132
34,67,33,0.33,1.5968894624710084
32,66,34,0.34,1.5968224239349365
14,57,43,0.43,1.596780654191971
34,67,33,0.33,1.595493460893631
26,63,37,0.37,1.5956752729415893
36,68,32,0.32,1.5956341910362244
22,61,39,0.39,1.5950283706188202
30,65,35,0.35,1.5948059570789337
20,60,40,0.4,1.5946094727516174
46,73,27,0.27,1.5935842144489287
20,60,40,0.4,1.5942604672908782
32,66,34,0.34,1.5930932426452638
26,63,37,0.37,1.5930833172798158
30,65,35,0.35,1.593025279045105
40,70,30,0.3,1.5921379816532135
22,61,39,0.39,1.5908731162548064
50,75,25,0.25,1.5918020009994507
28,64,36,0.36,1.590591025352478
46,73,27,0.27,1.5904956781864166
20,60,40,0.4,1.5898588275909424
40,70,30,0.3,1.589669301509857
10,55,45,0.45,1.5885967183113099
16,58,42,0.42,1.5890807223320007
54,77,23,0.23,1.5872915160655976
30,65,35,0.35,1.5863473510742188
24,62,38,0.38,1.585572360754013
46,73,27,0.27,1.5860029017925263
38,69,31,0.31,1.5864139699935913
30,65,35,0.35,1.584958589076996
10,55,45,0.45,1.5833802270889281
38,69,31,0.31,1.5834960174560546
16,58,42,0.42,1.5810625338554383
36,68,32,0.32,1.5795128643512726
40,70,30,0.3,1.5792418313026428
30,65,35,0.35,1.5780892121791839
28,64,36,0.36,1.5747298038005828
38,69,31,0.31,1.5773439180850983
42,71,29,0.29,1.576440578699112
46,73,27,0.27,1.5742218589782715
52,76,24,0.24,1.5733597564697266
38,69,31,0.31,1.5706714510917663
40,70,30,0.3,1.5696798992156982
40,70,30,0.3,1.5692253625392913
32,66,34,0.34,1.5663460218906402
54,77,23,0.23,1.5644822466373443
30,65,35,0.35,1.5616693007946014
22,61,39,0.39,1.5619950544834138
24,62,38,0.38,1.5593258500099183
54,77,23,0.23,1.5594339919090272
42,71,29,0.29,1.558484923839569
16,58,42,0.42,1.5539890336990356
38,69,31,0.31,1.5540384936332703
34,67,33,0.33,1.5463782584667205
44,72,28,0.28,1.549873173236847
30,65,35,0.35,1.550147442817688
48,74,26,0.26,1.5453425931930542
44,72,28,0.28,1.5417186629772186
36,68,32,0.32,1.540876796245575
56,78,22,0.22,1.5435856652259827
54,77,23,0.23,1.5334833991527557
52,76,24,0.24,1.5333990454673767
50,75,25,0.25,1.5264200353622437
52,76,24,0.24,1.5281894052028655
56,78,22,0.22,1.5203138554096223
30,65,35,0.35,1.5237438595294952
46,73,27,0.27,1.520658060312271
36,68,32,0.32,1.5161014258861543
50,75,25,0.25,1.504751251935959
42,71,29,0.29,1.5108006799221039
50,75,25,0.25,1.4995744550228118
38,69,31,0.31,1.498643126487732
42,71,29,0.29,1.4931617438793183
22,61,39,0.39,1.4973130488395692
34,67,33,0.33,1.4938361322879792
38,69,31,0.31,1.4854846942424773
24,62,38,0.38,1.4753924441337585
30,65,35,0.35,1.4739475405216218
58,79,21,0.21,1.4692105233669281
38,69,31,0.31,1.4622739565372467
34,67,33,0.33,1.4625160384178162
44,72,28,0.28,1.465312432050705
38,69,31,0.31,1.4620327305793763
28,64,36,0.36,1.4514477097988128
42,71,29,0.29,1.4415063297748565
38,69,31,0.31,1.4368682134151458
44,72,28,0.28,1.436069105863571
50,75,25,0.25,1.4295356798171996
36,68,32,0.32,1.4256912326812745
60,80,20,0.2,1.4246844577789306
34,67,33,0.33,1.4261738955974579
40,70,30,0.3,1.416338984966278
20,60,40,0.4,1.3957091677188873
38,69,31,0.31,1.3921795833110808
54,77,23,0.23,1.3945413661003112
48,74,26,0.26,1.384715859889984
44,72,28,0.28,1.3746223938465119
38,69,31,0.31,1.3775649273395538
40,70,30,0.3,1.3795467007160187
48,74,26,0.26,1.3654576349258423
40,70,30,0.3,1.3517095732688904
36,68,32,0.32,1.336934847831726
46,73,27,0.27,1.3471749746799468
56,78,22,0.22,1.3259941864013671
40,70,30,0.3,1.323129277229309
56,78,22,0.22,1.3223552298545838
52,76,24,0.24,1.317979155778885
44,72,28,0.28,1.2939150869846343
56,78,22,0.22,1.287176603078842
58,79,21,0.21,1.282403177022934
40,70,30,0.3,1.2733692860603332
52,76,24,0.24,1.2646319079399109
44,72,28,0.28,1.2510774385929109
56,78,22,0.22,1.2435227119922638
42,71,29,0.29,1.2348042809963227
52,76,24,0.24,1.2223257625102997
40,70,30,0.3,1.2066493773460387
50,75,25,0.25,1.192749655842781
52,76,24,0.24,1.2070870065689088
54,77,23,0.23,1.1676977455615998
58,79,21,0.21,1.143773318529129
48,74,26,0.26,1.1466536462306975
54,77,23,0.23,1.1300082838535308
72,86,14,0.14,1.1365665113925933
56,78,22,0.22,1.1117887037992478
60,80,20,0.2,1.1118180578947068
52,76,24,0.24,1.103107866048813
70,85,15,0.15,1.089209576845169
64,82,18,0.18,1.0798040175437926
64,82,18,0.18,1.0372612369060517
46,73,27,0.27,1.0336129671335221
62,81,19,0.19,1.0232937705516816
48,74,26,0.26,1.0139874571561813
54,77,23,0.23,1.0307098680734634
48,74,26,0.26,1.007609316110611
48,74,26,0.26,0.9989167702198029
58,79,21,0.21,0.9952904444932937
56,78,22,0.22,0.9593556022644043
68,84,16,0.16,0.920793017745018
38,69,31,0.31,0.9466275960206986
72,86,14,0.14,0.9254791295528412
60,80,20,0.2,0.9180428045988083
28,64,36,0.36,0.9073746281862259
58,79,21,0.21,0.8844510978460312
60,80,20,0.2,0.8914740544557571
64,82,18,0.18,0.8433973836898804
68,84,16,0.16,0.8135579037666321
56,78,22,0.22,0.8233570224046707
64,82,18,0.18,0.79668969810009
62,81,19,0.19,0.7856506723165512
64,82,18,0.18,0.7862212610244751
56,78,22,0.22,0.7788890743255615
68,84,16,0.16,0.738959738612175
62,81,19,0.19,0.7423491942882537
70,85,15,0.15,0.7295528909564019
62,81,19,0.19,0.7127510872483254
62,81,19,0.19,0.6990290522575379
76,88,12,0.12,0.6791248753666878
64,82,18,0.18,0.6823488593101501
82,91,9,0.09,0.6668564826250076
48,74,26,0.26,0.6826837447285652
82,91,9,0.09,0.6155517870187759
66,83,17,0.17,0.6473223453760147
72,86,14,0.14,0.6268511286377907
62,81,19,0.19,0.5834884253144265
60,80,20,0.2,0.5722780558466911
72,86,14,0.14,0.5881135538220406
72,86,14,0.14,0.5593773499131203
74,87,13,0.13,0.5673167803883552
66,83,17,0.17,0.5400046318769455
64,82,18,0.18,0.5293864586949348
58,79,21,0.21,0.5541493332386017
36,68,32,0.32,0.5059043669700622
66,83,17,0.17,0.5233084857463837
56,78,22,0.22,0.5017859974503517
62,81,19,0.19,0.4740078783035278
70,85,15,0.15,0.4983634102344513
66,83,17,0.17,0.47818978428840636
60,80,20,0.2,0.4597181178629398
80,90,10,0.1,0.45132507145404815
62,81,19,0.19,0.431171273291111
72,86,14,0.14,0.42855941638350487
88,94,6,0.06,0.4125615997612476
82,91,9,0.09,0.40114118218421935
72,86,14,0.14,0.4131224372982979
84,92,8,0.08,0.4091675238311291
68,84,16,0.16,0.40171640381217005
82,91,9,0.09,0.38295614629983904
66,83,17,0.17,0.37969427958130836
74,87,13,0.13,0.3774406363070011
72,86,14,0.14,0.349976856559515
58,79,21,0.21,0.3648850528895855
74,87,13,0.13,0.3303044351935387
56,78,22,0.22,0.34622219145298005
70,85,15,0.15,0.37022491976618765
64,82,18,0.18,0.3616324357688427
80,90,10,0.1,0.3275618314743042
66,83,17,0.17,0.3203673419356346
64,82,18,0.18,0.32545707643032074
56,78,22,0.22,0.32051399260759356
62,81,19,0.19,0.3230896796286106
72,86,14,0.14,0.31939391635358333
74,87,13,0.13,0.2986308877915144
68,84,16,0.16,0.30411692649126054
78,89,11,0.11,0.2903092177212238
68,84,16,0.16,0.308312835842371
74,87,13,0.13,0.2968416680395603
58,79,21,0.21,0.29279572308063506
66,83,17,0.17,0.297778230458498
86,93,7,0.07,0.2905635131895542
84,92,8,0.08,0.27956338703632355
66,83,17,0.17,0.2764367441087961
78,89,11,0.11,0.2797381944954395
76,88,12,0.12,0.255122731924057
68,84,16,0.16,0.2676501451432705
76,88,12,0.12,0.2698316687345505
74,87,13,0.13,0.2439126458019018
68,84,16,0.16,0.2364273927360773
70,85,15,0.15,0.23423729285597802
74,87,13,0.13,0.24483234636485576
72,86,14,0.14,0.23363273859024047
82,91,9,0.09,0.2293904885649681
76,88,12,0.12,0.2422147900611162
60,80,20,0.2,0.23496148131787778
68,84,16,0.16,0.21875136263668538
62,81,19,0.19,0.21940741658210755
90,95,5,0.05,0.22771658301353453
64,82,18,0.18,0.19611443899571895
68,84,16,0.16,0.21766393147408963
80,90,10,0.1,0.20195476830005646
88,94,6,0.06,0.21138219498097896
70,85,15,0.15,0.2193949418514967
68,84,16,0.16,0.2300442136824131
66,83,17,0.17,0.20986661709845067
82,91,9,0.09,0.2010706941783428
56,78,22,0.22,0.18769221663475036
82,91,9,0.09,0.1966230735182762
66,83,17,0.17,0.2057383091747761
72,86,14,0.14,0.18426700972020627
64,82,18,0.18,0.19142496317625046
76,88,12,0.12,0.19855098214000463
48,74,26,0.26,0.198535244949162
66,83,17,0.17,0.18830421581864357
68,84,16,0.16,0.19521158941090108
72,86,14,0.14,0.19105634093284607
74,87,13,0.13,0.17858677573502063
84,92,8,0.08,0.18614493288099765
62,81,19,0.19,0.17814452461898328
66,83,17,0.17,0.18278692297637464
68,84,16,0.16,0.18863392010331154
78,89,11,0.11,0.18584278404712676
76,88,12,0.12,0.1953361986577511
66,83,17,0.17,0.20428832828998567
70,85,15,0.15,0.17522306211292743
82,91,9,0.09,0.17474491927772762
74,87,13,0.13,0.18025281369686127
68,84,16,0.16,0.17143331587314606
66,83,17,0.17,0.19315040655434132
82,91,9,0.09,0.1840726353228092
82,91,9,0.09,0.18193199411034583
68,84,16,0.16,0.18136457741260528
72,86,14,0.14,0.18239895828068256
68,84,16,0.16,0.16560780931264163
74,87,13,0.13,0.16952698294073343
74,87,13,0.13,0.1936262137442827
70,85,15,0.15,0.17939221397042274
78,89,11,0.11,0.16371688157320022
86,93,7,0.07,0.18292151585221292
76,88,12,0.12,0.1799519981816411
62,81,19,0.19,0.17191650219261645
66,83,17,0.17,0.15843927882611752
70,85,15,0.15,0.16748278878629208
76,88,12,0.12,0.16281543016433717
70,85,15,0.15,0.16287579026073218
82,91,9,0.09,0.15993015728890897
68,84,16,0.16,0.16415228746831417
70,85,15,0.15,0.16630259998142718
78,89,11,0.11,0.1579022340476513
54,77,23,0.23,0.16229752235114575
74,87,13,0.13,0.16622620552778244
56,78,22,0.22,0.16325033627450466
64,82,18,0.18,0.15339488491415978
74,87,13,0.13,0.15319463968276978
72,86,14,0.14,0.16013511665165425
66,83,17,0.17,0.16390993922948838
72,86,14,0.14,0.15127270855009556
68,84,16,0.16,0.1517070297896862
62,81,19,0.19,0.15718083683401346
66,83,17,0.17,0.16091736007481813
82,91,9,0.09,0.14441718272864817
78,89,11,0.11,0.15525520008057356
56,78,22,0.22,0.16496487766504286
60,80,20,0.2,0.15295653462409972
68,84,16,0.16,0.15453914914280176
86,93,7,0.07,0.14431257776916026
60,80,20,0.2,0.14657944545149804
62,81,19,0.19,0.16575876027345657
70,85,15,0.15,0.15086518090218307
62,81,19,0.19,0.16429750867187976
66,83,17,0.17,0.16555331412702798
66,83,17,0.17,0.15343048118054867
70,85,15,0.15,0.1615116600692272
78,89,11,0.11,0.1568620790541172
78,89,11,0.11,0.14932191330939532
70,85,15,0.15,0.15577623732388018
74,87,13,0.13,0.15443645298480987
68,84,16,0.16,0.1509611888229847
80,90,10,0.1,0.15195521861314773
82,91,9,0.09,0.15410007871687412
58,79,21,0.21,0.1603578144311905
80,90,10,0.1,0.14925960838794708
72,86,14,0.14,0.1626092167943716
76,88,12,0.12,0.16065874353051185
76,88,12,0.12,0.1509842498227954
44,72,28,0.28,0.1635421822220087
54,77,23,0.23,0.15332697108387947
70,85,15,0.15,0.1485523271560669
62,81,19,0.19,0.15084275025874377
72,86,14,0.14,0.1476712826639414
66,83,17,0.17,0.15389318071305752
66,83,17,0.17,0.16036969948559998
58,79,21,0.21,0.16851579912006856
74,87,13,0.13,0.15837763600051402
74,87,13,0.13,0.17053642190992832
74,87,13,0.13,0.15993336342275144
78,89,11,0.11,0.15683742813766002
78,89,11,0.11,0.14727215468883514
86,93,7,0.07,0.1562510681897402
66,83,17,0.17,0.15864533357322216
72,86,14,0.14,0.15526883512735368
78,89,11,0.11,0.1617195102199912
58,79,21,0.21,0.17710048511624335
74,87,13,0.13,0.1728202986717224
66,83,17,0.17,0.1663593752682209
72,86,14,0.14,0.16752069368958472
72,86,14,0.14,0.16326500166207553
80,90,10,0.1,0.16640052273869516
64,82,18,0.18,0.16271355755627157
82,91,9,0.09,0.16554810002446174
86,93,7,0.07,0.15675079472362996
92,96,4,0.04,0.17183700405061245
52,76,24,0.24,0.17843173302710055
76,88,12,0.12,0.1702201931551099
56,78,22,0.22,0.18109764158725739
78,89,11,0.11,0.17725211419165135
74,87,13,0.13,0.17437507838010788
76,88,12,0.12,0.1957038464397192
70,85,15,0.15,0.17676680997014046
62,81,19,0.19,0.16960989080369474
76,88,12,0.12,0.17587915793061257
72,86,14,0.14,0.18740324124693872
54,77,23,0.23,0.18436726592481137
68,84,16,0.16,0.16760484784841537
56,78,22,0.22,0.18404670342803
70,85,15,0.15,0.18089337937533856
72,86,14,0.14,0.1747669702023268
70,85,15,0.15,0.17735707558691502
80,90,10,0.1,0.18951468385756015
74,87,13,0.13,0.18138368986546993
78,89,11,0.11,0.1955971560627222
84,92,8,0.08,0.17669876366853715
56,78,22,0.22,0.19491859890520571
84,92,8,0.08,0.18921569153666495
86,93,7,0.07,0.19233959950506688
76,88,12,0.12,0.18972810201346874
84,92,8,0.08,0.17642961047589778
54,77,23,0.23,0.18118389941751956
76,88,12,0.12,0.19064086705446243
64,82,18,0.18,0.20212101571261884
66,83,17,0.17,0.19402770213782788
68,84,16,0.16,0.17965784944593907
82,91,9,0.09,0.19178935661911964
76,88,12,0.12,0.18483969934284686
64,82,18,0.18,0.20778689444065093
76,88,12,0.12,0.2044463561475277
48,74,26,0.26,0.19356457650661468
80,90,10,0.1,0.18483709335327148
70,85,15,0.15,0.18699014075100423
80,90,10,0.1,0.18656725890934467
72,86,14,0.14,0.20420470014214515
78,89,11,0.11,0.19392665430903436
72,86,14,0.14,0.18615786820650101
74,87,13,0.13,0.2124092923104763
66,83,17,0.17,0.19444076903164387
82,91,9,0.09,0.19861451119184495
76,88,12,0.12,0.21092267103493215
78,89,11,0.11,0.19797060564160346
62,81,19,0.19,0.2129970160126686
74,87,13,0.13,0.20764449521899223
74,87,13,0.13,0.21048186741769315
64,82,18,0.18,0.2143262080848217
72,86,14,0.14,0.2141081193834543
76,88,12,0.12,0.21614611841738224
70,85,15,0.15,0.21509757429361342
66,83,17,0.17,0.21263194605708122
66,83,17,0.17,0.22708774790167807
74,87,13,0.13,0.22013394474983217
74,87,13,0.13,0.22125409610569477
74,87,13,0.13,0.22283212937414645
64,82,18,0.18,0.22582098230719566
78,89,11,0.11,0.22485624693334103
82,91,9,0.09,0.2375245263427496
76,88,12,0.12,0.2283923103660345
74,87,13,0.13,0.22844788923859596
74,87,13,0.13,0.22844897530972957
84,92,8,0.08,0.2294492268562317
74,87,13,0.13,0.23777298651635648
64,82,18,0.18,0.22862078584730625
60,80,20,0.2,0.25950255408883094
80,90,10,0.1,0.24593212947249413
78,89,11,0.11,0.24718987450003624
72,86,14,0.14,0.24731987997889518
84,92,8,0.08,0.22667233616113663
72,86,14,0.14,0.2493042154610157
78,89,11,0.11,0.2537763154506683
78,89,11,0.11,0.23407844051718713
70,85,15,0.15,0.2493686121702194
84,92,8,0.08,0.22474311724305152
66,83,17,0.17,0.24683819606900215
82,91,9,0.09,0.24135055296123029
74,87,13,0.13,0.24280191004276275
52,76,24,0.24,0.2530792511999607
70,85,15,0.15,0.25759772315621376
60,80,20,0.2,0.26281862795352934
64,82,18,0.18,0.26427345111966133
76,88,12,0.12,0.25732465654611586
68,84,16,0.16,0.25933568477630614
48,74,26,0.26,0.26011752024292945
78,89,11,0.11,0.264912496060133
68,84,16,0.16,0.2512879678606987
78,89,11,0.11,0.2664314968883991
62,81,19,0.19,0.26831197157502173
74,87,13,0.13,0.2793090356886387
82,91,9,0.09,0.276648254096508
62,81,19,0.19,0.27377867564558983
74,87,13,0.13,0.2714066505432129
72,86,14,0.14,0.2768959683179855
72,86,14,0.14,0.2720720705389976
76,88,12,0.12,0.27608539506793023
66,83,17,0.17,0.2799420022964478
58,79,21,0.21,0.27578494280576704
70,85,15,0.15,0.2791285112500191
74,87,13,0.13,0.2860767944157124
50,75,25,0.25,0.28821700423955915
84,92,8,0.08,0.27526322633028033
84,92,8,0.08,0.272569180727005
78,89,11,0.11,0.27128932252526283
62,81,19,0.19,0.29098165571689605
46,73,27,0.27,0.3113363461196423
72,86,14,0.14,0.3039594703912735
72,86,14,0.14,0.2857503813505173
78,89,11,0.11,0.2798163267970085
82,91,9,0.09,0.2869130054116249
54,77,23,0.23,0.28806645825505256
66,83,17,0.17,0.27643889755010603
68,84,16,0.16,0.3000360834598541
68,84,16,0.16,0.30061650544404983
94,97,3,0.03,0.2853510531783104
66,83,17,0.17,0.2916752345860004
72,86,14,0.14,0.28214977994561197
68,84,16,0.16,0.3011154793202877
78,89,11,0.11,0.30051292464137075
78,89,11,0.11,0.30498324170708657
68,84,16,0.16,0.3100196221470833
86,93,7,0.07,0.3156958909332752
88,94,6,0.06,0.2930321131646633
72,86,14,0.14,0.3019792294502258
66,83,17,0.17,0.3077062474191189
76,88,12,0.12,0.30526653096079825
70,85,15,0.15,0.30795071661472323
64,82,18,0.18,0.30943757623434065
68,84,16,0.16,0.30461257010698317
66,83,17,0.17,0.2981718683242798
76,88,12,0.12,0.29493802681565284
66,83,17,0.17,0.3024705818295479
60,80,20,0.2,0.30104808896780016
60,80,20,0.2,0.30970280095934866
76,88,12,0.12,0.29994585290551184
74,87,13,0.13,0.3207185524702072
66,83,17,0.17,0.3158541685342789
68,84,16,0.16,0.2962975187599659
68,84,16,0.16,0.3027090984582901
72,86,14,0.14,0.30248477816581726
74,87,13,0.13,0.31213383927941324
72,86,14,0.14,0.32280917778611184
56,78,22,0.22,0.3062517563998699
88,94,6,0.06,0.2969563698768616
66,83,17,0.17,0.31546903505921364
76,88,12,0.12,0.3078339232504368
80,90,10,0.1,0.3031867790222168
74,87,13,0.13,0.3266752605140209
72,86,14,0.14,0.3061969114840031
62,81,19,0.19,0.32562662109732626
50,75,25,0.25,0.30746461257338525
82,91,9,0.09,0.29183480188250543
82,91,9,0.09,0.3010432487726212
60,80,20,0.2,0.3183745476603508
82,91,9,0.09,0.2962713934481144
54,77,23,0.23,0.31464408442378045
74,87,13,0.13,0.29677244067192077
84,92,8,0.08,0.29644989147782325
68,84,16,0.16,0.30857187941670416
76,88,12,0.12,0.29760596439242365
58,79,21,0.21,0.30822281777858734
74,87,13,0.13,0.2972576293349266
74,87,13,0.13,0.2804054309427738
84,92,8,0.08,0.29185392171144486
64,82,18,0.18,0.2923075556755066
72,86,14,0.14,0.27556673377752305
76,88,12,0.12,0.29560272231698037
72,86,14,0.14,0.28528103947639466
66,83,17,0.17,0.29681529879570007
84,92,8,0.08,0.2882562093436718
76,88,12,0.12,0.2828728885948658
76,88,12,0.12,0.2901542249321938
72,86,14,0.14,0.27021968811750413
74,87,13,0.13,0.2751604327559471
76,88,12,0.12,0.28221059441566465
74,87,13,0.13,0.261914634257555
70,85,15,0.15,0.2836685594916344
88,94,6,0.06,0.28478573441505434
58,79,21,0.21,0.2826277446746826
88,94,6,0.06,0.273508869856596
64,82,18,0.18,0.2808050672709942
92,96,4,0.04,0.26754682540893554
86,93,7,0.07,0.2712447579205036
72,86,14,0.14,0.26611903458833697
62,81,19,0.19,0.2737628021836281
70,85,15,0.15,0.27652671068906787
78,89,11,0.11,0.2831431832909584
90,95,5,0.05,0.2655378343164921
56,78,22,0.22,0.2794908222556114
82,91,9,0.09,0.27976339533925054
74,87,13,0.13,0.2719873620569706
78,89,11,0.11,0.2815136207640171
88,94,6,0.06,0.26547835931181907
62,81,19,0.19,0.2667101486027241
74,87,13,0.13,0.2699160021543503
80,90,10,0.1,0.2739295634627342
86,93,7,0.07,0.2668266387283802
52,76,24,0.24,0.283990133702755
58,79,21,0.21,0.2668238554894924
90,95,5,0.05,0.2682249443233013
66,83,17,0.17,0.2720431272685528
72,86,14,0.14,0.26778479024767876
70,85,15,0.15,0.2712333752214909
80,90,10,0.1,0.2751647247374058
78,89,11,0.11,0.26809250593185424
84,92,8,0.08,0.2650570257008076
60,80,20,0.2,0.27963252931833266
74,87,13,0.13,0.2573928900063038
80,90,10,0.1,0.2782414661347866
74,87,13,0.13,0.27779568880796435
68,84,16,0.16,0.26948353722691537
60,80,20,0.2,0.301236602216959
68,84,16,0.16,0.28339989721775055
62,81,19,0.19,0.2844459141790867
66,83,17,0.17,0.2813072782754898
62,81,19,0.19,0.29693239614367484
66,83,17,0.17,0.28842650204896925
82,91,9,0.09,0.28097443759441376
60,80,20,0.2,0.30176218003034594
70,85,15,0.15,0.2987174394726753
82,91,9,0.09,0.2978779457509518
66,83,17,0.17,0.2947957487404346
70,85,15,0.15,0.296287776529789
54,77,23,0.23,0.3024033787846565
84,92,8,0.08,0.3190327529609203
56,78,22,0.22,0.3080884537100792
82,91,9,0.09,0.3043164826929569
80,90,10,0.1,0.30458988472819326
74,87,13,0.13,0.3003627277910709
70,85,15,0.15,0.3053214918076992
84,92,8,0.08,0.2900110284984112
52,76,24,0.24,0.3145915643870831
86,93,7,0.07,0.2911424249410629
68,84,16,0.16,0.2915437848865986
76,88,12,0.12,0.29627119824290277
74,87,13,0.13,0.2986303812265396
52,76,24,0.24,0.3013336342573166
66,83,17,0.17,0.2957304985821247
80,90,10,0.1,0.28139605790376665
86,93,7,0.07,0.2890554991364479
70,85,15,0.15,0.29479056850075724
74,87,13,0.13,0.2794702135026455
74,87,13,0.13,0.29022326156497
80,90,10,0.1,0.28843547582626344
74,87,13,0.13,0.2887258532643318
66,83,17,0.17,0.28784105494618417
72,86,14,0.14,0.2870086549222469
66,83,17,0.17,0.27794509783387183
84,92,8,0.08,0.2552378100156784
72,86,14,0.14,0.27099671587347984
88,94,6,0.06,0.2626813630759716
70,85,15,0.15,0.2589171341061592
78,89,11,0.11,0.2701869535446167
74,87,13,0.13,0.2744187317788601
72,86,14,0.14,0.28184678956866266
68,84,16,0.16,0.27279077365994453
68,84,16,0.16,0.27759828671813014
90,95,5,0.05,0.2751820389926434
82,91,9,0.09,0.2474129804968834
68,84,16,0.16,0.26921836093068124
72,86,14,0.14,0.269467471241951
76,88,12,0.12,0.27284729152917864
80,90,10,0.1,0.27275488033890727
70,85,15,0.15,0.268300109654665
86,93,7,0.07,0.2609975954890251
60,80,20,0.2,0.2756683950126171
64,82,18,0.18,0.2667607021331787
72,86,14,0.14,0.27311367481946947
78,89,11,0.11,0.27203298777341844
74,87,13,0.13,0.2647484311461449
76,88,12,0.12,0.2695060737431049
72,86,14,0.14,0.27327086076140406
82,91,9,0.09,0.2593301425874233
50,75,25,0.25,0.2746793122589588
74,87,13,0.13,0.2719008004665375
88,94,6,0.06,0.2608012767136097
76,88,12,0.12,0.25839305758476255
84,92,8,0.08,0.26454809308052063
66,83,17,0.17,0.26400002643466
62,81,19,0.19,0.2669962376356125
78,89,11,0.11,0.2539960286021233
74,87,13,0.13,0.25862457290291785
86,93,7,0.07,0.2629989022016525
58,79,21,0.21,0.2699576097726822
70,85,15,0.15,0.2645767231285572
76,88,12,0.12,0.2648245806992054
92,96,4,0.04,0.24337954193353653
72,86,14,0.14,0.269496836066246
56,78,22,0.22,0.2647291997075081
82,91,9,0.09,0.2692785307765007
84,92,8,0.08,0.25096210837364197
82,91,9,0.09,0.26409404680132864
68,84,16,0.16,0.26333839610219
88,94,6,0.06,0.25342071548104284
64,82,18,0.18,0.2679435050487518
80,90,10,0.1,0.27720098599791526
72,86,14,0.14,0.26754201427102087
68,84,16,0.16,0.2777935567498207
68,84,16,0.16,0.2797952090203762
74,87,13,0.13,0.25969567492604256
66,83,17,0.17,0.2874069944024086
76,88,12,0.12,0.2711581188440323
78,89,11,0.11,0.27174770668148995
94,97,3,0.03,0.25719008058309556
78,89,11,0.11,0.27271978333592417
80,90,10,0.1,0.2660859017074108
76,88,12,0.12,0.26976578816771507
72,86,14,0.14,0.26312486425042153
80,90,10,0.1,0.2631629492342472
74,87,13,0.13,0.27572135224938393
60,80,20,0.2,0.2804785212874413
80,90,10,0.1,0.2711224360764027
84,92,8,0.08,0.26692581370472906
72,86,14,0.14,0.2631163637340069
68,84,16,0.16,0.2587925960123539
76,88,12,0.12,0.2602982737123966
68,84,16,0.16,0.2579390047490597
66,83,17,0.17,0.26712485909461975
68,84,16,0.16,0.2647191286087036
68,84,16,0.16,0.26832823142409323
80,90,10,0.1,0.26315791085362433
82,91,9,0.09,0.25104972928762437
82,91,9,0.09,0.26219905078411104
64,82,18,0.18,0.2706281603872776
76,88,12,0.12,0.26059148117899894
74,87,13,0.13,0.2528613093495369
84,92,8,0.08,0.2651291014254093
62,81,19,0.19,0.28462715908885
74,87,13,0.13,0.25468897953629493
52,76,24,0.24,0.27858698084950445
60,80,20,0.2,0.2693230737745762
78,89,11,0.11,0.263164537101984
66,83,17,0.17,0.26088125616312025
72,86,14,0.14,0.2598414172232151
60,80,20,0.2,0.26890518352389337
68,84,16,0.16,0.2580921034514904
66,83,17,0.17,0.26618719190359114
62,81,19,0.19,0.26581295192241666
68,84,16,0.16,0.2591850256919861
84,92,8,0.08,0.2565466673672199
68,84,16,0.16,0.27424060225486757
74,87,13,0.13,0.2591144834458828
68,84,16,0.16,0.26317411944270136
74,87,13,0.13,0.2731564201414585
72,86,14,0.14,0.2652175968885422
54,77,23,0.23,0.26153761059045794
64,82,18,0.18,0.27174793392419816
72,86,14,0.14,0.2556721571087837
84,92,8,0.08,0.2553882996737957
64,82,18,0.18,0.2682964038848877
70,85,15,0.15,0.26304865300655367
70,85,15,0.15,0.2667556992173195
78,89,11,0.11,0.26194495931267736
78,89,11,0.11,0.25892947524786
82,91,9,0.09,0.2671374198794365
62,81,19,0.19,0.27336565345525743
72,86,14,0.14,0.2582585392892361
56,78,22,0.22,0.2701649759709835
80,90,10,0.1,0.2598622889816761
78,89,11,0.11,0.2509914563596249
74,87,13,0.13,0.26182448655366897
78,89,11,0.11,0.2631662867963314
78,89,11,0.11,0.25870187252759935
68,84,16,0.16,0.2555951729416847
82,91,9,0.09,0.24492322474718095
62,81,19,0.19,0.25229829028248785
74,87,13,0.13,0.2612373840808868
52,76,24,0.24,0.25320699363946914
78,89,11,0.11,0.24783693119883538
70,85,15,0.15,0.24236585512757303
76,88,12,0.12,0.2545897404849529
68,84,16,0.16,0.25102523997426035
72,86,14,0.14,0.2501849712431431
64,82,18,0.18,0.24042275413870812
72,86,14,0.14,0.2321792635321617
58,79,21,0.21,0.24370353803038597
64,82,18,0.18,0.2433532877266407
88,94,6,0.06,0.22857727274298667
66,83,17,0.17,0.23478178501129152
86,93,7,0.07,0.23371176943182945
78,89,11,0.11,0.2202155463397503
72,86,14,0.14,0.2228478702902794
72,86,14,0.14,0.23261410221457482
80,90,10,0.1,0.23637202486395836
82,91,9,0.09,0.236469686627388
88,94,6,0.06,0.2269841068983078
68,84,16,0.16,0.2255658710002899
66,83,17,0.17,0.23142269983887673
74,87,13,0.13,0.2278249117732048
78,89,11,0.11,0.2178170247375965
76,88,12,0.12,0.23059175968170165
82,91,9,0.09,0.23028927326202392
82,91,9,0.09,0.2090793690085411
70,85,15,0.15,0.23662839218974113
66,83,17,0.17,0.22834497705101967
76,88,12,0.12,0.2148813983798027
64,82,18,0.18,0.22683042243123056
80,90,10,0.1,0.23443503126502038
70,85,15,0.15,0.2281599922478199
74,87,13,0.13,0.21692711994051933
74,87,13,0.13,0.21790998235344886
70,85,15,0.15,0.22412000328302384
72,86,14,0.14,0.23415268823504448
60,80,20,0.2,0.22485961347818376
64,82,18,0.18,0.2222204464673996
74,87,13,0.13,0.21384352460503578
76,88,12,0.12,0.20768219456076623
78,89,11,0.11,0.23046955332159996
92,96,4,0.04,0.20129247590899468
64,82,18,0.18,0.22434289932250975
66,83,17,0.17,0.21589145332574844
80,90,10,0.1,0.21677795305848122
78,89,11,0.11,0.22083193868398665
60,80,20,0.2,0.2183972205221653
84,92,8,0.08,0.21290793821215628
62,81,19,0.19,0.23557767271995544
90,95,5,0.05,0.20404476478695868
64,82,18,0.18,0.21259462282061578
68,84,16,0.16,0.20385007187724113
82,91,9,0.09,0.21261394485831261
68,84,16,0.16,0.21553844600915908
76,88,12,0.12,0.223716831356287
84,92,8,0.08,0.20813023403286934
74,87,13,0.13,0.2149489477276802
78,89,11,0.11,0.21216923192143441
72,86,14,0.14,0.20930168226361276
70,85,15,0.15,0.20278029531240463
66,83,17,0.17,0.22625093504786492
76,88,12,0.12,0.2037978808581829
92,96,4,0.04,0.20953759402036667
64,82,18,0.18,0.22053736567497254
86,93,7,0.07,0.201795521825552
84,92,8,0.08,0.2121953235566616
64,82,18,0.18,0.2111029440164566
74,87,13,0.13,0.2006516956537962
60,80,20,0.2,0.21926602885127067
74,87,13,0.13,0.20917660638689994
74,87,13,0.13,0.20246245324611664
84,92,8,0.08,0.20572686657309533
60,80,20,0.2,0.21773830339312553
70,85,15,0.15,0.20371657714247704
80,90,10,0.1,0.20669875770807267
82,91,9,0.09,0.2097659206390381
78,89,11,0.11,0.2017690932750702
84,92,8,0.08,0.19444440945982933
58,79,21,0.21,0.21029177591204642
66,83,17,0.17,0.1951238326728344
68,84,16,0.16,0.20654357612133026
74,87,13,0.13,0.2076402884721756
68,84,16,0.16,0.20434271082282066
80,90,10,0.1,0.21025224953889846
80,90,10,0.1,0.2035607060790062
62,81,19,0.19,0.1976043826341629
60,80,20,0.2,0.1974380449950695
66,83,17,0.17,0.19974206157028676
76,88,12,0.12,0.2101498518884182
70,85,15,0.15,0.20771127313375473
72,86,14,0.14,0.20150548562407494
66,83,17,0.17,0.19735156573355198
68,84,16,0.16,0.2024153172969818
78,89,11,0.11,0.19382964313030243
70,85,15,0.15,0.2003520220518112
66,83,17,0.17,0.1901030807942152
74,87,13,0.13,0.18108453810214997
90,95,5,0.05,0.1979247883707285
60,80,20,0.2,0.20303058318793774
72,86,14,0.14,0.20023853421211243
58,79,21,0.21,0.20726706504821776
46,73,27,0.27,0.20589279308915137
74,87,13,0.13,0.19112713545560836
76,88,12,0.12,0.20081980235874652
84,92,8,0.08,0.18644913993775844
68,84,16,0.16,0.19953533716499805
68,84,16,0.16,0.20185031965374947
62,81,19,0.19,0.20419275596737863
76,88,12,0.12,0.21274663597345353
70,85,15,0.15,0.1964083905518055
80,90,10,0.1,0.202898725643754
70,85,15,0.15,0.20759696573019026
72,86,14,0.14,0.19809176310896873
74,87,13,0.13,0.20392116501927376
56,78,22,0.22,0.19731978133320807
66,83,17,0.17,0.21185189694166184
78,89,11,0.11,0.2122488221526146
76,88,12,0.12,0.20706889003515244
74,87,13,0.13,0.19748287796974182
92,96,4,0.04,0.19641650930047036
72,86,14,0.14,0.2127852135896683
78,89,11,0.11,0.1989182260632515
74,87,13,0.13,0.21188835814595222
80,90,10,0.1,0.1984552251547575
68,84,16,0.16,0.2087518298625946
50,75,25,0.25,0.2143097898364067
80,90,10,0.1,0.20312324941158294
62,81,19,0.19,0.20434669852256776
74,87,13,0.13,0.19824548691511154
70,85,15,0.15,0.20598357751965524
68,84,16,0.16,0.20635124534368515
68,84,16,0.16,0.2092653688788414
58,79,21,0.21,0.2097679841518402
66,83,17,0.17,0.2058573180437088
74,87,13,0.13,0.2008475075662136
70,85,15,0.15,0.20289099350571632
82,91,9,0.09,0.20965330705046653
76,88,12,0.12,0.19715329453349115
70,85,15,0.15,0.22024156540632248
58,79,21,0.21,0.22102646201848983
64,82,18,0.18,0.20857324048876763
70,85,15,0.15,0.22234249442815782
72,86,14,0.14,0.2005514220148325
64,82,18,0.18,0.2117909874022007
66,83,17,0.17,0.21523347422480582
78,89,11,0.11,0.21692946329712867
70,85,15,0.15,0.22262067407369612
78,89,11,0.11,0.215828158557415
80,90,10,0.1,0.20714764192700386
72,86,14,0.14,0.22937938645482064
70,85,15,0.15,0.20890774160623551
60,80,20,0.2,0.22191784277558327
66,83,17,0.17,0.22652493119239808
76,88,12,0.12,0.20980807647109032
76,88,12,0.12,0.2233254626393318
82,91,9,0.09,0.2016063542664051
84,92,8,0.08,0.2054283747076988
72,86,14,0.14,0.2334265500307083
70,85,15,0.15,0.22114449590444565
68,84,16,0.16,0.21710741117596627
72,86,14,0.14,0.23371641859412193
92,96,4,0.04,0.19831210017204284
72,86,14,0.14,0.2029181170463562
78,89,11,0.11,0.2143354757130146
56,78,22,0.22,0.23369939357042313
66,83,17,0.17,0.22116209492087363
54,77,23,0.23,0.22641860008239745
70,85,15,0.15,0.2249062852561474
70,85,15,0.15,0.2336164040863514
60,80,20,0.2,0.21672101832926274
72,86,14,0.14,0.21741367772221565
62,81,19,0.19,0.2236972950398922
80,90,10,0.1,0.21045747846364976
80,90,10,0.1,0.22650594145059585
82,91,9,0.09,0.2300925736129284
72,86,14,0.14,0.21800940439105035
64,82,18,0.18,0.23178648367524146
68,84,16,0.16,0.22523540675640105
82,91,9,0.09,0.2168894374370575
84,92,8,0.08,0.23210251569747925
76,88,12,0.12,0.21796637922525405
80,90,10,0.1,0.21437520638108254
70,85,15,0.15,0.2350698135793209
92,96,4,0.04,0.2168607184290886
70,85,15,0.15,0.23460600450634955
76,88,12,0.12,0.24321281805634498
78,89,11,0.11,0.21745222836732864
86,93,7,0.07,0.2153354674577713
60,80,20,0.2,0.21566825598478317
70,85,15,0.15,0.2245132078230381
74,87,13,0.13,0.2191374360024929
64,82,18,0.18,0.23242490619421005
64,82,18,0.18,0.24050795271992684
88,94,6,0.06,0.22897994697093962
76,88,12,0.12,0.22637612685561181
72,86,14,0.14,0.2269718638062477
82,91,9,0.09,0.21609812065958978
82,91,9,0.09,0.21323184683918953
78,89,11,0.11,0.22795065492391586
74,87,13,0.13,0.2238443498313427
80,90,10,0.1,0.21974953576922418
82,91,9,0.09,0.21062617301940917
64,82,18,0.18,0.23599233999848365
72,86,14,0.14,0.2244400881230831
78,89,11,0.11,0.2144107264280319
70,85,15,0.15,0.22841852769255638
62,81,19,0.19,0.22459296584129335
70,85,15,0.15,0.2344857370853424
78,89,11,0.11,0.2159385685622692
74,87,13,0.13,0.22752401903271674
64,82,18,0.18,0.2292894648015499
76,88,12,0.12,0.22357180684804917
64,82,18,0.18,0.22732725426554679
60,80,20,0.2,0.23329053491353988
74,87,13,0.13,0.227348992228508
56,78,22,0.22,0.22872359737753867
70,85,15,0.15,0.22710445433855056
70,85,15,0.15,0.22888488873839377
72,86,14,0.14,0.2186323094367981
70,85,15,0.15,0.22546001836657525
58,79,21,0.21,0.2338701805472374
64,82,18,0.18,0.2247866754233837
80,90,10,0.1,0.21197514802217485
74,87,13,0.13,0.23265579462051392
72,86,14,0.14,0.2116421291232109
56,78,22,0.22,0.22656019806861877
70,85,15,0.15,0.21914850324392318
76,88,12,0.12,0.22306837931275367
78,89,11,0.11,0.22679161369800568
78,89,11,0.11,0.22283127889037133
70,85,15,0.15,0.22645099073648453
68,84,16,0.16,0.22942554220557212
76,88,12,0.12,0.23328374028205873
78,89,11,0.11,0.24634724766016006
70,85,15,0.15,0.22338869094848632
78,89,11,0.11,0.22351487919688226
84,92,8,0.08,0.23283383443951608
70,85,15,0.15,0.22843507170677185
68,84,16,0.16,0.22989625722169876
84,92,8,0.08,0.23203333958983421
80,90,10,0.1,0.22499596163630486
70,85,15,0.15,0.23872912421822548
54,77,23,0.23,0.23926605567336082
74,87,13,0.13,0.21610246539115907
52,76,24,0.24,0.24169279620051384
70,85,15,0.15,0.21942308962345122
72,86,14,0.14,0.21602471813559532
74,87,13,0.13,0.21537166640162467
82,91,9,0.09,0.21438580751419067
94,97,3,0.03,0.21024742886424064
84,92,8,0.08,0.2227977718412876
48,74,26,0.26,0.24001479178667068
70,85,15,0.15,0.2186746698617935
70,85,15,0.15,0.22154059275984764
68,84,16,0.16,0.2333192916214466
80,90,10,0.1,0.21780092537403106
72,86,14,0.14,0.21333545446395874
74,87,13,0.13,0.21139752805233003
72,86,14,0.14,0.22843787997961043
72,86,14,0.14,0.2103617250919342
70,85,15,0.15,0.22018861874938012
90,95,5,0.05,0.21100631654262542
72,86,14,0.14,0.22556868478655814
58,79,21,0.21,0.2131627108156681
90,95,5,0.05,0.1989129115641117
80,90,10,0.1,0.2134782887995243
70,85,15,0.15,0.22888415038585663
68,84,16,0.16,0.23016052484512328
76,88,12,0.12,0.2127138191461563
70,85,15,0.15,0.21924661993980407
66,83,17,0.17,0.22452867820858954
74,87,13,0.13,0.21733398750424385
90,95,5,0.05,0.1921195800602436
74,87,13,0.13,0.21592470660805702
62,81,19,0.19,0.22912147790193557
58,79,21,0.21,0.237183276116848
78,89,11,0.11,0.20034880712628364
74,87,13,0.13,0.2168763066828251
68,84,16,0.16,0.22455889612436294
80,90,10,0.1,0.2183924351632595
82,91,9,0.09,0.20987872093915938
82,91,9,0.09,0.20924030140042305
82,91,9,0.09,0.2186044216156006
54,77,23,0.23,0.22518282890319824
74,87,13,0.13,0.21406592935323715
64,82,18,0.18,0.22947757378220557
70,85,15,0.15,0.22715948924422263
78,89,11,0.11,0.20883392065763473
80,90,10,0.1,0.2115270060300827
60,80,20,0.2,0.2112377816438675
66,83,17,0.17,0.22472368896007539
76,88,12,0.12,0.22145552963018417
78,89,11,0.11,0.21748970657587052
72,86,14,0.14,0.2086436539888382
84,92,8,0.08,0.20652883917093276
88,94,6,0.06,0.20608199134469032
60,80,20,0.2,0.21319123327732087
74,87,13,0.13,0.21504046902060509
68,84,16,0.16,0.20942458540201186
56,78,22,0.22,0.22523848846554756
70,85,15,0.15,0.21421336978673935
74,87,13,0.13,0.20510829895734786
84,92,8,0.08,0.2128274320065975
78,89,11,0.11,0.20233079433441162
84,92,8,0.08,0.20119277030229568
66,83,17,0.17,0.2117861570417881
66,83,17,0.17,0.20225997403264045
86,93,7,0.07,0.20287179172039033
62,81,19,0.19,0.21058552116155624
68,84,16,0.16,0.2105984576791525
70,85,15,0.15,0.20021866410970687
70,85,15,0.15,0.20188154220581056
56,78,22,0.22,0.2201956658065319
58,79,21,0.21,0.21575035378336907
64,82,18,0.18,0.20243738412857057
82,91,9,0.09,0.20120332017540932
58,79,21,0.21,0.20991986468434334
72,86,14,0.14,0.20835363924503325
76,88,12,0.12,0.20591917365789414
64,82,18,0.18,0.21058031156659127
60,80,20,0.2,0.21253256052732467
68,84,16,0.16,0.20043024763464928
68,84,16,0.16,0.20894741907715797
80,90,10,0.1,0.20708504140377046
76,88,12,0.12,0.1982310627400875
64,82,18,0.18,0.21693610325455664
78,89,11,0.11,0.19229751266539097
66,83,17,0.17,0.20860607117414476
64,82,18,0.18,0.20487803995609283
68,84,16,0.16,0.21164214983582497
76,88,12,0.12,0.20297134682536125
66,83,17,0.17,0.2015792442858219
64,82,18,0.18,0.21603212714195252
76,88,12,0.12,0.1959310683608055
58,79,21,0.21,0.20493571162223817
78,89,11,0.11,0.19670617386698722
66,83,17,0.17,0.21292169526219368
76,88,12,0.12,0.19079508244991303
70,85,15,0.15,0.20824926003813743
54,77,23,0.23,0.20958652958273888
58,79,21,0.21,0.2074708215892315
68,84,16,0.16,0.20609366431832313
74,87,13,0.13,0.20051771976053714
80,90,10,0.1,0.19473326116800307
72,86,14,0.14,0.19035447239875794
80,90,10,0.1,0.18076506562530995
78,89,11,0.11,0.19622221246361732
78,89,11,0.11,0.19165812224149703
68,84,16,0.16,0.2074604144692421
72,86,14,0.14,0.20308045968413352
72,86,14,0.14,0.1908063217997551
78,89,11,0.11,0.1853397264331579
82,91,9,0.09,0.18794704139232635
68,84,16,0.16,0.1951125406473875
72,86,14,0.14,0.1926092530786991
90,95,5,0.05,0.1764385052770376
88,94,6,0.06,0.19238411411643028
66,83,17,0.17,0.20008186861872673
76,88,12,0.12,0.1869899360835552
88,94,6,0.06,0.18582019597291946
76,88,12,0.12,0.18917232736945153
68,84,16,0.16,0.1941326005756855
76,88,12,0.12,0.18552860453724862
72,86,14,0.14,0.1867536950856447
74,87,13,0.13,0.19365668877959252
74,87,13,0.13,0.182833933532238
74,87,13,0.13,0.18656365305185318
82,91,9,0.09,0.1889805093407631
84,92,8,0.08,0.1731852599978447
66,83,17,0.17,0.19698831535875796
76,88,12,0.12,0.18177232950925826
64,82,18,0.18,0.19563222974538802
80,90,10,0.1,0.18086450234055518
82,91,9,0.09,0.1851005597412586
76,88,12,0.12,0.1844475869089365
68,84,16,0.16,0.19765446595847608
84,92,8,0.08,0.18289404414594174
62,81,19,0.19,0.1992017237842083
84,92,8,0.08,0.18201975263655185
66,83,17,0.17,0.19866882860660554
72,86,14,0.14,0.18657337337732316
70,85,15,0.15,0.18970537424087525
88,94,6,0.06,0.19487625807523729
70,85,15,0.15,0.19332975670695304
78,89,11,0.11,0.19080254510045053
74,87,13,0.13,0.1923927868902683
66,83,17,0.17,0.201705242395401
72,86,14,0.14,0.20245951935648918
82,91,9,0.09,0.1969495365768671
74,87,13,0.13,0.1963192516565323
70,85,15,0.15,0.20749839022755623
66,83,17,0.17,0.19476382799446582
76,88,12,0.12,0.1945384757220745
62,81,19,0.19,0.1997685280442238
60,80,20,0.2,0.20306614875793458
44,72,28,0.28,0.20703475549817085
70,85,15,0.15,0.18857530519366264
54,77,23,0.23,0.21482725635170938
66,83,17,0.17,0.20264304131269456
64,82,18,0.18,0.21133972510695456
74,87,13,0.13,0.205154899507761
62,81,19,0.19,0.21123344510793685
84,92,8,0.08,0.2036110533773899
60,80,20,0.2,0.20873528271913527
80,90,10,0.1,0.19716816559433936
52,76,24,0.24,0.2196238087117672
66,83,17,0.17,0.21047687992453576
82,91,9,0.09,0.1998162177205086
44,72,28,0.28,0.22014652222394943
62,81,19,0.19,0.21831934452056884
58,79,21,0.21,0.21026917636394502
66,83,17,0.17,0.22687560677528382
78,89,11,0.11,0.20535605326294898
58,79,21,0.21,0.22073653534054757
88,94,6,0.06,0.1998702509701252
84,92,8,0.08,0.2060282315313816
64,82,18,0.18,0.2239469090104103
66,83,17,0.17,0.22673751875758172
82,91,9,0.09,0.20914389252662657
84,92,8,0.08,0.20089458256959916
68,84,16,0.16,0.21881893634796143
86,93,7,0.07,0.2240911528468132
84,92,8,0.08,0.21054294377565383
74,87,13,0.13,0.22115622952580452
66,83,17,0.17,0.21748161420226098
72,86,14,0.14,0.22211420789361
70,85,15,0.15,0.2278881323337555
92,96,4,0.04,0.19769557759165765
62,81,19,0.19,0.23230283334851265
64,82,18,0.18,0.221249937415123
84,92,8,0.08,0.212105965167284
74,87,13,0.13,0.21943563014268874
74,87,13,0.13,0.22729916155338287
74,87,13,0.13,0.22998631179332732
74,87,13,0.13,0.2143070951104164
84,92,8,0.08,0.2141378228366375
78,89,11,0.11,0.22020767197012903
60,80,20,0.2,0.23575854942202568
70,85,15,0.15,0.22110566824674607
82,91,9,0.09,0.21306020453572272
60,80,20,0.2,0.23310888305306435
68,84,16,0.16,0.22238331496715547
78,89,11,0.11,0.2314707973599434
72,86,14,0.14,0.2214932607114315
70,85,15,0.15,0.23283680096268655
64,82,18,0.18,0.22775660559535027
84,92,8,0.08,0.22323379963636397
72,86,14,0.14,0.21610927388072013
62,81,19,0.19,0.23363652363419532
72,86,14,0.14,0.22581230208277703
64,82,18,0.18,0.22771664649248125
72,86,14,0.14,0.21514567047357558
72,86,14,0.14,0.22315757378935813
58,79,21,0.21,0.239673148393631
82,91,9,0.09,0.22465225249528886
72,86,14,0.14,0.22941434130072594
70,85,15,0.15,0.2332625751197338
74,87,13,0.13,0.23518187135457994
70,85,15,0.15,0.22563282251358033
90,95,5,0.05,0.21850802317261697
78,89,11,0.11,0.21591394424438476
76,88,12,0.12,0.2240358592569828
60,80,20,0.2,0.23482342526316644
66,83,17,0.17,0.2393525119125843
62,81,19,0.19,0.22570155382156373
74,87,13,0.13,0.22198600456118583
86,93,7,0.07,0.20897824123501776
86,93,7,0.07,0.21013290509581567
84,92,8,0.08,0.2103304448723793
62,81,19,0.19,0.22075527235865594
70,85,15,0.15,0.22916281700134278
76,88,12,0.12,0.21822165802121163
86,93,7,0.07,0.21140633210539816
66,83,17,0.17,0.22061967179179193
74,87,13,0.13,0.21853668197989465
78,89,11,0.11,0.2103153620660305
76,88,12,0.12,0.22257783830165864
70,85,15,0.15,0.22686489686369896
84,92,8,0.08,0.21286572873592377
84,92,8,0.08,0.20994335129857064
76,88,12,0.12,0.21154540464282034
66,83,17,0.17,0.2216549649834633
78,89,11,0.11,0.20999115839600563
86,93,7,0.07,0.19434086099267006
52,76,24,0.24,0.23147381961345673
60,80,20,0.2,0.22313963159918784
66,83,17,0.17,0.22009066641330718
72,86,14,0.14,0.2038876198232174
66,83,17,0.17,0.22064292848110198
80,90,10,0.1,0.21117269188165666
68,84,16,0.16,0.20234425559639932
70,85,15,0.15,0.21414246648550034
72,86,14,0.14,0.19672206804156303
64,82,18,0.18,0.21933665066957475
66,83,17,0.17,0.20525659948587419
64,82,18,0.18,0.21696540892124175
74,87,13,0.13,0.20713016152381897
82,91,9,0.09,0.20474684923887254
84,92,8,0.08,0.20933745428919792
58,79,21,0.21,0.2102258485555649
80,90,10,0.1,0.2218554423749447
54,77,23,0.23,0.21658954575657843
70,85,15,0.15,0.2148241674900055
66,83,17,0.17,0.21012768730521203
76,88,12,0.12,0.21779993906617165
68,84,16,0.16,0.21308255061507225
62,81,19,0.19,0.22344645947217942
72,86,14,0.14,0.21404719948768616
74,87,13,0.13,0.21363909125328065
52,76,24,0.24,0.23931867152452468
74,87,13,0.13,0.22411986365914344
68,84,16,0.16,0.22226152941584587
64,82,18,0.18,0.2350711317360401
68,84,16,0.16,0.23754265725612642
74,87,13,0.13,0.21981575325131417
62,81,19,0.19,0.23462293311953544
54,77,23,0.23,0.2410885152220726
78,89,11,0.11,0.22374042466282845
76,88,12,0.12,0.23482876926660537
74,87,13,0.13,0.2353045991063118
74,87,13,0.13,0.22028464272618295
70,85,15,0.15,0.23650984436273575
70,85,15,0.15,0.23955784246325493
86,93,7,0.07,0.22054196327924727
66,83,17,0.17,0.2241664670407772
52,76,24,0.24,0.24098265752196313
70,85,15,0.15,0.23455432996153833
76,88,12,0.12,0.23076209530234337
80,90,10,0.1,0.22151433154940606
82,91,9,0.09,0.21613950580358504
66,83,17,0.17,0.23732853904366494
54,77,23,0.23,0.2291987918317318
78,89,11,0.11,0.2224444964528084
52,76,24,0.24,0.23279772594571113
72,86,14,0.14,0.22750571683049203
60,80,20,0.2,0.22573601096868515
70,85,15,0.15,0.22754098027944564
74,87,13,0.13,0.2331992842257023
78,89,11,0.11,0.21647540837526322
92,96,4,0.04,0.22091105163097383
74,87,13,0.13,0.21904691815376282
72,86,14,0.14,0.2332104441523552
72,86,14,0.14,0.236690132021904
70,85,15,0.15,0.22948410704731942
78,89,11,0.11,0.2301604315638542
66,83,17,0.17,0.2363317456841469
66,83,17,0.17,0.24527553901076316
68,84,16,0.16,0.23878675296902657
82,91,9,0.09,0.2120397774875164
74,87,13,0.13,0.21776850640773773
76,88,12,0.12,0.22123785495758055
78,89,11,0.11,0.23473707735538482
72,86,14,0.14,0.23427764162421227
66,83,17,0.17,0.2261449083685875
74,87,13,0.13,0.23378329321742058
86,93,7,0.07,0.21824364185333253
68,84,16,0.16,0.23319350942969322
68,84,16,0.16,0.23765184566378594
60,80,20,0.2,0.22410126596689225
74,87,13,0.13,0.21843914747238158
84,92,8,0.08,0.22417643085122108
70,85,15,0.15,0.24091898366808892
62,81,19,0.19,0.23597056567668914
70,85,15,0.15,0.2249855363368988
64,82,18,0.18,0.2332833820581436
72,86,14,0.14,0.23557725086808204
72,86,14,0.14,0.2190348309278488
56,78,22,0.22,0.2286314481496811
72,86,14,0.14,0.21325713396072388
84,92,8,0.08,0.22409423619508742
86,93,7,0.07,0.22707113832235337
68,84,16,0.16,0.22972966536879538
64,82,18,0.18,0.23379163235425948
62,81,19,0.19,0.2246003583073616
80,90,10,0.1,0.21862703010439874
80,90,10,0.1,0.22426268622279166
82,91,9,0.09,0.22601999521255492
64,82,18,0.18,0.23092589199542998
76,88,12,0.12,0.22342162013053893
68,84,16,0.16,0.22703163221478462
74,87,13,0.13,0.23657614305615426
64,82,18,0.18,0.23595381051301956
84,92,8,0.08,0.2142941403388977
82,91,9,0.09,0.21872857809066773
82,91,9,0.09,0.22366102531552315
62,81,19,0.19,0.22129778012633325
66,83,17,0.17,0.22408489227294923
52,76,24,0.24,0.22672536507248878
80,90,10,0.1,0.21653332188725471
80,90,10,0.1,0.2029403667151928
74,87,13,0.13,0.22516525521874428
66,83,17,0.17,0.2136204707622528
84,92,8,0.08,0.20281968027353287
74,87,13,0.13,0.20728782325983047
56,78,22,0.22,0.21970015302300452
60,80,20,0.2,0.22107148170471191
78,89,11,0.11,0.21780669689178467
60,80,20,0.2,0.20676589250564575
76,88,12,0.12,0.20147685647010805
68,84,16,0.16,0.21268474459648132
70,85,15,0.15,0.19065522693097592
70,85,15,0.15,0.20603691533207893
78,89,11,0.11,0.19382636219263077
58,79,21,0.21,0.20700137197971344
74,87,13,0.13,0.20100357845425607
66,83,17,0.17,0.1949682605266571
76,88,12,0.12,0.1860705091059208
78,89,11,0.11,0.18785852052271365
78,89,11,0.11,0.18486885473132134
78,89,11,0.11,0.18593189492821693
68,84,16,0.16,0.198733422011137
66,83,17,0.17,0.18744997903704644
76,88,12,0.12,0.19045689031481744
74,87,13,0.13,0.1890957747399807
78,89,11,0.11,0.1711609037220478
78,89,11,0.11,0.1749325492978096
74,87,13,0.13,0.18248835138976574
58,79,21,0.21,0.18039105094969274
88,94,6,0.06,0.16640713058412074
74,87,13,0.13,0.1655674783885479
70,85,15,0.15,0.18120116785168647
42,71,29,0.29,0.19396077528595923
78,89,11,0.11,0.16032176226377487
80,90,10,0.1,0.17020350009202956
74,87,13,0.13,0.1593291611224413
70,85,15,0.15,0.16519148543477058
78,89,11,0.11,0.15240572147071363
88,94,6,0.06,0.15623882040381432
76,88,12,0.12,0.1703456610441208
60,80,20,0.2,0.16356621742248534
80,90,10,0.1,0.15615629933774472
78,89,11,0.11,0.1521358922123909
68,84,16,0.16,0.15448835521936416
70,85,15,0.15,0.15037713453173637
88,94,6,0.06,0.13859991006553174
72,86,14,0.14,0.14381631456315516
72,86,14,0.14,0.14946199469268323
58,79,21,0.21,0.15071730688214302
90,95,5,0.05,0.13286926105618477
68,84,16,0.16,0.15521439626812936
66,83,17,0.17,0.147119771912694
66,83,17,0.17,0.14833052352070808
90,95,5,0.05,0.1273927952349186
74,87,13,0.13,0.15055613294243814
70,85,15,0.15,0.1496547869592905
88,94,6,0.06,0.1328216278553009
76,88,12,0.12,0.13811188511550426
62,81,19,0.19,0.1435231514275074
78,89,11,0.11,0.14299181990325452
80,90,10,0.1,0.1403579191118479
76,88,12,0.12,0.13154546827077865
60,80,20,0.2,0.14063015148043634
54,77,23,0.23,0.1372517215460539
76,88,12,0.12,0.1345650713145733
60,80,20,0.2,0.14170875906944275
68,84,16,0.16,0.13772021979093552
68,84,16,0.16,0.1343804854154587
82,91,9,0.09,0.12071874916553497
76,88,12,0.12,0.12788106843829156
52,76,24,0.24,0.14314789891242982
68,84,16,0.16,0.12315152250230313
82,91,9,0.09,0.12057264164090156
68,84,16,0.16,0.13129213728010655
78,89,11,0.11,0.11840233594179153
82,91,9,0.09,0.11226908516138792
88,94,6,0.06,0.11228862695395947
58,79,21,0.21,0.13083638105541467
82,91,9,0.09,0.1252512814849615
80,90,10,0.1,0.10955924853682518
74,87,13,0.13,0.1144488687068224
70,85,15,0.15,0.11486554525792599
74,87,13,0.13,0.11245658174157143
72,86,14,0.14,0.1140322007983923
74,87,13,0.13,0.11806257419288159
82,91,9,0.09,0.10293006502091885
58,79,21,0.21,0.11595003537833691
82,91,9,0.09,0.11001084446907043
76,88,12,0.12,0.11441629014909267
78,89,11,0.11,0.10831266723573207
58,79,21,0.21,0.11218230336904526
82,91,9,0.09,0.09974540159106254
78,89,11,0.11,0.11150625862181186
74,87,13,0.13,0.10719282701611518
76,88,12,0.12,0.10442629836499691
74,87,13,0.13,0.10799079060554505
60,80,20,0.2,0.10965725377202035
70,85,15,0.15,0.10659964211285114
60,80,20,0.2,0.11324179232120514
70,85,15,0.15,0.10825239844620228
64,82,18,0.18,0.10981345497071743
62,81,19,0.19,0.10425744231790304
78,89,11,0.11,0.10477242566645145
66,83,17,0.17,0.10611066073179246
84,92,8,0.08,0.09010707844048739
74,87,13,0.13,0.10258447770029307
70,85,15,0.15,0.1078121355175972
64,82,18,0.18,0.10302988279610872
64,82,18,0.18,0.1082081638276577
64,82,18,0.18,0.10524710424244405
66,83,17,0.17,0.10070778794586659
72,86,14,0.14,0.09823444474488496
86,93,7,0.07,0.09708672523498535
64,82,18,0.18,0.10148716490715742
68,84,16,0.16,0.1021466575935483
86,93,7,0.07,0.09474487591534853
68,84,16,0.16,0.10774762533605099
76,88,12,0.12,0.10147634871304036
86,93,7,0.07,0.08883959002792835
74,87,13,0.13,0.09504760231822729
72,86,14,0.14,0.09822471976280213
72,86,14,0.14,0.09822856102138758
80,90,10,0.1,0.0932909532636404
86,93,7,0.07,0.09407227139919996
70,85,15,0.15,0.10450982447713614
80,90,10,0.1,0.09217910252511502
68,84,16,0.16,0.09577644292265176
78,89,11,0.11,0.09551957905292512
86,93,7,0.07,0.09371305380016565
68,84,16,0.16,0.10019102822989226
88,94,6,0.06,0.09126534439623356
72,86,14,0.14,0.094742028452456
66,83,17,0.17,0.09856446173042059
66,83,17,0.17,0.10008799150586128
74,87,13,0.13,0.09168810274451972
76,88,12,0.12,0.09059061568230391
80,90,10,0.1,0.093395672775805
72,86,14,0.14,0.09537044696509839
64,82,18,0.18,0.0969179056584835
82,91,9,0.09,0.08248497288674116
92,96,4,0.04,0.08530761234462261
70,85,15,0.15,0.08984015628695488
74,87,13,0.13,0.09504469342529774
70,85,15,0.15,0.08495140090584755
72,86,14,0.14,0.09176291313022375
76,88,12,0.12,0.08904525279998779
74,87,13,0.13,0.08749635770916939
72,86,14,0.14,0.10152597270905972
80,90,10,0.1,0.08339745331555605
80,90,10,0.1,0.08891385465860367
64,82,18,0.18,0.09780564688146115
78,89,11,0.11,0.08244349554181099
86,93,7,0.07,0.0866315620020032
70,85,15,0.15,0.09263756722211838
86,93,7,0.07,0.08965874966233969
52,76,24,0.24,0.10307966209948063
54,77,23,0.23,0.09317869648337364
68,84,16,0.16,0.09889963872730732
58,79,21,0.21,0.0924823559448123
82,91,9,0.09,0.08712276443839073
86,93,7,0.07,0.0893712155520916
68,84,16,0.16,0.098444450981915
56,78,22,0.22,0.09664849907159806
62,81,19,0.19,0.09917241521179676
62,81,19,0.19,0.09506733100861312
64,82,18,0.18,0.08952916789799929
84,92,8,0.08,0.09071306236088277
80,90,10,0.1,0.08913940381258727
70,85,15,0.15,0.09052069094032049
78,89,11,0.11,0.09617860142141581
74,87,13,0.13,0.09463142674416304
64,82,18,0.18,0.09710880041122437
82,91,9,0.09,0.08761897329241038
68,84,16,0.16,0.09583153121173382
82,91,9,0.09,0.08463802307844162
72,86,14,0.14,0.08778842084109784
64,82,18,0.18,0.09580569993704557
86,93,7,0.07,0.088497016094625
66,83,17,0.17,0.10451080158352852
76,88,12,0.12,0.09202667344361544
82,91,9,0.09,0.09494262550026178
80,90,10,0.1,0.09314670208841562
76,88,12,0.12,0.09772627752274275
82,91,9,0.09,0.09273073457181454
80,90,10,0.1,0.09292637646198272
90,95,5,0.05,0.08690700307488441
66,83,17,0.17,0.09824741259217262
78,89,11,0.11,0.09811279468238354
72,86,14,0.14,0.11133048556745052
58,79,21,0.21,0.10440480254590512
76,88,12,0.12,0.09934205621480942
82,91,9,0.09,0.10123880233615637
80,90,10,0.1,0.09500030037015676
90,95,5,0.05,0.0919623202085495
84,92,8,0.08,0.09929065637290478
76,88,12,0.12,0.09442498967051506
62,81,19,0.19,0.11190030507743359
74,87,13,0.13,0.10366721551865339
64,82,18,0.18,0.11217228166759013
72,86,14,0.14,0.10339980103075504
80,90,10,0.1,0.09555523045361042
82,91,9,0.09,0.09410886973142624
72,86,14,0.14,0.10242019236087799
76,88,12,0.12,0.09742549210786819
68,84,16,0.16,0.10401038803160191
62,81,19,0.19,0.11910638064146042
70,85,15,0.15,0.11281658574938774
78,89,11,0.11,0.10854253590106964
82,91,9,0.09,0.10266596108675002
68,84,16,0.16,0.1144319511204958
66,83,17,0.17,0.10637657716870308
82,91,9,0.09,0.09420793503522873
72,86,14,0.14,0.11465078130364419
66,83,17,0.17,0.11501349434256554
76,88,12,0.12,0.11191800020635129
72,86,14,0.14,0.10398709125816823
76,88,12,0.12,0.10559060022234917
64,82,18,0.18,0.10732530400156975
82,91,9,0.09,0.10287397265434266
74,87,13,0.13,0.10576050199568271
64,82,18,0.18,0.10902257017791271
50,75,25,0.25,0.11775470290333033
70,85,15,0.15,0.10825030002743005
78,89,11,0.11,0.10648448776453734
74,87,13,0.13,0.10018485143780709
84,92,8,0.08,0.09428194381296634
68,84,16,0.16,0.10791421093046666
66,83,17,0.17,0.11209525883197785
86,93,7,0.07,0.10295559093356133
68,84,16,0.16,0.1057889986410737
82,91,9,0.09,0.09531296022236348
80,90,10,0.1,0.10038788259029388
86,93,7,0.07,0.09962593540549278
82,91,9,0.09,0.09790461216121912
82,91,9,0.09,0.10089085258543491
66,83,17,0.17,0.116887928545475
68,84,16,0.16,0.10239780765026808
72,86,14,0.14,0.10127055890858173
86,93,7,0.07,0.09584132328629494
78,89,11,0.11,0.10360663227736949
84,92,8,0.08,0.09991362672299146
70,85,15,0.15,0.10385475341230631
80,90,10,0.1,0.10008727550506592
70,85,15,0.15,0.10104038596153259
66,83,17,0.17,0.1147607186064124
76,88,12,0.12,0.09500333908945321
62,81,19,0.19,0.10502333045005799
68,84,16,0.16,0.10369230382144451
74,87,13,0.13,0.10501126397401095
76,88,12,0.12,0.10499481379985809
76,88,12,0.12,0.09660894587635994
66,83,17,0.17,0.1106087064743042
76,88,12,0.12,0.09066497668623924
64,82,18,0.18,0.10317690562456847
62,81,19,0.19,0.10414863176643849
68,84,16,0.16,0.09470912776887416
78,89,11,0.11,0.09856180761009455
70,85,15,0.15,0.09958844684064388
62,81,19,0.19,0.10549444641917943
72,86,14,0.14,0.09454041816294194
66,83,17,0.17,0.09192641980946065
82,91,9,0.09,0.0987981279194355
76,88,12,0.12,0.10080432660877704
72,86,14,0.14,0.09389221094548703
64,82,18,0.18,0.09250361200422048
68,84,16,0.16,0.10225428886711597
68,84,16,0.16,0.09597641974687576
70,85,15,0.15,0.09581472516059876
64,82,18,0.18,0.10171461306512355
78,89,11,0.11,0.08391203016042709
78,89,11,0.11,0.09093104906380177
74,87,13,0.13,0.09406787354499102
78,89,11,0.11,0.09226824782788753
70,85,15,0.15,0.0943080810457468
70,85,15,0.15,0.09118881542235613
64,82,18,0.18,0.10098043885082006
72,86,14,0.14,0.08881513547152281
70,85,15,0.15,0.09657796442508698
86,93,7,0.07,0.08345528792589903
82,91,9,0.09,0.08953490305691958
78,89,11,0.11,0.08915357865393161
84,92,8,0.08,0.08901316165924072
76,88,12,0.12,0.09488924827426672
88,94,6,0.06,0.09008820272982121
84,92,8,0.08,0.08573286641389131
82,91,9,0.09,0.08629785615950823
76,88,12,0.12,0.0948031249642372
76,88,12,0.12,0.09366487275809049
60,80,20,0.2,0.09704394947737455
78,89,11,0.11,0.08449442412704229
74,87,13,0.13,0.10017714496701956
84,92,8,0.08,0.0897905307635665
68,84,16,0.16,0.08730058085173369
86,93,7,0.07,0.0815493405610323
64,82,18,0.18,0.09100500371307135
86,93,7,0.07,0.09114784084260463
80,90,10,0.1,0.09028754785656928
52,76,24,0.24,0.10761768899857999
76,88,12,0.12,0.08403281088918448
60,80,20,0.2,0.09632828664034605
82,91,9,0.09,0.08542926993221045
60,80,20,0.2,0.08903606243431568
74,87,13,0.13,0.09257798120379448
82,91,9,0.09,0.08777286108583211
70,85,15,0.15,0.0948147614300251
60,80,20,0.2,0.09937074694782495
78,89,11,0.11,0.08096460796892643
66,83,17,0.17,0.09067749589681626
74,87,13,0.13,0.08691296007484198
78,89,11,0.11,0.08926969178020955
62,81,19,0.19,0.09485634062439204
74,87,13,0.13,0.09251227382570505
74,87,13,0.13,0.09116481337696314
92,96,4,0.04,0.09342681787908078
72,86,14,0.14,0.08872822802513838
84,92,8,0.08,0.08506486553698778
66,83,17,0.17,0.0955871357768774
66,83,17,0.17,0.08899870030581951
76,88,12,0.12,0.10095166116952896
72,86,14,0.14,0.08962498117238284
70,85,15,0.15,0.09524202015250921
68,84,16,0.16,0.09538721941411495
88,94,6,0.06,0.08901274230331183
68,84,16,0.16,0.08713962823152542
76,88,12,0.12,0.08791623227298259
74,87,13,0.13,0.09836744040250778
68,84,16,0.16,0.08772371727973223
62,81,19,0.19,0.09096207465976476
66,83,17,0.17,0.09865674078464508
78,89,11,0.11,0.0925782611221075
72,86,14,0.14,0.09458199586719275
66,83,17,0.17,0.0949623704701662
64,82,18,0.18,0.0960435564815998
76,88,12,0.12,0.09425898745656014
78,89,11,0.11,0.09312502965331078
90,95,5,0.05,0.07613739743828773
62,81,19,0.19,0.10030831631273031
62,81,19,0.19,0.10054258912801743
68,84,16,0.16,0.09041470151394605
72,86,14,0.14,0.09428642936050892
80,90,10,0.1,0.09070932019501925
62,81,19,0.19,0.1016329400613904
86,93,7,0.07,0.08487139377743005
72,86,14,0.14,0.09312049329280853
70,85,15,0.15,0.10051014412194491
86,93,7,0.07,0.08624886561185122
66,83,17,0.17,0.10046576723456382
90,95,5,0.05,0.08756389606744051
58,79,21,0.21,0.09203526370227337
80,90,10,0.1,0.07996288873255253
52,76,24,0.24,0.10980369541794062
74,87,13,0.13,0.08179984048008919
78,89,11,0.11,0.0957963528111577
72,86,14,0.14,0.09428907420486211
86,93,7,0.07,0.08936004094779491
82,91,9,0.09,0.08508175577968359
68,84,16,0.16,0.09286660943180322
70,85,15,0.15,0.09492219835519791
74,87,13,0.13,0.0892541504278779
62,81,19,0.19,0.10189097270369529
76,88,12,0.12,0.09895250823348761
68,84,16,0.16,0.09022282227873803
62,81,19,0.19,0.09377637840807437
82,91,9,0.09,0.08780773185193538
84,92,8,0.08,0.09484577693045139
58,79,21,0.21,0.10203291911631823
86,93,7,0.07,0.08870329651981593
58,79,21,0.21,0.1016961196064949
56,78,22,0.22,0.09727412551641464
74,87,13,0.13,0.09445646043866873
72,86,14,0.14,0.09531613010913134
68,84,16,0.16,0.10145875975489617
66,83,17,0.17,0.09834390446543693
68,84,16,0.16,0.10439400617033243
76,88,12,0.12,0.09173294793814421
64,82,18,0.18,0.10616202183067798
80,90,10,0.1,0.09198174886405468
86,93,7,0.07,0.09462885208427906
64,82,18,0.18,0.10169534891843796
50,75,25,0.25,0.10316320519894362
76,88,12,0.12,0.09847465511411428
74,87,13,0.13,0.09783652976155281
84,92,8,0.08,0.09073311913758517
72,86,14,0.14,0.10378342367708683
72,86,14,0.14,0.09380868848413229
60,80,20,0.2,0.09911858484148979
74,87,13,0.13,0.10034274078905582
62,81,19,0.19,0.10539309285581112
66,83,17,0.17,0.09894668713212013
84,92,8,0.08,0.09438299294561148
82,91,9,0.09,0.0933525688201189
62,81,19,0.19,0.10467976406216621
80,90,10,0.1,0.09215865205973386
54,77,23,0.23,0.10175954610109329
66,83,17,0.17,0.09857940331101417
68,84,16,0.16,0.09996334981173277
72,86,14,0.14,0.09149381011724472
88,94,6,0.06,0.08372286573052407
82,91,9,0.09,0.10005707368254661
80,90,10,0.1,0.09581395480781793
74,87,13,0.13,0.09463872946798801
84,92,8,0.08,0.0860084966942668
66,83,17,0.17,0.0953888326138258
62,81,19,0.19,0.09774581354111433
68,84,16,0.16,0.09527048412710429
78,89,11,0.11,0.08653057813644409
82,91,9,0.09,0.09572749979794025
62,81,19,0.19,0.09441622018814087
76,88,12,0.12,0.08636935006827116
72,86,14,0.14,0.09210409458726644
76,88,12,0.12,0.09794253002852202
66,83,17,0.17,0.09460110925137996
74,87,13,0.13,0.09880028195679187
74,87,13,0.13,0.09404472425580025
62,81,19,0.19,0.10342273343354463
66,83,17,0.17,0.09505102094262838
88,94,6,0.06,0.09037044934928418
74,87,13,0.13,0.09856893237680196
74,87,13,0.13,0.09744634196162223
62,81,19,0.19,0.08981364049017429
76,88,12,0.12,0.08653917334973812
82,91,9,0.09,0.09670779105275869
72,86,14,0.14,0.09964993875473738
74,87,13,0.13,0.09969784438610077
80,90,10,0.1,0.09220074962824583
74,87,13,0.13,0.09632082793861628
64,82,18,0.18,0.10570861760526895
82,91,9,0.09,0.09045030675828457
88,94,6,0.06,0.08263900034129619
48,74,26,0.26,0.1042823090404272
84,92,8,0.08,0.09322019409388303
74,87,13,0.13,0.09889954492449761
74,87,13,0.13,0.0932810566201806
60,80,20,0.2,0.09752991620451212
74,87,13,0.13,0.09643616415560245
76,88,12,0.12,0.09704625427722931
76,88,12,0.12,0.08403710223734379
84,92,8,0.08,0.09441665761172771
66,83,17,0.17,0.10106555100530386
62,81,19,0.19,0.09725962109863757
66,83,17,0.17,0.09681744039058686
70,85,15,0.15,0.09761964056640864
82,91,9,0.09,0.09433332841843367
58,79,21,0.21,0.10118775632232428
80,90,10,0.1,0.09307920906692743
62,81,19,0.19,0.10686896182596684
72,86,14,0.14,0.09620078958570957
52,76,24,0.24,0.10660851061344147
76,88,12,0.12,0.10199066303670407
66,83,17,0.17,0.10279202334582806
82,91,9,0.09,0.08994039330631494
80,90,10,0.1,0.09253387484699488
72,86,14,0.14,0.09537159100174904
66,83,17,0.17,0.10125350438058377
66,83,17,0.17,0.10664830587804318
80,90,10,0.1,0.09578749682754278
54,77,23,0.23,0.1068209946155548
78,89,11,0.11,0.09987590938806534
74,87,13,0.13,0.10117980122566222
68,84,16,0.16,0.09999483704566955
82,91,9,0.09,0.09207659430801868
70,85,15,0.15,0.10254488430917263
76,88,12,0.12,0.09641605842858553
72,86,14,0.14,0.10143275175243616
56,78,22,0.22,0.1075643515214324
82,91,9,0.09,0.1017015851661563
74,87,13,0.13,0.1046025025099516
64,82,18,0.18,0.10160821501165629
74,87,13,0.13,0.10197542753070593
78,89,11,0.11,0.09540848422795534
60,80,20,0.2,0.10114855244755745
76,88,12,0.12,0.10085509121417999
76,88,12,0.12,0.09842483647167682
78,89,11,0.11,0.10052648700773716
60,80,20,0.2,0.10763544306159019
80,90,10,0.1,0.10146056346595288
80,90,10,0.1,0.10546423017978668
84,92,8,0.08,0.10142175912857056
76,88,12,0.12,0.10041032306849956
70,85,15,0.15,0.10738480389118195
76,88,12,0.12,0.09676379606127739
70,85,15,0.15,0.09723286528140307
68,84,16,0.16,0.11362620592117309
82,91,9,0.09,0.09920575853437186
68,84,16,0.16,0.10274098590016364
64,82,18,0.18,0.11377581674605608
80,90,10,0.1,0.1013059151545167
58,79,21,0.21,0.11255678065121173
80,90,10,0.1,0.10615332987159491
84,92,8,0.08,0.09422344379127026
72,86,14,0.14,0.11050106793642044
78,89,11,0.11,0.09878648959100246
76,88,12,0.12,0.10926774464547634
58,79,21,0.21,0.11079185511916875
74,87,13,0.13,0.10454611338675023
66,83,17,0.17,0.11172524712979794
54,77,23,0.23,0.1185960292071104
76,88,12,0.12,0.10801556862890721
68,84,16,0.16,0.10583568900823594
74,87,13,0.13,0.10406734921038151
68,84,16,0.16,0.1126018213480711
56,78,22,0.22,0.1101244580745697
68,84,16,0.16,0.11078893389552831
78,89,11,0.11,0.09304855637252331
60,80,20,0.2,0.11113148801028729
60,80,20,0.2,0.10323299691081048
66,83,17,0.17,0.10516192961484194
64,82,18,0.18,0.10474180307239295
78,89,11,0.11,0.10062241513282061
74,87,13,0.13,0.09700150955468416
76,88,12,0.12,0.10069444388151169
76,88,12,0.12,0.10017081424593925
68,84,16,0.16,0.10407346021384001
70,85,15,0.15,0.10150440417230129
48,74,26,0.26,0.11876005299389363
70,85,15,0.15,0.10572638988494873
70,85,15,0.15,0.10619860745966435
92,96,4,0.04,0.09502575427293777
74,87,13,0.13,0.09419775687158108
68,84,16,0.16,0.11358222246170044
82,91,9,0.09,0.09765480138361454
68,84,16,0.16,0.10414981361478567
78,89,11,0.11,0.11104536175727844
62,81,19,0.19,0.11440982788801193
78,89,11,0.11,0.09719610821455717
88,94,6,0.06,0.09788432870060206
72,86,14,0.14,0.1038015915453434
74,87,13,0.13,0.10941017415374517
60,80,20,0.2,0.11381946891546249
82,91,9,0.09,0.10153741598129272
64,82,18,0.18,0.10642752945423126
68,84,16,0.16,0.11150882039219141
82,91,9,0.09,0.1033864563331008
78,89,11,0.11,0.09101079311221838
60,80,20,0.2,0.1089442964270711
76,88,12,0.12,0.10566996179521083
64,82,18,0.18,0.11217392310500145
76,88,12,0.12,0.10510190829634666
78,89,11,0.11,0.09604731537401676
78,89,11,0.11,0.10199314896017313
74,87,13,0.13,0.09546437568962574
62,81,19,0.19,0.11163658022880554
76,88,12,0.12,0.10176956418901682
70,85,15,0.15,0.10459398157894612
64,82,18,0.18,0.10887690093368292
78,89,11,0.11,0.10319732569158077
74,87,13,0.13,0.1083438004553318
74,87,13,0.13,0.10027506571263074
64,82,18,0.18,0.11254643328487873
78,89,11,0.11,0.09670006699860095
76,88,12,0.12,0.10218925587832928
64,82,18,0.18,0.11163490325212479
74,87,13,0.13,0.10455041524022818
68,84,16,0.16,0.10530699364840984
68,84,16,0.16,0.10297765947878361
72,86,14,0.14,0.10549856327474118
80,90,10,0.1,0.10768156394362449
86,93,7,0.07,0.09779150512069464
72,86,14,0.14,0.10925325222313403
78,89,11,0.11,0.1141939663141966
74,87,13,0.13,0.1006419986486435
76,88,12,0.12,0.09225575923919678
80,90,10,0.1,0.09506904572248459
66,83,17,0.17,0.10307878032326698
78,89,11,0.11,0.09292734671384097
72,86,14,0.14,0.10939670979976654
64,82,18,0.18,0.10899135272949934
76,88,12,0.12,0.09330991715192795
66,83,17,0.17,0.10796515859663486
70,85,15,0.15,0.09380098801106214
66,83,17,0.17,0.10202813848853111
70,85,15,0.15,0.09669307731091976
62,81,19,0.19,0.10484885640442371
68,84,16,0.16,0.10515428751707077
64,82,18,0.18,0.11050492435693741
74,87,13,0.13,0.1000086111202836
64,82,18,0.18,0.10903302788734436
72,86,14,0.14,0.09484161406755448
70,85,15,0.15,0.09753499664366246
82,91,9,0.09,0.09904253084212541
78,89,11,0.11,0.10225844603031874
82,91,9,0.09,0.09928813077509403
74,87,13,0.13,0.11052897036075592
76,88,12,0.12,0.10310900568962098
74,87,13,0.13,0.10070358917117118
64,82,18,0.18,0.10504835017025471
76,88,12,0.12,0.09803556073457002
72,86,14,0.14,0.10221023757010698
74,87,13,0.13,0.09831380181014537
74,87,13,0.13,0.10293726682662964
74,87,13,0.13,0.10659347206354142
68,84,16,0.16,0.10384712517261505
56,78,22,0.22,0.11092841245234013
60,80,20,0.2,0.10656833000481129
86,93,7,0.07,0.09765364281833172
76,88,12,0.12,0.0966085098683834
66,83,17,0.17,0.10386086780577898
64,82,18,0.18,0.10956914193928241
64,82,18,0.18,0.11290166221559048
64,82,18,0.18,0.11125356242060662
66,83,17,0.17,0.10713852979242802
84,92,8,0.08,0.10287401109933852
62,81,19,0.19,0.11673297084867955
86,93,7,0.07,0.08931932047009468
70,85,15,0.15,0.10625745065510273
72,86,14,0.14,0.11287556491792201
64,82,18,0.18,0.10743046194314956
70,85,15,0.15,0.11571221679449081
56,78,22,0.22,0.11528781227767468
76,88,12,0.12,0.11017047010362148
76,88,12,0.12,0.10703159302473068
86,93,7,0.07,0.09873443000018596
66,83,17,0.17,0.10965410489588975
68,84,16,0.16,0.12128000877797604
64,82,18,0.18,0.11700273990631103
80,90,10,0.1,0.11543995678424836
78,89,11,0.11,0.10968860685825348
72,86,14,0.14,0.11392211392521859
86,93,7,0.07,0.11185316525399686
76,88,12,0.12,0.10789616517722607
72,86,14,0.14,0.11598884582519531
68,84,16,0.16,0.10969600826501846
62,81,19,0.19,0.11966688707470893
64,82,18,0.18,0.11771579496562481
72,86,14,0.14,0.11710400737822056
74,87,13,0.13,0.11379845276474952
80,90,10,0.1,0.11512816116213799
74,87,13,0.13,0.10935512933880091
74,87,13,0.13,0.11993622720241547
76,88,12,0.12,0.11627140514552593
92,96,4,0.04,0.10277573682367802
70,85,15,0.15,0.12008659727871418
84,92,8,0.08,0.11458341717720032
66,83,17,0.17,0.12136437930166721
72,86,14,0.14,0.11788024201989174
80,90,10,0.1,0.11576824776828289
86,93,7,0.07,0.1196745839715004
68,84,16,0.16,0.12032653495669365
80,90,10,0.1,0.1182474610209465
64,82,18,0.18,0.12315779685974121
70,85,15,0.15,0.12364709459245204
88,94,6,0.06,0.10884056732058525
72,86,14,0.14,0.1164056134223938
56,78,22,0.22,0.12675038136541844
84,92,8,0.08,0.10839856624603271
80,90,10,0.1,0.11387215755879879
70,85,15,0.15,0.12323341205716133
74,87,13,0.13,0.1220574764162302
64,82,18,0.18,0.1195509097725153
72,86,14,0.14,0.11926207579672336
84,92,8,0.08,0.10981233306229114
88,94,6,0.06,0.11187956910580396
72,86,14,0.14,0.12350572474300861
82,91,9,0.09,0.11188289530575275
48,74,26,0.26,0.12888391979038716
80,90,10,0.1,0.11229062609374524
80,90,10,0.1,0.10837772179394961
70,85,15,0.15,0.1210932745784521
76,88,12,0.12,0.1160682900249958
82,91,9,0.09,0.11246341563761235
86,93,7,0.07,0.11092674270272256
62,81,19,0.19,0.1255475602298975
84,92,8,0.08,0.11233505599200726
74,87,13,0.13,0.12061303302645683
74,87,13,0.13,0.11047842480242252
82,91,9,0.09,0.12262654192745685
62,81,19,0.19,0.1227598150074482
78,89,11,0.11,0.10699878539890051
72,86,14,0.14,0.11680073823779821
48,74,26,0.26,0.12509355679154396
82,91,9,0.09,0.10812742196023464
84,92,8,0.08,0.11679959259927272
84,92,8,0.08,0.10951821103692055
70,85,15,0.15,0.11152888469398022
72,86,14,0.14,0.11940540097653866
66,83,17,0.17,0.11566735364496708
80,90,10,0.1,0.09987343169748783
62,81,19,0.19,0.11305513128638267
78,89,11,0.11,0.10746856115758419
78,89,11,0.11,0.10615715686231851
66,83,17,0.17,0.11715133994817734
64,82,18,0.18,0.10717429526150227
68,84,16,0.16,0.10808561377227306
56,78,22,0.22,0.12295025259256363
74,87,13,0.13,0.10140791352838278
66,83,17,0.17,0.10020190987735987
74,87,13,0.13,0.09760741204023361
68,84,16,0.16,0.1064666984975338
78,89,11,0.11,0.10685350045561791
68,84,16,0.16,0.10020549982786178
66,83,17,0.17,0.10602277517318726
92,96,4,0.04,0.09200337067246438
80,90,10,0.1,0.09353505492210389
74,87,13,0.13,0.0975534575432539
80,90,10,0.1,0.10094735287129879
84,92,8,0.08,0.09107262127101422
78,89,11,0.11,0.0982645033672452
88,94,6,0.06,0.0894639928638935
72,86,14,0.14,0.10073258962482214
74,87,13,0.13,0.0989573760330677
82,91,9,0.09,0.09359154228121042
62,81,19,0.19,0.09726152304559946
70,85,15,0.15,0.09362477537244558
78,89,11,0.11,0.08466688316315413
74,87,13,0.13,0.09642382599413395
84,92,8,0.08,0.08469315752387047
78,89,11,0.11,0.09463122960180044
58,79,21,0.21,0.10063600502908229
64,82,18,0.18,0.09550137165933847
78,89,11,0.11,0.0890079851821065
80,90,10,0.1,0.08636829927563668
76,88,12,0.12,0.09043870773166418
80,90,10,0.1,0.08388070285320282
80,90,10,0.1,0.08813997834920884
76,88,12,0.12,0.09031010545790195
78,89,11,0.11,0.08154279511421919
60,80,20,0.2,0.09451142076402902
72,86,14,0.14,0.08623026646673679
70,85,15,0.15,0.08348369497805834
70,85,15,0.15,0.08242739301174878
74,87,13,0.13,0.08137839812785387
60,80,20,0.2,0.08808963313698769
86,93,7,0.07,0.07478712178766728
72,86,14,0.14,0.0865349940955639
90,95,5,0.05,0.0739771569520235
76,88,12,0.12,0.0792114182934165
78,89,11,0.11,0.08422034740447998
74,87,13,0.13,0.08285919021815062
68,84,16,0.16,0.0846852309256792
72,86,14,0.14,0.08139101684093475
54,77,23,0.23,0.0953454028815031
82,91,9,0.09,0.0747281577065587
72,86,14,0.14,0.09029783021658659
84,92,8,0.08,0.074695127569139
82,91,9,0.09,0.08035216476768255
82,91,9,0.09,0.07719916760921479
76,88,12,0.12,0.07755738187581301
84,92,8,0.08,0.07777881428599358
70,85,15,0.15,0.08214431267231703
76,88,12,0.12,0.083245789706707
72,86,14,0.14,0.08092985518276691
70,85,15,0.15,0.08173492785543203
80,90,10,0.1,0.07198518425226212
86,93,7,0.07,0.06882716871798039
84,92,8,0.08,0.07087018411606551
74,87,13,0.13,0.07210124049335719
74,87,13,0.13,0.07735767431557178
74,87,13,0.13,0.07631452221423388
50,75,25,0.25,0.08002570193260908
74,87,13,0.13,0.07617053184658289
70,85,15,0.15,0.08258456699550151
84,92,8,0.08,0.06916455328464508
74,87,13,0.13,0.07174639649689198
56,78,22,0.22,0.07768931612372398
64,82,18,0.18,0.07105229342356324
68,84,16,0.16,0.06917130295187235
58,79,21,0.21,0.07804271146655083
84,92,8,0.08,0.063880586437881
84,92,8,0.08,0.06817116145044565
68,84,16,0.16,0.07658041689544916
66,83,17,0.17,0.07245467204600572
80,90,10,0.1,0.07131019383668899
78,89,11,0.11,0.06363737996667623
56,78,22,0.22,0.07972653947770596
64,82,18,0.18,0.0749942947179079
72,86,14,0.14,0.07077147625386715
80,90,10,0.1,0.07017281007021665
82,91,9,0.09,0.06821835178881884
62,81,19,0.19,0.07733262363821268
72,86,14,0.14,0.07445728536695242
72,86,14,0.14,0.08141803059726954
66,83,17,0.17,0.07589252945035696
76,88,12,0.12,0.0700510297715664
84,92,8,0.08,0.07245227728039026
84,92,8,0.08,0.07158431839197874
74,87,13,0.13,0.07220254253596067
70,85,15,0.15,0.07296693354845046
60,80,20,0.2,0.07435485541820526
66,83,17,0.17,0.07722180224955082
74,87,13,0.13,0.06918395966291428
84,92,8,0.08,0.06899077873677015
88,94,6,0.06,0.06581480741500854
82,91,9,0.09,0.07268738720566034
58,79,21,0.21,0.07513242740184069
70,85,15,0.15,0.08094483602792024
76,88,12,0.12,0.075949453599751
86,93,7,0.07,0.07355811886489391
70,85,15,0.15,0.07839144453406334
84,92,8,0.08,0.07347151938825845
78,89,11,0.11,0.07598094005137682
72,86,14,0.14,0.08373889733105898
66,83,17,0.17,0.07921815417706966
68,84,16,0.16,0.07963695861399174
78,89,11,0.11,0.08207099802792073
56,78,22,0.22,0.08609650541096926
80,90,10,0.1,0.07798694793134928
64,82,18,0.18,0.0798530662804842
66,83,17,0.17,0.0892209468781948
70,85,15,0.15,0.08444267779588699
90,95,5,0.05,0.07429002940654755
66,83,17,0.17,0.08094527907669544
60,80,20,0.2,0.09116360459476709
76,88,12,0.12,0.08443564645946026
78,89,11,0.11,0.08255260583013296
58,79,21,0.21,0.0870044981688261
86,93,7,0.07,0.08685456942766905
78,89,11,0.11,0.09160018429160117
80,90,10,0.1,0.08305384833365678
80,90,10,0.1,0.08121676482260227
72,86,14,0.14,0.09290265511721373
74,87,13,0.13,0.08722106691449881
56,78,22,0.22,0.10257619939744472
68,84,16,0.16,0.09660585261881352
82,91,9,0.09,0.08790395740419626
78,89,11,0.11,0.08984560042619705
66,83,17,0.17,0.0933081616088748
72,86,14,0.14,0.0878649278730154
90,95,5,0.05,0.09170178025960922
80,90,10,0.1,0.0889157310500741
76,88,12,0.12,0.09690545562654734
68,84,16,0.16,0.1051838345080614
64,82,18,0.18,0.09618469849228858
70,85,15,0.15,0.09099280785769225
90,95,5,0.05,0.0810385100916028
78,89,11,0.11,0.09080742727965116
70,85,15,0.15,0.0915797709673643
74,87,13,0.13,0.09842645317316055
80,90,10,0.1,0.08967085160315037
90,95,5,0.05,0.08371373374015093
66,83,17,0.17,0.09434175923466682
82,91,9,0.09,0.08551998022943735
84,92,8,0.08,0.08420766163617373
74,87,13,0.13,0.09641195181757212
68,84,16,0.16,0.10157080359756947
74,87,13,0.13,0.0932372249290347
76,88,12,0.12,0.0885255428403616
70,85,15,0.15,0.09482651904225349
62,81,19,0.19,0.09597307357937097
88,94,6,0.06,0.08453834120184184
76,88,12,0.12,0.09667313657701015
72,86,14,0.14,0.09210802782326936
82,91,9,0.09,0.09142543569207191
78,89,11,0.11,0.09102841131389142
70,85,15,0.15,0.08681949283927679
72,86,14,0.14,0.08824019361287355
68,84,16,0.16,0.09502016972750425
64,82,18,0.18,0.0994970790296793
82,91,9,0.09,0.09071835156530142
62,81,19,0.19,0.10490365963429213
76,88,12,0.12,0.09183830935508012
76,88,12,0.12,0.08677809596061707
80,90,10,0.1,0.09066615842282771
62,81,19,0.19,0.09978273179382086
68,84,16,0.16,0.09064648319035769
70,85,15,0.15,0.10255333211272954
68,84,16,0.16,0.09475608509033918
72,86,14,0.14,0.0957654595002532
80,90,10,0.1,0.08926598105579614
82,91,9,0.09,0.09683811761438847
68,84,16,0.16,0.09496629480272531
74,87,13,0.13,0.09816065043210984
82,91,9,0.09,0.09074943382292985
68,84,16,0.16,0.10183213602751494
62,81,19,0.19,0.10045473530888557
80,90,10,0.1,0.09994436647742987
74,87,13,0.13,0.09780830640345811
80,90,10,0.1,0.08988124653697013
82,91,9,0.09,0.08780651770532132
72,86,14,0.14,0.10415610998868942
78,89,11,0.11,0.09792630497366189
74,87,13,0.13,0.10428326524794101
74,87,13,0.13,0.09849171180278063
84,92,8,0.08,0.09020188804715872
76,88,12,0.12,0.0992001461982727
80,90,10,0.1,0.09260397139936685
60,80,20,0.2,0.10500581324100494
64,82,18,0.18,0.10329007416963577
80,90,10,0.1,0.09151580557227135
76,88,12,0.12,0.1045773871615529
68,84,16,0.16,0.10593151196837425
72,86,14,0.14,0.11036740481853485
72,86,14,0.14,0.10620998613536357
80,90,10,0.1,0.09170857518911361
56,78,22,0.22,0.1041234339773655
76,88,12,0.12,0.10877842299640178
80,90,10,0.1,0.09812884077429772
68,84,16,0.16,0.11191666156053542
76,88,12,0.12,0.10307158570736646
82,91,9,0.09,0.09538158282637596
76,88,12,0.12,0.10659849390387535
64,82,18,0.18,0.10647469133138657
82,91,9,0.09,0.10843611154705286
76,88,12,0.12,0.11124093092978
74,87,13,0.13,0.10742020532488823
92,96,4,0.04,0.10781589537858963
88,94,6,0.06,0.09506539318710566
88,94,6,0.06,0.10190808415412902
74,87,13,0.13,0.10575900197029114
72,86,14,0.14,0.10742991201579571
68,84,16,0.16,0.10922787457704544
46,73,27,0.27,0.11694404661655426
76,88,12,0.12,0.10966827180236578
56,78,22,0.22,0.10966589741408825
78,89,11,0.11,0.10256144728511572
64,82,18,0.18,0.10647566765546798
62,81,19,0.19,0.1191685027629137
50,75,25,0.25,0.11672326982021332
76,88,12,0.12,0.10869424752891063
74,87,13,0.13,0.12198454067111016
78,89,11,0.11,0.10584940031170845
88,94,6,0.06,0.10423314344137907
78,89,11,0.11,0.11345112890005112
90,95,5,0.05,0.10827778741717338
54,77,23,0.23,0.12772994831204415
82,91,9,0.09,0.11605887077748775
62,81,19,0.19,0.12285836219787598
66,83,17,0.17,0.12370875738561153
74,87,13,0.13,0.11478958301246166
62,81,19,0.19,0.1326723361760378
62,81,19,0.19,0.13111560434103012
76,88,12,0.12,0.11480734914541245
68,84,16,0.16,0.13217280566692352
72,86,14,0.14,0.12357759416103363
66,83,17,0.17,0.1387890747189522
82,91,9,0.09,0.12773203961551188
84,92,8,0.08,0.12380222506821155
66,83,17,0.17,0.1295591600984335
76,88,12,0.12,0.13215967386960983
88,94,6,0.06,0.1338473143428564
64,82,18,0.18,0.14299416214227675
54,77,23,0.23,0.14576643005013465
54,77,23,0.23,0.14568540528416635
76,88,12,0.12,0.1336596667766571
74,87,13,0.13,0.14127149097621441
78,89,11,0.11,0.13376461870968342
70,85,15,0.15,0.13217932127416135
80,90,10,0.1,0.1396334320306778
64,82,18,0.18,0.1520765656232834
64,82,18,0.18,0.150347196534276
76,88,12,0.12,0.13258342683315277
68,84,16,0.16,0.14183643594384193
82,91,9,0.09,0.13353842861950396
60,80,20,0.2,0.14478235222399236
82,91,9,0.09,0.1247893051803112
84,92,8,0.08,0.13755304619669914
76,88,12,0.12,0.13833803676068782
72,86,14,0.14,0.14157318226993085
78,89,11,0.11,0.12711116239428522
66,83,17,0.17,0.14056807287037373
86,93,7,0.07,0.13006956778466702
62,81,19,0.19,0.14136251173913478
80,90,10,0.1,0.128216705173254
82,91,9,0.09,0.13565618403255938
78,89,11,0.11,0.1333611359447241
80,90,10,0.1,0.1253223414719105
80,90,10,0.1,0.13111376129090785
72,86,14,0.14,0.1339034529030323
78,89,11,0.11,0.1301559801399708
72,86,14,0.14,0.1218523833155632
66,83,17,0.17,0.12754687786102295
54,77,23,0.23,0.1471988085657358
78,89,11,0.11,0.12390681624412536
66,83,17,0.17,0.13744326017796993
76,88,12,0.12,0.12605757057666778
78,89,11,0.11,0.12472389712929725
88,94,6,0.06,0.10501247525215149
70,85,15,0.15,0.12444445453584194
72,86,14,0.14,0.12475499100983142
72,86,14,0.14,0.12212968319654464
58,79,21,0.21,0.1245922615379095
64,82,18,0.18,0.13765293657779692
74,87,13,0.13,0.12500844530761243
62,81,19,0.19,0.1195010270178318
80,90,10,0.1,0.11100083403289318
86,93,7,0.07,0.10673778474330903
80,90,10,0.1,0.11578784473240375
84,92,8,0.08,0.10398528024554253
70,85,15,0.15,0.12034207746386529
72,86,14,0.14,0.11628364823758602
78,89,11,0.11,0.11010204032063484
80,90,10,0.1,0.10799265392124653
88,94,6,0.06,0.09717616282403468
70,85,15,0.15,0.10996627062559128
72,86,14,0.14,0.10954191140830517
76,88,12,0.12,0.10599334247410297
58,79,21,0.21,0.11231754276901483
72,86,14,0.14,0.10616625428199768
74,87,13,0.13,0.1080145775899291
62,81,19,0.19,0.10422286815941334
74,87,13,0.13,0.10410493396222592
76,88,12,0.12,0.09664342869073153
80,90,10,0.1,0.09287747092545033
68,84,16,0.16,0.10541582591831684
58,79,21,0.21,0.10443555332720279
78,89,11,0.11,0.10120862979441882
66,83,17,0.17,0.09961713641881943
58,79,21,0.21,0.10576265089213849
68,84,16,0.16,0.10428502399474382
64,82,18,0.18,0.09308664046227932
88,94,6,0.06,0.08610085107386112
70,85,15,0.15,0.09697646081447601
84,92,8,0.08,0.08811500504612922
94,97,3,0.03,0.09003603212535381
60,80,20,0.2,0.09481185343116522
90,95,5,0.05,0.09117767047137022
44,72,28,0.28,0.11035883374512195
84,92,8,0.08,0.09138351831585169
64,82,18,0.18,0.09879289597272872
68,84,16,0.16,0.09142847560346126
72,86,14,0.14,0.08578630458563566
78,89,11,0.11,0.08374068096280098
