log_avg_ept_score,log_avg_succ_req,log_avg_blk_req,log_avg_BP_req,log_avg_entropy
44,522,478,0.478,1.6070642455816269
68,534,466,0.466,1.6066469000577928
110,555,445,0.445,1.6065142502784728
72,536,464,0.464,1.6061748707294463
162,581,419,0.419,1.6022965670824052
112,556,444,0.444,1.6009542878866196
124,562,438,0.438,1.6007166739702225
102,551,449,0.449,1.5999805917739869
194,597,403,0.403,1.5820230503082275
160,580,420,0.42,1.577125037431717
238,619,381,0.381,1.573643472790718
154,577,423,0.423,1.5709396314620971
300,650,350,0.35,1.4445764704346657
326,663,337,0.337,1.4172936796545983
344,672,328,0.328,1.3910038970559835
342,671,329,0.329,1.396258504807949
546,773,227,0.227,0.8214107002633882
578,789,211,0.211,0.7604404719520826
622,811,189,0.189,0.6777695712492569
704,852,148,0.148,0.6458212806097581
730,865,135,0.135,0.23215366475945642
752,876,124,0.124,0.21018384498218984
766,883,117,0.117,0.18808149426648402
754,877,123,0.123,0.18054510734008
684,842,158,0.158,0.15454702102406384
700,850,150,0.15,0.16726880208587316
758,879,121,0.121,0.15303113450088404
704,852,148,0.148,0.1494165610783489
692,846,154,0.154,0.14323081670646354
772,886,114,0.114,0.12798574962617568
746,873,127,0.127,0.12594771058418952
770,885,115,0.115,0.10483907393548361
686,843,157,0.157,0.10546231032564787
840,920,80,0.08,0.08318448380400241
758,879,121,0.121,0.09689543098273588
698,849,151,0.151,0.10247617098719404
698,849,151,0.151,0.09189926087515761
754,877,123,0.123,0.09004133428215369
760,880,120,0.12,0.10078943800977867
776,888,112,0.112,0.09534603618170877
786,893,107,0.107,0.09533478474659728
708,854,146,0.146,0.1060302143033366
730,865,135,0.135,0.10934881692276349
782,891,109,0.109,0.10465996635575811
776,888,112,0.112,0.09776396232269507
756,878,122,0.122,0.09254180905375961
812,906,94,0.094,0.0849332514546004
752,876,124,0.124,0.09113773937116093
720,860,140,0.14,0.10192285725203737
720,860,140,0.14,0.1061128813356413
764,882,118,0.118,0.08711700057042616
746,873,127,0.127,0.09991638652490292
718,859,141,0.141,0.10868666611909247
652,826,174,0.174,0.12972358927577443
708,854,146,0.146,0.11656958449484955
690,845,155,0.155,0.13613575325193233
680,840,160,0.16,0.13229482886270852
778,889,111,0.111,0.10668924469428566
714,857,143,0.143,0.11763511510233184
686,843,157,0.157,0.1334317678626976
718,859,141,0.141,0.10937360576100036
710,855,145,0.145,0.10715668875010488
724,862,138,0.138,0.08902112243805277
748,874,126,0.126,0.08891679203979584
738,869,131,0.131,0.11140909785988054
740,870,130,0.13,0.10051515210540674
750,875,125,0.125,0.09830728995716345
802,901,99,0.099,0.08630428312755248
686,843,157,0.157,0.10571161965862848
756,878,122,0.122,0.12776231780195668
724,862,138,0.138,0.11165972185447753
752,876,124,0.124,0.10118747739802347
676,838,162,0.162,0.13409796029307472
786,893,107,0.107,0.10826296622472001
754,877,123,0.123,0.11078256250331947
794,897,103,0.103,0.10522966686129985
730,865,135,0.135,0.09256656891014427
784,892,108,0.108,0.11931315624793205
742,871,129,0.129,0.09228382506018125
716,858,142,0.142,0.10575330748404667
786,893,107,0.107,0.07826850842466229
768,884,116,0.116,0.08291161330755131
740,870,130,0.13,0.08664482770724681
748,874,126,0.126,0.09255941228150914
718,859,141,0.141,0.10188895387134107
734,867,133,0.133,0.0821140904337808
772,886,114,0.114,0.09408854567615708
748,874,126,0.126,0.07721297247306211
736,868,132,0.132,0.08546995900485126
730,865,135,0.135,0.07922621560124389
748,874,126,0.126,0.09998385196947493
844,922,78,0.078,0.05929159052405157
816,908,92,0.092,0.07107084262925491
798,899,101,0.101,0.06240825283773302
782,891,109,0.109,0.0668198141896064
704,852,148,0.148,0.09165584923321149
768,884,116,0.116,0.07132772200858745
780,890,110,0.11,0.07367816259631946
776,888,112,0.112,0.07909257843816886
812,906,94,0.094,0.07668328286687029
746,873,127,0.127,0.08426700063212775
772,886,114,0.114,0.09611076661228435
756,878,122,0.122,0.09089015371001732
702,851,149,0.149,0.11165450280572986
700,850,150,0.15,0.10796691675903275
776,888,112,0.112,0.091788510983577
772,886,114,0.114,0.08978781076246378
744,872,128,0.128,0.09640447622424107
768,884,116,0.116,0.0864975760706584
796,898,102,0.102,0.08527914816490374
746,873,127,0.127,0.08199167088190734
800,900,100,0.1,0.08685583049789874
778,889,111,0.111,0.09722722550045
708,854,146,0.146,0.09071332363691909
744,872,128,0.128,0.0918405336663709
802,901,99,0.099,0.08933074476744514
706,853,147,0.147,0.09509375509952951
756,878,122,0.122,0.09523375772644067
688,844,156,0.156,0.09166529409591749
750,875,125,0.125,0.09474277635828185
802,901,99,0.099,0.07366730735980673
746,873,127,0.127,0.08223306408306234
788,894,106,0.106,0.08032861227421381
740,870,130,0.13,0.06976705107180896
720,860,140,0.14,0.07048385191128181
756,878,122,0.122,0.0753260680083149
744,872,128,0.128,0.09648259670451352
780,890,110,0.11,0.0886334446844412
720,860,140,0.14,0.08992670631821965
812,906,94,0.094,0.08733311168148065
754,877,123,0.123,0.07660063513794739
800,900,100,0.1,0.07413769460383628
794,897,103,0.103,0.0644455438966288
778,889,111,0.111,0.08549498468791716
814,907,93,0.093,0.06312950652138534
770,885,115,0.115,0.06631821816161904
808,904,96,0.096,0.06316425664315466
744,872,128,0.128,0.06644622442895343
722,861,139,0.139,0.06438470550568309
770,885,115,0.115,0.06238885082095567
784,892,108,0.108,0.046222593404570946
770,885,115,0.115,0.06476828694008804
784,892,108,0.108,0.05670850953365152
750,875,125,0.125,0.061224908850919746
796,898,102,0.102,0.061678598788537785
786,893,107,0.107,0.0775509204602713
694,847,153,0.153,0.06299138397365459
744,872,128,0.128,0.07382681061215407
766,883,117,0.117,0.07563801458885427
744,872,128,0.128,0.07505077365456964
734,867,133,0.133,0.06186995801056037
790,895,105,0.105,0.06198835195086212
762,881,119,0.119,0.06806198656530978
650,825,175,0.175,0.08005693028843962
768,884,116,0.116,0.06592894352728035
706,853,147,0.147,0.08251098058049683
776,888,112,0.112,0.08152640734597662
760,880,120,0.12,0.08304304994625272
734,867,133,0.133,0.10942787766101537
758,879,121,0.121,0.08566813771403395
726,863,137,0.137,0.10145871701516444
786,893,107,0.107,0.08952923686930445
790,895,105,0.105,0.08803028290637303
796,898,102,0.102,0.07053023772258894
752,876,124,0.124,0.09084615140722599
718,859,141,0.141,0.09250899409051636
724,862,138,0.138,0.08280922858646954
760,880,120,0.12,0.11241083125874866
798,899,101,0.101,0.09858629052410833
692,846,154,0.154,0.08856319518049713
744,872,128,0.128,0.1046239989203168
776,888,112,0.112,0.08862251449999167
770,885,115,0.115,0.08425414272438501
778,889,111,0.111,0.08109244797227438
756,878,122,0.122,0.08167045104487351
814,907,93,0.093,0.06452286530811398
802,901,99,0.099,0.08408926638017875
808,904,96,0.096,0.07168314644637576
772,886,114,0.114,0.07854745917409309
786,893,107,0.107,0.07408032164616817
686,843,157,0.157,0.08815252791938838
704,852,148,0.148,0.0817278503588168
706,853,147,0.147,0.07850065264220757
718,859,141,0.141,0.08096891813249385
742,871,129,0.129,0.07654777918508626
754,877,123,0.123,0.07863704283427796
686,843,157,0.157,0.08166542630942422
662,831,169,0.169,0.08559614585427334
798,899,101,0.101,0.07550623665761669
756,878,122,0.122,0.06876803364278748
736,868,132,0.132,0.06944888587029709
758,879,121,0.121,0.0830851426350564
788,894,106,0.106,0.06857827865018043
728,864,136,0.136,0.07631657144518976
788,894,106,0.106,0.06996827059076167
708,854,146,0.146,0.060643619170946295
716,858,142,0.142,0.05893210576048295
772,886,114,0.114,0.06382249630516162
718,859,141,0.141,0.07118090832195594
748,874,126,0.126,0.08015167963117256
754,877,123,0.123,0.06903100430025005
730,865,135,0.135,0.07795163984549981
802,901,99,0.099,0.0658083527474082
732,866,134,0.134,0.07354295277278289
750,875,125,0.125,0.0596222560932074
712,856,144,0.144,0.06625028286715678
808,904,96,0.096,0.042097819325361344
684,842,158,0.158,0.05806554118036002
750,875,125,0.125,0.04832422603202576
722,861,139,0.139,0.06584862673122552
790,895,105,0.105,0.06328794716382981
750,875,125,0.125,0.057044523200340334
706,853,147,0.147,0.05311063797107636
846,923,77,0.077,0.04935137162778119
768,884,116,0.116,0.046408008260346835
748,874,126,0.126,0.042098876701653354
768,884,116,0.116,0.04849703622805828
824,912,88,0.088,0.03654722742096055
782,891,109,0.109,0.05542507095029578
744,872,128,0.128,0.06149409760869457
774,887,113,0.113,0.04406969626869977
746,873,127,0.127,0.04964153194733081
780,890,110,0.11,0.0556637152430194
690,845,155,0.155,0.0538086783386243
712,856,144,0.144,0.05909935734902683
762,881,119,0.119,0.048414226606604646
720,860,140,0.14,0.057681900954878074
736,868,132,0.132,0.05904556737698567
732,866,134,0.134,0.061824182951454074
788,894,106,0.106,0.04805145237047691
720,860,140,0.14,0.061559526139113585
668,834,166,0.166,0.07179636504449809
784,892,108,0.108,0.04693574610655196
738,869,131,0.131,0.0489849654981117
808,904,96,0.096,0.046985308401221115
722,861,139,0.139,0.05831352664424776
748,874,126,0.126,0.042357347446351924
754,877,123,0.123,0.048149765000562186
786,893,107,0.107,0.04798823635261942
790,895,105,0.105,0.048393024903110926
726,863,137,0.137,0.0445946745315523
734,867,133,0.133,0.062019520208326864
726,863,137,0.137,0.05855899542975749
748,874,126,0.126,0.04167461940784415
776,888,112,0.112,0.04881634032703005
726,863,137,0.137,0.05251276940130447
712,856,144,0.144,0.049678589858682246
750,875,125,0.125,0.04294758330475088
770,885,115,0.115,0.03576022349627965
740,870,130,0.13,0.046044397574383764
760,880,120,0.12,0.04211757281131577
764,882,118,0.118,0.041670387849801045
690,845,155,0.155,0.040000302279440805
776,888,112,0.112,0.03808554781424027
752,876,124,0.124,0.0378941220945162
764,882,118,0.118,0.05987908691421399
760,880,120,0.12,0.05767344803798187
744,872,128,0.128,0.048631632876309595
744,872,128,0.128,0.049348428509416405
698,849,151,0.151,0.03694724995605066
778,889,111,0.111,0.03790558931349369
798,899,101,0.101,0.04875557183091223
752,876,124,0.124,0.04251688220797223
724,862,138,0.138,0.0419565849972023
752,876,124,0.124,0.05105826637737664
740,870,130,0.13,0.042229411058411645
760,880,120,0.12,0.04130711264885031
766,883,117,0.117,0.03800642364131636
794,897,103,0.103,0.04063485364715598
788,894,106,0.106,0.03993245791034621
800,900,100,0.1,0.03427642870632553
798,899,101,0.101,0.031099334597965936
718,859,141,0.141,0.04121726562245021
776,888,112,0.112,0.04287797402117576
770,885,115,0.115,0.03556791223477922
784,892,108,0.108,0.03297629410904483
810,905,95,0.095,0.035439074120367876
752,876,124,0.124,0.037080955946992615
784,892,108,0.108,0.03175184920689207
734,867,133,0.133,0.04253990300130681
720,860,140,0.14,0.049018053652253
774,887,113,0.113,0.05020620725987101
762,881,119,0.119,0.04943290724865074
708,854,146,0.146,0.045462321230959786
774,887,113,0.113,0.05039967445998218
734,867,133,0.133,0.046628246741340265
748,874,126,0.126,0.04807078619138338
676,838,162,0.162,0.04833081277896417
710,855,145,0.145,0.04883375207014615
758,879,121,0.121,0.04844810724777926
760,880,120,0.12,0.03606859316321789
794,897,103,0.103,0.038680684777689746
794,897,103,0.103,0.04413031337735629
704,852,148,0.148,0.04934676039499391
830,915,85,0.085,0.04319950562847225
796,898,102,0.102,0.03573398440236633
806,903,97,0.097,0.03710362234533386
758,879,121,0.121,0.038497437281854216
736,868,132,0.132,0.04282471582505969
720,860,140,0.14,0.042986164520996684
776,888,112,0.112,0.051018678610766074
766,883,117,0.117,0.05029846269924019
806,903,97,0.097,0.05084012528006861
754,877,123,0.123,0.037304447296068244
778,889,111,0.111,0.039668087553458464
772,886,114,0.114,0.03574157559429659
718,859,141,0.141,0.04085961528367625
796,898,102,0.102,0.03150059775497357
798,899,101,0.101,0.03876413210576595
744,872,128,0.128,0.0336700958138681
770,885,115,0.115,0.02892704834781034
760,880,120,0.12,0.02872113906405866
782,891,109,0.109,0.03148092239367543
794,897,103,0.103,0.03188790944417269
782,891,109,0.109,0.030632116786262487
756,878,122,0.122,0.032279097276346876
748,874,126,0.126,0.03438612216747424
758,879,121,0.121,0.03496694893884705
772,886,114,0.114,0.03995000532723498
844,922,78,0.078,0.03279752500464383
788,894,106,0.106,0.036320253812897135
764,882,118,0.118,0.027140847656308323
682,841,159,0.159,0.042094055127352474
714,857,143,0.143,0.036613329438259824
800,900,100,0.1,0.03161612708617759
764,882,118,0.118,0.031627250212717624
822,911,89,0.089,0.02869883038532862
734,867,133,0.133,0.03293654457028606
748,874,126,0.126,0.03683254348367336
748,874,126,0.126,0.04391569482024352
776,888,112,0.112,0.03542558762346016
746,873,127,0.127,0.040255936192814264
778,889,111,0.111,0.027093183892066008
784,892,108,0.108,0.034688554337164536
814,907,93,0.093,0.034051655774368556
772,886,114,0.114,0.027661489220074144
714,857,143,0.143,0.034516189026799114
744,872,128,0.128,0.03412661909146118
780,890,110,0.11,0.03254309084163105
756,878,122,0.122,0.03355365067357343
760,880,120,0.12,0.03474720330081982
754,877,123,0.123,0.03522826361184707
780,890,110,0.11,0.03684579447374563
768,884,116,0.116,0.02817728821584751
752,876,124,0.124,0.028494082654098748
828,914,86,0.086,0.02656225390804684
740,870,130,0.13,0.02763541507199989
744,872,128,0.128,0.033767799512919736
778,889,111,0.111,0.029222250165987135
786,893,107,0.107,0.024730321249126063
756,878,122,0.122,0.032604137639413236
796,898,102,0.102,0.027064161464906648
834,917,83,0.083,0.02456166900982953
804,902,98,0.098,0.028527310175028107
756,878,122,0.122,0.026483082958406158
806,903,97,0.097,0.02629905175964086
744,872,128,0.128,0.025461610016588566
768,884,116,0.116,0.024380253993822407
790,895,105,0.105,0.0271442416269565
720,860,140,0.14,0.032339912830357205
764,882,118,0.118,0.027271216622792055
804,902,98,0.098,0.02940858829408535
758,879,121,0.121,0.030022933457737964
798,899,101,0.101,0.029337160467955984
796,898,102,0.102,0.0270023733932303
774,887,113,0.113,0.027163093248498627
768,884,116,0.116,0.03485142807896773
770,885,115,0.115,0.03217400587980228
734,867,133,0.133,0.033178636065436876
820,910,90,0.09,0.035319382506454305
730,865,135,0.135,0.04040083649269218
720,860,140,0.14,0.03826727435423527
810,905,95,0.095,0.04035835128279723
658,829,171,0.171,0.05261574730277061
756,878,122,0.122,0.03796692196308868
786,893,107,0.107,0.052325980538967996
758,879,121,0.121,0.04030042342480738
760,880,120,0.12,0.04637979324441403
732,866,134,0.134,0.045163735061898476
786,893,107,0.107,0.0370119904432795
770,885,115,0.115,0.04357699899334693
798,899,101,0.101,0.05271381471148925
858,929,71,0.071,0.03519387705076951
732,866,134,0.134,0.04906888803793118
766,883,117,0.117,0.03453650101355742
820,910,90,0.09,0.041028048830718034
746,873,127,0.127,0.04106698198131926
748,874,126,0.126,0.042070082306760015
812,906,94,0.094,0.04385121070770765
746,873,127,0.127,0.0438652766168816
776,888,112,0.112,0.043792447791434826
804,902,98,0.098,0.03851513397083545
760,880,120,0.12,0.04107657304761233
750,875,125,0.125,0.0555889250182081
774,887,113,0.113,0.04823948963679141
840,920,80,0.08,0.04075200782623142
776,888,112,0.112,0.047844619928044264
754,877,123,0.123,0.04713981927506393
808,904,96,0.096,0.04891969941044226
750,875,125,0.125,0.039219993923790754
828,914,86,0.086,0.03701240619213786
772,886,114,0.114,0.042107124598056545
748,874,126,0.126,0.04483229425351601
758,879,121,0.121,0.04806145004357677
772,886,114,0.114,0.04684282294998411
812,906,94,0.094,0.053062253585289
784,892,108,0.108,0.048578248766832983
752,876,124,0.124,0.05424714565463364
802,901,99,0.099,0.05523491936549545
762,881,119,0.119,0.04975210062647238
772,886,114,0.114,0.048798904047929685
704,852,148,0.148,0.04713499333558138
770,885,115,0.115,0.04673291827292996
776,888,112,0.112,0.05145517884742003
660,830,170,0.17,0.06464571280713426
786,893,107,0.107,0.0505587751462499
766,883,117,0.117,0.0597139429685194
794,897,103,0.103,0.057539454496232795
816,908,92,0.092,0.05268679947539931
772,886,114,0.114,0.05053432614292251
812,906,94,0.094,0.049462444644392235
780,890,110,0.11,0.049374729685339847
830,915,85,0.085,0.04315314973081695
756,878,122,0.122,0.048962307325011355
774,887,113,0.113,0.04306146388441266
792,896,104,0.104,0.046700518483179625
800,900,100,0.1,0.058558663794770836
704,852,148,0.148,0.067605362350223
776,888,112,0.112,0.05209827178157866
700,850,150,0.15,0.06481702372356085
728,864,136,0.136,0.06880312240973581
784,892,108,0.108,0.0619020310214255
828,914,86,0.086,0.049558046918478794
752,876,124,0.124,0.06198531538527459
748,874,126,0.126,0.0700766457245918
778,889,111,0.111,0.07081131128943526
778,889,111,0.111,0.06270765427159494
724,862,138,0.138,0.06280857878923417
756,878,122,0.122,0.05793804349657148
758,879,121,0.121,0.06585715363011696
780,890,110,0.11,0.0641256773637142
738,869,131,0.131,0.06404446407104843
698,849,151,0.151,0.06073459367989562
784,892,108,0.108,0.05549945231259335
784,892,108,0.108,0.05099241452221759
822,911,89,0.089,0.044876319270813834
748,874,126,0.126,0.042295871366863136
728,864,136,0.136,0.042461656952509655
734,867,133,0.133,0.04163385395408841
722,861,139,0.139,0.04968759643181693
738,869,131,0.131,0.04881944142479915
676,838,162,0.162,0.05862731800606707
766,883,117,0.117,0.04956107240286656
794,897,103,0.103,0.04781937228678726
824,912,88,0.088,0.043172881145495924
726,863,137,0.137,0.043863517122808844
814,907,93,0.093,0.03642416900803801
796,898,102,0.102,0.039988097355002535
782,891,109,0.109,0.04582404651120305
744,872,128,0.128,0.049629994213144527
738,869,131,0.131,0.04729229319840669
718,859,141,0.141,0.04659864293604187
778,889,111,0.111,0.04094129617384169
814,907,93,0.093,0.04404352876008488
798,899,101,0.101,0.0430391321136849
754,877,123,0.123,0.04757723439473193
766,883,117,0.117,0.046347616847604516
732,866,134,0.134,0.05391021060437197
772,886,114,0.114,0.04669050117128063
752,876,124,0.124,0.04932537233305629
784,892,108,0.108,0.05115196511358954
758,879,121,0.121,0.0601128729574848
720,860,140,0.14,0.07058404093864373
808,904,96,0.096,0.05559185147442622
768,884,116,0.116,0.053211237402865666
822,911,89,0.089,0.04745090992155019
754,877,123,0.123,0.059771694780210965
758,879,121,0.121,0.05482016662257956
810,905,95,0.095,0.04509727380541153
706,853,147,0.147,0.05297182382689789
716,858,142,0.142,0.058864360619336364
734,867,133,0.133,0.05624073308019433
724,862,138,0.138,0.055554870169376956
752,876,124,0.124,0.05479499560443219
712,856,144,0.144,0.06811664763465523
752,876,124,0.124,0.06694990113051608
796,898,102,0.102,0.06063929697172716
756,878,122,0.122,0.06252676818659529
810,905,95,0.095,0.05312224843725562
758,879,121,0.121,0.049309151942608875
792,896,104,0.104,0.05453758510830812
804,902,98,0.098,0.04815829704562202
858,929,71,0.071,0.04573999018655741
788,894,106,0.106,0.053297495153034107
812,906,94,0.094,0.042449801933951675
798,899,101,0.101,0.04129017642576946
754,877,123,0.123,0.05696495935157873
754,877,123,0.123,0.05426624390925281
772,886,114,0.114,0.05225401668995619
682,841,159,0.159,0.06519228197424673
758,879,121,0.121,0.06397963266214356
758,879,121,0.121,0.0649649726531934
742,871,129,0.129,0.06203676559985615
752,876,124,0.124,0.05396356922609266
738,869,131,0.131,0.06310544244060293
802,901,99,0.099,0.04637381221563555
782,891,109,0.109,0.06120332260476425
742,871,129,0.129,0.05881961862021126
772,886,114,0.114,0.056717718715080995
716,858,142,0.142,0.055575630402192475
832,916,84,0.084,0.05624947157606948
724,862,138,0.138,0.06671974237589165
682,841,159,0.159,0.06957665949640796
748,874,126,0.126,0.06452739879465662
768,884,116,0.116,0.06411585274129175
808,904,96,0.096,0.05346497349906713
832,916,84,0.084,0.06437833427888108
724,862,138,0.138,0.0698134777918458
748,874,126,0.126,0.06146978189283982
788,894,106,0.106,0.06201701026613591
760,880,120,0.12,0.058570203186536676
752,876,124,0.124,0.06553955493104877
780,890,110,0.11,0.06429813457746059
728,864,136,0.136,0.06855973022128456
786,893,107,0.107,0.06863857098616427
758,879,121,0.121,0.06843057534238324
812,906,94,0.094,0.06355010236124509
796,898,102,0.102,0.06135542028909549
778,889,111,0.111,0.06427751828724286
750,875,125,0.125,0.07089340480579995
776,888,112,0.112,0.07030745018227026
760,880,120,0.12,0.06257690266007558
762,881,119,0.119,0.06576244269730523
800,900,100,0.1,0.0631204605908133
792,896,104,0.104,0.06736679211817682
768,884,116,0.116,0.0583312383024022
790,895,105,0.105,0.06006315192766488
730,865,135,0.135,0.06311467030574568
778,889,111,0.111,0.060832313242834064
798,899,101,0.101,0.055460642515448855
754,877,123,0.123,0.05675911707431078
780,890,110,0.11,0.056605069374432784
718,859,141,0.141,0.05968589239474386
806,903,97,0.097,0.05324586607888341
812,906,94,0.094,0.058162345522316174
750,875,125,0.125,0.06290405682800337
710,855,145,0.145,0.05525126636726782
770,885,115,0.115,0.05726417895639315
754,877,123,0.123,0.05571458204707597
720,860,140,0.14,0.05986059529858176
718,859,141,0.141,0.06542770848586224
788,894,106,0.106,0.053120684591587634
752,876,124,0.124,0.05457539369817823
772,886,114,0.114,0.049415323227731275
768,884,116,0.116,0.05154447220661677
790,895,105,0.105,0.05505946294392925
748,874,126,0.126,0.05456432401877828
782,891,109,0.109,0.04910396620025858
778,889,111,0.111,0.047901314011309294
832,916,84,0.084,0.04132715558144264
718,859,141,0.141,0.045425000278279185
782,891,109,0.109,0.04291125937132165
744,872,128,0.128,0.046589194022642916
788,894,106,0.106,0.0451981185223267
798,899,101,0.101,0.05001876422634814
698,849,151,0.151,0.04743100608559325
764,882,118,0.118,0.044981402577948755
756,878,122,0.122,0.04484237613948062
776,888,112,0.112,0.04106856722035445
798,899,101,0.101,0.04433954963041469
756,878,122,0.122,0.04123010983364656
840,920,80,0.08,0.04115266777883517
740,870,130,0.13,0.04537410134542733
708,854,146,0.146,0.05300548658147454
742,871,129,0.129,0.05739499932684703
742,871,129,0.129,0.05451969736884348
770,885,115,0.115,0.04710885645681992
768,884,116,0.116,0.04851328801829368
794,897,103,0.103,0.049458364387624895
716,858,142,0.142,0.0632752936372999
804,902,98,0.098,0.060051930920453744
768,884,116,0.116,0.06016108267148957
748,874,126,0.126,0.05935332006390672
712,856,144,0.144,0.06111430418398231
766,883,117,0.117,0.07069102796260268
784,892,108,0.108,0.06532163199270144
778,889,111,0.111,0.06095169056532904
726,863,137,0.137,0.06400277236010879
730,865,135,0.135,0.05828133924305439
844,922,78,0.078,0.05244329643808305
724,862,138,0.138,0.06332948724890594
780,890,110,0.11,0.06333781621791422
760,880,120,0.12,0.06412017157301307
738,869,131,0.131,0.06827157205389812
762,881,119,0.119,0.06350920719560235
798,899,101,0.101,0.068044278225163
752,876,124,0.124,0.06835103212343528
820,910,90,0.09,0.06869240090996027
752,876,124,0.124,0.07562778042128775
712,856,144,0.144,0.07582348602917045
730,865,135,0.135,0.06882114463904873
762,881,119,0.119,0.07953656666120515
762,881,119,0.119,0.06508005892904475
788,894,106,0.106,0.06175322168134335
760,880,120,0.12,0.07266892817756161
756,878,122,0.122,0.07015131678711622
716,858,142,0.142,0.07874578984628897
734,867,133,0.133,0.08275051164068281
784,892,108,0.108,0.07870893351640552
706,853,147,0.147,0.08916858089156449
784,892,108,0.108,0.09209939259849488
764,882,118,0.118,0.09452521225204691
778,889,111,0.111,0.09975354782864451
754,877,123,0.123,0.09488314079493285
794,897,103,0.103,0.10582545999530703
694,847,153,0.153,0.09197204072680325
784,892,108,0.108,0.0941107837036252
704,852,148,0.148,0.09467093462403864
814,907,93,0.093,0.09048140404000879
714,857,143,0.143,0.09800067544262857
724,862,138,0.138,0.09624992577172815
816,908,92,0.092,0.08476850394532084
694,847,153,0.153,0.10230563228484243
748,874,126,0.126,0.09036815833579749
714,857,143,0.143,0.10636919253692032
764,882,118,0.118,0.10384932393860072
768,884,116,0.116,0.10452545217983425
748,874,126,0.126,0.10829225840512663
726,863,137,0.137,0.10280442743282765
730,865,135,0.135,0.1127681946279481
710,855,145,0.145,0.127752316089347
766,883,117,0.117,0.1255259900763631
828,914,86,0.086,0.11754054994508624
730,865,135,0.135,0.12074958983808756
722,861,139,0.139,0.1110012852717191
730,865,135,0.135,0.10510410479828715
786,893,107,0.107,0.1036748776761815
698,849,151,0.151,0.11320232383348047
764,882,118,0.118,0.10284338505752384
730,865,135,0.135,0.11103459454607219
774,887,113,0.113,0.11303201159089804
744,872,128,0.128,0.12045143270120025
738,869,131,0.131,0.12507878947630524
696,848,152,0.152,0.13142798068374395
802,901,99,0.099,0.12564273214526475
822,911,89,0.089,0.10929797226656228
756,878,122,0.122,0.11175066530983895
808,904,96,0.096,0.1014824697538279
790,895,105,0.105,0.10719833828881382
784,892,108,0.108,0.10283221918717027
776,888,112,0.112,0.08279785906244069
816,908,92,0.092,0.09021019340492785
800,900,100,0.1,0.09941725360997952
724,862,138,0.138,0.12205169398803264
766,883,117,0.117,0.11413227338902653
748,874,126,0.126,0.1218045799843967
784,892,108,0.108,0.12147453423961997
792,896,104,0.104,0.11370729589834809
680,840,160,0.16,0.12520483646355568
746,873,127,0.127,0.11989018712006509
802,901,99,0.099,0.11651492895185947
782,891,109,0.109,0.11852818296477198
776,888,112,0.112,0.11187459297291935
784,892,108,0.108,0.11505314593203365
794,897,103,0.103,0.13065983230154962
766,883,117,0.117,0.12859547960665077
764,882,118,0.118,0.1260588686168194
780,890,110,0.11,0.12960230308678
748,874,126,0.126,0.11777960221283137
772,886,114,0.114,0.1339841637406498
736,868,132,0.132,0.1303748246077448
812,906,94,0.094,0.11596181903500109
802,901,99,0.099,0.10720927177835256
774,887,113,0.113,0.11926325361058115
800,900,100,0.1,0.11287168810144067
680,840,160,0.16,0.11131900488957763
750,875,125,0.125,0.11617662260495126
786,893,107,0.107,0.10661666722409427
780,890,110,0.11,0.10799718540906907
732,866,134,0.134,0.11017070914525538
816,908,92,0.092,0.10082981371227652
796,898,102,0.102,0.10785606052167714
700,850,150,0.15,0.1159394583646208
766,883,117,0.117,0.10153129330277443
716,858,142,0.142,0.10925412938278169
696,848,152,0.152,0.11690314513538033
722,861,139,0.139,0.10876378523558378
746,873,127,0.127,0.10991170729789883
798,899,101,0.101,0.09424161988124251
696,848,152,0.152,0.0907207292476669
772,886,114,0.114,0.08898485191259534
792,896,104,0.104,0.08898046399373562
748,874,126,0.126,0.0850956863667816
762,881,119,0.119,0.08357931060972623
822,911,89,0.089,0.07885869362484664
696,848,152,0.152,0.09861717086657881
646,823,177,0.177,0.10561430652718991
774,887,113,0.113,0.09176686559338122
784,892,108,0.108,0.09212147385627031
776,888,112,0.112,0.09461119428370147
784,892,108,0.108,0.08502104793861508
752,876,124,0.124,0.09669371773954481
754,877,123,0.123,0.08805483037233353
722,861,139,0.139,0.09215103079890832
766,883,117,0.117,0.08042353245522826
764,882,118,0.118,0.08143731491733343
754,877,123,0.123,0.07825164375361054
798,899,101,0.101,0.07688834474794566
784,892,108,0.108,0.06470075818989426
810,905,95,0.095,0.05940574128110893
746,873,127,0.127,0.06135251268884167
768,884,116,0.116,0.0664343106634915
768,884,116,0.116,0.0719248524447903
782,891,109,0.109,0.07038986677513458
742,871,129,0.129,0.07224744792934507
818,909,91,0.091,0.06768132338603026
736,868,132,0.132,0.06988807197008282
766,883,117,0.117,0.06783259993046523
774,887,113,0.113,0.07167070314846932
796,898,102,0.102,0.06804097085911781
776,888,112,0.112,0.07435861888714135
706,853,147,0.147,0.07968564340751619
810,905,95,0.095,0.0735963780535385
740,870,130,0.13,0.0723883879641071
774,887,113,0.113,0.07143076994502917
738,869,131,0.131,0.06922554343938828
752,876,124,0.124,0.0711344381114468
776,888,112,0.112,0.07446756372042
748,874,126,0.126,0.07760371684515849
710,855,145,0.145,0.07766973073268309
782,891,109,0.109,0.07580694437341298
772,886,114,0.114,0.07622158502065576
746,873,127,0.127,0.08307661933312192
792,896,104,0.104,0.07479075081879273
726,863,137,0.137,0.07610792960599065
716,858,142,0.142,0.07287894384097308
728,864,136,0.136,0.07413824199000374
806,903,97,0.097,0.0685338184311986
754,877,123,0.123,0.07157300852844492
746,873,127,0.127,0.07410999983269721
732,866,134,0.134,0.07946477631945163
764,882,118,0.118,0.08309823290351778
734,867,133,0.133,0.0822534796455875
796,898,102,0.102,0.08905350972665474
780,890,110,0.11,0.08986339017562568
674,837,163,0.163,0.09393044338002801
746,873,127,0.127,0.08674083356000482
768,884,116,0.116,0.08516823386680335
722,861,139,0.139,0.0969096098151058
724,862,138,0.138,0.10009011119417846
746,873,127,0.127,0.09385513573884964
762,881,119,0.119,0.09633741700462997
772,886,114,0.114,0.08662543918332086
748,874,126,0.126,0.08743559038080274
752,876,124,0.124,0.08327559189684688
806,903,97,0.097,0.08432670743297785
770,885,115,0.115,0.0831034522773698
748,874,126,0.126,0.07995302927680313
768,884,116,0.116,0.08274639333598316
800,900,100,0.1,0.07888983677979558
756,878,122,0.122,0.08252981657162309
730,865,135,0.135,0.07947109912754968
734,867,133,0.133,0.08291407633991912
694,847,153,0.153,0.07776580797228962
842,921,79,0.079,0.0714453556057997
760,880,120,0.12,0.07569356107944622
764,882,118,0.118,0.07647857271227985
794,897,103,0.103,0.07342202142626048
764,882,118,0.118,0.0709700337080285
758,879,121,0.121,0.07163538837619125
732,866,134,0.134,0.07986489289812744
784,892,108,0.108,0.07511497519828844
760,880,120,0.12,0.07445890506636352
794,897,103,0.103,0.06916230387752875
738,869,131,0.131,0.0781883052168414
744,872,128,0.128,0.08316742309741676
784,892,108,0.108,0.07111028433125466
778,889,111,0.111,0.0734051058278419
776,888,112,0.112,0.07190511866472661
798,899,101,0.101,0.07332524038571864
740,870,130,0.13,0.07907566761411726
756,878,122,0.122,0.07462392006162553
764,882,118,0.118,0.07626213354244828
738,869,131,0.131,0.07874575460143388
744,872,128,0.128,0.08758712539635599
736,868,132,0.132,0.08308012084662915
806,903,97,0.097,0.08349903841502965
748,874,126,0.126,0.08726516402605922
760,880,120,0.12,0.08910032068751753
756,878,122,0.122,0.09265145298093558
742,871,129,0.129,0.08830150991398841
736,868,132,0.132,0.08810455102380366
752,876,124,0.124,0.07430976962298155
758,879,121,0.121,0.07873405807605013
774,887,113,0.113,0.07249704734911211
762,881,119,0.119,0.06964932711794973
726,863,137,0.137,0.07760729600861668
760,880,120,0.12,0.06882574620563536
776,888,112,0.112,0.07574504007026553
762,881,119,0.119,0.07028496966930106
820,910,90,0.09,0.06226579383760691
774,887,113,0.113,0.06561918711476028
780,890,110,0.11,0.06822872709133662
768,884,116,0.116,0.07236666975356638
776,888,112,0.112,0.07091982183977961
732,866,134,0.134,0.07693243020307272
698,849,151,0.151,0.0757506693629548
778,889,111,0.111,0.07269603811670095
800,900,100,0.1,0.07377429751120508
816,908,92,0.092,0.07673936746362597
762,881,119,0.119,0.07440442869067192
820,910,90,0.09,0.07131061920057982
728,864,136,0.136,0.07740290841343812
792,896,104,0.104,0.07245795961748809
806,903,97,0.097,0.07087181577458977
798,899,101,0.101,0.07153989669401199
752,876,124,0.124,0.07257439199276268
772,886,114,0.114,0.07216749789472669
766,883,117,0.117,0.0628950190572068
806,903,97,0.097,0.07089419627189636
728,864,136,0.136,0.07480085171479732
732,866,134,0.134,0.08031617672555148
724,862,138,0.138,0.07770947776176035
760,880,120,0.12,0.07637145355343819
792,896,104,0.104,0.07385968644032255
764,882,118,0.118,0.07974243969097733
826,913,87,0.087,0.06927182166092098
700,850,150,0.15,0.08755608939100057
748,874,126,0.126,0.08037484643235802
792,896,104,0.104,0.07639347250200808
786,893,107,0.107,0.0808657192857936
750,875,125,0.125,0.084012057418935
682,841,159,0.159,0.08434208921156823
724,862,138,0.138,0.07710326877422631
730,865,135,0.135,0.0707960585989058
758,879,121,0.121,0.06939361367328092
810,905,95,0.095,0.06195516176102683
808,904,96,0.096,0.06196660261391662
744,872,128,0.128,0.062248478423571216
760,880,120,0.12,0.059656091833487156
786,893,107,0.107,0.06728179127164186
746,873,127,0.127,0.0679645158406347
818,909,91,0.091,0.06168123971344903
800,900,100,0.1,0.062421919183339926
808,904,96,0.096,0.05800842357845977
806,903,97,0.097,0.054814393300795926
762,881,119,0.119,0.06923642739700153
774,887,113,0.113,0.07200995428860188
756,878,122,0.122,0.07524410420004278
770,885,115,0.115,0.06622672512801364
750,875,125,0.125,0.06914709129557013
802,901,99,0.099,0.06765921237785369
762,881,119,0.119,0.07189976975589525
788,894,106,0.106,0.0701133327530697
836,918,82,0.082,0.061376536284573374
720,860,140,0.14,0.06891719982400536
780,890,110,0.11,0.0680922638233751
722,861,139,0.139,0.07081597031466663
706,853,147,0.147,0.07780117906024679
776,888,112,0.112,0.0803038144055754
722,861,139,0.139,0.07354821794806048
764,882,118,0.118,0.06983235958497971
810,905,95,0.095,0.06602022161893546
694,847,153,0.153,0.06714936594013125
704,852,148,0.148,0.06809095679130406
806,903,97,0.097,0.063674627231434
774,887,113,0.113,0.057909409709274766
710,855,145,0.145,0.05966847485909239
808,904,96,0.096,0.06084300700435415
752,876,124,0.124,0.057365278024226425
758,879,121,0.121,0.0603577117966488
768,884,116,0.116,0.061362622233107685
822,911,89,0.089,0.059841489160433414
742,871,129,0.129,0.0625581618733704
806,903,97,0.097,0.048841484339442104
776,888,112,0.112,0.052829736947081984
760,880,120,0.12,0.05911637591733597
774,887,113,0.113,0.05685707055171952
760,880,120,0.12,0.0643152432339266
804,902,98,0.098,0.06455890444735997
762,881,119,0.119,0.05836926034186035
766,883,117,0.117,0.057671769426204264
728,864,136,0.136,0.05429183145845309
786,893,107,0.107,0.05677984802145511
812,906,94,0.094,0.053301187510136516
740,870,130,0.13,0.05656580282049253
782,891,109,0.109,0.0524728341056034
752,876,124,0.124,0.05337650537956506
830,915,85,0.085,0.045780643309000876
718,859,141,0.141,0.05444003205886111
688,844,156,0.156,0.04820865022717044
758,879,121,0.121,0.04910165014863014
766,883,117,0.117,0.044808645642828195
770,885,115,0.115,0.0484222119175829
778,889,111,0.111,0.04045834667468443
822,911,89,0.089,0.03785547740664333
806,903,97,0.097,0.03659244164754637
812,906,94,0.094,0.034307033874094485
764,882,118,0.118,0.04255161603796296
706,853,147,0.147,0.042967638762202116
794,897,103,0.103,0.04232472365954891
734,867,133,0.133,0.04619447498722002
808,904,96,0.096,0.03617041062342469
802,901,99,0.099,0.034105339466128495
818,909,91,0.091,0.033489029833115636
850,925,75,0.075,0.03083480352326296
728,864,136,0.136,0.04096734493854456
792,896,104,0.104,0.03744779789727181
820,910,90,0.09,0.03874021716415882
748,874,126,0.126,0.04467092177178711
734,867,133,0.133,0.04078677551099099
788,894,106,0.106,0.03839815163938329
788,894,106,0.106,0.03486968601751141
814,907,93,0.093,0.03352872679650318
772,886,114,0.114,0.03441316084330902
782,891,109,0.109,0.03424269289872609
798,899,101,0.101,0.03498284116014838
750,875,125,0.125,0.03731760602677241
666,833,167,0.167,0.03935689762141555
796,898,102,0.102,0.0359559824897442
756,878,122,0.122,0.03418202166911215
740,870,130,0.13,0.03379863772215322
772,886,114,0.114,0.03403498379187658
698,849,151,0.151,0.03884046238218434
646,823,177,0.177,0.04139326128270477
730,865,135,0.135,0.038372612760169435
736,868,132,0.132,0.039641142528271306
734,867,133,0.133,0.04206466737715527
730,865,135,0.135,0.033885819611838085
712,856,144,0.144,0.03500926060648635
778,889,111,0.111,0.03314947094488889
822,911,89,0.089,0.029695789447519928
772,886,114,0.114,0.03684166287444532
744,872,128,0.128,0.037729333606082945
728,864,136,0.136,0.03594432303414214
706,853,147,0.147,0.03470842593116686
810,905,95,0.095,0.026361171645577997
826,913,87,0.087,0.028512672614655458
786,893,107,0.107,0.029411951114423573
758,879,121,0.121,0.030346714531304313
800,900,100,0.1,0.029220890532364138
742,871,129,0.129,0.029008983954787255
784,892,108,0.108,0.028149139742017725
758,879,121,0.121,0.028868388266768307
810,905,95,0.095,0.03190359238954261
742,871,129,0.129,0.03679965124954469
736,868,132,0.132,0.03890762987593189
736,868,132,0.132,0.03612762372032739
768,884,116,0.116,0.038041603854857386
736,868,132,0.132,0.03639128670073114
734,867,133,0.133,0.03802282213699073
740,870,130,0.13,0.03765405756700784
750,875,125,0.125,0.029160222448408605
776,888,112,0.112,0.0319207706223242
780,890,110,0.11,0.028025073347380386
716,858,142,0.142,0.030979607802233657
742,871,129,0.129,0.03058129718573764
740,870,130,0.13,0.027971461084671318
842,921,79,0.079,0.026341592759359628
802,901,99,0.099,0.02850085398752708
790,895,105,0.105,0.030971192203229293
742,871,129,0.129,0.031313739848555996
720,860,140,0.14,0.031181752626085656
834,917,83,0.083,0.02844063816545531
780,890,110,0.11,0.03431781546305865
774,887,113,0.113,0.03503816758445464
748,874,126,0.126,0.03561028331448324
740,870,130,0.13,0.03544473944394849
734,867,133,0.133,0.03835199305193964
780,890,110,0.11,0.03611210013134405
756,878,122,0.122,0.037172676880843934
778,889,111,0.111,0.0384265608927235
738,869,131,0.131,0.038115053297020494
714,857,143,0.143,0.038601982624968514
806,903,97,0.097,0.03615787878842093
696,848,152,0.152,0.04032588374149054
808,904,96,0.096,0.030293662480311467
778,889,111,0.111,0.031048382523469628
744,872,128,0.128,0.03309636037412565
858,929,71,0.071,0.029188781991368158
774,887,113,0.113,0.03359263074840419
774,887,113,0.113,0.03116340722469613
756,878,122,0.122,0.03393348635779694
770,885,115,0.115,0.033882258695317434
716,858,142,0.142,0.03729456139635295
784,892,108,0.108,0.03617794032907114
742,871,129,0.129,0.03660987291694619
798,899,101,0.101,0.03605224727350287
778,889,111,0.111,0.03775684229296167
772,886,114,0.114,0.03898574149864726
770,885,115,0.115,0.04081263312231749
764,882,118,0.118,0.03791618349496275
734,867,133,0.133,0.039886969587299974
774,887,113,0.113,0.04082418999215588
752,876,124,0.124,0.03880361052323133
776,888,112,0.112,0.03929609888140112
776,888,112,0.112,0.042679686696035786
694,847,153,0.153,0.04175053810188547
842,921,79,0.079,0.040508587948046626
746,873,127,0.127,0.041945319303311406
782,891,109,0.109,0.04766641556518152
704,852,148,0.148,0.05038946492411196
754,877,123,0.123,0.049378397982567546
782,891,109,0.109,0.04510976402706001
734,867,133,0.133,0.046274414736195466
750,875,125,0.125,0.04570940471347421
712,856,144,0.144,0.044769268503412604
772,886,114,0.114,0.04193340055271983
782,891,109,0.109,0.033983639707555996
754,877,123,0.123,0.033459180460311475
750,875,125,0.125,0.03428055031923577
798,899,101,0.101,0.03578235212061554
738,869,131,0.131,0.038803652460686865
714,857,143,0.143,0.03645304413430858
762,881,119,0.119,0.03391206204285845
736,868,132,0.132,0.03581287046032958
736,868,132,0.132,0.037536176456604155
732,866,134,0.134,0.038451030157972126
750,875,125,0.125,0.03419555457518436
724,862,138,0.138,0.0381802955144085
774,887,113,0.113,0.03098147907515522
706,853,147,0.147,0.03192363207717426
736,868,132,0.132,0.03626204529823735
734,867,133,0.133,0.0358900341053959
756,878,122,0.122,0.0336663130040979
734,867,133,0.133,0.032888120955089105
774,887,113,0.113,0.03264647222333588
762,881,119,0.119,0.03345330049633048
768,884,116,0.116,0.034051148221828045
718,859,141,0.141,0.03792455949541181
786,893,107,0.107,0.03714074571873061
742,871,129,0.129,0.03358967860089615
796,898,102,0.102,0.0321914714211598
738,869,131,0.131,0.03185762234777212
694,847,153,0.153,0.03452506941603497
790,895,105,0.105,0.03464126307563856
816,908,92,0.092,0.030218209537444637
758,879,121,0.121,0.03132730660191737
796,898,102,0.102,0.030586532582179644
812,906,94,0.094,0.027719571731053293
734,867,133,0.133,0.031026580825215207
784,892,108,0.108,0.03003585444157943
732,866,134,0.134,0.03159041108447127
782,891,109,0.109,0.032427815983304756
768,884,116,0.116,0.03596046576369554
800,900,100,0.1,0.03503135959478095
822,911,89,0.089,0.03690073645906523
726,863,137,0.137,0.03812344907503575
788,894,106,0.106,0.03711919636745006
726,863,137,0.137,0.03887317004613578
776,888,112,0.112,0.03522322544362396
764,882,118,0.118,0.03572460901457816
744,872,128,0.128,0.036442619207547974
778,889,111,0.111,0.035419003701768814
806,903,97,0.097,0.03400466739293188
710,855,145,0.145,0.03844088539713994
770,885,115,0.115,0.0374923862030264
756,878,122,0.122,0.03715102208009921
728,864,136,0.136,0.03878923842636868
726,863,137,0.137,0.0350562947584549
748,874,126,0.126,0.036090072277467695
774,887,113,0.113,0.03520737897092476
784,892,108,0.108,0.03647452605096623
748,874,126,0.126,0.035657702271360905
742,871,129,0.129,0.035336910471320156
798,899,101,0.101,0.03262710564420559
764,882,118,0.118,0.03307159196655266
766,883,117,0.117,0.03276340985088609
768,884,116,0.116,0.03232347540883347
790,895,105,0.105,0.03221171660814434
806,903,97,0.097,0.032552554612164386
762,881,119,0.119,0.0338235352197662
792,896,104,0.104,0.034187537853606044
802,901,99,0.099,0.03658292337669991
734,867,133,0.133,0.04316757183731534
782,891,109,0.109,0.04234692775621079
780,890,110,0.11,0.04173001799266785
800,900,100,0.1,0.03883669768326217
768,884,116,0.116,0.04092609237786383
804,902,98,0.098,0.03869597586244345
800,900,100,0.1,0.038791873319074514
718,859,141,0.141,0.03924743888573721
766,883,117,0.117,0.04937985033961013
722,861,139,0.139,0.04907955886842683
734,867,133,0.133,0.05005274543329142
724,862,138,0.138,0.05432056027278304
748,874,126,0.126,0.0487596580395475
774,887,113,0.113,0.0508101919926703
786,893,107,0.107,0.04823129530064762
730,865,135,0.135,0.049759107529651375
758,879,121,0.121,0.05175157188018784
702,851,149,0.149,0.056261555885896083
758,879,121,0.121,0.055194228750653565
732,866,134,0.134,0.05734614494210109
796,898,102,0.102,0.058781153278425334
740,870,130,0.13,0.06046843250887469
738,869,131,0.131,0.05809905659873039
746,873,127,0.127,0.06264971616119146
728,864,136,0.136,0.061296973186545076
840,920,80,0.08,0.05409853705763817
728,864,136,0.136,0.05966145564988255
796,898,102,0.102,0.055057206349913033
756,878,122,0.122,0.07741500157956034
698,849,151,0.151,0.07830450167972594
726,863,137,0.137,0.08325819291733205
742,871,129,0.129,0.07807511170394718
750,875,125,0.125,0.08082245841389522
780,890,110,0.11,0.07877719252556563
782,891,109,0.109,0.08119172609597444
720,860,140,0.14,0.08887343239039183
746,873,127,0.127,0.1005741284172982
760,880,120,0.12,0.10425711163878441
802,901,99,0.099,0.09793665987066924
788,894,106,0.106,0.09972616238333284
716,858,142,0.142,0.0956628729403019
748,874,126,0.126,0.0900897751711309
732,866,134,0.134,0.09247157971747219
756,878,122,0.122,0.09393629688583315
714,857,143,0.143,0.09079600505810231
728,864,136,0.136,0.09218643757328392
748,874,126,0.126,0.09581762700900436
802,901,99,0.099,0.08435812967643141
838,919,81,0.081,0.08693233640305698
772,886,114,0.114,0.08666511692851782
782,891,109,0.109,0.08031752582918852
790,895,105,0.105,0.08190161210671067
742,871,129,0.129,0.07519851927272976
814,907,93,0.093,0.07411126533756032
802,901,99,0.099,0.07460612109489739
776,888,112,0.112,0.07378149687219411
756,878,122,0.122,0.0908053577709943
768,884,116,0.116,0.08693243814166635
796,898,102,0.102,0.08338124825432897
836,918,82,0.082,0.08269941634126007
776,888,112,0.112,0.08652786302380264
742,871,129,0.129,0.09040868404787034
738,869,131,0.131,0.09096140302717685
804,902,98,0.098,0.08864403820969165
744,872,128,0.128,0.08296154389111325
730,865,135,0.135,0.07946997682901565
796,898,102,0.102,0.07707989936089144
772,886,114,0.114,0.07407167578628286
802,901,99,0.099,0.07418555518635549
726,863,137,0.137,0.08333131208829582
790,895,105,0.105,0.07978566285315901
754,877,123,0.123,0.08702288322523236
724,862,138,0.138,0.08482848148513586
764,882,118,0.118,0.08294905599812046
788,894,106,0.106,0.07789356941916048
772,886,114,0.114,0.07644210118893534
810,905,95,0.095,0.0797616550270468
780,890,110,0.11,0.07758103704825044
700,850,150,0.15,0.08259493995178491
740,870,130,0.13,0.08240314408764243
742,871,129,0.129,0.08581134800706058
746,873,127,0.127,0.08259336868487298
782,891,109,0.109,0.0774691800745204
766,883,117,0.117,0.07648216742370277
750,875,125,0.125,0.06902683917991817
718,859,141,0.141,0.07146851700171829
718,859,141,0.141,0.06310379723180086
790,895,105,0.105,0.05956526764761656
802,901,99,0.099,0.06126245488319546
714,857,143,0.143,0.06823440099228173
764,882,118,0.118,0.05759328812547028
740,870,130,0.13,0.055692473272792996
766,883,117,0.117,0.05488688791170716
812,906,94,0.094,0.05428318213298917
770,885,115,0.115,0.056778934461064634
770,885,115,0.115,0.05442895367089659
810,905,95,0.095,0.05382150271069258
750,875,125,0.125,0.059775311548262836
776,888,112,0.112,0.05755837638583034
760,880,120,0.12,0.06524692238681018
750,875,125,0.125,0.06436605299636722
772,886,114,0.114,0.05920449448237196
794,897,103,0.103,0.06157421849155799
770,885,115,0.115,0.06255328530538827
718,859,141,0.141,0.06737726033851504
778,889,111,0.111,0.06261864020954817
794,897,103,0.103,0.06225748694408685
710,855,145,0.145,0.06891460116859525
700,850,150,0.15,0.07289610356930644
726,863,137,0.137,0.07646034955512732
818,909,91,0.091,0.07286066987551748
752,876,124,0.124,0.07661950376164169
784,892,108,0.108,0.07790040302835405
756,878,122,0.122,0.07440592762827873
792,896,104,0.104,0.08092163398582489
744,872,128,0.128,0.08378387127444148
806,903,97,0.097,0.07803089022822678
808,904,96,0.096,0.08013024795055389
808,904,96,0.096,0.0848629307243973
788,894,106,0.106,0.09247579753026366
768,884,116,0.116,0.09181210624985398
760,880,120,0.12,0.10038490808196365
732,866,134,0.134,0.10662284448556603
738,869,131,0.131,0.10191646133176982
768,884,116,0.116,0.1016367648690939
798,899,101,0.101,0.09912564537487924
774,887,113,0.113,0.10974381686188281
762,881,119,0.119,0.1107578264977783
812,906,94,0.094,0.108910072023049
736,868,132,0.132,0.1094982829876244
784,892,108,0.108,0.10758415172062814
744,872,128,0.128,0.1047149814851582
746,873,127,0.127,0.10879438770189881
808,904,96,0.096,0.10030147163197398
784,892,108,0.108,0.09775781863648444
746,873,127,0.127,0.10481893265433609
748,874,126,0.126,0.09901880691759288
794,897,103,0.103,0.09459720270894467
750,875,125,0.125,0.11448801789432764
752,876,124,0.124,0.12089937095716595
748,874,126,0.126,0.1157746905889362
760,880,120,0.12,0.11510830170102418
736,868,132,0.132,0.11764748074114323
780,890,110,0.11,0.12159616274759173
738,869,131,0.131,0.13503166592493654
768,884,116,0.116,0.1337553726360202
766,883,117,0.117,0.1303049207814038
758,879,121,0.121,0.12588260528072714
708,854,146,0.146,0.12483902499638498
744,872,128,0.128,0.12575676121003926
708,854,146,0.146,0.14035825583711267
710,855,145,0.145,0.14095150236412882
742,871,129,0.129,0.13801542355120183
704,852,148,0.148,0.1415331843495369
790,895,105,0.105,0.12912760246358812
782,891,109,0.109,0.1297831282634288
880,940,60,0.06,0.12010168015211821
758,879,121,0.121,0.13192062546685338
732,866,134,0.134,0.1399055783022195
794,897,103,0.103,0.13660791144892573
740,870,130,0.13,0.13779593070596458
774,887,113,0.113,0.13523891373723745
774,887,113,0.113,0.11855753521248698
802,901,99,0.099,0.11321741981990635
748,874,126,0.126,0.11941785724647343
684,842,158,0.158,0.12475259578973055
766,883,117,0.117,0.12203081391379238
738,869,131,0.131,0.12677538779377936
744,872,128,0.128,0.11851151960715652
714,857,143,0.143,0.11588889815844595
770,885,115,0.115,0.1109674042481929
776,888,112,0.112,0.10708176183886826
788,894,106,0.106,0.11468358976207674
748,874,126,0.126,0.1164716112036258
804,902,98,0.098,0.10256989023089409
790,895,105,0.105,0.0995628845244646
820,910,90,0.09,0.0968789739664644
768,884,116,0.116,0.10245604662038386
798,899,101,0.101,0.10983368841186165
746,873,127,0.127,0.1128951726295054
784,892,108,0.108,0.11519978865142912
742,871,129,0.129,0.11763870478980243
770,885,115,0.115,0.115796850098297
782,891,109,0.109,0.11882683533057571
764,882,118,0.118,0.12549999254755675
738,869,131,0.131,0.13123094673082233
726,863,137,0.137,0.14850678364932537
796,898,102,0.102,0.14337068178877235
748,874,126,0.126,0.15086678805574774
758,879,121,0.121,0.15281352332979442
802,901,99,0.099,0.15422301010414957
754,877,123,0.123,0.15441814648732544
756,878,122,0.122,0.1563657045327127
742,871,129,0.129,0.148840853985399
750,875,125,0.125,0.1279065637178719
764,882,118,0.118,0.1311988330539316
806,903,97,0.097,0.12677122504636645
790,895,105,0.105,0.13009142847731708
762,881,119,0.119,0.12430968994833529
720,860,140,0.14,0.1198796252720058
794,897,103,0.103,0.12021297263540327
780,890,110,0.11,0.11848614822514356
718,859,141,0.141,0.11782981138862669
802,901,99,0.099,0.11287619695812463
800,900,100,0.1,0.10891971001774073
800,900,100,0.1,0.10916306032054127
806,903,97,0.097,0.1283860244061798
724,862,138,0.138,0.13438071568310261
748,874,126,0.126,0.13184131295606494
718,859,141,0.141,0.14095530056953431
766,883,117,0.117,0.14090219087712466
758,879,121,0.121,0.14456840320304037
738,869,131,0.131,0.14058464712649585
744,872,128,0.128,0.14366095921210945
766,883,117,0.117,0.14380091665312647
780,890,110,0.11,0.14459467582032084
804,902,98,0.098,0.14135412323847413
778,889,111,0.111,0.14736058186367154
708,854,146,0.146,0.15432346177473663
718,859,141,0.141,0.15130620224401356
746,873,127,0.127,0.15389682394638657
762,881,119,0.119,0.15510014593973756
710,855,145,0.145,0.15204059548676013
724,862,138,0.138,0.15127490611001848
810,905,95,0.095,0.1437602730281651
794,897,103,0.103,0.13344256123155354
742,871,129,0.129,0.12676184955984354
746,873,127,0.127,0.1292928716428578
736,868,132,0.132,0.13391006180644036
748,874,126,0.126,0.13308268143609167
776,888,112,0.112,0.13737902707234026
772,886,114,0.114,0.13221360956318676
762,881,119,0.119,0.1283716451153159
758,879,121,0.121,0.11163160322979093
790,895,105,0.105,0.10356644102744758
792,896,104,0.104,0.10719835039228201
822,911,89,0.089,0.10005579578690231
744,872,128,0.128,0.11173221857100725
744,872,128,0.128,0.1171133796852082
774,887,113,0.113,0.11408373820222914
786,893,107,0.107,0.11306602426245808
786,893,107,0.107,0.11116994833573698
780,890,110,0.11,0.11164802537858486
726,863,137,0.137,0.11539807802438735
718,859,141,0.141,0.1130061857253313
714,857,143,0.143,0.10692701612599194
804,902,98,0.098,0.10270479296147823
752,876,124,0.124,0.10166654841974378
820,910,90,0.09,0.09353220651112497
808,904,96,0.096,0.09093256883136928
774,887,113,0.113,0.09305274042114615
816,908,92,0.092,0.09271661160513758
736,868,132,0.132,0.12082339914515615
726,863,137,0.137,0.12384575410559774
752,876,124,0.124,0.12558953062444925
772,886,114,0.114,0.12294421447627246
712,856,144,0.144,0.12515832007303834
754,877,123,0.123,0.1206949874330312
738,869,131,0.131,0.12479378143558278
680,840,160,0.16,0.129903097640723
780,890,110,0.11,0.11914675435051322
748,874,126,0.126,0.10720288546010852
744,872,128,0.128,0.11292212104611099
806,903,97,0.097,0.10671632285416126
744,872,128,0.128,0.10949838695675135
796,898,102,0.102,0.11446930451691151
786,893,107,0.107,0.11674946210160851
744,872,128,0.128,0.11514842254482209
760,880,120,0.12,0.11094116626307368
802,901,99,0.099,0.09811766470689326
768,884,116,0.116,0.10289617510698736
750,875,125,0.125,0.1052968740016222
764,882,118,0.118,0.11105168655514717
722,861,139,0.139,0.11888772974722088
792,896,104,0.104,0.11395601798593998
744,872,128,0.128,0.11678761377651245
764,882,118,0.118,0.12220065262541174
778,889,111,0.111,0.11423825575970113
784,892,108,0.108,0.11613152830768377
784,892,108,0.108,0.10992064450867474
776,888,112,0.112,0.11085643405281008
832,916,84,0.084,0.1135957575943321
748,874,126,0.126,0.11716314181126654
756,878,122,0.122,0.1212933872565627
766,883,117,0.117,0.11311993580311537
776,888,112,0.112,0.11661098126694561
808,904,96,0.096,0.11967083491198718
736,868,132,0.132,0.13343685922119766
718,859,141,0.141,0.15125749849528075
804,902,98,0.098,0.1464932510163635
740,870,130,0.13,0.14225275629386305
804,902,98,0.098,0.1358493284061551
734,867,133,0.133,0.1404342980235815
768,884,116,0.116,0.13847540860809385
762,881,119,0.119,0.14413495098426937
740,870,130,0.13,0.14463251806795596
780,890,110,0.11,0.1362251340728253
722,861,139,0.139,0.14668932733871043
814,907,93,0.093,0.1401546101924032
754,877,123,0.123,0.1459100894872099
752,876,124,0.124,0.1446558956131339
732,866,134,0.134,0.14710631093010307
748,874,126,0.126,0.1437651235945523
776,888,112,0.112,0.1458857291713357
742,871,129,0.129,0.14866555292904376
706,853,147,0.147,0.14622965118288994
812,906,94,0.094,0.14246251663565634
836,918,82,0.082,0.12991903134062885
744,872,128,0.128,0.13783563359454273
796,898,102,0.102,0.13621326045691967
794,897,103,0.103,0.13210522723197937
764,882,118,0.118,0.14682109012827277
700,850,150,0.15,0.14953790041804313
748,874,126,0.126,0.14896392249315976
704,852,148,0.148,0.15179017010703683
784,892,108,0.108,0.14390496220439672
752,876,124,0.124,0.14124539556726814
802,901,99,0.099,0.13493098784983157
726,863,137,0.137,0.14169332877546548
780,890,110,0.11,0.1427993473932147
716,858,142,0.142,0.1468654735200107
758,879,121,0.121,0.14076565604656935
730,865,135,0.135,0.1494996019229293
788,894,106,0.106,0.1281180925667286
720,860,140,0.14,0.12763535849004984
734,867,133,0.133,0.12251613754034042
748,874,126,0.126,0.12356868729926646
742,871,129,0.129,0.12301625611260533
824,912,88,0.088,0.11807163406163454
736,868,132,0.132,0.12210458091646433
758,879,121,0.121,0.11875199651904404
760,880,120,0.12,0.12813126017339527
756,878,122,0.122,0.12903044468164443
678,839,161,0.161,0.13881686097756027
734,867,133,0.133,0.13727731734886767
794,897,103,0.103,0.11862496187724172
746,873,127,0.127,0.11776108760014177
770,885,115,0.115,0.11305676009505987
744,872,128,0.128,0.11429798369668424
816,908,92,0.092,0.10548354632593691
750,875,125,0.125,0.11198309881240129
796,898,102,0.102,0.10418498411029577
712,856,144,0.144,0.11147726366668939
780,890,110,0.11,0.10070439821667969
800,900,100,0.1,0.09327818950824439
780,890,110,0.11,0.09283255009911955
790,895,105,0.105,0.0930737829618156
830,915,85,0.085,0.08204582824744285
736,868,132,0.132,0.09325119926966727
752,876,124,0.124,0.10268157256767153
746,873,127,0.127,0.10366704946011304
714,857,143,0.143,0.11200387276336551
770,885,115,0.115,0.11080491590872407
762,881,119,0.119,0.10386150853149592
744,872,128,0.128,0.0989171915082261
762,881,119,0.119,0.09526229893416166
732,866,134,0.134,0.09437970929499716
772,886,114,0.114,0.09827411844208836
702,851,149,0.149,0.0953801843021065
752,876,124,0.124,0.08481283474899828
776,888,112,0.112,0.08025793618150055
752,876,124,0.124,0.07650252510793507
700,850,150,0.15,0.08107869093026966
790,895,105,0.105,0.08516363965906203
782,891,109,0.109,0.08543405628204345
726,863,137,0.137,0.08942811707593501
752,876,124,0.124,0.08931100528687239
722,861,139,0.139,0.08880683541670442
742,871,129,0.129,0.08734796169959008
760,880,120,0.12,0.08661363044194877
788,894,106,0.106,0.08649958031624555
784,892,108,0.108,0.08815791068505496
746,873,127,0.127,0.09311282404512167
758,879,121,0.121,0.0997856353390962
728,864,136,0.136,0.09667543890699744
810,905,95,0.095,0.09306608231924474
800,900,100,0.1,0.09069727387465537
696,848,152,0.152,0.0920353428516537
722,861,139,0.139,0.09083465576730669
770,885,115,0.115,0.09073072505183517
774,887,113,0.113,0.09057235546037555
732,866,134,0.134,0.09111954627837986
820,910,90,0.09,0.08891319653391838
766,883,117,0.117,0.08726506974361838
740,870,130,0.13,0.08825554118864239
832,916,84,0.084,0.08159581725485623
774,887,113,0.113,0.08200747776776553
790,895,105,0.105,0.0749577302094549
798,899,101,0.101,0.07673559205047786
810,905,95,0.095,0.08176953576505185
752,876,124,0.124,0.08151593043096364
734,867,133,0.133,0.0815083034336567
792,896,104,0.104,0.08336063301004469
726,863,137,0.137,0.08530444775335491
782,891,109,0.109,0.0862311184965074
702,851,149,0.149,0.10087958169542253
750,875,125,0.125,0.09869245184399188
798,899,101,0.101,0.09645573029853403
744,872,128,0.128,0.09584373493865132
768,884,116,0.116,0.09425730480067432
782,891,109,0.109,0.08866101026721299
724,862,138,0.138,0.10867208038643003
808,904,96,0.096,0.1018851598519832
746,873,127,0.127,0.10762122195400298
790,895,105,0.105,0.10953392875567079
754,877,123,0.123,0.09974811562895775
824,912,88,0.088,0.09629820716008544
722,861,139,0.139,0.10758121975883841
772,886,114,0.114,0.10347512075677515
712,856,144,0.144,0.11380717130191624
752,876,124,0.124,0.11354658222571015
808,904,96,0.096,0.11121344803273678
780,890,110,0.11,0.11151843006908893
704,852,148,0.148,0.11899662319570779
742,871,129,0.129,0.10720181289128959
744,872,128,0.128,0.10294930854812265
822,911,89,0.089,0.09649068328179419
770,885,115,0.115,0.10221217573527247
814,907,93,0.093,0.10547127071395516
784,892,108,0.108,0.10774209533631801
808,904,96,0.096,0.10516019832529128
746,873,127,0.127,0.11283541565947235
764,882,118,0.118,0.12159109244123101
808,904,96,0.096,0.12563882255926728
744,872,128,0.128,0.12895129119977355
746,873,127,0.127,0.13090989789739252
796,898,102,0.102,0.12240887645259499
766,883,117,0.117,0.1236632307060063
822,911,89,0.089,0.11501120032556356
752,876,124,0.124,0.11204462673701346
734,867,133,0.133,0.10842058288492262
798,899,101,0.101,0.10668390438891948
784,892,108,0.108,0.10076898966170847
758,879,121,0.121,0.09899191486090422
732,866,134,0.134,0.09916536044888198
778,889,111,0.111,0.09785512411035598
786,893,107,0.107,0.09798471652902663
786,893,107,0.107,0.09906197848543524
788,894,106,0.106,0.10801401974819601
734,867,133,0.133,0.10693241741321981
746,873,127,0.127,0.11149634133093059
812,906,94,0.094,0.10526689745113253
760,880,120,0.12,0.11246831504441798
744,872,128,0.128,0.11211242144368588
796,898,102,0.102,0.11705239190161228
714,857,143,0.143,0.12695672377198935
742,871,129,0.129,0.11517460680752993
786,893,107,0.107,0.11607976021803916
790,895,105,0.105,0.12260607694089412
800,900,100,0.1,0.1182132608667016
756,878,122,0.122,0.12191178942285479
778,889,111,0.111,0.1226861148364842
758,879,121,0.121,0.11160066051781177
742,871,129,0.129,0.1113216639496386
788,894,106,0.106,0.10679992902837694
716,858,142,0.142,0.10834966446273028
772,886,114,0.114,0.10308540618792177
730,865,135,0.135,0.10729316070489585
752,876,124,0.124,0.1084478627294302
762,881,119,0.119,0.1106486789956689
758,879,121,0.121,0.110513695968315
716,858,142,0.142,0.10439555488526821
770,885,115,0.115,0.09594646288454532
748,874,126,0.126,0.091398993935436
828,914,86,0.086,0.0862890890724957
790,895,105,0.105,0.08752255406975747
696,848,152,0.152,0.09614094372279942
752,876,124,0.124,0.09701663090474903
776,888,112,0.112,0.09181125275418163
742,871,129,0.129,0.09113098595291376
774,887,113,0.113,0.0931060731895268
736,868,132,0.132,0.08582645831629634
746,873,127,0.127,0.08610431750677526
760,880,120,0.12,0.08472999255359173
802,901,99,0.099,0.08404242162778973
748,874,126,0.126,0.09469312173686921
702,851,149,0.149,0.10017840444482863
748,874,126,0.126,0.09874089268408716
742,871,129,0.129,0.10438298837654293
794,897,103,0.103,0.10160532833077013
784,892,108,0.108,0.10380937817506491
724,862,138,0.138,0.10668659784272314
824,912,88,0.088,0.09932145245373249
770,885,115,0.115,0.09726355224847794
770,885,115,0.115,0.09708294753171504
756,878,122,0.122,0.09657599262334407
794,897,103,0.103,0.09106615776196123
752,876,124,0.124,0.09204705032799393
798,899,101,0.101,0.0873494594693184
764,882,118,0.118,0.08604147243127226
732,866,134,0.134,0.09310937095060945
718,859,141,0.141,0.09478218539990485
772,886,114,0.114,0.08949204253405332
758,879,121,0.121,0.09771387154608965
778,889,111,0.111,0.0941030513420701
750,875,125,0.125,0.08691469028964639
762,881,119,0.119,0.08507919139042497
766,883,117,0.117,0.08822796509135515
762,881,119,0.119,0.09307467606291175
762,881,119,0.119,0.09997364331409335
740,870,130,0.13,0.1054656206201762
740,870,130,0.13,0.10267058504931628
680,840,160,0.16,0.10746619780361652
736,868,132,0.132,0.11439352786540985
754,877,123,0.123,0.10944907493889332
774,887,113,0.113,0.10498222483322024
704,852,148,0.148,0.11128666158020496
796,898,102,0.102,0.10352409099787474
744,872,128,0.128,0.10874305091612041
750,875,125,0.125,0.10810569236427546
828,914,86,0.086,0.09892356301099062
784,892,108,0.108,0.0980148659646511
758,879,121,0.121,0.10024534911103547
818,909,91,0.091,0.09884007045254112
666,833,167,0.167,0.1030281876232475
760,880,120,0.12,0.09841507967561483
744,872,128,0.128,0.09646550227329134
770,885,115,0.115,0.09556589365750551
746,873,127,0.127,0.09729302180930972
766,883,117,0.117,0.08830784307420254
762,881,119,0.119,0.08724843685887754
762,881,119,0.119,0.08809013816900552
760,880,120,0.12,0.08884148642327637
738,869,131,0.131,0.09310832818504423
790,895,105,0.105,0.09099873494729399
746,873,127,0.127,0.0903491444196552
808,904,96,0.096,0.08354968925006688
720,860,140,0.14,0.08945341194607317
822,911,89,0.089,0.08789391869492828
770,885,115,0.115,0.09138677541352809
800,900,100,0.1,0.08810073707252741
802,901,99,0.099,0.10326562309637666
734,867,133,0.133,0.10460884439200163
710,855,145,0.145,0.10098118919320405
760,880,120,0.12,0.0970402304623276
770,885,115,0.115,0.09549678695574403
808,904,96,0.096,0.08980099043063819
772,886,114,0.114,0.09478285385482013
760,880,120,0.12,0.08883913236390799
784,892,108,0.108,0.09606105834431947
738,869,131,0.131,0.09956548364832997
752,876,124,0.124,0.1018704858738929
724,862,138,0.138,0.10487685215100646
784,892,108,0.108,0.1003859763238579
750,875,125,0.125,0.10040304709225893
776,888,112,0.112,0.10364748658053577
690,845,155,0.155,0.10519306285120547
774,887,113,0.113,0.10840240491554141
758,879,121,0.121,0.10650651145540178
794,897,103,0.103,0.10262372958660125
750,875,125,0.125,0.10075484946370125
772,886,114,0.114,0.09454452009871601
742,871,129,0.129,0.09152095853723585
772,886,114,0.114,0.09972419495694339
790,895,105,0.105,0.09812965962849557
782,891,109,0.109,0.09816089113615453
772,886,114,0.114,0.09781841039657593
790,895,105,0.105,0.08870020204223693
762,881,119,0.119,0.09179056252352893
724,862,138,0.138,0.10069362787716091
746,873,127,0.127,0.1039685467351228
740,870,130,0.13,0.1097406724691391
748,874,126,0.126,0.11390330879949033
790,895,105,0.105,0.11498615979589522
788,894,106,0.106,0.11386217839457094
788,894,106,0.106,0.11672383758425713
750,875,125,0.125,0.11766449377685785
728,864,136,0.136,0.11863370513543486
742,871,129,0.129,0.1166862158998847
766,883,117,0.117,0.10859291254729032
750,875,125,0.125,0.10586819513887168
762,881,119,0.119,0.10149088216945529
780,890,110,0.11,0.10101263411249965
830,915,85,0.085,0.0949037210661918
728,864,136,0.136,0.10169730634987355
754,877,123,0.123,0.09814798684045672
716,858,142,0.142,0.10423451667837799
808,904,96,0.096,0.0957746615819633
754,877,123,0.123,0.10132097894325852
756,878,122,0.122,0.10092851169407367
772,886,114,0.114,0.10386286710202694
798,899,101,0.101,0.10124465216882526
732,866,134,0.134,0.11020860927738249
782,891,109,0.109,0.10511001427657903
712,856,144,0.144,0.11151855719648301
692,846,154,0.154,0.11148236389504745
770,885,115,0.115,0.09718925615213811
770,885,115,0.115,0.09983121749758721
768,884,116,0.116,0.10262126050330699
768,884,116,0.116,0.10247891434282065
736,868,132,0.132,0.10920658827573061
762,881,119,0.119,0.1064460290633142
788,894,106,0.106,0.09705310433730482
762,881,119,0.119,0.09910348530113697
714,857,143,0.143,0.09921199658326804
750,875,125,0.125,0.09691396182589233
752,876,124,0.124,0.10222245150152594
774,887,113,0.113,0.10312639110535383
748,874,126,0.126,0.10447999380528927
778,889,111,0.111,0.10192182267084718
794,897,103,0.103,0.0924647854231298
764,882,118,0.118,0.09486499225907027
790,895,105,0.105,0.09532614253275097
742,871,129,0.129,0.09936147236451506
768,884,116,0.116,0.10175894909724593
820,910,90,0.09,0.10203313650004565
726,863,137,0.137,0.1093399079926312
766,883,117,0.117,0.10256191213428974
740,870,130,0.13,0.10510273883491754
740,870,130,0.13,0.10721465309895575
796,898,102,0.102,0.10741566241532564
780,890,110,0.11,0.10892871027998627
670,835,165,0.165,0.11598009192198515
786,893,107,0.107,0.11190828071162105
740,870,130,0.13,0.11071712093241513
784,892,108,0.108,0.10879559274017811
774,887,113,0.113,0.11359650161489844
666,833,167,0.167,0.11863057803735137
722,861,139,0.139,0.1217437746450305
742,871,129,0.129,0.11864246552810073
812,906,94,0.094,0.10863419606909155
750,875,125,0.125,0.11753246948122978
734,867,133,0.133,0.1153847014978528
746,873,127,0.127,0.1133321032114327
790,895,105,0.105,0.11409432436712086
786,893,107,0.107,0.11155018801800906
782,891,109,0.109,0.09809747747145593
746,873,127,0.127,0.09915082783252001
812,906,94,0.094,0.09465598784480243
770,885,115,0.115,0.09358431274071335
786,893,107,0.107,0.09258673873730004
756,878,122,0.122,0.08984654502384365
760,880,120,0.12,0.08887925098091363
796,898,102,0.102,0.08780369198136032
770,885,115,0.115,0.09355656990595163
726,863,137,0.137,0.09562312986701726
694,847,153,0.153,0.09633203979581595
774,887,113,0.113,0.09035246861539781
748,874,126,0.126,0.08999611079134047
674,837,163,0.163,0.0901449353415519
776,888,112,0.112,0.08360667209792882
746,873,127,0.127,0.0864276816919446
814,907,93,0.093,0.08249807986058295
756,878,122,0.122,0.08704025753028691
718,859,141,0.141,0.0896642554551363
788,894,106,0.106,0.07979501335695385
816,908,92,0.092,0.08449833793379366
742,871,129,0.129,0.09126570264995099
772,886,114,0.114,0.08920657693035901
752,876,124,0.124,0.1047956910226494
722,861,139,0.139,0.10913667717762292
714,857,143,0.143,0.10951032917946577
786,893,107,0.107,0.10637727955169976
754,877,123,0.123,0.11070554451271891
796,898,102,0.102,0.10479046365618706
758,879,121,0.121,0.10332681044191122
708,854,146,0.146,0.10778408779203892
782,891,109,0.109,0.09826072055287659
772,886,114,0.114,0.10163736704736948
780,890,110,0.11,0.09777838032506406
780,890,110,0.11,0.09839448565244675
758,879,121,0.121,0.10604928929172457
714,857,143,0.143,0.1166942225061357
732,866,134,0.134,0.11281071689724922
756,878,122,0.122,0.111523632414639
714,857,143,0.143,0.12285695366188884
844,922,78,0.078,0.11042219156771899
760,880,120,0.12,0.1161991212759167
730,865,135,0.135,0.10957917663827539
752,876,124,0.124,0.1036507697366178
750,875,125,0.125,0.10720792038738727
740,870,130,0.13,0.10654172839969396
746,873,127,0.127,0.10536126007512212
796,898,102,0.102,0.10007075852155685
792,896,104,0.104,0.09721976518258453
734,867,133,0.133,0.09803948272392153
738,869,131,0.131,0.10478958856500685
790,895,105,0.105,0.1095105881066993
764,882,118,0.118,0.10792667783424258
708,854,146,0.146,0.11473532664775848
756,878,122,0.122,0.10361814110539853
726,863,137,0.137,0.09499665485881269
772,886,114,0.114,0.09489330672845245
744,872,128,0.128,0.09885265931487083
758,879,121,0.121,0.09110782068222761
794,897,103,0.103,0.0878657252509147
770,885,115,0.115,0.09189303850382566
788,894,106,0.106,0.08963447014242411
746,873,127,0.127,0.10041734373010695
732,866,134,0.134,0.10563131871074438
698,849,151,0.151,0.10941088088229299
742,871,129,0.129,0.10308457737322897
812,906,94,0.094,0.09146471925359219
766,883,117,0.117,0.09537097450345755
736,868,132,0.132,0.1003145004119724
734,867,133,0.133,0.10722971115075051
752,876,124,0.124,0.1071184773594141
748,874,126,0.126,0.11056438165903092
748,874,126,0.126,0.10837529731914401
744,872,128,0.128,0.10765892741456627
708,854,146,0.146,0.11928573298826814
754,877,123,0.123,0.11477132187783719
756,878,122,0.122,0.11580253058671951
794,897,103,0.103,0.11107558363303542
728,864,136,0.136,0.10601742095686495
784,892,108,0.108,0.1050817602518946
790,895,105,0.105,0.10816103960946202
776,888,112,0.112,0.10801243960671127
712,856,144,0.144,0.11998882010951638
782,891,109,0.109,0.12042902920022606
742,871,129,0.129,0.12151522061601282
722,861,139,0.139,0.12262174567580222
764,882,118,0.118,0.12596700491756202
760,880,120,0.12,0.11748829715326428
780,890,110,0.11,0.1170222636051476
768,884,116,0.116,0.1170280335303396
770,885,115,0.115,0.11678501266799868
658,829,171,0.171,0.12372052207961678
822,911,89,0.089,0.11849537272751332
744,872,128,0.128,0.12328440279513597
718,859,141,0.141,0.13185887180641293
810,905,95,0.095,0.12212361173331737
744,872,128,0.128,0.12547826094925404
826,913,87,0.087,0.12066781459003686
774,887,113,0.113,0.13018951584212482
742,871,129,0.129,0.13593010576069356
768,884,116,0.116,0.13476859095320107
804,902,98,0.098,0.1362808952704072
782,891,109,0.109,0.13948659348860384
756,878,122,0.122,0.1468552395030856
754,877,123,0.123,0.1462080739736557
784,892,108,0.108,0.14500361106544732
774,887,113,0.113,0.14965927227959036
744,872,128,0.128,0.15466110156476498
786,893,107,0.107,0.1534548899307847
748,874,126,0.126,0.16239169213920832
740,870,130,0.13,0.16494429080560805
742,871,129,0.129,0.16203977309539913
786,893,107,0.107,0.15136192376166582
798,899,101,0.101,0.14620836956053973
764,882,118,0.118,0.15128298232331872
764,882,118,0.118,0.15229416423663497
804,902,98,0.098,0.14999356185272336
762,881,119,0.119,0.15198887805640698
694,847,153,0.153,0.16104446329176425
708,854,146,0.146,0.16784407168999313
790,895,105,0.105,0.16491910628974438
752,876,124,0.124,0.1732748519703746
728,864,136,0.136,0.16232269167527558
774,887,113,0.113,0.15984122935310005
760,880,120,0.12,0.1551918916143477
744,872,128,0.128,0.16079660170525312
738,869,131,0.131,0.16292288338020444
736,868,132,0.132,0.16082370180264116
742,871,129,0.129,0.16516771606728434
690,845,155,0.155,0.1616203529238701
778,889,111,0.111,0.14009411028400062
744,872,128,0.128,0.13796078529953956
756,878,122,0.122,0.13739883444458245
750,875,125,0.125,0.13316561606153846
794,897,103,0.103,0.12105180977284909
748,874,126,0.126,0.1223115131445229
750,875,125,0.125,0.12262228569388389
752,876,124,0.124,0.12725555590540172
776,888,112,0.112,0.11850393492169678
776,888,112,0.112,0.11667305989190936
752,876,124,0.124,0.12151220325566828
766,883,117,0.117,0.11415249421447515
786,893,107,0.107,0.11410456399992108
756,878,122,0.122,0.11482270565629006
710,855,145,0.145,0.1173356619514525
778,889,111,0.111,0.1142696446981281
788,894,106,0.106,0.10770505344867706
746,873,127,0.127,0.11224031461961567
764,882,118,0.118,0.10966473297402263
808,904,96,0.096,0.10307328459620475
786,893,107,0.107,0.10769487373158336
784,892,108,0.108,0.10686767394468188
692,846,154,0.154,0.11547699753567577
740,870,130,0.13,0.11129282854497433
814,907,93,0.093,0.10085963811632245
766,883,117,0.117,0.10038196540251375
758,879,121,0.121,0.09871488594077528
718,859,141,0.141,0.09766064147651196
748,874,126,0.126,0.0913666415810585
752,876,124,0.124,0.09352063161693513
782,891,109,0.109,0.0923815174549818
730,865,135,0.135,0.09778618657588958
730,865,135,0.135,0.09464138009957969
714,857,143,0.143,0.09377788086049259
758,879,121,0.121,0.09244966752268374
724,862,138,0.138,0.0903030836135149
800,900,100,0.1,0.07510976802743971
808,904,96,0.096,0.07446142309904098
724,862,138,0.138,0.07563186831399799
736,868,132,0.132,0.07430732232704759
828,914,86,0.086,0.0711074325144291
736,868,132,0.132,0.07755597566440701
692,846,154,0.154,0.07897243058867752
760,880,120,0.12,0.07801112093217671
740,870,130,0.13,0.07918200848251582
728,864,136,0.136,0.0788334465958178
742,871,129,0.129,0.07690247382596135
742,871,129,0.129,0.0752285330388695
792,896,104,0.104,0.07856728233303875
750,875,125,0.125,0.0826376213338226
784,892,108,0.108,0.08230495073832572
716,858,142,0.142,0.0827321824207902
726,863,137,0.137,0.08202129590883851
814,907,93,0.093,0.07935021457262337
826,913,87,0.087,0.08157763873785734
676,838,162,0.162,0.0921288695950061
750,875,125,0.125,0.09002026457712055
754,877,123,0.123,0.09199482692964375
744,872,128,0.128,0.0966546838991344
800,900,100,0.1,0.09331794896535575
746,873,127,0.127,0.08742846667487174
760,880,120,0.12,0.08932950099743903
800,900,100,0.1,0.08324728868436068
780,890,110,0.11,0.08470227627828718
736,868,132,0.132,0.09618407489266247
762,881,119,0.119,0.09608308848924935
782,891,109,0.109,0.08855331664346158
758,879,121,0.121,0.08780448186956347
802,901,99,0.099,0.07515518155135215
756,878,122,0.122,0.07812689972668886
834,917,83,0.083,0.07143764997459948
742,871,129,0.129,0.07844984548352658
782,891,109,0.109,0.07396120807901024
804,902,98,0.098,0.06962280310411006
778,889,111,0.111,0.06849210681021213
726,863,137,0.137,0.07721958538517355
740,870,130,0.13,0.08026749517209827
746,873,127,0.127,0.07638979381881654
700,850,150,0.15,0.07678665902465581
744,872,128,0.128,0.07483817694615573
806,903,97,0.097,0.06768732298444957
774,887,113,0.113,0.07005015873163939
790,895,105,0.105,0.0578851251937449
776,888,112,0.112,0.057688883192837236
798,899,101,0.101,0.056251328404061496
856,928,72,0.072,0.053230788930319246
720,860,140,0.14,0.07348840341344476
726,863,137,0.137,0.07215384061448277
762,881,119,0.119,0.07612879822403193
712,856,144,0.144,0.07646737725008279
690,845,155,0.155,0.07513362000510096
732,866,134,0.134,0.07367194750905037
782,891,109,0.109,0.06502708527073264
796,898,102,0.102,0.06489448317745701
804,902,98,0.098,0.05322980207297951
854,927,73,0.073,0.049877004309557375
758,879,121,0.121,0.058036224549636244
766,883,117,0.117,0.06064733468554914
726,863,137,0.137,0.07598794385045766
728,864,136,0.136,0.07616595048829913
738,869,131,0.131,0.076588742332533
728,864,136,0.136,0.07890141600370407
722,861,139,0.139,0.06978423640597611
738,869,131,0.131,0.06965557799767703
806,903,97,0.097,0.06471350538358092
818,909,91,0.091,0.061889466563239695
746,873,127,0.127,0.07012249987013638
752,876,124,0.124,0.06797468307660892
750,875,125,0.125,0.06543119456246495
736,868,132,0.132,0.07023024028353393
740,870,130,0.13,0.0728914391938597
750,875,125,0.125,0.07011239385418594
804,902,98,0.098,0.06733348906831815
732,866,134,0.134,0.07396874668262898
822,911,89,0.089,0.06168343957467005
760,880,120,0.12,0.06655206304229797
754,877,123,0.123,0.06508976234775037
720,860,140,0.14,0.06519468571245671
754,877,123,0.123,0.07337399076856672
740,870,130,0.13,0.07186763877235353
706,853,147,0.147,0.07498438162729144
782,891,109,0.109,0.07019572519231587
788,894,106,0.106,0.06887270116247236
728,864,136,0.136,0.0701840318692848
746,873,127,0.127,0.07257775949127972
760,880,120,0.12,0.07546121717896312
762,881,119,0.119,0.07423688004165888
742,871,129,0.129,0.07077711236476898
774,887,113,0.113,0.07554524245858192
742,871,129,0.129,0.0743061080724001
812,906,94,0.094,0.06699305166490375
776,888,112,0.112,0.06691626279428602
756,878,122,0.122,0.07207301489636302
774,887,113,0.113,0.06475862070731819
696,848,152,0.152,0.07567807267606258
772,886,114,0.114,0.07538596339803189
730,865,135,0.135,0.0754222131613642
718,859,141,0.141,0.07857904824055731
726,863,137,0.137,0.0813171951379627
726,863,137,0.137,0.08368819564022124
748,874,126,0.126,0.08307684969343244
732,866,134,0.134,0.09029006550833583
770,885,115,0.115,0.0919208048246801
732,866,134,0.134,0.09573924446105957
790,895,105,0.105,0.09074086900241674
798,899,101,0.101,0.08313668803125619
768,884,116,0.116,0.08205792698822915
760,880,120,0.12,0.08435166632197798
752,876,124,0.124,0.08425835485942662
750,875,125,0.125,0.09059156062826514
760,880,120,0.12,0.0847101116385311
794,897,103,0.103,0.08160224682185799
762,881,119,0.119,0.0842865640707314
708,854,146,0.146,0.0955177882295102
726,863,137,0.137,0.09981078907102346
748,874,126,0.126,0.09929194689635187
748,874,126,0.126,0.1011018933840096
820,910,90,0.09,0.09147976407967508
776,888,112,0.112,0.07898808485642075
806,903,97,0.097,0.08091696134209633
732,866,134,0.134,0.08435000609979033
764,882,118,0.118,0.08096648852527141
804,902,98,0.098,0.07837147780321538
798,899,101,0.101,0.08078587688785047
826,913,87,0.087,0.07391650398820639
784,892,108,0.108,0.07315884375199676
768,884,116,0.116,0.080007632561028
748,874,126,0.126,0.08327614843472839
748,874,126,0.126,0.08863057337142527
768,884,116,0.116,0.09059449618496
766,883,117,0.117,0.0828556955885142
774,887,113,0.113,0.07888199688959867
736,868,132,0.132,0.07539149197097868
798,899,101,0.101,0.07046612896583974
766,883,117,0.117,0.0733676289319992
762,881,119,0.119,0.07637268770858645
710,855,145,0.145,0.07949427980184555
772,886,114,0.114,0.07772741930000485
796,898,102,0.102,0.06744329521246255
780,890,110,0.11,0.07245531313121319
716,858,142,0.142,0.07601018339861185
790,895,105,0.105,0.0733329975064844
720,860,140,0.14,0.08045814552996308
848,924,76,0.076,0.0688450529128313
716,858,142,0.142,0.06800540884211659
748,874,126,0.126,0.07299611169286072
764,882,118,0.118,0.06834463310521097
820,910,90,0.09,0.06993411564826965
700,850,150,0.15,0.07638279769290239
744,872,128,0.128,0.07382066676951946
778,889,111,0.111,0.07629202357959003
764,882,118,0.118,0.08146561421081423
760,880,120,0.12,0.0794207732770592
754,877,123,0.123,0.08176753134652973
692,846,154,0.154,0.09071720526926219
784,892,108,0.108,0.08285681964457035
740,870,130,0.13,0.08122162419743836
802,901,99,0.099,0.07535828503593803
748,874,126,0.126,0.06956530614662916
808,904,96,0.096,0.06068865470029414
744,872,128,0.128,0.06701209488790483
810,905,95,0.095,0.06468525013234466
726,863,137,0.137,0.07026540435757488
770,885,115,0.115,0.06852268288936467
774,887,113,0.113,0.06689313690178096
788,894,106,0.106,0.06598766968771816
742,871,129,0.129,0.06109664290491491
780,890,110,0.11,0.06099192638136446
780,890,110,0.11,0.05897505215927958
728,864,136,0.136,0.06562850111816078
756,878,122,0.122,0.06924754519294947
758,879,121,0.121,0.0702390131931752
796,898,102,0.102,0.06932265439257025
778,889,111,0.111,0.06728452806174755
808,904,96,0.096,0.05781543338485062
768,884,116,0.116,0.06498551021516323
760,880,120,0.12,0.06809157743118703
804,902,98,0.098,0.06623895666748285
844,922,78,0.078,0.06390975704230369
694,847,153,0.153,0.07208371514268219
782,891,109,0.109,0.07138147116079926
754,877,123,0.123,0.07511003688350319
776,888,112,0.112,0.07358816855307669
762,881,119,0.119,0.07219384253025055
770,885,115,0.115,0.0701452639773488
806,903,97,0.097,0.06681062343530357
790,895,105,0.105,0.07294466048665345
762,881,119,0.119,0.07395238603837788
748,874,126,0.126,0.07752536831609905
818,909,91,0.091,0.07439707545377314
776,888,112,0.112,0.07663898950070143
702,851,149,0.149,0.07961032476834953
728,864,136,0.136,0.07472535560652614
744,872,128,0.128,0.07294336387887597
788,894,106,0.106,0.06819512317143381
816,908,92,0.092,0.06809825655538589
720,860,140,0.14,0.07149074129574001
722,861,139,0.139,0.07354862401261926
720,860,140,0.14,0.07109694941714406
736,868,132,0.132,0.0664640361154452
740,870,130,0.13,0.06709938727039844
800,900,100,0.1,0.06468959560990334
748,874,126,0.126,0.06623207349143923
730,865,135,0.135,0.06705624443665147
740,870,130,0.13,0.060888655895367266
776,888,112,0.112,0.06129689412564039
716,858,142,0.142,0.06383361286949367
786,893,107,0.107,0.06121349961496889
730,865,135,0.135,0.06922061994113028
740,870,130,0.13,0.07241814045701175
712,856,144,0.144,0.07224104521609843
736,868,132,0.132,0.06660805109143257
728,864,136,0.136,0.06323071990162134
820,910,90,0.09,0.05991494554281235
818,909,91,0.091,0.06053643256891519
736,868,132,0.132,0.06578197300247848
798,899,101,0.101,0.06300923018250615
798,899,101,0.101,0.06262299547530711
808,904,96,0.096,0.06160516324825585
742,871,129,0.129,0.0671861010370776
746,873,127,0.127,0.07915197435580194
706,853,147,0.147,0.08033110496401787
710,855,145,0.145,0.08131413822434842
740,870,130,0.13,0.08227685347944498
760,880,120,0.12,0.084461341785267
752,876,124,0.124,0.08233393985033036
760,880,120,0.12,0.08152646554261446
796,898,102,0.102,0.07711497850343585
822,911,89,0.089,0.07658185424655675
790,895,105,0.105,0.07975769782066346
724,862,138,0.138,0.08163965619541705
718,859,141,0.141,0.08219392861425877
746,873,127,0.127,0.08920459000207484
728,864,136,0.136,0.09013047167100012
752,876,124,0.124,0.09085333571955562
714,857,143,0.143,0.09243002436496317
788,894,106,0.106,0.08537786120548845
702,851,149,0.149,0.09024244801700115
744,872,128,0.128,0.08946616925299168
748,874,126,0.126,0.08683523137494922
736,868,132,0.132,0.07783602420799435
766,883,117,0.117,0.07816545995511115
786,893,107,0.107,0.07668018413893879
792,896,104,0.104,0.07471948013361543
792,896,104,0.104,0.06883494441118092
770,885,115,0.115,0.07197093525156378
690,845,155,0.155,0.07451156879216432
766,883,117,0.117,0.07609556332416832
770,885,115,0.115,0.08454926179908216
736,868,132,0.132,0.09111472009820863
740,870,130,0.13,0.08983875058032573
760,880,120,0.12,0.08926712561957538
826,913,87,0.087,0.08217326821759344
822,911,89,0.089,0.08195984340459109
738,869,131,0.131,0.0838148444108665
762,881,119,0.119,0.07938983515277505
766,883,117,0.117,0.07697089733649046
850,925,75,0.075,0.07488650808855891
758,879,121,0.121,0.07585255003534258
726,863,137,0.137,0.07882872672379017
754,877,123,0.123,0.08710886948183179
736,868,132,0.132,0.0870787870362401
714,857,143,0.143,0.09239409993216395
708,854,146,0.146,0.09179088340327143
672,836,164,0.164,0.0918094885777682
746,873,127,0.127,0.09091134490072728
766,883,117,0.117,0.08508757476322353
740,870,130,0.13,0.0858225812278688
760,880,120,0.12,0.09018787574768067
748,874,126,0.126,0.08982586228847504
710,855,145,0.145,0.09191100625693797
702,851,149,0.149,0.09316082169860601
754,877,123,0.123,0.08250735270231963
748,874,126,0.126,0.08301320006884634
764,882,118,0.118,0.0853728057127446
772,886,114,0.114,0.08497615609876812
766,883,117,0.117,0.08989154794439673
796,898,102,0.102,0.09079563320428133
772,886,114,0.114,0.09191681204736232
778,889,111,0.111,0.09678354579862207
730,865,135,0.135,0.11116269176453351
720,860,140,0.14,0.11624067733157425
762,881,119,0.119,0.11161721464246512
790,895,105,0.105,0.10313179116137326
824,912,88,0.088,0.09483906077593565
750,875,125,0.125,0.1004776845369488
818,909,91,0.091,0.09478438568487764
686,843,157,0.157,0.10638450690917671
738,869,131,0.131,0.09708876009471715
738,869,131,0.131,0.09830776455253362
756,878,122,0.122,0.0995183492191136
770,885,115,0.115,0.09795302649773657
750,875,125,0.125,0.08573786494601518
788,894,106,0.106,0.08597940545529127
774,887,113,0.113,0.08561501853074878
734,867,133,0.133,0.08192491025850177
764,882,118,0.118,0.08032132570259273
736,868,132,0.132,0.08368278358504176
736,868,132,0.132,0.07890403071790933
754,877,123,0.123,0.07776629775576294
726,863,137,0.137,0.08172943708114326
740,870,130,0.13,0.07996574715524912
786,893,107,0.107,0.07762436750903726
724,862,138,0.138,0.0783846421353519
818,909,91,0.091,0.07503595812059939
778,889,111,0.111,0.07470976997166873
778,889,111,0.111,0.07113479997962713
782,891,109,0.109,0.07011341703217476
738,869,131,0.131,0.08093446856923402
752,876,124,0.124,0.07835534549690783
780,890,110,0.11,0.07558600997552276
762,881,119,0.119,0.07753619013354182
780,890,110,0.11,0.07102808738220483
760,880,120,0.12,0.07364204202592373
772,886,114,0.114,0.07795141178462654
754,877,123,0.123,0.07621918549761177
794,897,103,0.103,0.06853230654448271
730,865,135,0.135,0.07195261617004871
792,896,104,0.104,0.0703365799561143
746,873,127,0.127,0.07499809551611543
784,892,108,0.108,0.07394493845012039
786,893,107,0.107,0.0714827549578622
788,894,106,0.106,0.07083549283258617
786,893,107,0.107,0.07294857233390212
812,906,94,0.094,0.07185531338397413
718,859,141,0.141,0.07786184387281538
774,887,113,0.113,0.07502560382336378
750,875,125,0.125,0.07607368191145361
812,906,94,0.094,0.07496584530733526
772,886,114,0.114,0.073309978030622
766,883,117,0.117,0.07436472043767571
758,879,121,0.121,0.07839887678995729
736,868,132,0.132,0.07716549766436219
736,868,132,0.132,0.08308528308197856
786,893,107,0.107,0.07612223963439464
816,908,92,0.092,0.07910344770830124
784,892,108,0.108,0.07834075381979347
778,889,111,0.111,0.07657684893719852
712,856,144,0.144,0.08436336329765617
816,908,92,0.092,0.07853396856971086
772,886,114,0.114,0.07891335689276457
794,897,103,0.103,0.08067386691272259
804,902,98,0.098,0.08296687452495098
738,869,131,0.131,0.08218786749243737
786,893,107,0.107,0.07765661658346654
756,878,122,0.122,0.0799716355074197
740,870,130,0.13,0.08759797916188836
812,906,94,0.094,0.09132865011133254
786,893,107,0.107,0.08922947937063873
812,906,94,0.094,0.08801328699663281
726,863,137,0.137,0.0867155599463731
778,889,111,0.111,0.08058339215628803
778,889,111,0.111,0.08571525453962385
762,881,119,0.119,0.08832566813565791
748,874,126,0.126,0.09919316910579801
810,905,95,0.095,0.09914391247183084
742,871,129,0.129,0.09957747545652092
772,886,114,0.114,0.10555514825507999
748,874,126,0.126,0.10435844386741519
826,913,87,0.087,0.10552557658776641
782,891,109,0.109,0.10566572888754308
808,904,96,0.096,0.10411572724208236
756,878,122,0.122,0.12069203613325953
760,880,120,0.12,0.12695076963305474
776,888,112,0.112,0.12193424747511744
736,868,132,0.132,0.12985080056637527
826,913,87,0.087,0.11438689718768001
750,875,125,0.125,0.1137657299991697
758,879,121,0.121,0.11756623010337353
740,870,130,0.13,0.11152364524453878
728,864,136,0.136,0.10987198911979794
784,892,108,0.108,0.11078680624999106
778,889,111,0.111,0.10981890641525388
730,865,135,0.135,0.11121092932671309
770,885,115,0.115,0.10830404321104288
712,856,144,0.144,0.10915519933030009
750,875,125,0.125,0.10637519469112158
766,883,117,0.117,0.10355715293250978
708,854,146,0.146,0.11264930608123541
754,877,123,0.123,0.11119551644846797
746,873,127,0.127,0.10740960613079369
792,896,104,0.104,0.09978514784201979
790,895,105,0.105,0.09832343777641654
754,877,123,0.123,0.10087610988132656
792,896,104,0.104,0.10093862372823059
742,871,129,0.129,0.1100998663250357
812,906,94,0.094,0.09912577258795499
742,871,129,0.129,0.10323601465672255
810,905,95,0.095,0.1004620429109782
736,868,132,0.132,0.10560775180533528
786,893,107,0.107,0.10100970338098705
762,881,119,0.119,0.10330851925909519
770,885,115,0.115,0.11213306552171708
730,865,135,0.135,0.11681525849923491
766,883,117,0.117,0.12125143948569894
792,896,104,0.104,0.12321264766529202
696,848,152,0.152,0.12358690877817571
708,854,146,0.146,0.12389291303604841
782,891,109,0.109,0.11756204633414745
708,854,146,0.146,0.12494409588724374
712,856,144,0.144,0.12441958994045854
778,889,111,0.111,0.12129058996587992
730,865,135,0.135,0.12902445843815805
726,863,137,0.137,0.12652388076484203
788,894,106,0.106,0.12434329632297159
724,862,138,0.138,0.12913956084102393
734,867,133,0.133,0.13450112365931272
782,891,109,0.109,0.13224019741639495
762,881,119,0.119,0.1365217514783144
706,853,147,0.147,0.1394905642569065
784,892,108,0.108,0.15387986446917057
666,833,167,0.167,0.16551818725466727
750,875,125,0.125,0.16388343418762089
790,895,105,0.105,0.1599179806150496
756,878,122,0.122,0.15134317239373923
746,873,127,0.127,0.15092466669529678
786,893,107,0.107,0.14387983289361
786,893,107,0.107,0.13924145605415106
708,854,146,0.146,0.1369603189304471
802,901,99,0.099,0.13807665956020354
704,852,148,0.148,0.15768017674982548
764,882,118,0.118,0.1528800940364599
818,909,91,0.091,0.14825923178344966
734,867,133,0.133,0.14386524817347526
778,889,111,0.111,0.13651344669237733
772,886,114,0.114,0.13509576608240603
746,873,127,0.127,0.12973986208066343
764,882,118,0.118,0.1289878916107118
784,892,108,0.108,0.1275838488265872
846,923,77,0.077,0.12432266661152244
752,876,124,0.124,0.1250524537153542
748,874,126,0.126,0.12559708236530423
786,893,107,0.107,0.12066048922389745
772,886,114,0.114,0.11625861909985542
750,875,125,0.125,0.11004679541289807
800,900,100,0.1,0.10090507653355599
742,871,129,0.129,0.09805323657020927
768,884,116,0.116,0.10068633919022978
764,882,118,0.118,0.0971273791976273
754,877,123,0.123,0.09328239042218775
786,893,107,0.107,0.09165720899775624
756,878,122,0.122,0.0959822406899184
794,897,103,0.103,0.08878961179219186
760,880,120,0.12,0.09349785861559212
808,904,96,0.096,0.0890512920692563
758,879,121,0.121,0.09172169791907073
714,857,143,0.143,0.0990549644716084
740,870,130,0.13,0.09667023337259889
752,876,124,0.124,0.09739927896857262
770,885,115,0.115,0.08745997657999396
826,913,87,0.087,0.08266335620544851
822,911,89,0.089,0.09096001534629614
770,885,115,0.115,0.09255869634635747
784,892,108,0.108,0.09628181864880025
734,867,133,0.133,0.10732889154739678
756,878,122,0.122,0.09653871801309287
706,853,147,0.147,0.09820159490220248
784,892,108,0.108,0.09815065467730165
780,890,110,0.11,0.08658691014349461
824,912,88,0.088,0.08383895489014685
804,902,98,0.098,0.0862526785414666
752,876,124,0.124,0.08820048382878304
770,885,115,0.115,0.08396522763185203
776,888,112,0.112,0.08402213016152382
748,874,126,0.126,0.08770617636851967
776,888,112,0.112,0.08723781481571495
706,853,147,0.147,0.08909039643779397
712,856,144,0.144,0.09378196862898767
724,862,138,0.138,0.09278679769299925
788,894,106,0.106,0.09084789306670428
742,871,129,0.129,0.09468066330254078
762,881,119,0.119,0.08841922990605235
758,879,121,0.121,0.08795577901415527
732,866,134,0.134,0.08947542452253401
726,863,137,0.137,0.09597239982895553
788,894,106,0.106,0.08853690850175917
722,861,139,0.139,0.09279217549785972
726,863,137,0.137,0.08961456578597427
772,886,114,0.114,0.09079087767377496
764,882,118,0.118,0.08638255227543414
690,845,155,0.155,0.08631403061840683
802,901,99,0.099,0.07140851333644241
726,863,137,0.137,0.06971315944567323
702,851,149,0.149,0.0778563900757581
714,857,143,0.143,0.08264037494175136
690,845,155,0.155,0.08136832556733861
788,894,106,0.106,0.08122564242780209
744,872,128,0.128,0.07404069694131613
786,893,107,0.107,0.07015868364274502
768,884,116,0.116,0.06925113401934505
766,883,117,0.117,0.06796869545616209
718,859,141,0.141,0.0705867846161127
738,869,131,0.131,0.07243256049416959
770,885,115,0.115,0.068419743783772
694,847,153,0.153,0.06821899741515518
788,894,106,0.106,0.06234285484626889
808,904,96,0.096,0.057217462471686305
764,882,118,0.118,0.06073663759417832
786,893,107,0.107,0.0599981900062412
726,863,137,0.137,0.06099107758887112
846,923,77,0.077,0.05314391373842955
794,897,103,0.103,0.052216411357745525
774,887,113,0.113,0.05291138167865574
796,898,102,0.102,0.050198463207110765
804,902,98,0.098,0.051332372795790435
802,901,99,0.099,0.05433570802491158
786,893,107,0.107,0.05333779079373926
788,894,106,0.106,0.0485066522853449
764,882,118,0.118,0.05279359136149287
782,891,109,0.109,0.05147659653890878
832,916,84,0.084,0.05048468905035406
724,862,138,0.138,0.058307709828019146
756,878,122,0.122,0.05437839913927019
792,896,104,0.104,0.05248399474006146
732,866,134,0.134,0.055722117500379684
788,894,106,0.106,0.05162172493059188
782,891,109,0.109,0.05232824056223035
710,855,145,0.145,0.053822006172500554
822,911,89,0.089,0.05058655466139317
736,868,132,0.132,0.04930467059649527
814,907,93,0.093,0.052009655572474
780,890,110,0.11,0.050106963905505834
758,879,121,0.121,0.05290018562087789
806,903,97,0.097,0.052439378236420454
758,879,121,0.121,0.05029463350586593
790,895,105,0.105,0.04940495930612087
778,889,111,0.111,0.049502828146331015
762,881,119,0.119,0.04945199447125197
760,880,120,0.12,0.04666973874717951
746,873,127,0.127,0.047821858456358314
808,904,96,0.096,0.046637930543161926
768,884,116,0.116,0.049601640191860495
764,882,118,0.118,0.052951484565623104
768,884,116,0.116,0.050683904909528794
756,878,122,0.122,0.051550826992839575
746,873,127,0.127,0.05503770636953414
742,871,129,0.129,0.052780831629410385
746,873,127,0.127,0.05212366237817332
794,897,103,0.103,0.052490740336477756
806,903,97,0.097,0.04860524994553998
750,875,125,0.125,0.05756453351397067
784,892,108,0.108,0.05745881851669401
770,885,115,0.115,0.06605470605101436
708,854,146,0.146,0.06670959235541522
760,880,120,0.12,0.05956589081138373
752,876,124,0.124,0.06355918697919696
746,873,127,0.127,0.060289680887013676
770,885,115,0.115,0.05713069647550583
778,889,111,0.111,0.05663160573784262
768,884,116,0.116,0.056889694537967446
810,905,95,0.095,0.05418300920259207
730,865,135,0.135,0.05593445395957679
758,879,121,0.121,0.05240659773722291
780,890,110,0.11,0.050842110249213875
760,880,120,0.12,0.05135726045630872
760,880,120,0.12,0.05581205656845122
788,894,106,0.106,0.05960984223242849
764,882,118,0.118,0.05962027235608548
728,864,136,0.136,0.059983547934331
788,894,106,0.106,0.059449652837589385
842,921,79,0.079,0.05755382116883993
746,873,127,0.127,0.06358183075301349
726,863,137,0.137,0.06307595065329225
730,865,135,0.135,0.06570403588842601
774,887,113,0.113,0.07309508384019137
758,879,121,0.121,0.07257059515826404
704,852,148,0.148,0.07634780637733639
778,889,111,0.111,0.06802278338931501
784,892,108,0.108,0.07350768770556897
724,862,138,0.138,0.07665029269270598
744,872,128,0.128,0.07789124582707882
722,861,139,0.139,0.08211175771057606
740,870,130,0.13,0.08236081828549505
770,885,115,0.115,0.08134554389677942
768,884,116,0.116,0.08151567399501801
764,882,118,0.118,0.07655017737299204
800,900,100,0.1,0.07540990668255836
788,894,106,0.106,0.07785246178321541
762,881,119,0.119,0.08190655256807804
702,851,149,0.149,0.08660916892439127
796,898,102,0.102,0.08633758537843823
792,896,104,0.104,0.08455360615812242
738,869,131,0.131,0.09393368642777204
740,870,130,0.13,0.08956773518584668
728,864,136,0.136,0.08933767862897367
774,887,113,0.113,0.08652335715666414
766,883,117,0.117,0.08651461483165622
786,893,107,0.107,0.08435667418129743
756,878,122,0.122,0.0862180438041687
754,877,123,0.123,0.08770034918747842
814,907,93,0.093,0.08347161449864507
780,890,110,0.11,0.08353928147163242
776,888,112,0.112,0.08388593761622906
728,864,136,0.136,0.08624358838237822
788,894,106,0.106,0.07923359204083681
750,875,125,0.125,0.08209272591769695
772,886,114,0.114,0.06743531371839344
766,883,117,0.117,0.07092677139304579
734,867,133,0.133,0.07497369070816785
780,890,110,0.11,0.07476923394016921
782,891,109,0.109,0.07846710807457566
780,890,110,0.11,0.07889899932965637
728,864,136,0.136,0.08059851117618382
806,903,97,0.097,0.07460377501696348
730,865,135,0.135,0.07457910410221666
760,880,120,0.12,0.07401754361204803
792,896,104,0.104,0.06961331811547279
782,891,109,0.109,0.0692671651598066
786,893,107,0.107,0.06609695703163743
816,908,92,0.092,0.06727697485964745
696,848,152,0.152,0.07382639867439866
786,893,107,0.107,0.06733421692997217
730,865,135,0.135,0.0736281613074243
796,898,102,0.102,0.071168078744784
724,862,138,0.138,0.07831276885326952
746,873,127,0.127,0.07272115014493466
746,873,127,0.127,0.06822009547054768
830,915,85,0.085,0.06783054823800921
720,860,140,0.14,0.07163547888584434
810,905,95,0.095,0.06655123000964522
728,864,136,0.136,0.0721024052426219
826,913,87,0.087,0.06441800297796726
804,902,98,0.098,0.06186096425354481
762,881,119,0.119,0.06648139662761242
738,869,131,0.131,0.0680458722319454
730,865,135,0.135,0.07374047706648708
762,881,119,0.119,0.07457483311928809
730,865,135,0.135,0.0756644578911364
788,894,106,0.106,0.07756873090937734
720,860,140,0.14,0.07673765110783279
786,893,107,0.107,0.07255877104401588
734,867,133,0.133,0.07376569953747093
732,866,134,0.134,0.08021442121081054
724,862,138,0.138,0.08623380958475173
744,872,128,0.128,0.08216625095903873
752,876,124,0.124,0.08263616662472487
810,905,95,0.095,0.07251204831711948
768,884,116,0.116,0.07018975802510977
774,887,113,0.113,0.07456405266001821
808,904,96,0.096,0.07215769603103399
662,831,169,0.169,0.08056981631554663
748,874,126,0.126,0.08043387161754072
734,867,133,0.133,0.07696903299167752
798,899,101,0.101,0.07432357641123236
718,859,141,0.141,0.0760307236481458
734,867,133,0.133,0.07172266186587513
772,886,114,0.114,0.06160330557450652
778,889,111,0.111,0.062091062081977726
736,868,132,0.132,0.06941483213379979
684,842,158,0.158,0.07285134098306298
760,880,120,0.12,0.07815690329670906
738,869,131,0.131,0.07795266700908542
680,840,160,0.16,0.07386131956428289
742,871,129,0.129,0.07042908887099475
786,893,107,0.107,0.05973701802734285
838,919,81,0.081,0.0552071447558701
830,915,85,0.085,0.056113638964481655
736,868,132,0.132,0.05993303044326603
732,866,134,0.134,0.0603138426784426
842,921,79,0.079,0.05529557133279741
806,903,97,0.097,0.05673245427198708
790,895,105,0.105,0.05580423271097243
816,908,92,0.092,0.054086881070397795
750,875,125,0.125,0.05278449028916657
772,886,114,0.114,0.055858136627823116
752,876,124,0.124,0.05572018538881093
770,885,115,0.115,0.05194604264944792
722,861,139,0.139,0.05409656002372503
830,915,85,0.085,0.04700447966530919
780,890,110,0.11,0.04828563778102398
740,870,130,0.13,0.047557402726262805
786,893,107,0.107,0.04689222409576178
816,908,92,0.092,0.04924280864559114
790,895,105,0.105,0.05091018891334534
722,861,139,0.139,0.058605133907403795
774,887,113,0.113,0.057949906209483745
746,873,127,0.127,0.05683970600087196
764,882,118,0.118,0.05519870545621961
756,878,122,0.122,0.046968659186270086
822,911,89,0.089,0.04375967499427497
798,899,101,0.101,0.04118216956593096
760,880,120,0.12,0.043164806867484
748,874,126,0.126,0.04895025103073567
744,872,128,0.128,0.04598555239289999
808,904,96,0.096,0.04666982154548168
750,875,125,0.125,0.04708016674872488
734,867,133,0.133,0.04453240772709251
780,890,110,0.11,0.042303482475690546
786,893,107,0.107,0.04123356291651726
756,878,122,0.122,0.0421173231722787
808,904,96,0.096,0.03667941452562809
748,874,126,0.126,0.03938076556008309
756,878,122,0.122,0.03707822743803263
774,887,113,0.113,0.036698520428501066
764,882,118,0.118,0.04369794012140483
766,883,117,0.117,0.042186167012900115
772,886,114,0.114,0.042411259861662984
750,875,125,0.125,0.04375465820450336
768,884,116,0.116,0.04224460121244192
710,855,145,0.145,0.04890284378826618
816,908,92,0.092,0.04445645359763876
762,881,119,0.119,0.04778183005237952
800,900,100,0.1,0.061545855929143724
698,849,151,0.151,0.06397557152993977
720,860,140,0.14,0.06337937451712787
708,854,146,0.146,0.06181046755425632
758,879,121,0.121,0.05316408579982817
740,870,130,0.13,0.05451485252194106
796,898,102,0.102,0.0526290636761114
722,861,139,0.139,0.05555548032093793
740,870,130,0.13,0.05214341886527836
802,901,99,0.099,0.04980705808196217
772,886,114,0.114,0.05270868941489607
790,895,105,0.105,0.048591918283142146
710,855,145,0.145,0.051259693791158495
726,863,137,0.137,0.05196925535146147
818,909,91,0.091,0.04923014765046537
764,882,118,0.118,0.05265907541103661
762,881,119,0.119,0.06003574815299362
716,858,142,0.142,0.0613141763638705
818,909,91,0.091,0.05821818626858294
796,898,102,0.102,0.055980718678794804
782,891,109,0.109,0.06007708221673966
790,895,105,0.105,0.05819168564770371
772,886,114,0.114,0.05798399348929524
750,875,125,0.125,0.059253347903490065
798,899,101,0.101,0.05602610191702843
760,880,120,0.12,0.05860828835517168
732,866,134,0.134,0.06006292108632624
784,892,108,0.108,0.05662947346456349
718,859,141,0.141,0.0665568666793406
780,890,110,0.11,0.06683843699563295
742,871,129,0.129,0.06701566646341234
708,854,146,0.146,0.06587635622173547
750,875,125,0.125,0.055919781690463424
816,908,92,0.092,0.051669772210530936
782,891,109,0.109,0.05311663514841348
830,915,85,0.085,0.05238427026756108
766,883,117,0.117,0.05913799559418112
770,885,115,0.115,0.05626725725736469
740,870,130,0.13,0.05664485589507967
802,901,99,0.099,0.05176432234421372
742,871,129,0.129,0.05781241634860635
732,866,134,0.134,0.06237003819551319
816,908,92,0.092,0.05598488202504814
702,851,149,0.149,0.06281525750737638
768,884,116,0.116,0.053382765278220175
798,899,101,0.101,0.05355442900583148
742,871,129,0.129,0.05434971009287983
766,883,117,0.117,0.056276357548311354
746,873,127,0.127,0.060722332456149164
728,864,136,0.136,0.057907698561437425
810,905,95,0.095,0.05585098619852215
792,896,104,0.104,0.05670001259073615
758,879,121,0.121,0.06113894645310938
732,866,134,0.134,0.06313965559471399
742,871,129,0.129,0.06423847379535437
752,876,124,0.124,0.06530723038874567
752,876,124,0.124,0.0653978122137487
780,890,110,0.11,0.0639059801697731
726,863,137,0.137,0.07211507683061064
732,866,134,0.134,0.07233202075306326
710,855,145,0.145,0.06999417081288993
774,887,113,0.113,0.06758684496209025
798,899,101,0.101,0.06423971977084875
754,877,123,0.123,0.06610294169001281
816,908,92,0.092,0.07282455347478389
714,857,143,0.143,0.08187372883036732
766,883,117,0.117,0.08248860554769635
756,878,122,0.122,0.08462039975076914
732,866,134,0.134,0.08703926882706582
804,902,98,0.098,0.07849401120282709
782,891,109,0.109,0.08268093895539641
716,858,142,0.142,0.08846930048242212
774,887,113,0.113,0.1011442051511258
730,865,135,0.135,0.10136817348189651
774,887,113,0.113,0.11108949122019113
772,886,114,0.114,0.10565931750275194
754,877,123,0.123,0.09606827273219824
784,892,108,0.108,0.10356183955445886
788,894,106,0.106,0.09420862869359553
740,870,130,0.13,0.08941694145463407
742,871,129,0.129,0.08366244040429592
710,855,145,0.145,0.08579671701975167
792,896,104,0.104,0.08473217133060097
758,879,121,0.121,0.0841402693297714
660,830,170,0.17,0.08475294651649892
754,877,123,0.123,0.07521752970665693
782,891,109,0.109,0.07087234334461391
784,892,108,0.108,0.06893287996016442
754,877,123,0.123,0.07230191334336997
750,875,125,0.125,0.06490001203678548
762,881,119,0.119,0.06216456579370424
746,873,127,0.127,0.06292761062085629
798,899,101,0.101,0.062369133181869985
776,888,112,0.112,0.06271612923406064
708,854,146,0.146,0.07273569806292653
838,919,81,0.081,0.06441886222921311
776,888,112,0.112,0.06541190045326949
748,874,126,0.126,0.07008387959003448
746,873,127,0.127,0.0632287131017074
742,871,129,0.129,0.06272234956733883
798,899,101,0.101,0.06083093080483377
794,897,103,0.103,0.06382620439492166
748,874,126,0.126,0.07066472547128796
770,885,115,0.115,0.0668247522264719
788,894,106,0.106,0.0661932163797319
764,882,118,0.118,0.06248644630610943
770,885,115,0.115,0.06359645679406822
722,861,139,0.139,0.06994138871319593
758,879,121,0.121,0.06853307634033262
774,887,113,0.113,0.06962194883823394
834,917,83,0.083,0.07224320065462962
742,871,129,0.129,0.07456956188753247
732,866,134,0.134,0.0765627314131707
750,875,125,0.125,0.07614094800315797
782,891,109,0.109,0.07019230975210666
752,876,124,0.124,0.06878584493137896
806,903,97,0.097,0.06573407343216241
662,831,169,0.169,0.06739098465070129
816,908,92,0.092,0.05530815866775811
812,906,94,0.094,0.052216711642220616
752,876,124,0.124,0.055338589461520316
774,887,113,0.113,0.05432277657277882
768,884,116,0.116,0.05227996357157826
762,881,119,0.119,0.051223356668837365
752,876,124,0.124,0.05361370903067291
766,883,117,0.117,0.0535505535248667
748,874,126,0.126,0.05622244366072118
764,882,118,0.118,0.0546099492283538
794,897,103,0.103,0.054591428680345416
720,860,140,0.14,0.05832018079981208
800,900,100,0.1,0.05544130242522806
816,908,92,0.092,0.05350213251076639
728,864,136,0.136,0.051849698034115134
750,875,125,0.125,0.05183845757972449
796,898,102,0.102,0.0568082542270422
762,881,119,0.119,0.05750983445253223
712,856,144,0.144,0.05857219128590077
752,876,124,0.124,0.05733205973077565
760,880,120,0.12,0.05280726626329124
732,866,134,0.134,0.05310971793998033
800,900,100,0.1,0.050921738534700126
818,909,91,0.091,0.05058888163324445
732,866,134,0.134,0.059798597865737976
784,892,108,0.108,0.061684143810532985
754,877,123,0.123,0.06034196058474481
732,866,134,0.134,0.06448886945657432
754,877,123,0.123,0.05541742044407874
816,908,92,0.092,0.05551894125435501
770,885,115,0.115,0.05638110265135765
744,872,128,0.128,0.056877204017713665
776,888,112,0.112,0.052638602859340605
756,878,122,0.122,0.05000006578397006
778,889,111,0.111,0.04819398122280836
836,918,82,0.082,0.0448018072322011
752,876,124,0.124,0.04922758604679257
756,878,122,0.122,0.04814434214588255
722,861,139,0.139,0.05041290544066578
824,912,88,0.088,0.044726591625250875
752,876,124,0.124,0.04235736021026969
752,876,124,0.124,0.044100683969445525
764,882,118,0.118,0.042496828390285374
750,875,125,0.125,0.0470124884317629
726,863,137,0.137,0.04275837697368115
782,891,109,0.109,0.0427699396465905
758,879,121,0.121,0.04401671612262726
812,906,94,0.094,0.040654454436153176
708,854,146,0.146,0.05534865242056548
764,882,118,0.118,0.05207992622349411
746,873,127,0.127,0.0500739179905504
766,883,117,0.117,0.048858286312781274
692,846,154,0.154,0.040442410520277916
808,904,96,0.096,0.04073949687322602
836,918,82,0.082,0.039163455890491604
790,895,105,0.105,0.040836624259129164
776,888,112,0.112,0.04347039936762303
758,879,121,0.121,0.04332731682714075
742,871,129,0.129,0.04576950163301081
724,862,138,0.138,0.04940439113322646
802,901,99,0.099,0.04703075139131397
746,873,127,0.127,0.04711584693240002
766,883,117,0.117,0.04520615529548377
766,883,117,0.117,0.047162181372754276
768,884,116,0.116,0.04140844131167978
770,885,115,0.115,0.04248766139382496
778,889,111,0.111,0.041075201272498814
720,860,140,0.14,0.041790239214897155
738,869,131,0.131,0.04195288629364222
798,899,101,0.101,0.039334163259714845
706,853,147,0.147,0.042284479027613994
814,907,93,0.093,0.03826730584912002
788,894,106,0.106,0.03635507944040001
766,883,117,0.117,0.03550198142230511
810,905,95,0.095,0.034222125438041984
768,884,116,0.116,0.03506624958431348
760,880,120,0.12,0.03759894429706037
836,918,82,0.082,0.034878219195641574
772,886,114,0.114,0.03778588093072176
844,922,78,0.078,0.03920199065748602
710,855,145,0.145,0.043295412393286825
768,884,116,0.116,0.04368630841630511
732,866,134,0.134,0.04636758631002158
798,899,101,0.101,0.04387385487370193
692,846,154,0.154,0.047117704790085556
760,880,120,0.12,0.045629735702648756
766,883,117,0.117,0.042805950494483117
748,874,126,0.126,0.04425130465440452
750,875,125,0.125,0.04641119935270399
766,883,117,0.117,0.04666843229997903
756,878,122,0.122,0.04502672227472067
758,879,121,0.121,0.046129403276368976
804,902,98,0.098,0.04038135837391019
776,888,112,0.112,0.03916823664773256
794,897,103,0.103,0.04252201685495675
744,872,128,0.128,0.03947383539704606
752,876,124,0.124,0.04208167460095137
790,895,105,0.105,0.04206109524425119
726,863,137,0.137,0.042802621093112975
804,902,98,0.098,0.03846693926025182
748,874,126,0.126,0.04077514588180929
762,881,119,0.119,0.04038898226059973
748,874,126,0.126,0.04360944587923586
770,885,115,0.115,0.045561105858534574
706,853,147,0.147,0.04867784663569182
748,874,126,0.126,0.04639762600697577
758,879,121,0.121,0.046737622894346714
714,857,143,0.143,0.046507903882302346
718,859,141,0.141,0.04571266170497984
772,886,114,0.114,0.04727106560114771
764,882,118,0.118,0.0436097635673359
812,906,94,0.094,0.04566017477214336
740,870,130,0.13,0.04732718364149332
764,882,118,0.118,0.04692822978273034
744,872,128,0.128,0.04915681218542159
724,862,138,0.138,0.0475335014462471
806,903,97,0.097,0.04250467778742313
774,887,113,0.113,0.044290164850652215
780,890,110,0.11,0.045847564119379965
768,884,116,0.116,0.0464201136128977
730,865,135,0.135,0.04614727944228798
818,909,91,0.091,0.04428202497772873
808,904,96,0.096,0.04673140331543982
696,848,152,0.152,0.04907431663386524
730,865,135,0.135,0.04718032355699688
806,903,97,0.097,0.046907140688970686
744,872,128,0.128,0.05293100192956626
802,901,99,0.099,0.0481229811264202
780,890,110,0.11,0.04964413500577211
716,858,142,0.142,0.05147943280637264
696,848,152,0.152,0.06302085073105991
740,870,130,0.13,0.06291412129905075
730,865,135,0.135,0.0653853724822402
714,857,143,0.143,0.06607416862621904
742,871,129,0.129,0.0625594798065722
788,894,106,0.106,0.05996743617672473
766,883,117,0.117,0.06087004536902532
814,907,93,0.093,0.058906088876537976
782,891,109,0.109,0.0643182897940278
794,897,103,0.103,0.06359042951371521
718,859,141,0.141,0.06399463006854057
732,866,134,0.134,0.0634531437586993
802,901,99,0.099,0.054919619823805985
822,911,89,0.089,0.05457933639362454
742,871,129,0.129,0.054668736996129154
718,859,141,0.141,0.058831195520237085
788,894,106,0.106,0.0497845246270299
846,923,77,0.077,0.04886163515876979
766,883,117,0.117,0.04884696390479803
818,909,91,0.091,0.05228440410736948
748,874,126,0.126,0.05881098748464137
758,879,121,0.121,0.05882157342787832
712,856,144,0.144,0.06168734106421471
776,888,112,0.112,0.05941477145627141
750,875,125,0.125,0.06353188597038388
804,902,98,0.098,0.057919908318668605
756,878,122,0.122,0.06242950649186969
766,883,117,0.117,0.058501740005798636
768,884,116,0.116,0.051424327904358504
796,898,102,0.102,0.049390212520956996
798,899,101,0.101,0.05105768613098189
726,863,137,0.137,0.056310384823009374
764,882,118,0.118,0.05108530338481069
768,884,116,0.116,0.05193371664185543
786,893,107,0.107,0.050313191724941135
826,913,87,0.087,0.04868452235683799
770,885,115,0.115,0.04966861285548657
770,885,115,0.115,0.05055792918615043
760,880,120,0.12,0.04951165005145595
768,884,116,0.116,0.04516381509415805
796,898,102,0.102,0.043536845214664936
762,881,119,0.119,0.046420343464240434
740,870,130,0.13,0.0465703153628856
750,875,125,0.125,0.04997409694362432
774,887,113,0.113,0.05181775238364935
794,897,103,0.103,0.052838074233382944
704,852,148,0.148,0.05484847479686141
732,866,134,0.134,0.05412887178082019
734,867,133,0.133,0.04698962583113462
744,872,128,0.128,0.04610145017970353
736,868,132,0.132,0.045184829199686645
694,847,153,0.153,0.048130499200895425
788,894,106,0.106,0.040696496355812996
794,897,103,0.103,0.04008327393466607
796,898,102,0.102,0.03886365755321458
750,875,125,0.125,0.03712704814923927
858,929,71,0.071,0.03359108622651547
748,874,126,0.126,0.0356977258073166
722,861,139,0.139,0.037734321978874504
728,864,136,0.136,0.038101464371662584
704,852,148,0.148,0.042970747051294896
736,868,132,0.132,0.04322245998308063
738,869,131,0.131,0.044690548525191845
714,857,143,0.143,0.044118325910530984
750,875,125,0.125,0.04050298398453742
770,885,115,0.115,0.04208861157763749
762,881,119,0.119,0.0405235207984224
704,852,148,0.148,0.04144987236894667
728,864,136,0.136,0.04010978434793651
758,879,121,0.121,0.03947731195949018
776,888,112,0.112,0.03803332335315645
762,881,119,0.119,0.03726118325069547
776,888,112,0.112,0.037321319545153525
778,889,111,0.111,0.03792253171466291
746,873,127,0.127,0.036017880630213765
824,912,88,0.088,0.034053461357019844
774,887,113,0.113,0.03485209617763758
804,902,98,0.098,0.034235679457895456
730,865,135,0.135,0.0357529212590307
840,920,80,0.08,0.033065890922211114
776,888,112,0.112,0.039852850320748985
728,864,136,0.136,0.0418329889154993
786,893,107,0.107,0.040151200621388855
770,885,115,0.115,0.04347507998999208
708,854,146,0.146,0.04012819743994624
776,888,112,0.112,0.03805150777101517
820,910,90,0.09,0.035863470507320014
764,882,118,0.118,0.035200408602133394
750,875,125,0.125,0.03730934334918857
788,894,106,0.106,0.036375338470097635
734,867,133,0.133,0.04123198030563072
808,904,96,0.096,0.03722565595805645
746,873,127,0.127,0.04021079726703465
796,898,102,0.102,0.038862317707855254
746,873,127,0.127,0.038136871803551915
752,876,124,0.124,0.042168266312219205
806,903,97,0.097,0.041931583904661236
740,870,130,0.13,0.042397783083841206
740,870,130,0.13,0.04356669407058507
746,873,127,0.127,0.03896204207278788
712,856,144,0.144,0.041206254442222416
784,892,108,0.108,0.040613513904623685
734,867,133,0.133,0.046143141281791034
810,905,95,0.095,0.0386754938736558
750,875,125,0.125,0.03861696111550555
750,875,125,0.125,0.03717327285464853
764,882,118,0.118,0.03149700027843937
778,889,111,0.111,0.03337576792296022
764,882,118,0.118,0.033981148190796374
754,877,123,0.123,0.034146796014159916
766,883,117,0.117,0.03188930729078129
786,893,107,0.107,0.030008000473491846
726,863,137,0.137,0.03493649388663471
800,900,100,0.1,0.03126251430530101
742,871,129,0.129,0.03282886728970334
776,888,112,0.112,0.038337732629850504
726,863,137,0.137,0.04141206387849525
740,870,130,0.13,0.040365081910043954
714,857,143,0.143,0.04231032484397292
756,878,122,0.122,0.04180619799438864
742,871,129,0.129,0.04472326759016141
726,863,137,0.137,0.04273510707356036
744,872,128,0.128,0.04200292649818584
718,859,141,0.141,0.043424169776029885
822,911,89,0.089,0.04225852611102164
740,870,130,0.13,0.044185998728498814
786,893,107,0.107,0.04737583912536502
758,879,121,0.121,0.04365018625557423
772,886,114,0.114,0.04291572130937129
780,890,110,0.11,0.039959373461082574
776,888,112,0.112,0.03990670398809016
768,884,116,0.116,0.04195194610394538
712,856,144,0.144,0.043997490618377925
738,869,131,0.131,0.04275669591221958
754,877,123,0.123,0.039999748497270046
740,870,130,0.13,0.037457250499166546
818,909,91,0.091,0.035968567019328476
722,861,139,0.139,0.038488990389741955
766,883,117,0.117,0.03529321904666722
744,872,128,0.128,0.03654882743116468
748,874,126,0.126,0.03614409064222127
806,903,97,0.097,0.03598015037737787
786,893,107,0.107,0.032414086972363296
746,873,127,0.127,0.03464943616744131
774,887,113,0.113,0.034319459944497796
752,876,124,0.124,0.03628723814757541
736,868,132,0.132,0.03741022272966802
816,908,92,0.092,0.035542031397577376
696,848,152,0.152,0.041963608241640034
736,868,132,0.132,0.039846938714385036
716,858,142,0.142,0.041086508487351237
704,852,148,0.148,0.04135858808993362
772,886,114,0.114,0.04160344394668937
828,914,86,0.086,0.03995762002188712
726,863,137,0.137,0.04739758680202067
754,877,123,0.123,0.04566449344251305
782,891,109,0.109,0.04108428297797218
756,878,122,0.122,0.03846030306443572
772,886,114,0.114,0.03653364705387503
754,877,123,0.123,0.036956078678369524
766,883,117,0.117,0.038063049093820155
800,900,100,0.1,0.04049058721028268
794,897,103,0.103,0.035451987663283946
736,868,132,0.132,0.03755275613907725
768,884,116,0.116,0.038765541202854366
742,871,129,0.129,0.04244586880505085
744,872,128,0.128,0.04559231725521386
756,878,122,0.122,0.04471550198830664
754,877,123,0.123,0.04406964775081724
820,910,90,0.09,0.039366668431088325
722,861,139,0.139,0.04475820126570761
780,890,110,0.11,0.042998511703684926
778,889,111,0.111,0.04526168794091791
752,876,124,0.124,0.04835107103176415
728,864,136,0.136,0.04556524640135467
774,887,113,0.113,0.045947374273091555
822,911,89,0.089,0.04208196440339088
740,870,130,0.13,0.04427408630307764
772,886,114,0.114,0.039394437458366155
766,883,117,0.117,0.04235557326674461
768,884,116,0.116,0.04110669715097174
704,852,148,0.148,0.043359978210181
838,919,81,0.081,0.0375605363631621
756,878,122,0.122,0.04589637676719576
780,890,110,0.11,0.04526173937134445
724,862,138,0.138,0.0464849451687187
796,898,102,0.102,0.04642866646498442
814,907,93,0.093,0.042603699936531486
738,869,131,0.131,0.04535722115449607
842,921,79,0.079,0.04506420222949237
766,883,117,0.117,0.046060843410901726
736,868,132,0.132,0.04712822437938303
790,895,105,0.105,0.04578512527421117
720,860,140,0.14,0.04708552418276667
784,892,108,0.108,0.04461006584577262
786,893,107,0.107,0.042351945696398614
812,906,94,0.094,0.042054624407552185
762,881,119,0.119,0.040749288217630235
790,895,105,0.105,0.04000893817283213
812,906,94,0.094,0.042429046764038504
690,845,155,0.155,0.045941298914141955
786,893,107,0.107,0.04372693361248821
708,854,146,0.146,0.05073880753293634
750,875,125,0.125,0.04774356335774064
730,865,135,0.135,0.047149213110096753
736,868,132,0.132,0.04948558258358389
690,845,155,0.155,0.04868175009917468
830,915,85,0.085,0.04112942911684513
776,888,112,0.112,0.04302741820551455
808,904,96,0.096,0.03936086303554475
702,851,149,0.149,0.046761784225702284
788,894,106,0.106,0.045822447227314114
750,875,125,0.125,0.04738835894595832
762,881,119,0.119,0.044518140404485165
682,841,159,0.159,0.046032874900847676
766,883,117,0.117,0.044919682729989294
798,899,101,0.101,0.04508050614595413
730,865,135,0.135,0.0495161198368296
774,887,113,0.113,0.04782288619223982
696,848,152,0.152,0.04605355914868414
772,886,114,0.114,0.04593149083293974
744,872,128,0.128,0.04356527630239725
690,845,155,0.155,0.04329148988937959
756,878,122,0.122,0.038602678027004005
788,894,106,0.106,0.03734240700490773
790,895,105,0.105,0.033760972105897964
868,934,66,0.066,0.029957646328024567
712,856,144,0.144,0.03554441588744521
830,915,85,0.085,0.031561120222322644
748,874,126,0.126,0.033240301890764386
664,832,168,0.168,0.03819907628931105
808,904,96,0.096,0.034754610265605154
854,927,73,0.073,0.03210617769928649
780,890,110,0.11,0.031061078134458513
704,852,148,0.148,0.03162813354167156
802,901,99,0.099,0.02952238294482231
798,899,101,0.101,0.03022494157915935
776,888,112,0.112,0.03383550327923149
726,863,137,0.137,0.034674465926829726
798,899,101,0.101,0.0349096885016188
786,893,107,0.107,0.03488276378484443
786,893,107,0.107,0.038519076942931864
794,897,103,0.103,0.034275812692940236
744,872,128,0.128,0.0333740944750607
736,868,132,0.132,0.03429326065070927
768,884,116,0.116,0.03694438025308773
694,847,153,0.153,0.041300778071861714
714,857,143,0.143,0.042933873845264314
748,874,126,0.126,0.04000996842421591
768,884,116,0.116,0.038000164705328646
756,878,122,0.122,0.037826626474503425
858,929,71,0.071,0.032640197662170974
762,881,119,0.119,0.034810680847615
792,896,104,0.104,0.03276438075164333
722,861,139,0.139,0.0389720676233992
842,921,79,0.079,0.036057957467390225
796,898,102,0.102,0.03603874776139855
780,890,110,0.11,0.042188763598911466
734,867,133,0.133,0.03905384727008641
778,889,111,0.111,0.03760143557935953
746,873,127,0.127,0.04270063748955727
750,875,125,0.125,0.04096637453138828
770,885,115,0.115,0.03854645020794124
774,887,113,0.113,0.03685074467631057
792,896,104,0.104,0.038889204741455616
728,864,136,0.136,0.04879476024396717
726,863,137,0.137,0.04623740305937827
798,899,101,0.101,0.0395910028568469
784,892,108,0.108,0.043488562556449326
746,873,127,0.127,0.046645952701568606
778,889,111,0.111,0.044814887834712866
752,876,124,0.124,0.04841951767262071
758,879,121,0.121,0.05127192251849919
772,886,114,0.114,0.04669299874827266
772,886,114,0.114,0.04710771723929793
730,865,135,0.135,0.0480124670304358
792,896,104,0.104,0.04446937476843595
718,859,141,0.141,0.051743868560530246
722,861,139,0.139,0.05102469916921109
744,872,128,0.128,0.05054296146798879
748,874,126,0.126,0.05417402650974691
784,892,108,0.108,0.04717157408595085
792,896,104,0.104,0.04736326068267226
698,849,151,0.151,0.05194408529624343
794,897,103,0.103,0.046025774106848986
800,900,100,0.1,0.048736567399464546
754,877,123,0.123,0.05006897951196879
724,862,138,0.138,0.052200012756511566
798,899,101,0.101,0.049232086839154365
782,891,109,0.109,0.05170750596560538
820,910,90,0.09,0.049275031384080646
690,845,155,0.155,0.053753776762634514
754,877,123,0.123,0.05013601869530976
782,891,109,0.109,0.050042677388526496
802,901,99,0.099,0.04784325931221247
800,900,100,0.1,0.04897122241836041
768,884,116,0.116,0.052529124808497724
780,890,110,0.11,0.05201892255339771
734,867,133,0.133,0.05414876447152346
712,856,144,0.144,0.05355608825758099
790,895,105,0.105,0.05182578331977129
750,875,125,0.125,0.04659791385196149
756,878,122,0.122,0.04621815427392721
754,877,123,0.123,0.045591142772696915
800,900,100,0.1,0.04227027046214789
706,853,147,0.147,0.04900225011538714
792,896,104,0.104,0.04725378064252436
744,872,128,0.128,0.046873303280211984
760,880,120,0.12,0.04661450689844787
756,878,122,0.122,0.047048028286546466
766,883,117,0.117,0.04355841782735661
744,872,128,0.128,0.046051099584437906
772,886,114,0.114,0.045275575666688384
752,876,124,0.124,0.04725651512295008
742,871,129,0.129,0.04692661347799003
804,902,98,0.098,0.04133837432414293
828,914,86,0.086,0.04020032267831266
762,881,119,0.119,0.04109905612654984
752,876,124,0.124,0.041969928178936244
804,902,98,0.098,0.03910903632361442
768,884,116,0.116,0.04132491121068597
740,870,130,0.13,0.04111647274438292
788,894,106,0.106,0.038264234380796555
776,888,112,0.112,0.039635412047617134
764,882,118,0.118,0.03923501929268241
832,916,84,0.084,0.03770023001357913
804,902,98,0.098,0.03723687824141234
726,863,137,0.137,0.04086864292807877
690,845,155,0.155,0.043193636607378724
772,886,114,0.114,0.047856745090335606
766,883,117,0.117,0.0478826617365703
772,886,114,0.114,0.04540263430215418
774,887,113,0.113,0.04457420479413122
748,874,126,0.126,0.04205206819344312
814,907,93,0.093,0.03647252788953483
760,880,120,0.12,0.040648800367489454
748,874,126,0.126,0.04509403922967613
744,872,128,0.128,0.043585360676050185
782,891,109,0.109,0.041550891085527834
720,860,140,0.14,0.04332539537828416
786,893,107,0.107,0.040389075491577386
732,866,134,0.134,0.040504500868730246
790,895,105,0.105,0.039507728709839283
790,895,105,0.105,0.03941675625462085
748,874,126,0.126,0.0378324560970068
738,869,131,0.131,0.040652849388541655
750,875,125,0.125,0.041313858319073915
762,881,119,0.119,0.041858164173550906
758,879,121,0.121,0.0416655951468274
730,865,135,0.135,0.044624704077839854
754,877,123,0.123,0.04717358716018498
746,873,127,0.127,0.04464500225475058
824,912,88,0.088,0.04239665207453072
780,890,110,0.11,0.04353828046889976
776,888,112,0.112,0.0409502549059689
706,853,147,0.147,0.048419468445703384
826,913,87,0.087,0.04309672745782882
696,848,152,0.152,0.0467354522459209
752,876,124,0.124,0.0460309359813109
676,838,162,0.162,0.05927868946455419
776,888,112,0.112,0.05522852772288024
796,898,102,0.102,0.05638570161536336
718,859,141,0.141,0.059389436220750214
806,903,97,0.097,0.04963645643368363
738,869,131,0.131,0.049710624577477575
798,899,101,0.101,0.04767884317133576
802,901,99,0.099,0.048812684146687386
778,889,111,0.111,0.04866697036195546
732,866,134,0.134,0.0469249434825033
724,862,138,0.138,0.046532599507831035
752,876,124,0.124,0.045616652310825886
760,880,120,0.12,0.04690047738887369
768,884,116,0.116,0.04802826329879463
768,884,116,0.116,0.04836052064783871
756,878,122,0.122,0.04794778457935899
724,862,138,0.138,0.046508858957327905
728,864,136,0.136,0.04584560601878911
784,892,108,0.108,0.043441875458229334
752,876,124,0.124,0.0435624504936859
816,908,92,0.092,0.03625241672014817
808,904,96,0.096,0.03763139496743679
754,877,123,0.123,0.037643424002453685
770,885,115,0.115,0.03857677498296835
748,874,126,0.126,0.04037399160116911
740,870,130,0.13,0.03995593151170761
818,909,91,0.091,0.03938667741883546
730,865,135,0.135,0.0398663334781304
776,888,112,0.112,0.0400544525757432
780,890,110,0.11,0.038437711388804016
734,867,133,0.133,0.04017996381130069
814,907,93,0.093,0.037290670591406526
718,859,141,0.141,0.043974595917388795
818,909,91,0.091,0.039027663636021316
762,881,119,0.119,0.039694180478341876
728,864,136,0.136,0.04083018490555696
764,882,118,0.118,0.04036548724770546
746,873,127,0.127,0.041024231299757956
730,865,135,0.135,0.041588976957835255
780,890,110,0.11,0.04085474925581366
784,892,108,0.108,0.03285772072337568
810,905,95,0.095,0.0322214614469558
798,899,101,0.101,0.03192413844075054
778,889,111,0.111,0.03150164131168276
766,883,117,0.117,0.03433869275730103
768,884,116,0.116,0.03491201240289956
798,899,101,0.101,0.032381885637529195
818,909,91,0.091,0.03293668512068689
790,895,105,0.105,0.029478327033575624
802,901,99,0.099,0.030818167990073562
722,861,139,0.139,0.0353971717460081
774,887,113,0.113,0.034542275191284715
738,869,131,0.131,0.040243388553149996
790,895,105,0.105,0.03810931817814708
768,884,116,0.116,0.03790200456231833
738,869,131,0.131,0.03865056172199547
698,849,151,0.151,0.04410066233668476
762,881,119,0.119,0.04400232830177993
732,866,134,0.134,0.04451124266162515
768,884,116,0.116,0.04279072498716414
752,876,124,0.124,0.04007284453278408
762,881,119,0.119,0.04087417205236852
808,904,96,0.096,0.04039176635537296
834,917,83,0.083,0.03767401913832873
774,887,113,0.113,0.04016520877275616
782,891,109,0.109,0.03951671756897122
764,882,118,0.118,0.04011340261530131
808,904,96,0.096,0.039849353421479466
752,876,124,0.124,0.04279112337343395
786,893,107,0.107,0.043401401029899714
736,868,132,0.132,0.04557763791643083
778,889,111,0.111,0.044545311734080315
776,888,112,0.112,0.04248376571480185
786,893,107,0.107,0.044995821605436505
756,878,122,0.122,0.04501330618187785
726,863,137,0.137,0.046101609003730115
762,881,119,0.119,0.04476079473737627
780,890,110,0.11,0.04313237633183598
750,875,125,0.125,0.04139163402840495
746,873,127,0.127,0.040184541903436184
754,877,123,0.123,0.03901173747051507
802,901,99,0.099,0.03605612083477899
796,898,102,0.102,0.03710134151112288
778,889,111,0.111,0.037475814370904116
758,879,121,0.121,0.034046467517036945
786,893,107,0.107,0.02988654312910512
760,880,120,0.12,0.029217206271365283
852,926,74,0.074,0.02751863731816411
816,908,92,0.092,0.028473182000685483
834,917,83,0.083,0.03137812801450491
782,891,109,0.109,0.03386476902570575
748,874,126,0.126,0.033560030778404325
752,876,124,0.124,0.03460083570424467
772,886,114,0.114,0.03364612529985607
730,865,135,0.135,0.03545104761887342
802,901,99,0.099,0.03191740405606106
784,892,108,0.108,0.03322056070435792
778,889,111,0.111,0.03607519020233303
720,860,140,0.14,0.037950904472731056
734,867,133,0.133,0.037685717416927215
758,879,121,0.121,0.03822996492125094
828,914,86,0.086,0.03405661142803729
820,910,90,0.09,0.03219524536374956
792,896,104,0.104,0.034377459480892866
760,880,120,0.12,0.03429071150207892
720,860,140,0.14,0.035948773455340415
732,866,134,0.134,0.042200296269264075
736,868,132,0.132,0.04207546991296113
780,890,110,0.11,0.041310204087756576
782,891,109,0.109,0.04232774916104973
734,867,133,0.133,0.041217320664785805
752,876,124,0.124,0.04217260137759149
788,894,106,0.106,0.042012670868076384
806,903,97,0.097,0.03828233125805855
738,869,131,0.131,0.04001801526732743
762,881,119,0.119,0.039771076721139255
740,870,130,0.13,0.03757848079502583
780,890,110,0.11,0.03705626695044339
756,878,122,0.122,0.037737971410155294
808,904,96,0.096,0.035325390755198895
776,888,112,0.112,0.035409969304688274
722,861,139,0.139,0.041834845843724905
788,894,106,0.106,0.04721390862576663
754,877,123,0.123,0.04761366716958582
704,852,148,0.148,0.049759106911718844
740,870,130,0.13,0.045488573430106045
768,884,116,0.116,0.038685500928200785
758,879,121,0.121,0.039971009418834004
764,882,118,0.118,0.040706132453866305
746,873,127,0.127,0.04395578767452389
772,886,114,0.114,0.04399165749596432
766,883,117,0.117,0.039499996285885575
778,889,111,0.111,0.03878781586466357
786,893,107,0.107,0.03535596375586465
858,929,71,0.071,0.03001981391152367
762,881,119,0.119,0.03307331866025925
816,908,92,0.092,0.033022333840839566
798,899,101,0.101,0.03051135071180761
762,881,119,0.119,0.035562934034503994
768,884,116,0.116,0.03607247185939923
742,871,129,0.129,0.038019187677651646
768,884,116,0.116,0.03683562303520739
704,852,148,0.148,0.043184609415009616
800,900,100,0.1,0.03701292706653476
808,904,96,0.096,0.03735029873996973
794,897,103,0.103,0.03875897079985589
838,919,81,0.081,0.03964563853945583
744,872,128,0.128,0.04557446199189871
774,887,113,0.113,0.044414815671741964
788,894,106,0.106,0.04520351628959179
806,903,97,0.097,0.03970086792204529
758,879,121,0.121,0.04435532762669027
768,884,116,0.116,0.04140370849054307
814,907,93,0.093,0.04161361150210723
802,901,99,0.099,0.04030437375511974
790,895,105,0.105,0.03878585670981556
728,864,136,0.136,0.041456321648322046
734,867,133,0.133,0.040977280190214516
788,894,106,0.106,0.03771999390795827
768,884,116,0.116,0.03750691257975996
758,879,121,0.121,0.03887918464373797
790,895,105,0.105,0.03605834880936891
748,874,126,0.126,0.03979565192759037
758,879,121,0.121,0.0354813389191404
766,883,117,0.117,0.03604208688531071
788,894,106,0.106,0.0357022773292847
798,899,101,0.101,0.03942795960698277
782,891,109,0.109,0.041596435937099156
730,865,135,0.135,0.04052177250105888
766,883,117,0.117,0.03923593451082706
792,896,104,0.104,0.03297272262908518
770,885,115,0.115,0.03453557803202421
750,875,125,0.125,0.03589644172973931
818,909,91,0.091,0.0335915068667382
764,882,118,0.118,0.03488060244638473
796,898,102,0.102,0.0370997717725113
718,859,141,0.141,0.038155353031586854
740,870,130,0.13,0.03901505751162768
734,867,133,0.133,0.039193078277166934
820,910,90,0.09,0.033896949712187055
790,895,105,0.105,0.03434585780370981
790,895,105,0.105,0.03490252095088363
786,893,107,0.107,0.035614905080758034
768,884,116,0.116,0.03565887831430882
706,853,147,0.147,0.036026757571846243
756,878,122,0.122,0.035722411113791167
814,907,93,0.093,0.03288895674236119
698,849,151,0.151,0.0350546806640923
772,886,114,0.114,0.03231265809573233
800,900,100,0.1,0.03273260021582246
744,872,128,0.128,0.035087670408189296
854,927,73,0.073,0.02885332031501457
748,874,126,0.126,0.03272466908302158
764,882,118,0.118,0.03242544473242014
786,893,107,0.107,0.030101300049573183
782,891,109,0.109,0.03068304785527289
740,870,130,0.13,0.031140449026133867
780,890,110,0.11,0.028627144437748938
796,898,102,0.102,0.029905031751841307
814,907,93,0.093,0.03458316410239786
790,895,105,0.105,0.03855340610817075
696,848,152,0.152,0.040186748682521284
718,859,141,0.141,0.041884836288169025
796,898,102,0.102,0.03285933595616371
784,892,108,0.108,0.03198617980722338
800,900,100,0.1,0.030757230248302223
744,872,128,0.128,0.03125107805710286
796,898,102,0.102,0.03452454197080806
748,874,126,0.126,0.036842167678289114
746,873,127,0.127,0.03560298069473356
816,908,92,0.092,0.034501457586418836
802,901,99,0.099,0.03133048293041065
788,894,106,0.106,0.03464077238133177
722,861,139,0.139,0.03771556994691491
828,914,86,0.086,0.034361301046330485
788,894,106,0.106,0.03992864299565554
756,878,122,0.122,0.039323850861750546
736,868,132,0.132,0.040776112750172615
710,855,145,0.145,0.03797525737155229
766,883,117,0.117,0.0383931057122536
770,885,115,0.115,0.03732270103879273
746,873,127,0.127,0.0392945328745991
702,851,149,0.149,0.04124812008999288
812,906,94,0.094,0.03345398821448907
792,896,104,0.104,0.03177187262708321
806,903,97,0.097,0.03221948988642544
792,896,104,0.104,0.030860514269676058
802,901,99,0.099,0.0289525201395154
832,916,84,0.084,0.025462229743599893
746,873,127,0.127,0.027172239026986063
784,892,108,0.108,0.025718069582711906
798,899,101,0.101,0.025811380402185023
750,875,125,0.125,0.027551418596412986
780,890,110,0.11,0.02679398743342608
780,890,110,0.11,0.027033202833496035
800,900,100,0.1,0.029453178866766395
850,925,75,0.075,0.02816851228335872
712,856,144,0.144,0.03213252027146518
732,866,134,0.134,0.032545690403319893
810,905,95,0.095,0.037613332886248824
750,875,125,0.125,0.038567285888362675
738,869,131,0.131,0.03805225722491741
800,900,100,0.1,0.038256286290474235
736,868,132,0.132,0.033993044956587254
830,915,85,0.085,0.03493336307350546
778,889,111,0.111,0.03826086341962218
738,869,131,0.131,0.040215194317512214
702,851,149,0.149,0.04412540170550346
756,878,122,0.122,0.043476653148420155
724,862,138,0.138,0.043408443251624705
778,889,111,0.111,0.04053218736033887
838,919,81,0.081,0.03566871003620326
744,872,128,0.128,0.03671952807065099
732,866,134,0.134,0.03911038638744503
718,859,141,0.141,0.040500315014272925
804,902,98,0.098,0.036044498056173324
768,884,116,0.116,0.037082977667916565
746,873,127,0.127,0.03841224134899676
788,894,106,0.106,0.037926055122166874
796,898,102,0.102,0.039184503932483496
700,850,150,0.15,0.04334997397195548
764,882,118,0.118,0.0390957505851984
762,881,119,0.119,0.038363957416266206
752,876,124,0.124,0.03741887478716671
744,872,128,0.128,0.03761150950659067
780,890,110,0.11,0.033632589397020636
786,893,107,0.107,0.032007434540428224
790,895,105,0.105,0.0306269486034289
768,884,116,0.116,0.03068289424292743
772,886,114,0.114,0.03026024461956695
748,874,126,0.126,0.03087138524930924
746,873,127,0.127,0.03001045904774219
812,906,94,0.094,0.027586188422050326
784,892,108,0.108,0.027148524436634035
744,872,128,0.128,0.028031176592223345
824,912,88,0.088,0.027177286602556704
788,894,106,0.106,0.02928153887670487
762,881,119,0.119,0.028481245389673858
790,895,105,0.105,0.033102923586033284
768,884,116,0.116,0.03400617886334658
720,860,140,0.14,0.037864328059833495
798,899,101,0.101,0.03599670788738876
726,863,137,0.137,0.03768606724310666
746,873,127,0.127,0.03631065537454561
776,888,112,0.112,0.032495483855716885
800,900,100,0.1,0.034453877785243094
712,856,144,0.144,0.03629745707754046
784,892,108,0.108,0.03419789823517203
742,871,129,0.129,0.03682560115866363
730,865,135,0.135,0.03910574779286981
760,880,120,0.12,0.03473323169816285
750,875,125,0.125,0.03514527849387378
736,868,132,0.132,0.03734522035997361
812,906,94,0.094,0.03302623549476266
750,875,125,0.125,0.03847556434199214
750,875,125,0.125,0.03867486637737602
762,881,119,0.119,0.03661207206454128
796,898,102,0.102,0.032445356965530664
744,872,128,0.128,0.035874677147716284
768,884,116,0.116,0.033732819928321986
702,851,149,0.149,0.03642661407217383
812,906,94,0.094,0.03580224227765575
754,877,123,0.123,0.034198331120423975
746,873,127,0.127,0.032498933856841175
804,902,98,0.098,0.030483638806268573
778,889,111,0.111,0.033186449822969734
754,877,123,0.123,0.0356287786019966
706,853,147,0.147,0.036680972586385904
726,863,137,0.137,0.03526817811001092
746,873,127,0.127,0.033240890861488875
770,885,115,0.115,0.0318378095398657
806,903,97,0.097,0.03052914168126881
800,900,100,0.1,0.03222605032613501
758,879,121,0.121,0.033142717117909344
760,880,120,0.12,0.029081903507001697
744,872,128,0.128,0.028671501320321112
770,885,115,0.115,0.028630792546551674
762,881,119,0.119,0.027278858007863165
750,875,125,0.125,0.031955430245492605
794,897,103,0.103,0.031254385160282255
768,884,116,0.116,0.032439044440630824
792,896,104,0.104,0.031509649743326006
744,872,128,0.128,0.03033952821046114
700,850,150,0.15,0.02978162771742791
820,910,90,0.09,0.028878188595175745
760,880,120,0.12,0.030528617073781787
748,874,126,0.126,0.033206479711458084
714,857,143,0.143,0.03296060687117278
784,892,108,0.108,0.029467005825135856
782,891,109,0.109,0.027999362121801822
804,902,98,0.098,0.026339818851556628
752,876,124,0.124,0.027227889015339315
796,898,102,0.102,0.028135787456994875
784,892,108,0.108,0.029348688129801303
748,874,126,0.126,0.030997695706784727
728,864,136,0.136,0.032238955572247506
744,872,128,0.128,0.03167390282941051
816,908,92,0.092,0.029466015520039947
760,880,120,0.12,0.03019275215268135
744,872,128,0.128,0.03039442325104028
788,894,106,0.106,0.029070184697397052
746,873,127,0.127,0.030391692096367478
786,893,107,0.107,0.030115135990083218
792,896,104,0.104,0.03150064952392131
776,888,112,0.112,0.0320451599387452
766,883,117,0.117,0.03223242656700313
812,906,94,0.094,0.03214571008132771
716,858,142,0.142,0.03529717307444662
792,896,104,0.104,0.032616463012993334
748,874,126,0.126,0.0339334380030632
784,892,108,0.108,0.03391362453810871
788,894,106,0.106,0.036410811053123326
756,878,122,0.122,0.035498064062558114
762,881,119,0.119,0.034569749721791596
720,860,140,0.14,0.03564649190101773
758,879,121,0.121,0.03197840040829033
776,888,112,0.112,0.03264003435568884
784,892,108,0.108,0.029889032082632185
768,884,116,0.116,0.029679650377482176
744,872,128,0.128,0.03202397762006149
818,909,91,0.091,0.029485861035995185
746,873,127,0.127,0.033925264422781765
802,901,99,0.099,0.032703599552623926
808,904,96,0.096,0.03234893968561664
668,834,166,0.166,0.03830501239001751
778,889,111,0.111,0.04032261083368212
786,893,107,0.107,0.04006398188415915
728,864,136,0.136,0.04268536038603633
704,852,148,0.148,0.045042122432030735
736,868,132,0.132,0.0425240141376853
744,872,128,0.128,0.040930594979785385
728,864,136,0.136,0.04221980521641672
760,880,120,0.12,0.04336270349472761
726,863,137,0.137,0.04305251331347972
744,872,128,0.128,0.039484951980412006
794,897,103,0.103,0.03874987223511562
776,888,112,0.112,0.035623045950662346
826,913,87,0.087,0.031359888471662996
764,882,118,0.118,0.035004442808683964
758,879,121,0.121,0.03551691489201039
742,871,129,0.129,0.03597059842105955
786,893,107,0.107,0.03523406758392229
774,887,113,0.113,0.03628125288989395
772,886,114,0.114,0.035436528427526356
782,891,109,0.109,0.033472582259215414
736,868,132,0.132,0.03287966290069744
812,906,94,0.094,0.03255737016024068
804,902,98,0.098,0.031011203162372113
712,856,144,0.144,0.03620447717839852
808,904,96,0.096,0.03189066268503666
812,906,94,0.094,0.03158760157460347
818,909,91,0.091,0.03153598665585741
736,868,132,0.132,0.03794761974224821
726,863,137,0.137,0.03856644569803029
754,877,123,0.123,0.041575609026476744
678,839,161,0.161,0.04482844564411789
776,888,112,0.112,0.0437420308040455
782,891,109,0.109,0.04263180683273822
704,852,148,0.148,0.04262229954637587
792,896,104,0.104,0.0392811135854572
754,877,123,0.123,0.040728109005838634
740,870,130,0.13,0.041516001931391655
786,893,107,0.107,0.040261655199341474
788,894,106,0.106,0.04082068900205195
766,883,117,0.117,0.04652252256125212
778,889,111,0.111,0.04660503851715475
772,886,114,0.114,0.04585146613419056
750,875,125,0.125,0.0468655566405505
768,884,116,0.116,0.0443665125714615
802,901,99,0.099,0.04360771142318845
758,879,121,0.121,0.045791465904563664
804,902,98,0.098,0.045055195691064
732,866,134,0.134,0.04839021456707269
674,837,163,0.163,0.04994776853080839
802,901,99,0.099,0.046718805195763706
792,896,104,0.104,0.046228303264826534
748,874,126,0.126,0.051627024504356085
772,886,114,0.114,0.050300423779524865
764,882,118,0.118,0.04987645111046732
730,865,135,0.135,0.056594926761463285
734,867,133,0.133,0.054110129235312346
764,882,118,0.118,0.0543161404253915
716,858,142,0.142,0.055252807668410245
766,883,117,0.117,0.05279518926609308
816,908,92,0.092,0.051025624312460424
824,912,88,0.088,0.05178143612667918
758,879,121,0.121,0.05375342115387321
776,888,112,0.112,0.056124806638807055
770,885,115,0.115,0.062411734148859976
746,873,127,0.127,0.06428497828915715
842,921,79,0.079,0.0619565924918279
748,874,126,0.126,0.06818612444400787
724,862,138,0.138,0.06523537627048791
780,890,110,0.11,0.06278693111240864
800,900,100,0.1,0.06174204700067639
786,893,107,0.107,0.06027401922084391
794,897,103,0.103,0.07157239763252438
740,870,130,0.13,0.07320257679000497
750,875,125,0.125,0.07419774772971868
822,911,89,0.089,0.07728752566315233
754,877,123,0.123,0.08095530831441283
778,889,111,0.111,0.08023608160763979
724,862,138,0.138,0.08262511609122157
740,870,130,0.13,0.08027393011935055
778,889,111,0.111,0.07828692327253521
754,877,123,0.123,0.07634214767906815
768,884,116,0.116,0.07531187847442924
786,893,107,0.107,0.07460204526036977
758,879,121,0.121,0.07258368956297637
760,880,120,0.12,0.07547451355867088
740,870,130,0.13,0.07882201801240445
688,844,156,0.156,0.07352907695062459
766,883,117,0.117,0.06696104783378541
706,853,147,0.147,0.06816236276365817
796,898,102,0.102,0.0635226346347481
756,878,122,0.122,0.06163444516435265
772,886,114,0.114,0.0601458240263164
808,904,96,0.096,0.05804325785581022
740,870,130,0.13,0.05895952317863703
788,894,106,0.106,0.06080739927850664
726,863,137,0.137,0.06794947469979525
750,875,125,0.125,0.06690670073311776
740,870,130,0.13,0.06568918201420457
842,921,79,0.079,0.05655887829884887
762,881,119,0.119,0.05446029140241444
788,894,106,0.106,0.056294177372008564
724,862,138,0.138,0.059678667073138056
790,895,105,0.105,0.056643235167488454
774,887,113,0.113,0.06366159090213477
778,889,111,0.111,0.06329611327685415
750,875,125,0.125,0.06800833038613201
750,875,125,0.125,0.07091917383298278
780,890,110,0.11,0.0679675762411207
784,892,108,0.108,0.06855171750113367
762,881,119,0.119,0.07097327060997487
750,875,125,0.125,0.07133000475168229
748,874,126,0.126,0.0724184707980603
810,905,95,0.095,0.06961577114835381
730,865,135,0.135,0.07043290735408664
824,912,88,0.088,0.06446455939486623
760,880,120,0.12,0.06488949048519134
788,894,106,0.106,0.06056673468090594
800,900,100,0.1,0.06423220953159034
676,838,162,0.162,0.07282263791933656
784,892,108,0.108,0.07214379278570414
762,881,119,0.119,0.07542575122416019
700,850,150,0.15,0.07748777235578745
750,875,125,0.125,0.07664690086431801
728,864,136,0.136,0.07876274726912379
738,869,131,0.131,0.07491805321536958
784,892,108,0.108,0.07239589329063892
766,883,117,0.117,0.06422111619077622
760,880,120,0.12,0.061985357876867056
788,894,106,0.106,0.06172740551643074
784,892,108,0.108,0.062675845913589
834,917,83,0.083,0.0643053782582283
756,878,122,0.122,0.06855750265344977
742,871,129,0.129,0.06804078797623515
728,864,136,0.136,0.06422726185247302
800,900,100,0.1,0.06523122700676322
830,915,85,0.085,0.06289400940388441
774,887,113,0.113,0.06569838064163923
736,868,132,0.132,0.07629043583571911
760,880,120,0.12,0.07999351046979428
760,880,120,0.12,0.08387754238396883
738,869,131,0.131,0.08666609139367938
764,882,118,0.118,0.09156425461173058
798,899,101,0.101,0.0901931579746306
778,889,111,0.111,0.08884544805064798
774,887,113,0.113,0.08968795651569962
816,908,92,0.092,0.08913430010341108
744,872,128,0.128,0.09144325378909707
776,888,112,0.112,0.09024751630425454
798,899,101,0.101,0.08893814554996789
794,897,103,0.103,0.08451260070130229
734,867,133,0.133,0.09399268362484872
830,915,85,0.085,0.08924307272210717
770,885,115,0.115,0.09694731627777219
736,868,132,0.132,0.1039373560845852
780,890,110,0.11,0.1014214432258159
790,895,105,0.105,0.10471813699230552
730,865,135,0.135,0.1064120008610189
774,887,113,0.113,0.10721558362990617
736,868,132,0.132,0.10979281340911984
748,874,126,0.126,0.10873686232417822
726,863,137,0.137,0.11843212822079659
790,895,105,0.105,0.11657926127687096
728,864,136,0.136,0.12221514159813524
810,905,95,0.095,0.10936377881467342
736,868,132,0.132,0.10976137610152364
770,885,115,0.115,0.10753893038071692
724,862,138,0.138,0.1119522713124752
822,911,89,0.089,0.11012824789062142
782,891,109,0.109,0.111796252746135
746,873,127,0.127,0.11556760187819601
798,899,101,0.101,0.1133842092640698
798,899,101,0.101,0.11648546400293708
758,879,121,0.121,0.11668653684481979
790,895,105,0.105,0.13068616838753225
786,893,107,0.107,0.12893575371429325
804,902,98,0.098,0.12635961727797984
730,865,135,0.135,0.1282155752070248
754,877,123,0.123,0.12756079933047296
740,870,130,0.13,0.13228850050270557
736,868,132,0.132,0.1487399201244116
722,861,139,0.139,0.14987301626428962
730,865,135,0.135,0.14744052932038904
808,904,96,0.096,0.14067141710594297
730,865,135,0.135,0.13501433458924295
756,878,122,0.122,0.13267275250703098
792,896,104,0.104,0.13731203532218933
752,876,124,0.124,0.13642027118429542
702,851,149,0.149,0.13688616536185144
800,900,100,0.1,0.12332478727400303
722,861,139,0.139,0.1299140805993229
720,860,140,0.14,0.13158148672804237
786,893,107,0.107,0.1392553278170526
724,862,138,0.138,0.14294054337590933
772,886,114,0.114,0.1255486050657928
722,861,139,0.139,0.12183124331384897
774,887,113,0.113,0.11081667425110936
838,919,81,0.081,0.1064385965205729
810,905,95,0.095,0.11391960138082505
742,871,129,0.129,0.11776635447144508
726,863,137,0.137,0.12478778824210167
804,902,98,0.098,0.1176099198423326
782,891,109,0.109,0.12579932861402632
792,896,104,0.104,0.1268481880798936
744,872,128,0.128,0.13416501929983496
782,891,109,0.109,0.13475515297800303
726,863,137,0.137,0.1318859704695642
810,905,95,0.095,0.12822260254994033
794,897,103,0.103,0.12270121844112873
746,873,127,0.127,0.1240930055230856
778,889,111,0.111,0.12815412444993854
748,874,126,0.126,0.12860800455883145
762,881,119,0.119,0.13196973862498998
774,887,113,0.113,0.12961476246640086
772,886,114,0.114,0.13496939415112139
748,874,126,0.126,0.13593609201163054
768,884,116,0.116,0.1360632843002677
734,867,133,0.133,0.13629318135231733
818,909,91,0.091,0.13330886657536029
736,868,132,0.132,0.136778979472816
752,876,124,0.124,0.1387068010009825
702,851,149,0.149,0.14076060588657857
744,872,128,0.128,0.15801689966768026
770,885,115,0.115,0.1543417744114995
812,906,94,0.094,0.1520215036980808
776,888,112,0.112,0.15389094705879688
704,852,148,0.148,0.13694454507902265
752,876,124,0.124,0.13547399958968162
776,888,112,0.112,0.13238251086324454
788,894,106,0.106,0.13305177731812
744,872,128,0.128,0.13214626788720488
730,865,135,0.135,0.13130537073686718
786,893,107,0.107,0.13014449295029043
712,856,144,0.144,0.13381529201939701
752,876,124,0.124,0.13569184650480748
718,859,141,0.141,0.13756889896467328
758,879,121,0.121,0.13821492559462786
768,884,116,0.116,0.1343117332905531
768,884,116,0.116,0.13716811748966576
782,891,109,0.109,0.1336325570642948
776,888,112,0.112,0.13927229239046574
724,862,138,0.138,0.14101137993484736
756,878,122,0.122,0.14858367840200662
714,857,143,0.143,0.147700474858284
790,895,105,0.105,0.1448289811387658
740,870,130,0.13,0.14899684147536754
792,896,104,0.104,0.13990244674682617
746,873,127,0.127,0.1412345748245716
772,886,114,0.114,0.13728934698551892
736,868,132,0.132,0.1401782331429422
756,878,122,0.122,0.14132889314368366
722,861,139,0.139,0.144216313123703
762,881,119,0.119,0.14476373764500022
740,870,130,0.13,0.13641243189573288
740,870,130,0.13,0.13646592063456775
820,910,90,0.09,0.12922627923637628
748,874,126,0.126,0.12363373624533415
762,881,119,0.119,0.12377576629072427
738,869,131,0.131,0.12686186277493836
746,873,127,0.127,0.12593107138946652
782,891,109,0.109,0.12913037088885904
708,854,146,0.146,0.1344789867438376
752,876,124,0.124,0.1295721880942583
770,885,115,0.115,0.12796251825988292
768,884,116,0.116,0.12319014761969448
790,895,105,0.105,0.12470331709831953
768,884,116,0.116,0.12719267725199462
674,837,163,0.163,0.12784997099265455
746,873,127,0.127,0.1211921095624566
764,882,118,0.118,0.10973165146261453
692,846,154,0.154,0.11190432880446315
748,874,126,0.126,0.10762502928078174
774,887,113,0.113,0.097922917265445
718,859,141,0.141,0.09951866867020726
764,882,118,0.118,0.09809691314212977
796,898,102,0.102,0.09476673282496631
730,865,135,0.135,0.09847869750112295
744,872,128,0.128,0.09731909594684839
748,874,126,0.126,0.09792511519789696
762,881,119,0.119,0.09604374125599861
734,867,133,0.133,0.10910492585971951
734,867,133,0.133,0.10611838224157691
738,869,131,0.131,0.1073883708305657
682,841,159,0.159,0.10926735818758607
764,882,118,0.118,0.08879763697646559
754,877,123,0.123,0.08933810437843204
722,861,139,0.139,0.09136544438451528
772,886,114,0.114,0.08868889938294887
786,893,107,0.107,0.0725706748533994
796,898,102,0.102,0.07291171669960023
810,905,95,0.095,0.07402715695090592
730,865,135,0.135,0.07586334580555558
774,887,113,0.113,0.08081122002378106
774,887,113,0.113,0.08228625909797847
770,885,115,0.115,0.08278258438408374
770,885,115,0.115,0.08365487854927778
752,876,124,0.124,0.08282048245146871
744,872,128,0.128,0.08304052916541696
790,895,105,0.105,0.08353041544556618
778,889,111,0.111,0.0815046246908605
760,880,120,0.12,0.08967883162386715
780,890,110,0.11,0.08859741386771203
712,856,144,0.144,0.09307133423537016
800,900,100,0.1,0.0867526415977627
800,900,100,0.1,0.08198571468703449
690,845,155,0.155,0.08570902529731393
810,905,95,0.095,0.08320503696985543
766,883,117,0.117,0.08563042942248285
758,879,121,0.121,0.08275833408534526
846,923,77,0.077,0.08016371680423617
800,900,100,0.1,0.08095006316900254
738,869,131,0.131,0.08523538853228092
814,907,93,0.093,0.0884010295830667
744,872,128,0.128,0.09296785200014711
768,884,116,0.116,0.09288158237747848
792,896,104,0.104,0.09111703894287347
764,882,118,0.118,0.1042037221826613
728,864,136,0.136,0.10598763376101851
760,880,120,0.12,0.10417653679847717
766,883,117,0.117,0.10249625535309315
814,907,93,0.093,0.09793545312806964
712,856,144,0.144,0.10258208853751422
714,857,143,0.143,0.10468965266644954
740,870,130,0.13,0.1017706539556384
704,852,148,0.148,0.10885879927128553
774,887,113,0.113,0.1062613470479846
678,839,161,0.161,0.10840160217136145
734,867,133,0.133,0.10607615533843637
734,867,133,0.133,0.08889111517742276
772,886,114,0.114,0.08856562640145421
776,888,112,0.112,0.09066339964419604
806,903,97,0.097,0.0916427996866405
752,876,124,0.124,0.10665389380231499
690,845,155,0.155,0.10642273750901222
804,902,98,0.098,0.10278766162320971
752,876,124,0.124,0.10469240273535252
756,878,122,0.122,0.10204829479008913
762,881,119,0.119,0.098994738843292
828,914,86,0.086,0.08979903683252632
760,880,120,0.12,0.09022242814674973
696,848,152,0.152,0.08416860137507319
826,913,87,0.087,0.0803910462539643
796,898,102,0.102,0.0832479035463184
720,860,140,0.14,0.08716527720540762
794,897,103,0.103,0.08391338402964174
774,887,113,0.113,0.08685500622913242
754,877,123,0.123,0.08792836221680045
776,888,112,0.112,0.0868152339309454
768,884,116,0.116,0.08954608781635762
768,884,116,0.116,0.08838987290114164
762,881,119,0.119,0.08848675581626594
802,901,99,0.099,0.08785485879704356
714,857,143,0.143,0.08905165919288993
830,915,85,0.085,0.08259614725410938
764,882,118,0.118,0.08846359085664153
752,876,124,0.124,0.08521853882446885
772,886,114,0.114,0.08627194296196103
730,865,135,0.135,0.08912021493166686
794,897,103,0.103,0.0869165016785264
768,884,116,0.116,0.09097097755223513
784,892,108,0.108,0.09666911185905337
656,828,172,0.172,0.10146196476742625
784,892,108,0.108,0.09164204568229616
790,895,105,0.105,0.0920834256708622
766,883,117,0.117,0.08761027944460512
718,859,141,0.141,0.09003572319820523
798,899,101,0.101,0.08635631796717644
688,844,156,0.156,0.08917609359696507
776,888,112,0.112,0.07782910172268748
796,898,102,0.102,0.07799322923645377
732,866,134,0.134,0.08617154904827476
720,860,140,0.14,0.09212501277402044
768,884,116,0.116,0.09487802280113102
700,850,150,0.15,0.0983310026973486
744,872,128,0.128,0.0966519528850913
760,880,120,0.12,0.10010357590764761
758,879,121,0.121,0.0958799848780036
774,887,113,0.113,0.09506898788176477
796,898,102,0.102,0.09321853452175856
686,843,157,0.157,0.09864694724231958
774,887,113,0.113,0.09614669113606214
748,874,126,0.126,0.09713348408788443
746,873,127,0.127,0.10124721215292812
744,872,128,0.128,0.10221495087817312
718,859,141,0.141,0.10568849981203675
730,865,135,0.135,0.10440434576198458
736,868,132,0.132,0.09572968572936952
770,885,115,0.115,0.086505625737831
710,855,145,0.145,0.09324206085130572
770,885,115,0.115,0.09103104908391833
746,873,127,0.127,0.10920820386707783
736,868,132,0.132,0.11374386285617948
670,835,165,0.165,0.12285752556473016
762,881,119,0.119,0.11729012519493699
708,854,146,0.146,0.10152788357064128
772,886,114,0.114,0.0944088052213192
734,867,133,0.133,0.0895326328985393
758,879,121,0.121,0.08854388171061874
738,869,131,0.131,0.08951413073576987
768,884,116,0.116,0.08732261851988733
760,880,120,0.12,0.09366652336344122
768,884,116,0.116,0.0907110315170139
734,867,133,0.133,0.09717979064583779
776,888,112,0.112,0.10166374457255006
778,889,111,0.111,0.0990391900986433
726,863,137,0.137,0.10537415339425206
732,866,134,0.134,0.1062306928820908
762,881,119,0.119,0.09946839190647006
708,854,146,0.146,0.09878494487330318
786,893,107,0.107,0.09340822065621615
796,898,102,0.102,0.08971609021350742
754,877,123,0.123,0.09743957901373505
768,884,116,0.116,0.09443450908362866
700,850,150,0.15,0.09872551067546011
750,875,125,0.125,0.09305508195981384
770,885,115,0.115,0.09287535967305302
730,865,135,0.135,0.09286439564824105
810,905,95,0.095,0.08974741662852466
764,882,118,0.118,0.10404325257986784
720,860,140,0.14,0.10661959090828896
720,860,140,0.14,0.10670081135630607
758,879,121,0.121,0.1028807612285018
798,899,101,0.101,0.0922214984856546
740,870,130,0.13,0.0950652899183333
716,858,142,0.142,0.09536436848714948
784,892,108,0.108,0.09159535904601217
796,898,102,0.102,0.09072672963142395
748,874,126,0.126,0.09570278276875616
772,886,114,0.114,0.09279644792154432
790,895,105,0.105,0.09348515700921416
742,871,129,0.129,0.08841684659942985
782,891,109,0.109,0.08726936533115805
778,889,111,0.111,0.08750004773959517
758,879,121,0.121,0.08784469624608755
770,885,115,0.115,0.08865203001722693
786,893,107,0.107,0.08515685138292611
722,861,139,0.139,0.08742689137533308
756,878,122,0.122,0.08263128151930868
726,863,137,0.137,0.08173900762014091
780,890,110,0.11,0.08167023327201604
748,874,126,0.126,0.08381247775629162
736,868,132,0.132,0.08864178390428423
722,861,139,0.139,0.08965448839962482
726,863,137,0.137,0.08784130601584911
702,851,149,0.149,0.09143995291739702
748,874,126,0.126,0.0846662159487605
824,912,88,0.088,0.06908493561297654
778,889,111,0.111,0.06959402147121728
760,880,120,0.12,0.06897459269408136
796,898,102,0.102,0.06991264328919351
794,897,103,0.103,0.07541026734746993
740,870,130,0.13,0.07887181133404374
800,900,100,0.1,0.07520230022631585
816,908,92,0.092,0.0723391986247152
730,865,135,0.135,0.08367882819846273
758,879,121,0.121,0.08680078455805779
776,888,112,0.112,0.08572706854343415
748,874,126,0.126,0.08978858595341443
806,903,97,0.097,0.08091874810121953
738,869,131,0.131,0.08278058654814958
766,883,117,0.117,0.08172221837379039
746,873,127,0.127,0.08596729440242053
746,873,127,0.127,0.0958044570311904
732,866,134,0.134,0.09701524594798684
722,861,139,0.139,0.09657495690882206
766,883,117,0.117,0.08701116089895368
802,901,99,0.099,0.08575691899657249
748,874,126,0.126,0.08650247661024332
740,870,130,0.13,0.08750788140296936
668,834,166,0.166,0.09098101907968521
736,868,132,0.132,0.08693019337579608
788,894,106,0.106,0.08540558656677603
754,877,123,0.123,0.08600618940591812
726,863,137,0.137,0.08937798929587007
738,869,131,0.131,0.08379536074213684
748,874,126,0.126,0.08438065794110299
772,886,114,0.114,0.08344388789497316
760,880,120,0.12,0.08579899488203227
808,904,96,0.096,0.08143376250937581
738,869,131,0.131,0.08233087210357189
714,857,143,0.143,0.08319327070005238
732,866,134,0.134,0.07528917036578059
788,894,106,0.106,0.07486913815885782
788,894,106,0.106,0.07596680924110115
774,887,113,0.113,0.07466880716383457
690,845,155,0.155,0.07899161274917424
758,879,121,0.121,0.08551471293531358
730,865,135,0.135,0.08523431698232889
796,898,102,0.102,0.0853019632473588
758,879,121,0.121,0.0868433896638453
698,849,151,0.151,0.08715767075866461
770,885,115,0.115,0.08475313828513026
804,902,98,0.098,0.08782582977041602
740,870,130,0.13,0.08914460428804159
746,873,127,0.127,0.08290800331253559
752,876,124,0.124,0.08297258691117168
840,920,80,0.08,0.07968080634437501
748,874,126,0.126,0.08646780830994248
728,864,136,0.136,0.09394029173627495
746,873,127,0.127,0.09125774226710201
752,876,124,0.124,0.09374266044050455
804,902,98,0.098,0.09564137133210897
786,893,107,0.107,0.10193930654972792
706,853,147,0.147,0.10545367097109556
692,846,154,0.154,0.10534929455816745
800,900,100,0.1,0.09843833294883371
776,888,112,0.112,0.09362016997858882
774,887,113,0.113,0.09427602902799845
752,876,124,0.124,0.09568683441355824
770,885,115,0.115,0.10505021962150932
752,876,124,0.124,0.10966637291386723
732,866,134,0.134,0.107020433049649
762,881,119,0.119,0.10781061636283994
774,887,113,0.113,0.09571537863463163
728,864,136,0.136,0.09548139986395836
792,896,104,0.104,0.09247581437788904
778,889,111,0.111,0.09575807184539735
814,907,93,0.093,0.08337708860076964
818,909,91,0.091,0.0852048156056553
708,854,146,0.146,0.08916815570183098
794,897,103,0.103,0.08032986699603498
726,863,137,0.137,0.08157978706434368
778,889,111,0.111,0.07801384502276779
776,888,112,0.112,0.07396567874401808
818,909,91,0.091,0.07036855560913682
832,916,84,0.084,0.07154727404750884
776,888,112,0.112,0.07663806785456836
760,880,120,0.12,0.07514166519977153
748,874,126,0.126,0.07542716166377067
778,889,111,0.111,0.07614703481830656
692,846,154,0.154,0.08175034203007817
782,891,109,0.109,0.08016325211152435
716,858,142,0.142,0.09241174297593534
714,857,143,0.143,0.097642742279917
736,868,132,0.132,0.09284127455018461
670,835,165,0.165,0.09213482099957764
804,902,98,0.098,0.07720809649676084
776,888,112,0.112,0.07255286989733577
752,876,124,0.124,0.07660157857835292
774,887,113,0.113,0.0743182004597038
800,900,100,0.1,0.07519997635297478
758,879,121,0.121,0.08310351849533618
698,849,151,0.151,0.08668600744754076
746,873,127,0.127,0.08471292159706355
772,886,114,0.114,0.08074423135258257
782,891,109,0.109,0.07872010269388556
824,912,88,0.088,0.07388698319345713
778,889,111,0.111,0.07275340178981424
762,881,119,0.119,0.08188879244029522
810,905,95,0.095,0.0885169782191515
764,882,118,0.118,0.0904877949655056
716,858,142,0.142,0.09419370859116316
720,860,140,0.14,0.09455786826275289
742,871,129,0.129,0.09062087978422642
772,886,114,0.114,0.0911169451661408
752,876,124,0.124,0.0945369599815458
734,867,133,0.133,0.1044571888744831
792,896,104,0.104,0.09696388213708997
728,864,136,0.136,0.09771584614366292
770,885,115,0.115,0.09802081856504083
724,862,138,0.138,0.09139275143481791
778,889,111,0.111,0.0891551436446607
746,873,127,0.127,0.08780046527460217
754,877,123,0.123,0.08734620912745596
740,870,130,0.13,0.08527480168268084
772,886,114,0.114,0.08555329378694296
814,907,93,0.093,0.0854951633475721
734,867,133,0.133,0.08614676276221872
748,874,126,0.126,0.08651671208813787
712,856,144,0.144,0.08773799302056431
726,863,137,0.137,0.08807966063916683
702,851,149,0.149,0.09065948762744665
706,853,147,0.147,0.09268159065023064
760,880,120,0.12,0.0907078406997025
756,878,122,0.122,0.08737272001616657
756,878,122,0.122,0.08127896577306092
762,881,119,0.119,0.0755611810311675
734,867,133,0.133,0.08115067980624735
798,899,101,0.101,0.07677016823925079
702,851,149,0.149,0.08243682855367661
746,873,127,0.127,0.08252417226694524
738,869,131,0.131,0.08139464179426431
762,881,119,0.119,0.07786822717636824
742,871,129,0.129,0.07420253630355
784,892,108,0.108,0.06503719722945243
776,888,112,0.112,0.06688518357649445
782,891,109,0.109,0.06829900317080319
756,878,122,0.122,0.07318771002627909
742,871,129,0.129,0.0760393151678145
748,874,126,0.126,0.07565253310091793
792,896,104,0.104,0.07262916909717024
732,866,134,0.134,0.0716058720741421
812,906,94,0.094,0.07142501791380346
724,862,138,0.138,0.07717430064827203
778,889,111,0.111,0.07554871171340347
722,861,139,0.139,0.07903032154589891
772,886,114,0.114,0.07254863061569632
742,871,129,0.129,0.0741710672043264
762,881,119,0.119,0.07475496498309075
750,875,125,0.125,0.08290054765343666
756,878,122,0.122,0.0892104482408613
738,869,131,0.131,0.08413207793235779
718,859,141,0.141,0.08394966774620116
820,910,90,0.09,0.07256128103286028
742,871,129,0.129,0.07877761435508727
770,885,115,0.115,0.07992474315501749
792,896,104,0.104,0.07744262412190438
724,862,138,0.138,0.08254458846524358
736,868,132,0.132,0.08356607777252793
744,872,128,0.128,0.08149246923066676
748,874,126,0.126,0.0811978010982275
770,885,115,0.115,0.08458294809982181
758,879,121,0.121,0.07879490141011775
738,869,131,0.131,0.0808560009226203
744,872,128,0.128,0.07801816387474537
756,878,122,0.122,0.07354703516885638
778,889,111,0.111,0.07456135094165801
732,866,134,0.134,0.07562594961747528
716,858,142,0.142,0.07714941311068833
800,900,100,0.1,0.07653236676938832
802,901,99,0.099,0.07329132867604495
764,882,118,0.118,0.07610162829980255
778,889,111,0.111,0.07344657614082098
778,889,111,0.111,0.07026732292026282
736,868,132,0.132,0.07349820476584136
740,870,130,0.13,0.07073820605687797
788,894,106,0.106,0.06809250329807401
738,869,131,0.131,0.0693767057415098
692,846,154,0.154,0.07551381107419729
788,894,106,0.106,0.0723464925698936
752,876,124,0.124,0.07378137683309614
788,894,106,0.106,0.07394384851865471
766,883,117,0.117,0.07048722080513835
802,901,99,0.099,0.06899422605894506
814,907,93,0.093,0.06855712006799877
746,873,127,0.127,0.07636532904300838
768,884,116,0.116,0.08508830073289574
770,885,115,0.115,0.08348355604708195
736,868,132,0.132,0.0858899140059948
768,884,116,0.116,0.0879797080680728
774,887,113,0.113,0.07575571102276445
758,879,121,0.121,0.07423112963698804
764,882,118,0.118,0.07480472839809954
790,895,105,0.105,0.06821300741843879
824,912,88,0.088,0.067995131008327
772,886,114,0.114,0.06935101167857646
802,901,99,0.099,0.07086355412378907
758,879,121,0.121,0.07200844699703157
788,894,106,0.106,0.06925881404057145
760,880,120,0.12,0.0729415782019496
724,862,138,0.138,0.0763459522947669
816,908,92,0.092,0.07577777817845345
710,855,145,0.145,0.08253140717558563
726,863,137,0.137,0.08116029089130461
764,882,118,0.118,0.08154696938581765
750,875,125,0.125,0.08387228214368224
736,868,132,0.132,0.08661510505154729
792,896,104,0.104,0.08447636977955698
796,898,102,0.102,0.07884675123170018
780,890,110,0.11,0.0775139627866447
708,854,146,0.146,0.08130692153424024
734,867,133,0.133,0.07965152360126376
764,882,118,0.118,0.08280136627517641
806,903,97,0.097,0.07653639371320606
730,865,135,0.135,0.07996230698749424
698,849,151,0.151,0.08089102342911064
716,858,142,0.142,0.08013309209235013
800,900,100,0.1,0.07130960319750011
784,892,108,0.108,0.07023844349570572
754,877,123,0.123,0.07037691724672913
778,889,111,0.111,0.07053711239993572
758,879,121,0.121,0.0697041365262121
804,902,98,0.098,0.06571370517462492
822,911,89,0.089,0.0679541884213686
820,910,90,0.09,0.06408827898837625
730,865,135,0.135,0.07193762186728418
736,868,132,0.132,0.0752788280621171
790,895,105,0.105,0.06993785241246224
768,884,116,0.116,0.07217505469173192
760,880,120,0.12,0.07128966877982021
818,909,91,0.091,0.0685254737008363
740,870,130,0.13,0.0725624218005687
758,879,121,0.121,0.07245473783090711
734,867,133,0.133,0.07580160522647202
802,901,99,0.099,0.07223352579958738
758,879,121,0.121,0.0734265318447724
736,868,132,0.132,0.07985257660411298
816,908,92,0.092,0.07531766603887081
788,894,106,0.106,0.07689675565809012
744,872,128,0.128,0.08030120988562703
778,889,111,0.111,0.07633268189802765
662,831,169,0.169,0.08693435825780034
786,893,107,0.107,0.08216270009428263
738,869,131,0.131,0.08475838930904865
782,891,109,0.109,0.0848698991741985
758,879,121,0.121,0.08255700098909438
774,887,113,0.113,0.08226783394254744
734,867,133,0.133,0.08497561811842025
696,848,152,0.152,0.08834908161684871
772,886,114,0.114,0.08479701196029782
828,914,86,0.086,0.08291657694242895
816,908,92,0.092,0.07946182722598315
736,868,132,0.132,0.0842235222030431
740,870,130,0.13,0.09084778592735529
746,873,127,0.127,0.09039711304754018
782,891,109,0.109,0.08862550616636872
784,892,108,0.108,0.08643377456814051
726,863,137,0.137,0.08844504619203508
798,899,101,0.101,0.08379175268858671
706,853,147,0.147,0.0897378694973886
758,879,121,0.121,0.08892631125450134
776,888,112,0.112,0.09057245125621557
798,899,101,0.101,0.0875340535864234
734,867,133,0.133,0.08868866623193025
788,894,106,0.106,0.08366600007563829
728,864,136,0.136,0.08131326421536506
780,890,110,0.11,0.07980124673247338
770,885,115,0.115,0.08181394633650779
730,865,135,0.135,0.08792874944210052
716,858,142,0.142,0.09534305730834604
720,860,140,0.14,0.09497790752723813
786,893,107,0.107,0.09294015438854694
696,848,152,0.152,0.09613047626987099
786,893,107,0.107,0.08935370651446282
764,882,118,0.118,0.08819086942076683
768,884,116,0.116,0.09092248310521245
764,882,118,0.118,0.08799491489678621
744,872,128,0.128,0.09070646212995052
764,882,118,0.118,0.08825229874625802
814,907,93,0.093,0.08623318358883261
742,871,129,0.129,0.10153004133328795
742,871,129,0.129,0.1038479922786355
752,876,124,0.124,0.10728949955105782
770,885,115,0.115,0.10401036761887371
774,887,113,0.113,0.09250324080511928
776,888,112,0.112,0.09144500295631587
798,899,101,0.101,0.09000860554352402
720,860,140,0.14,0.09726051235571503
788,894,106,0.106,0.09675806507095694
740,870,130,0.13,0.10057614386826753
734,867,133,0.133,0.10243016171455384
772,886,114,0.114,0.09699336123093963
776,888,112,0.112,0.09792711912281811
752,876,124,0.124,0.10016880711913109
762,881,119,0.119,0.09898766146041453
786,893,107,0.107,0.09691702515259384
762,881,119,0.119,0.10378814789280295
788,894,106,0.106,0.09876394430175424
744,872,128,0.128,0.09960747145488859
836,918,82,0.082,0.09810164400190115
712,856,144,0.144,0.10551151993498206
772,886,114,0.114,0.11190656639263034
786,893,107,0.107,0.11099452956020832
766,883,117,0.117,0.12158473819494248
810,905,95,0.095,0.1279866549037397
790,895,105,0.105,0.13017150528356433
728,864,136,0.136,0.13171928050369025
756,878,122,0.122,0.13098031248524786
766,883,117,0.117,0.1367948604300618
752,876,124,0.124,0.14892263632267713
760,880,120,0.12,0.14856570802628993
732,866,134,0.134,0.15285895860940218
730,865,135,0.135,0.1440061421021819
792,896,104,0.104,0.13660724975913763
766,883,117,0.117,0.13772629445046186
804,902,98,0.098,0.13822599349915982
804,902,98,0.098,0.14078152056783438
764,882,118,0.118,0.13927588937431573
780,890,110,0.11,0.14148596736416222
788,894,106,0.106,0.13983571621775628
786,893,107,0.107,0.14208168976008892
782,891,109,0.109,0.14752393579483034
772,886,114,0.114,0.14569004990160464
734,867,133,0.133,0.1572259694710374
748,874,126,0.126,0.16512024804204703
708,854,146,0.146,0.16882662722468375
738,869,131,0.131,0.16929665653407575
764,882,118,0.118,0.15417698629945517
788,894,106,0.106,0.1523336931169033
734,867,133,0.133,0.15045859982073306
746,873,127,0.127,0.14940539974719286
674,837,163,0.163,0.15947601847350598
700,850,150,0.15,0.15458316028863192
768,884,116,0.116,0.15657367883622647
782,891,109,0.109,0.1581634350568056
740,870,130,0.13,0.16653106880933047
808,904,96,0.096,0.16653162021934986
774,887,113,0.113,0.16835020915791393
774,887,113,0.113,0.16608411203324794
744,872,128,0.128,0.16716063015908003
742,871,129,0.129,0.1648153407946229
798,899,101,0.101,0.16149154564738274
822,911,89,0.089,0.16751988545805216
786,893,107,0.107,0.17192290887981654
736,868,132,0.132,0.17401238899677993
824,912,88,0.088,0.16822092138975858
780,890,110,0.11,0.1660929578989744
764,882,118,0.118,0.17415015283972024
762,881,119,0.119,0.18138519900292158
738,869,131,0.131,0.18902217750251293
752,876,124,0.124,0.19130025494843722
748,874,126,0.126,0.17706034664064646
784,892,108,0.108,0.16559227729588746
764,882,118,0.118,0.16284906907379626
788,894,106,0.106,0.16082163669914007
786,893,107,0.107,0.15929235883057116
708,854,146,0.146,0.16415945282578467
790,895,105,0.105,0.15974711730331181
728,864,136,0.136,0.1617516629770398
782,891,109,0.109,0.16370371337980033
796,898,102,0.102,0.16660328593850135
756,878,122,0.122,0.17214708080887794
748,874,126,0.126,0.17002256491780282
806,903,97,0.097,0.1595600548759103
730,865,135,0.135,0.15708448711037637
780,890,110,0.11,0.15333059798926116
776,888,112,0.112,0.14969224422425031
754,877,123,0.123,0.15693928091973067
724,862,138,0.138,0.15956601566076278
806,903,97,0.097,0.15727143001556396
778,889,111,0.111,0.16262877663969993
730,865,135,0.135,0.17313780553638936
744,872,128,0.128,0.17453956996649503
760,880,120,0.12,0.17529850282520057
750,875,125,0.125,0.17244943217933179
736,868,132,0.132,0.17441808554530144
804,902,98,0.098,0.16992326921969653
750,875,125,0.125,0.17275210981816053
762,881,119,0.119,0.1683095143288374
714,857,143,0.143,0.18447698663175105
734,867,133,0.133,0.18824603398144246
768,884,116,0.116,0.18238901200890542
712,856,144,0.144,0.18958002498000862
780,890,110,0.11,0.16396345399320125
800,900,100,0.1,0.16131184671074153
748,874,126,0.126,0.16587837106734515
780,890,110,0.11,0.16400004727393389
802,901,99,0.099,0.15130948595702648
760,880,120,0.12,0.15177717275172473
746,873,127,0.127,0.14604310341179372
696,848,152,0.152,0.14866582711040974
792,896,104,0.104,0.1490335921049118
838,919,81,0.081,0.14565693604201077
722,861,139,0.139,0.15439607717096807
708,854,146,0.146,0.15929900897294283
794,897,103,0.103,0.15203500072658063
770,885,115,0.115,0.15057456988841295
754,877,123,0.123,0.15347576505690813
816,908,92,0.092,0.15042703256011009
760,880,120,0.12,0.1613308169208467
748,874,126,0.126,0.1595914552733302
732,866,134,0.134,0.1597059133797884
718,859,141,0.141,0.16175232713669538
758,879,121,0.121,0.1466926259584725
778,889,111,0.111,0.14297275681048632
706,853,147,0.147,0.1513095777258277
754,877,123,0.123,0.1458456473313272
734,867,133,0.133,0.16280075423419477
708,854,146,0.146,0.16460996475815773
752,876,124,0.124,0.16259703543037177
742,871,129,0.129,0.15970975402742624
746,873,127,0.127,0.1499048837721348
776,888,112,0.112,0.15062835693359375
780,890,110,0.11,0.15009012646228076
798,899,101,0.101,0.14697602719068528
716,858,142,0.142,0.16797693787515164
798,899,101,0.101,0.1645023853853345
732,866,134,0.134,0.1726019135862589
786,893,107,0.107,0.17130289895832537
720,860,140,0.14,0.17682150599360466
800,900,100,0.1,0.16894893418997525
726,863,137,0.137,0.17279392751306297
776,888,112,0.112,0.1727912618368864
746,873,127,0.127,0.16978193657845259
760,880,120,0.12,0.17290752919018268
772,886,114,0.114,0.1731242312863469
754,877,123,0.123,0.17457055725902318
784,892,108,0.108,0.19121590144187212
740,870,130,0.13,0.20006464303284882
772,886,114,0.114,0.19963893115520479
796,898,102,0.102,0.20204523197561503
742,871,129,0.129,0.21672694451361896
734,867,133,0.133,0.21812653820216657
766,883,117,0.117,0.22840746073424817
708,854,146,0.146,0.2341082871109247
768,884,116,0.116,0.23154066848754884
792,896,104,0.104,0.22144856872409582
770,885,115,0.115,0.20604128263145685
766,883,117,0.117,0.20125387566536665
714,857,143,0.143,0.20434379136562347
762,881,119,0.119,0.20232030960172415
756,878,122,0.122,0.20448986727744342
686,843,157,0.157,0.20952206193655729
722,861,139,0.139,0.19538086201250554
782,891,109,0.109,0.1882449477016926
790,895,105,0.105,0.18194608376175164
830,915,85,0.085,0.17301504969596862
748,874,126,0.126,0.17209530532360076
812,906,94,0.094,0.16524954576045275
722,861,139,0.139,0.16076461229473352
818,909,91,0.091,0.15200104954093693
806,903,97,0.097,0.15250442519038915
756,878,122,0.122,0.15375009467452763
700,850,150,0.15,0.16550800031423568
780,890,110,0.11,0.16183802732825278
748,874,126,0.126,0.1598044681698084
806,903,97,0.097,0.1602547532841563
772,886,114,0.114,0.15932940590381622
752,876,124,0.124,0.16074551925808192
842,921,79,0.079,0.16021864308416844
748,874,126,0.126,0.16767048697918654
768,884,116,0.116,0.17003352542221545
720,860,140,0.14,0.17660474018752575
726,863,137,0.137,0.18172742415964604
728,864,136,0.136,0.18735585763305426
744,872,128,0.128,0.18907374022156
782,891,109,0.109,0.18620223473757505
754,877,123,0.123,0.19445566400140524
684,842,158,0.158,0.1994415768161416
672,836,164,0.164,0.19389355696737767
768,884,116,0.116,0.18626906628534198
760,880,120,0.12,0.17608751928806304
760,880,120,0.12,0.17090732708945872
798,899,101,0.101,0.15898036474734545
754,877,123,0.123,0.1633972904458642
728,864,136,0.136,0.1654743397682905
784,892,108,0.108,0.16618397257477044
722,861,139,0.139,0.18061899588257074
754,877,123,0.123,0.1760259260311723
744,872,128,0.128,0.17419292172044515
816,908,92,0.092,0.16472337063401937
762,881,119,0.119,0.15606207799911498
776,888,112,0.112,0.15989253649115562
810,905,95,0.095,0.16310971435159444
790,895,105,0.105,0.16858026897907258
748,874,126,0.126,0.1806823442131281
790,895,105,0.105,0.1812229290008545
746,873,127,0.127,0.1840455412939191
702,851,149,0.149,0.18163848815858363
754,877,123,0.123,0.17405434247106313
754,877,123,0.123,0.16900887083262206
802,901,99,0.099,0.1753826070725918
756,878,122,0.122,0.1859969742447138
710,855,145,0.145,0.2011909291446209
774,887,113,0.113,0.19879493760317565
772,886,114,0.114,0.19667650730162858
734,867,133,0.133,0.19864582785218954
712,856,144,0.144,0.19682223255932332
780,890,110,0.11,0.19075790634006262
726,863,137,0.137,0.19258357704430817
766,883,117,0.117,0.18234654276072979
744,872,128,0.128,0.1804508368447423
756,878,122,0.122,0.18050223026424647
766,883,117,0.117,0.18165227334946393
736,868,132,0.132,0.1842647050395608
736,868,132,0.132,0.17310403264313937
796,898,102,0.102,0.16800657388567924
820,910,90,0.09,0.16007779355347157
774,887,113,0.113,0.15915395323932172
722,861,139,0.139,0.18869943641871215
738,869,131,0.131,0.18837592751532792
748,874,126,0.126,0.19065961372852325
770,885,115,0.115,0.19037739473581314
768,884,116,0.116,0.1923660523071885
778,889,111,0.111,0.1916693091839552
700,850,150,0.15,0.19728462935239077
798,899,101,0.101,0.19362165956944227
724,862,138,0.138,0.18988712856173515
800,900,100,0.1,0.1813156393915415
730,865,135,0.135,0.18732165175676346
718,859,141,0.141,0.1850862324014306
796,898,102,0.102,0.2005083523541689
768,884,116,0.116,0.20436195816099645
702,851,149,0.149,0.21306618610024453
774,887,113,0.113,0.2114247314929962
808,904,96,0.096,0.17471132611483337
826,913,87,0.087,0.17479443972557784
752,876,124,0.124,0.18271302376687526
764,882,118,0.118,0.18531789231300355
778,889,111,0.111,0.1962326445132494
784,892,108,0.108,0.19595665008574725
724,862,138,0.138,0.20170493401587009
730,865,135,0.135,0.20827806057035922
724,862,138,0.138,0.22672456312924624
750,875,125,0.125,0.2294667753353715
692,846,154,0.154,0.23386526926606893
828,914,86,0.086,0.22136469408124684
722,861,139,0.139,0.2231171919181943
728,864,136,0.136,0.21525860473513603
784,892,108,0.108,0.2089996942281723
704,852,148,0.148,0.2061300508528948
780,890,110,0.11,0.20158324916660786
746,873,127,0.127,0.203229964569211
770,885,115,0.115,0.20718847757577896
756,878,122,0.122,0.21475579782575369
706,853,147,0.147,0.24176536911726
728,864,136,0.136,0.24248470310866832
714,857,143,0.143,0.24797228418290615
790,895,105,0.105,0.2442265377640724
788,894,106,0.106,0.2640281755179167
760,880,120,0.12,0.2669395782649517
750,875,125,0.125,0.26417050854861734
726,863,137,0.137,0.2715380246937275
684,842,158,0.158,0.2718219657689333
792,896,104,0.104,0.2642818222939968
740,870,130,0.13,0.27123214994370937
774,887,113,0.113,0.25486873266100885
740,870,130,0.13,0.252325525149703
688,844,156,0.156,0.2565769796296954
712,856,144,0.144,0.2539665669351816
744,872,128,0.128,0.25470349184423685
744,872,128,0.128,0.2212395345941186
740,870,130,0.13,0.2160691872984171
786,893,107,0.107,0.20488340815156697
782,891,109,0.109,0.2077784823924303
798,899,101,0.101,0.1829049330726266
748,874,126,0.126,0.18556079849600793
738,869,131,0.131,0.18631779491901398
822,911,89,0.089,0.1886489006280899
712,856,144,0.144,0.21195946567505597
768,884,116,0.116,0.20867039098590612
752,876,124,0.124,0.2100363628193736
786,893,107,0.107,0.21038396541774274
742,871,129,0.129,0.213520392075181
824,912,88,0.088,0.21149032627791167
722,861,139,0.139,0.21856744992733002
744,872,128,0.128,0.21519805401563644
748,874,126,0.126,0.24342067870497702
702,851,149,0.149,0.25027999572455883
760,880,120,0.12,0.24380263832211493
778,889,111,0.111,0.24378309200704099
724,862,138,0.138,0.23048026215285064
784,892,108,0.108,0.2221520428583026
722,861,139,0.139,0.22680669283866883
764,882,118,0.118,0.2248915136307478
744,872,128,0.128,0.25127848898619415
724,862,138,0.138,0.24752119555324317
712,856,144,0.144,0.25093117071688176
818,909,91,0.091,0.24012193985283375
786,893,107,0.107,0.23585170789062976
802,901,99,0.099,0.24163052640855312
770,885,115,0.115,0.24262078443169594
736,868,132,0.132,0.24370962837338447
774,887,113,0.113,0.2251370846480131
724,862,138,0.138,0.22853318517655133
730,865,135,0.135,0.2316908690035343
796,898,102,0.102,0.22997675574570894
762,881,119,0.119,0.22700707545876503
766,883,117,0.117,0.2152863259240985
768,884,116,0.116,0.2128283328860998
672,836,164,0.164,0.22026874978095293
806,903,97,0.097,0.20904930733144284
744,872,128,0.128,0.2021079704388976
748,874,126,0.126,0.20071873851120473
742,871,129,0.129,0.19991826670616866
686,843,157,0.157,0.18040548088401556
720,860,140,0.14,0.17415465101599692
780,890,110,0.11,0.17073474744707345
762,881,119,0.119,0.17457268519699573
744,872,128,0.128,0.1704063320159912
788,894,106,0.106,0.16742171163111924
758,879,121,0.121,0.16596286894381046
662,831,169,0.169,0.17502796252816916
696,848,152,0.152,0.16028591150045396
760,880,120,0.12,0.15671536253392696
800,900,100,0.1,0.15346496948972344
750,875,125,0.125,0.15632904617115856
788,894,106,0.106,0.15233038362115622
786,893,107,0.107,0.15262986793369054
754,877,123,0.123,0.15288402689993383
792,896,104,0.104,0.14242696817964315
732,866,134,0.134,0.1561311549693346
784,892,108,0.108,0.15255823104083538
798,899,101,0.101,0.15216542576998474
762,881,119,0.119,0.15176744585111737
790,895,105,0.105,0.14924397610872983
760,880,120,0.12,0.15566456114500762
768,884,116,0.116,0.15445844329893588
778,889,111,0.111,0.1474686121046543
722,861,139,0.139,0.15447104271501302
764,882,118,0.118,0.15263607739657165
784,892,108,0.108,0.15283023449778557
790,895,105,0.105,0.15699441601336003
752,876,124,0.124,0.15716065218299627
778,889,111,0.111,0.1531840020939708
798,899,101,0.101,0.1520015941038728
782,891,109,0.109,0.14672383873164654
762,881,119,0.119,0.16442605164647103
730,865,135,0.135,0.16203125745803118
812,906,94,0.094,0.15994665993005036
820,910,90,0.09,0.1603648383691907
852,926,74,0.074,0.14776627127826214
706,853,147,0.147,0.15663810212165116
710,855,145,0.145,0.15896298855543137
732,866,134,0.134,0.16088055173307658
754,877,123,0.123,0.14021296198666094
780,890,110,0.11,0.1399434607774019
694,847,153,0.153,0.14543690798431635
734,867,133,0.133,0.13174630416929722
776,888,112,0.112,0.11911909193918109
796,898,102,0.102,0.11542226570472121
798,899,101,0.101,0.1138105480670929
808,904,96,0.096,0.11035404016450047
744,872,128,0.128,0.12312680856138468
838,919,81,0.081,0.11745619638264179
770,885,115,0.115,0.1155948879905045
722,861,139,0.139,0.12423400347307324
768,884,116,0.116,0.11674610428139567
702,851,149,0.149,0.1221037802323699
802,901,99,0.099,0.11437369240447878
756,878,122,0.122,0.10990450958907604
820,910,90,0.09,0.10337107505276799
766,883,117,0.117,0.1079613380022347
712,856,144,0.144,0.11229145268723369
774,887,113,0.113,0.1139991104453802
742,871,129,0.129,0.11605634329095482
788,894,106,0.106,0.11549059183523058
782,891,109,0.109,0.11817217949032784
716,858,142,0.142,0.1308289458975196
740,870,130,0.13,0.13069397743418812
706,853,147,0.147,0.13326882147043945
772,886,114,0.114,0.1305443196706474
722,861,139,0.139,0.12203174732625484
778,889,111,0.111,0.11647093179449439
752,876,124,0.124,0.11604300232976675
800,900,100,0.1,0.10962712003663182
746,873,127,0.127,0.12141309961304068
742,871,129,0.129,0.12386067115142942
702,851,149,0.149,0.12814456969127058
782,891,109,0.109,0.12048759787529707
764,882,118,0.118,0.11625895291566848
792,896,104,0.104,0.11015258701518178
782,891,109,0.109,0.10738409672677517
712,856,144,0.144,0.1138000492863357
754,877,123,0.123,0.12243882808461785
718,859,141,0.141,0.12067513593658805
788,894,106,0.106,0.1227442193031311
734,867,133,0.133,0.11887230273708702
724,862,138,0.138,0.10914546827971935
742,871,129,0.129,0.11107265857607126
698,849,151,0.151,0.11420448861643671
766,883,117,0.117,0.0972308947481215
772,886,114,0.114,0.09688527901470662
776,888,112,0.112,0.09746219240874052
730,865,135,0.135,0.10331912521272897
696,848,152,0.152,0.13243898975849153
776,888,112,0.112,0.12741830587759614
778,889,111,0.111,0.12457937495782971
734,867,133,0.133,0.1222541915588081
760,880,120,0.12,0.12134019954130054
730,865,135,0.135,0.12428338451683521
668,834,166,0.166,0.13150430973246693
734,867,133,0.133,0.1311462006010115
784,892,108,0.108,0.1292329625748098
694,847,153,0.153,0.13599841904640197
718,859,141,0.141,0.13506957429647445
768,884,116,0.116,0.1321252092346549
804,902,98,0.098,0.11707127201929689
800,900,100,0.1,0.11931228503584862
704,852,148,0.148,0.12224234558641911
744,872,128,0.128,0.11926536193862558
680,840,160,0.16,0.12954062586650253
730,865,135,0.135,0.1308776223026216
752,876,124,0.124,0.1263066730760038
760,880,120,0.12,0.13515552377700807
744,872,128,0.128,0.139744826130569
800,900,100,0.1,0.1341196858100593
748,874,126,0.126,0.13900793362036348
826,913,87,0.087,0.1269527420029044
706,853,147,0.147,0.12439209216833115
736,868,132,0.132,0.12063162549212575
738,869,131,0.131,0.1227105771638453
794,897,103,0.103,0.12823995416611433
690,845,155,0.155,0.14204074907302858
786,893,107,0.107,0.13865816935896874
706,853,147,0.147,0.1423083271458745
760,880,120,0.12,0.12369556299969554
788,894,106,0.106,0.11840787944570184
744,872,128,0.128,0.12032333413511515
696,848,152,0.152,0.12768267498537897
722,861,139,0.139,0.13561280300840736
760,880,120,0.12,0.13480511043593288
780,890,110,0.11,0.12832416818663478
728,864,136,0.136,0.12961300695687533
744,872,128,0.128,0.13024188954010607
734,867,133,0.133,0.1337049607485533
714,857,143,0.143,0.14022262436151506
722,861,139,0.139,0.14008747436106206
726,863,137,0.137,0.1399382793903351
802,901,99,0.099,0.13304776146262884
726,863,137,0.137,0.13420664790272713
776,888,112,0.112,0.1347315777912736
730,865,135,0.135,0.1308140577338636
798,899,101,0.101,0.1309227695390582
696,848,152,0.152,0.1394323836117983
778,889,111,0.111,0.1341372267343104
778,889,111,0.111,0.13407047878205777
744,872,128,0.128,0.12967255497351288
744,872,128,0.128,0.11914587584882974
738,869,131,0.131,0.11690980416163801
794,897,103,0.103,0.10921904476732015
778,889,111,0.111,0.11154360470548272
732,866,134,0.134,0.11594402480125428
740,870,130,0.13,0.11879951621964574
730,865,135,0.135,0.10569442974776029
758,879,121,0.121,0.10391742274165154
850,925,75,0.075,0.10525245032273232
756,878,122,0.122,0.1120331270173192
738,869,131,0.131,0.11300181847065688
698,849,151,0.151,0.11851502517983317
714,857,143,0.143,0.11457425911352039
796,898,102,0.102,0.11035918458923698
768,884,116,0.116,0.10714842143282294
756,878,122,0.122,0.10381030685454606
804,902,98,0.098,0.09347853547334671
698,849,151,0.151,0.100759811591357
732,866,134,0.134,0.10497347532585263
736,868,132,0.132,0.10805627762526274
758,879,121,0.121,0.1091676718853414
744,872,128,0.128,0.11215670472756029
728,864,136,0.136,0.11823954562842846
756,878,122,0.122,0.11067768763378262
760,880,120,0.12,0.10622004780173301
774,887,113,0.113,0.09469868064299226
782,891,109,0.109,0.09021181042119861
828,914,86,0.086,0.08761024959385395
776,888,112,0.112,0.09161343116685748
758,879,121,0.121,0.09717038779333234
638,819,181,0.181,0.10833701550215483
788,894,106,0.106,0.10519399040564895
776,888,112,0.112,0.10864744186028838
752,876,124,0.124,0.11506397878751158
750,875,125,0.125,0.10779004413634538
776,888,112,0.112,0.10300136737152935
778,889,111,0.111,0.10236320193856954
762,881,119,0.119,0.10367169219814241
718,859,141,0.141,0.11557201183959842
766,883,117,0.117,0.11777770217880607
782,891,109,0.109,0.1210299860984087
764,882,118,0.118,0.11560692366585136
806,903,97,0.097,0.10842275774106383
792,896,104,0.104,0.10587767338007689
732,866,134,0.134,0.10952174878120423
728,864,136,0.136,0.1194193751141429
776,888,112,0.112,0.11825698478892445
764,882,118,0.118,0.1111080621406436
752,876,124,0.124,0.11002003796771169
722,861,139,0.139,0.10985061397403478
798,899,101,0.101,0.10102615660056471
724,862,138,0.138,0.10982195746339858
778,889,111,0.111,0.11090482814237475
778,889,111,0.111,0.11311692915856839
756,878,122,0.122,0.11716608276963233
762,881,119,0.119,0.11828481316193938
756,878,122,0.122,0.11614901944994926
740,870,130,0.13,0.11888825331628322
774,887,113,0.113,0.12123835381120443
720,860,140,0.14,0.12349162680283189
754,877,123,0.123,0.12091640912741422
748,874,126,0.126,0.1181613765284419
750,875,125,0.125,0.11319343382865191
812,906,94,0.094,0.10933769747242332
776,888,112,0.112,0.11144176307320595
708,854,146,0.146,0.12410974000021815
760,880,120,0.12,0.13170695650950073
748,874,126,0.126,0.1383305411040783
724,862,138,0.138,0.1383652626015246
758,879,121,0.121,0.13111970001831652
802,901,99,0.099,0.12943146044760942
738,869,131,0.131,0.13203937567770482
736,868,132,0.132,0.13200785514339805
782,891,109,0.109,0.12596844734996557
770,885,115,0.115,0.12641825350373984
742,871,129,0.129,0.13775848817825317
772,886,114,0.114,0.14574007028713823
716,858,142,0.142,0.15540342807769775
826,913,87,0.087,0.15086220084130764
754,877,123,0.123,0.15952306698262692
774,887,113,0.113,0.16011441142857075
728,864,136,0.136,0.16976755330711604
792,896,104,0.104,0.16648798032850026
782,891,109,0.109,0.1722950508147478
762,881,119,0.119,0.17926447631418704
684,842,158,0.158,0.18691319032013418
830,915,85,0.085,0.17729696273058654
776,888,112,0.112,0.17592091346532107
702,851,149,0.149,0.17874536391347648
792,896,104,0.104,0.1727927171513438
686,843,157,0.157,0.18176127917319537
718,859,141,0.141,0.18395969893783332
772,886,114,0.114,0.17497524884343146
760,880,120,0.12,0.17260926117002964
744,872,128,0.128,0.17249510404467583
752,876,124,0.124,0.16005383191257716
790,895,105,0.105,0.14698275385051965
796,898,102,0.102,0.14406392204016447
758,879,121,0.121,0.1474314830377698
790,895,105,0.105,0.14132828060165048
742,871,129,0.129,0.15235309630632402
728,864,136,0.136,0.15724188634753228
804,902,98,0.098,0.1526899862959981
752,876,124,0.124,0.1645700566768646
774,887,113,0.113,0.1695601694509387
758,879,121,0.121,0.17681487295776604
748,874,126,0.126,0.17604659553617238
736,868,132,0.132,0.17391787209361792
858,929,71,0.071,0.14834679781645538
780,890,110,0.11,0.15323078265413642
744,872,128,0.128,0.15334971455484628
754,877,123,0.123,0.1631376259326935
762,881,119,0.119,0.18171400662511586
790,895,105,0.105,0.17677481463551523
734,867,133,0.133,0.17988247131556273
770,885,115,0.115,0.16944649397581815
764,882,118,0.118,0.15329903534054756
700,850,150,0.15,0.15068063171580434
780,890,110,0.11,0.14159215140342712
822,911,89,0.089,0.14101667196303605
758,879,121,0.121,0.1648215801566839
710,855,145,0.145,0.17460548979789017
736,868,132,0.132,0.1756976680383086
734,867,133,0.133,0.1768254289701581
724,862,138,0.138,0.1761780257821083
758,879,121,0.121,0.1739343184530735
784,892,108,0.108,0.17073373731970787
744,872,128,0.128,0.17449898209422826
780,890,110,0.11,0.16314696963131428
772,886,114,0.114,0.16336480477824808
838,919,81,0.081,0.15783396708965303
748,874,126,0.126,0.16559746640175582
762,881,119,0.119,0.16932783684134484
730,865,135,0.135,0.16882384771108627
782,891,109,0.109,0.1649748277887702
710,855,145,0.145,0.16940313095599413
720,860,140,0.14,0.156801029086113
786,893,107,0.107,0.15251452071219682
776,888,112,0.112,0.14867729924619197
790,895,105,0.105,0.14747463192790747
784,892,108,0.108,0.14397531470656394
740,870,130,0.13,0.1455207870826125
770,885,115,0.115,0.1471659563705325
740,870,130,0.13,0.15108119858801364
752,876,124,0.124,0.1416734204813838
822,911,89,0.089,0.13802870713546872
836,918,82,0.082,0.1380068425834179
716,858,142,0.142,0.14116548597812653
752,876,124,0.124,0.13741185695305466
760,880,120,0.12,0.13565183776989578
770,885,115,0.115,0.13894430960714818
778,889,111,0.111,0.13528088156878948
750,875,125,0.125,0.13909204740077258
744,872,128,0.128,0.13836473105475305
798,899,101,0.101,0.12737534481659532
756,878,122,0.122,0.13167774360999465
798,899,101,0.101,0.12518577624112368
700,850,150,0.15,0.12546079643070698
680,840,160,0.16,0.12548448807001114
720,860,140,0.14,0.12705011224001647
820,910,90,0.09,0.12144108242914081
806,903,97,0.097,0.1217523072808981
796,898,102,0.102,0.11918198266997933
726,863,137,0.137,0.12285981762036681
748,874,126,0.126,0.12427382291480898
740,870,130,0.13,0.12728062266856432
752,876,124,0.124,0.13705578423291445
772,886,114,0.114,0.13873237536102534
724,862,138,0.138,0.14192801942676306
742,871,129,0.129,0.14199267241358757
766,883,117,0.117,0.14069441859424114
776,888,112,0.112,0.14245225086063146
734,867,133,0.133,0.14869039958715438
788,894,106,0.106,0.15222005478292705
732,866,134,0.134,0.15906208142638206
724,862,138,0.138,0.1616043824367225
772,886,114,0.114,0.16507019320875407
754,877,123,0.123,0.16270286551862956
654,827,173,0.173,0.16838154730200766
776,888,112,0.112,0.1662120656594634
760,880,120,0.12,0.1612068495452404
714,857,143,0.143,0.16660656623542308
748,874,126,0.126,0.15576495738327503
706,853,147,0.147,0.15534157788753508
766,883,117,0.117,0.14225157473236322
808,904,96,0.096,0.14610983496159316
736,868,132,0.132,0.15672357224673034
810,905,95,0.095,0.1560177743807435
714,857,143,0.143,0.1685370952859521
768,884,116,0.116,0.17406443276256323
728,864,136,0.136,0.17791185215115546
754,877,123,0.123,0.17406911797076463
724,862,138,0.138,0.17127419819682838
742,871,129,0.129,0.15713097292929887
776,888,112,0.112,0.1512187443971634
744,872,128,0.128,0.15806023827940224
798,899,101,0.101,0.15669371984899044
738,869,131,0.131,0.1662827798128128
698,849,151,0.151,0.1861442137733102
758,879,121,0.121,0.18693858581781386
712,856,144,0.144,0.19011375721544027
778,889,111,0.111,0.19026409921050072
678,839,161,0.161,0.193574967212975
724,862,138,0.138,0.19082934007048608
772,886,114,0.114,0.19418115442991257
720,860,140,0.14,0.21555682126432657
728,864,136,0.136,0.22021345402300357
706,853,147,0.147,0.21828636950999497
784,892,108,0.108,0.20972591457515954
710,855,145,0.145,0.21667749597132205
720,860,140,0.14,0.20264629834145306
764,882,118,0.118,0.20274962106347083
780,890,110,0.11,0.20286727260798215
716,858,142,0.142,0.20183796831965448
698,849,151,0.151,0.21055599193274974
728,864,136,0.136,0.20486136474460365
744,872,128,0.128,0.2071701569929719
792,896,104,0.104,0.19978439240902662
736,868,132,0.132,0.1968033285215497
772,886,114,0.114,0.1902249080464244
756,878,122,0.122,0.19222958658635617
720,860,140,0.14,0.19837613277137278
762,881,119,0.119,0.2079966482743621
698,849,151,0.151,0.21076177817583083
780,890,110,0.11,0.2075146111100912
774,887,113,0.113,0.20479339303076266
754,877,123,0.123,0.21812791268527507
754,877,123,0.123,0.21917483735084534
702,851,149,0.149,0.22236480902135372
734,867,133,0.133,0.22362757088243962
770,885,115,0.115,0.2135310185700655
806,903,97,0.097,0.21111353248357773
684,842,158,0.158,0.21355649979412555
804,902,98,0.098,0.2110168884843588
728,864,136,0.136,0.211852128431201
746,873,127,0.127,0.20881499183923005
780,890,110,0.11,0.2049824224859476
826,913,87,0.087,0.19841518914699555
800,900,100,0.1,0.19049179483950138
742,871,129,0.129,0.19315888248384
704,852,148,0.148,0.19269487673789262
764,882,118,0.118,0.19339660822600127
766,883,117,0.117,0.17796367986500264
704,852,148,0.148,0.18176467363536358
768,884,116,0.116,0.18079032664746045
772,886,114,0.114,0.1781415285691619
796,898,102,0.102,0.1739065321162343
770,885,115,0.115,0.17606693437695503
786,893,107,0.107,0.1791592479199171
810,905,95,0.095,0.17866303456574678
734,867,133,0.133,0.20440533467382194
714,857,143,0.143,0.2018434710279107
800,900,100,0.1,0.20018552920222282
678,839,161,0.161,0.20841447760164739
750,875,125,0.125,0.18590672944486142
802,901,99,0.099,0.17707035285979508
798,899,101,0.101,0.17875745191425085
760,880,120,0.12,0.1789643563851714
812,906,94,0.094,0.1802577245309949
