log_avg_ept_score,log_avg_succ_req,log_avg_blk_req,log_avg_BP_req,log_avg_entropy
602,801,199,0.199,2.3008143441677094
612,806,194,0.194,2.3008368918895723
566,783,217,0.217,2.3008344841003416
576,788,212,0.212,2.3008579986095428
610,805,195,0.195,2.300908052921295
610,805,195,0.195,2.3008944756984713
692,846,154,0.154,2.3009044752120973
646,823,177,0.177,2.3008946821689604
618,809,191,0.191,2.3007659780979157
566,783,217,0.217,2.3007610495090485
648,824,176,0.176,2.3007915441989897
552,776,224,0.224,2.300702998161316
606,803,197,0.197,2.300690194606781
564,782,218,0.218,2.3004617063999175
622,811,189,0.189,2.3006260697841645
596,798,202,0.202,2.300583182811737
592,796,204,0.204,2.3002937145233155
634,817,183,0.183,2.3000728425979613
636,818,182,0.182,2.300066227197647
598,799,201,0.201,2.2995551006793975
596,798,202,0.202,2.298390979766846
598,799,201,0.201,2.2943025975594065
574,787,213,0.213,2.29586888897419
612,806,194,0.194,2.2947016153335573
614,807,193,0.193,2.2904513063430785
588,794,206,0.206,2.283792318344116
602,801,199,0.199,2.2819606174230573
588,794,206,0.206,2.266272932842374
616,808,192,0.192,2.22922329556942
592,796,204,0.204,2.1938322476148606
634,817,183,0.183,2.1816532287735066
646,823,177,0.177,2.1004801898002623
664,832,168,0.168,1.9371246020955442
654,827,173,0.173,1.801143958412511
646,823,177,0.177,1.7500396787404315
646,823,177,0.177,1.5886400352809578
654,827,173,0.173,1.547764980405569
678,839,161,0.161,1.5955990778344462
652,826,174,0.174,1.6358022180241532
720,860,140,0.14,1.7356116603612899
622,811,189,0.189,1.7643789829497691
698,849,151,0.151,1.8005013200640678
640,820,180,0.18,1.8232441321071238
662,831,169,0.169,1.7788689950704575
692,846,154,0.154,1.7481573714017868
648,824,176,0.176,1.7260374053120613
668,834,166,0.166,1.697612537741661
716,858,142,0.142,1.6696894381642342
738,869,131,0.131,1.5883224050402642
688,844,156,0.156,1.5930454019904137
702,851,149,0.149,1.5356262050271035
668,834,166,0.166,1.508807405770989
676,838,162,0.162,1.4635575902305427
752,876,124,0.124,1.433265960097313
690,845,155,0.155,1.4362651726305484
688,844,156,0.156,1.3833742836713792
672,836,164,0.164,1.3908741044099215
762,881,119,0.119,1.3291774097643794
696,848,152,0.152,1.288447443637997
704,852,148,0.148,1.256045414417982
750,875,125,0.125,1.1757183942114935
772,886,114,0.114,1.1281903020510593
700,850,150,0.15,1.1153073893894907
722,861,139,0.139,1.0848354251757264
750,875,125,0.125,1.0735089494308923
778,889,111,0.111,1.0515359315909445
712,856,144,0.144,1.0946638385355472
700,850,150,0.15,1.1482641778886318
738,869,131,0.131,1.1535746658910067
768,884,116,0.116,1.1956491554869555
632,816,184,0.184,1.251944088905746
694,847,153,0.153,1.2765681642889977
720,860,140,0.14,1.2643015562295914
708,854,146,0.146,1.2415625955164433
684,842,158,0.158,1.2001795640587807
694,847,153,0.153,1.1664812355339527
668,834,166,0.166,1.1637623467445373
720,860,140,0.14,1.1241765673160553
750,875,125,0.125,1.0495932092964648
688,844,156,0.156,0.9821195164471864
698,849,151,0.151,0.9802286292742938
746,873,127,0.127,0.9170038274526596
680,840,160,0.16,0.9185167889867444
676,838,162,0.162,0.9201340749710798
734,867,133,0.133,0.9053080295529217
664,832,168,0.168,0.8893334036618471
704,852,148,0.148,0.8618192507624626
690,845,155,0.155,0.8659002204686403
746,873,127,0.127,0.8527944890707732
770,885,115,0.115,0.8284623160511255
748,874,126,0.126,0.7705132449120283
676,838,162,0.162,0.7618039347305894
742,871,129,0.129,0.7317956254035235
756,878,122,0.122,0.7513656742870808
778,889,111,0.111,0.7808108449047675
768,884,116,0.116,0.7617023624405265
780,890,110,0.11,0.7640193138989271
752,876,124,0.124,0.7454288812801242
728,864,136,0.136,0.7287310795783997
740,870,130,0.13,0.6684697436615825
746,873,127,0.127,0.6512851962521672
774,887,113,0.113,0.6420078264959157
766,883,117,0.117,0.6597379949878669
710,855,145,0.145,0.6549094984345138
804,902,98,0.098,0.6300043314024806
722,861,139,0.139,0.660282113423571
796,898,102,0.102,0.5796749921594746
742,871,129,0.129,0.497565298916772
820,910,90,0.09,0.4443366872631013
726,863,137,0.137,0.4504629858043045
710,855,145,0.145,0.4673200017362833
716,858,142,0.142,0.4406074145516759
742,871,129,0.129,0.45513992694951594
714,857,143,0.143,0.42623582914844155
798,899,101,0.101,0.4458633331097662
744,872,128,0.128,0.43376188615057615
756,878,122,0.122,0.3953656610641629
824,912,88,0.088,0.3780332956649363
770,885,115,0.115,0.3863237249189988
768,884,116,0.116,0.39314849834144117
758,879,121,0.121,0.41012516320717257
762,881,119,0.119,0.38435002614278346
794,897,103,0.103,0.4222633101735264
806,903,97,0.097,0.4071386428102851
732,866,134,0.134,0.47515027082245803
734,867,133,0.133,0.4767057696599513
714,857,143,0.143,0.4577802781201899
710,855,145,0.145,0.4664851624951698
766,883,117,0.117,0.4438429765533656
722,861,139,0.139,0.4400976268677041
774,887,113,0.113,0.4447865455113351
750,875,125,0.125,0.41760853421036154
764,882,118,0.118,0.38950706920420797
666,833,167,0.167,0.4134939467422664
774,887,113,0.113,0.39982805104460567
788,894,106,0.106,0.40312603297433813
764,882,118,0.118,0.3954249935839325
712,856,144,0.144,0.4436408338334877
792,896,104,0.104,0.402959152456373
760,880,120,0.12,0.4268247419558465
740,870,130,0.13,0.3982164220940322
750,875,125,0.125,0.4037211683820933
688,844,156,0.156,0.3968533191885799
830,915,85,0.085,0.3555463887443766
746,873,127,0.127,0.3710304056918248
768,884,116,0.116,0.3891299498900771
736,868,132,0.132,0.41052257994934915
726,863,137,0.137,0.44514003331586743
676,838,162,0.162,0.4663543729148805
756,878,122,0.122,0.47113993477448823
714,857,143,0.143,0.49802245093509556
744,872,128,0.128,0.4913490041717887
708,854,146,0.146,0.47071949287317694
782,891,109,0.109,0.4087986003421247
716,858,142,0.142,0.37207815934560495
764,882,118,0.118,0.390218710985966
764,882,118,0.118,0.33795376756601037
726,863,137,0.137,0.38876941814101884
736,868,132,0.132,0.38126171569753203
728,864,136,0.136,0.3861929495483637
748,874,126,0.126,0.3735800594504326
722,861,139,0.139,0.4463171595595777
770,885,115,0.115,0.4416923525072634
746,873,127,0.127,0.46713067991100254
728,864,136,0.136,0.4474522187449038
732,866,134,0.134,0.4202503019515425
826,913,87,0.087,0.3776778007225013
804,902,98,0.098,0.36185068989358843
750,875,125,0.125,0.38691234680544584
736,868,132,0.132,0.30451024138368665
782,891,109,0.109,0.30465257302485405
788,894,106,0.106,0.29651666662283244
784,892,108,0.108,0.3154208227875642
702,851,149,0.149,0.3479551828810945
756,878,122,0.122,0.3480775435883552
748,874,126,0.126,0.3486967426016927
794,897,103,0.103,0.3177439479865134
748,874,126,0.126,0.2951130425976614
818,909,91,0.091,0.2876762556391768
724,862,138,0.138,0.2947387284506112
722,861,139,0.139,0.2842846009838395
720,860,140,0.14,0.2730245340811089
758,879,121,0.121,0.24508401062432678
802,901,99,0.099,0.23379081499041057
726,863,137,0.137,0.25052782538812607
768,884,116,0.116,0.2522048862548545
764,882,118,0.118,0.24808440252952277
768,884,116,0.116,0.2174566220715642
764,882,118,0.118,0.24532985337730498
786,893,107,0.107,0.2055157816633582
772,886,114,0.114,0.19758909493638202
846,923,77,0.077,0.18567373863141984
700,850,150,0.15,0.21458133594691753
726,863,137,0.137,0.2312151982509531
710,855,145,0.145,0.23279925783793443
794,897,103,0.103,0.23264611729513854
810,905,95,0.095,0.23747962396219371
768,884,116,0.116,0.2727056751009077
780,890,110,0.11,0.30223648232314737
674,837,163,0.163,0.309505727536045
734,867,133,0.133,0.3088798955064267
798,899,101,0.101,0.29637180076725783
770,885,115,0.115,0.2824802047442645
808,904,96,0.096,0.2847326274821535
756,878,122,0.122,0.2724553872202523
758,879,121,0.121,0.2771142264958471
752,876,124,0.124,0.2856594241261482
776,888,112,0.112,0.28731674194149676
746,873,127,0.127,0.30833629782311617
670,835,165,0.165,0.3316793085616082
794,897,103,0.103,0.30592711148783563
770,885,115,0.115,0.2919957774878676
798,899,101,0.101,0.27752807655557993
746,873,127,0.127,0.256209765676409
768,884,116,0.116,0.2344135044682771
778,889,111,0.111,0.21996371097210796
756,878,122,0.122,0.2228856561668217
782,891,109,0.109,0.2185487795509398
768,884,116,0.116,0.21808437528740615
818,909,91,0.091,0.21470430626093048
808,904,96,0.096,0.2115211485605687
768,884,116,0.116,0.2060386893907562
722,861,139,0.139,0.21039663167111575
730,865,135,0.135,0.21148738650325685
758,879,121,0.121,0.20886658912710845
734,867,133,0.133,0.20417017016932368
788,894,106,0.106,0.19756209091097116
736,868,132,0.132,0.1978299412881024
782,891,109,0.109,0.1887468630336225
764,882,118,0.118,0.1991315257633105
754,877,123,0.123,0.19500712863449007
766,883,117,0.117,0.21250415503606201
776,888,112,0.112,0.21670659282500856
772,886,114,0.114,0.1944807031573728
762,881,119,0.119,0.19425243448838592
780,890,110,0.11,0.17895318692550063
650,825,175,0.175,0.19398176988548993
832,916,84,0.084,0.18475489347800614
780,890,110,0.11,0.18614739192742855
746,873,127,0.127,0.22778456926345825
708,854,146,0.146,0.2631634303062969
724,862,138,0.138,0.24586234266124665
734,867,133,0.133,0.2601626056730747
760,880,120,0.12,0.23439810289722818
830,915,85,0.085,0.2038580612912774
750,875,125,0.125,0.1975815826859325
790,895,105,0.105,0.19994117050990462
784,892,108,0.108,0.1968700277907774
758,879,121,0.121,0.235116284634918
764,882,118,0.118,0.22412435920909046
784,892,108,0.108,0.23409921232052147
778,889,111,0.111,0.24679429368674763
724,862,138,0.138,0.2626065614260733
678,839,161,0.161,0.26702634151279925
762,881,119,0.119,0.2534065673649311
758,879,121,0.121,0.2691522341631353
764,882,118,0.118,0.26613881942629813
748,874,126,0.126,0.2805734090059996
790,895,105,0.105,0.2664891449734569
732,866,134,0.134,0.2761929840780906
776,888,112,0.112,0.2650260839946568
678,839,161,0.161,0.27318822840601203
776,888,112,0.112,0.2561769163943827
786,893,107,0.107,0.2604355844594538
768,884,116,0.116,0.26650879502466707
768,884,116,0.116,0.2778995962627232
820,910,90,0.09,0.2607224917709827
782,891,109,0.109,0.30462378592230377
708,854,146,0.146,0.32336933583021166
766,883,117,0.117,0.32680568007193506
752,876,124,0.124,0.33331950626149776
712,856,144,0.144,0.4574268408119678
758,879,121,0.121,0.46449176128208636
742,871,129,0.129,0.4740868844203651
778,889,111,0.111,0.45314971543103455
732,866,134,0.134,0.4454455539286137
704,852,148,0.148,0.44855559581518173
710,855,145,0.145,0.4727523378394544
724,862,138,0.138,0.4751839159950614
752,876,124,0.124,0.5150708752125501
748,874,126,0.126,0.5101628097295761
744,872,128,0.128,0.5206447502600495
770,885,115,0.115,0.4679106561243534
772,886,114,0.114,0.36891008022427557
786,893,107,0.107,0.36647783760726454
750,875,125,0.125,0.36735859686136246
784,892,108,0.108,0.3671761989593506
766,883,117,0.117,0.43852535863220693
750,875,125,0.125,0.45181633120731385
784,892,108,0.108,0.4416754651293159
792,896,104,0.104,0.4360813712977663
710,855,145,0.145,0.36195159729179793
786,893,107,0.107,0.3445535703971982
734,867,133,0.133,0.36377600533515214
758,879,121,0.121,0.33955168051311146
752,876,124,0.124,0.38119702449371107
752,876,124,0.124,0.3896850299698417
732,866,134,0.134,0.40394934758543966
786,893,107,0.107,0.4390199582874775
764,882,118,0.118,0.4127114503458724
750,875,125,0.125,0.39037513856031003
802,901,99,0.099,0.37423507787287236
762,881,119,0.119,0.31538584785163404
810,905,95,0.095,0.2987238298413765
818,909,91,0.091,0.30794614017754796
750,875,125,0.125,0.3219418228715658
760,880,120,0.12,0.3568171948226809
778,889,111,0.111,0.36099984095990656
774,887,113,0.113,0.35310090947151185
808,904,96,0.096,0.35093171265721324
762,881,119,0.119,0.31907325886934995
754,877,123,0.123,0.2946471481008719
714,857,143,0.143,0.30752979300171135
826,913,87,0.087,0.2856774875074625
800,900,100,0.1,0.31137490408122537
752,876,124,0.124,0.3443131007179618
770,885,115,0.115,0.3326532449349761
716,858,142,0.142,0.35868649110731793
730,865,135,0.135,0.3630466068610549
680,840,160,0.16,0.42669412215054037
760,880,120,0.12,0.38841163140535356
682,841,159,0.159,0.4492590743750334
786,893,107,0.107,0.3918310097493231
736,868,132,0.132,0.3827316819690168
762,881,119,0.119,0.3778266820799108
764,882,118,0.118,0.3710987033545971
790,895,105,0.105,0.35739363855775447
736,868,132,0.132,0.3778062216602266
764,882,118,0.118,0.3804669156364398
790,895,105,0.105,0.36760643612407146
820,910,90,0.09,0.40526027435064316
668,834,166,0.166,0.4371810658136819
706,853,147,0.147,0.43689473915100097
760,880,120,0.12,0.4251212138384581
788,894,106,0.106,0.3751207396853715
792,896,104,0.104,0.3595814434220083
802,901,99,0.099,0.3442820003926754
754,877,123,0.123,0.3441603454351425
714,857,143,0.143,0.36792249201238153
784,892,108,0.108,0.37573188173770905
770,885,115,0.115,0.37626327508687973
784,892,108,0.108,0.3819416673588041
752,876,124,0.124,0.36462031895294783
758,879,121,0.121,0.36021503844857217
760,880,120,0.12,0.3624889111816883
714,857,143,0.143,0.3670397640839219
718,859,141,0.141,0.3991736296862364
746,873,127,0.127,0.3793877478390932
706,853,147,0.147,0.3988528556525707
796,898,102,0.102,0.38240809619123967
796,898,102,0.102,0.34463607041537764
744,872,128,0.128,0.33075060888379815
778,889,111,0.111,0.3343371011571144
786,893,107,0.107,0.2834128845632076
736,868,132,0.132,0.27775990626215935
794,897,103,0.103,0.2684236076697707
716,858,142,0.142,0.2894344819709659
732,866,134,0.134,0.3002985102236271
812,906,94,0.094,0.3278181237727404
732,866,134,0.134,0.3473932086676359
768,884,116,0.116,0.33360630605369807
760,880,120,0.12,0.3286423941552639
666,833,167,0.167,0.3277458627521992
718,859,141,0.141,0.3148733957484364
730,865,135,0.135,0.3207091575451195
754,877,123,0.123,0.3549887003079057
770,885,115,0.115,0.3671674573952332
702,851,149,0.149,0.3780996981114149
754,877,123,0.123,0.34918270041048527
766,883,117,0.117,0.2964374113827944
762,881,119,0.119,0.24464142273366452
800,900,100,0.1,0.23704688172787428
714,857,143,0.143,0.2594806236028671
704,852,148,0.148,0.3073610773086548
774,887,113,0.113,0.35985051228106024
804,902,98,0.098,0.3489975882768631
788,894,106,0.106,0.37161039091549175
706,853,147,0.147,0.36962853399664164
822,911,89,0.089,0.27955626947432755
758,879,121,0.121,0.27738538878411056
790,895,105,0.105,0.24746489571034908
740,870,130,0.13,0.25331895902007817
724,862,138,0.138,0.2773179391101003
816,908,92,0.092,0.26289948685467246
778,889,111,0.111,0.3071712926571929
792,896,104,0.104,0.3216208033634466
662,831,169,0.169,0.3664133760035038
772,886,114,0.114,0.321105112478137
790,895,105,0.105,0.2852538943439722
762,881,119,0.119,0.2603627267926931
760,880,120,0.12,0.2578023319587658
774,887,113,0.113,0.24196506723761557
778,889,111,0.111,0.24550914680957794
780,890,110,0.11,0.26243490478396414
812,906,94,0.094,0.2783013096000941
776,888,112,0.112,0.2906007660850883
750,875,125,0.125,0.3243432866334915
756,878,122,0.122,0.3205651017129421
768,884,116,0.116,0.30331620493531225
764,882,118,0.118,0.29644720842433164
830,915,85,0.085,0.27230963423103094
750,875,125,0.125,0.27417020649462936
724,862,138,0.138,0.28959905068576336
784,892,108,0.108,0.27353207517671396
750,875,125,0.125,0.32397545014321805
760,880,120,0.12,0.3311586800664663
770,885,115,0.115,0.32166038901451977
802,901,99,0.099,0.3185877608777955
770,885,115,0.115,0.29582832741737364
742,871,129,0.129,0.30609695633500816
768,884,116,0.116,0.3167892699688673
732,866,134,0.134,0.3245980142056942
692,846,154,0.154,0.4036420742571354
774,887,113,0.113,0.40449949544668196
792,896,104,0.104,0.4107733460366726
738,869,131,0.131,0.4192162949703634
754,877,123,0.123,0.40203603226291046
810,905,95,0.095,0.3641814353317022
760,880,120,0.12,0.36597045631706715
686,843,157,0.157,0.38567100976407526
754,877,123,0.123,0.42949146588146686
704,852,148,0.148,0.47906097432971
748,874,126,0.126,0.47260006009042266
752,876,124,0.124,0.49144837659597396
778,889,111,0.111,0.4590342524559601
734,867,133,0.133,0.4319871555864811
700,850,150,0.15,0.41338820680975913
754,877,123,0.123,0.39644683881569653
758,879,121,0.121,0.31979057121276855
764,882,118,0.118,0.3051220261603594
774,887,113,0.113,0.308207597091794
786,893,107,0.107,0.29109880543500183
702,851,149,0.149,0.33625360952317856
730,865,135,0.135,0.33567086383700373
770,885,115,0.115,0.31462560641765597
736,868,132,0.132,0.31886001309752465
774,887,113,0.113,0.2808988989070058
794,897,103,0.103,0.2584018843054439
792,896,104,0.104,0.2581231205519289
718,859,141,0.141,0.2652830934859812
754,877,123,0.123,0.26750558933615687
792,896,104,0.104,0.2708292733579874
676,838,162,0.162,0.29935778994113205
782,891,109,0.109,0.2881127723604441
770,885,115,0.115,0.29463391815871
736,868,132,0.132,0.30345905201137063
770,885,115,0.115,0.2980000856173579
720,860,140,0.14,0.28958559048175814
786,893,107,0.107,0.258132344968617
764,882,118,0.118,0.2697145315855741
754,877,123,0.123,0.2802992982640862
846,923,77,0.077,0.2581876226589084
786,893,107,0.107,0.293118034362793
808,904,96,0.096,0.2981582939138866
762,881,119,0.119,0.29676844281703235
740,870,130,0.13,0.30297107078135016
732,866,134,0.134,0.3102006233334541
744,872,128,0.128,0.31729009784013035
742,871,129,0.129,0.3227855874598026
768,884,116,0.116,0.31948905482888224
784,892,108,0.108,0.3569855058193207
796,898,102,0.102,0.3573140369057655
798,899,101,0.101,0.34942153085768224
772,886,114,0.114,0.354186713877134
836,918,82,0.082,0.2949863714538515
708,854,146,0.146,0.3259192741215229
828,914,86,0.086,0.3046812099358067
800,900,100,0.1,0.3143128067553044
738,869,131,0.131,0.42317331893742083
740,870,130,0.13,0.43765615448355677
760,880,120,0.12,0.4298410374224186
772,886,114,0.114,0.426763802818954
768,884,116,0.116,0.4124741672128439
698,849,151,0.151,0.4553678627312183
678,839,161,0.161,0.4339869440188631
768,884,116,0.116,0.41514230659604073
736,868,132,0.132,0.4961747133731842
690,845,155,0.155,0.5159754894934595
750,875,125,0.125,0.49757057559490203
740,870,130,0.13,0.48212993738055226
810,905,95,0.095,0.42024794754385947
796,898,102,0.102,0.4218106421381235
744,872,128,0.128,0.4200053885579109
770,885,115,0.115,0.4096521957665682
742,871,129,0.129,0.42398491702973845
684,842,158,0.158,0.4462964573353529
734,867,133,0.133,0.42534876871109006
768,884,116,0.116,0.42526143515296283
814,907,93,0.093,0.37005776664614676
736,868,132,0.132,0.369960835210979
796,898,102,0.102,0.34252349368110296
734,867,133,0.133,0.33594792214781044
804,902,98,0.098,0.24377511262893678
808,904,96,0.096,0.2415480064600706
778,889,111,0.111,0.24598084608092904
800,900,100,0.1,0.23692257026582955
792,896,104,0.104,0.23111207809431744
802,901,99,0.099,0.23930923672765494
732,866,134,0.134,0.2540554592311382
766,883,117,0.117,0.25380258168280123
744,872,128,0.128,0.3004369790405035
704,852,148,0.148,0.30701878818869593
722,861,139,0.139,0.30577962745726106
726,863,137,0.137,0.31130239279568195
736,868,132,0.132,0.27459318106621505
724,862,138,0.138,0.27638552715070547
736,868,132,0.132,0.268970933601202
772,886,114,0.114,0.2574013891816139
754,877,123,0.123,0.22707706896215676
728,864,136,0.136,0.22555302084982395
716,858,142,0.142,0.2215088346749544
752,876,124,0.124,0.19820996947959066
750,875,125,0.125,0.2053937785550952
738,869,131,0.131,0.21450427812337874
794,897,103,0.103,0.2049897128343582
674,837,163,0.163,0.2339321274459362
740,870,130,0.13,0.22865383340418338
764,882,118,0.118,0.2177219396841192
748,874,126,0.126,0.21104784044623376
820,910,90,0.09,0.1854415951904375
784,892,108,0.108,0.12643959213327616
750,875,125,0.125,0.12873036416433753
802,901,99,0.099,0.12231629744387465
756,878,122,0.122,0.13011143733374775
728,864,136,0.136,0.16899349432811142
736,868,132,0.132,0.17509618898928864
780,890,110,0.11,0.16611201738938688
794,897,103,0.103,0.16920819371938706
710,855,145,0.145,0.17131884666904806
764,882,118,0.118,0.14381934591755272
790,895,105,0.105,0.13469979408755897
752,876,124,0.124,0.12928509436920285
754,877,123,0.123,0.12969463922455907
708,854,146,0.146,0.13852529199793934
818,909,91,0.091,0.12956242284178734
752,876,124,0.124,0.14592701540421696
778,889,111,0.111,0.1475199727229774
716,858,142,0.142,0.14634004731476308
758,879,121,0.121,0.1265229166932404
716,858,142,0.142,0.12832020417694
692,846,154,0.154,0.13031932086870074
748,874,126,0.126,0.1242947903573513
792,896,104,0.104,0.1270986765101552
702,851,149,0.149,0.13857604487985373
728,864,136,0.136,0.12171913096258466
738,869,131,0.131,0.12327031295374036
786,893,107,0.107,0.12062613402120768
734,867,133,0.133,0.12743401219323278
748,874,126,0.126,0.13659233394265174
696,848,152,0.152,0.1538847220465541
748,874,126,0.126,0.1304396114870906
834,917,83,0.083,0.11363282822445035
724,862,138,0.138,0.1264713808633387
806,903,97,0.097,0.11066588546335697
748,874,126,0.126,0.1136765608228743
728,864,136,0.136,0.11471698075905444
766,883,117,0.117,0.11518185363896191
780,890,110,0.11,0.11907366313040256
808,904,96,0.096,0.1105351619143039
780,890,110,0.11,0.1039455232731998
832,916,84,0.084,0.10066266606003046
786,893,107,0.107,0.09138545263355172
786,893,107,0.107,0.09011964277550578
792,896,104,0.104,0.09293350048922003
764,882,118,0.118,0.09552267832681537
744,872,128,0.128,0.10160841575241647
810,905,95,0.095,0.09254136402532458
746,873,127,0.127,0.10145472764968871
794,897,103,0.103,0.09555410827323794
774,887,113,0.113,0.09420846441204385
764,882,118,0.118,0.09833516783080995
678,839,161,0.161,0.10906352085620165
764,882,118,0.118,0.10607880752329947
788,894,106,0.106,0.10638801997713744
742,871,129,0.129,0.10747507094964386
766,883,117,0.117,0.11319687244109809
752,876,124,0.124,0.10765012804046273
770,885,115,0.115,0.1003634057752788
772,886,114,0.114,0.08931077801063657
786,893,107,0.107,0.09261572940647603
722,861,139,0.139,0.10307644803030416
682,841,159,0.159,0.09879512715362944
738,869,131,0.131,0.10972432469949127
740,870,130,0.13,0.10834506893758032
718,859,141,0.141,0.11407723352788252
744,872,128,0.128,0.1093491819477058
782,891,109,0.109,0.09148680532164871
836,918,82,0.082,0.08453559600189328
734,867,133,0.133,0.08945128649286926
726,863,137,0.137,0.09422301546856761
742,871,129,0.129,0.0913333505950868
792,896,104,0.104,0.07631427660398185
804,902,98,0.098,0.07565548187308013
788,894,106,0.106,0.07715978137031197
708,854,146,0.146,0.09668868040107191
748,874,126,0.126,0.094501017190516
698,849,151,0.151,0.10558116000973564
802,901,99,0.099,0.09054377651028335
746,873,127,0.127,0.09523667014762759
722,861,139,0.139,0.09485736986303528
760,880,120,0.12,0.08796085586771368
756,878,122,0.122,0.09313901269558937
806,903,97,0.097,0.07645791911892592
818,909,91,0.091,0.07943179663084447
758,879,121,0.121,0.0875009336117655
814,907,93,0.093,0.07916055543161929
790,895,105,0.105,0.08066021062992514
770,885,115,0.115,0.08672828636132181
800,900,100,0.1,0.08630459879897535
780,890,110,0.11,0.09281801394740614
760,880,120,0.12,0.1065214188832324
758,879,121,0.121,0.10682589516229928
774,887,113,0.113,0.10640568225830793
744,872,128,0.128,0.11283366188426845
746,873,127,0.127,0.10715203971290282
796,898,102,0.102,0.10058850625809282
768,884,116,0.116,0.10573993947729468
718,859,141,0.141,0.11409337097778917
774,887,113,0.113,0.11204787737876176
798,899,101,0.101,0.10389865209301934
746,873,127,0.127,0.11095563385635615
744,872,128,0.128,0.12158931459486484
788,894,106,0.106,0.11290070151537657
780,890,110,0.11,0.11172431554086507
800,900,100,0.1,0.10467889626510442
770,885,115,0.115,0.10871916538849473
798,899,101,0.101,0.10764023150131106
758,879,121,0.121,0.11599737187847496
730,865,135,0.135,0.12322374822199345
762,881,119,0.119,0.12458590424433351
768,884,116,0.116,0.12220098553970456
808,904,96,0.096,0.1156232331469655
794,897,103,0.103,0.12349415878657237
728,864,136,0.136,0.13203398204222322
750,875,125,0.125,0.13074179922789336
760,880,120,0.12,0.1298681955821812
712,856,144,0.144,0.12319928067550064
770,885,115,0.115,0.11842964483425021
762,881,119,0.119,0.11691301580145955
788,894,106,0.106,0.11879178449126047
744,872,128,0.128,0.1323395779542625
702,851,149,0.149,0.1419446267578751
802,901,99,0.099,0.1298063263371587
788,894,106,0.106,0.1337407070826739
764,882,118,0.118,0.14893371674418449
710,855,145,0.145,0.155308188138064
746,873,127,0.127,0.14746404659189283
774,887,113,0.113,0.1451762255579233
768,884,116,0.116,0.13625736121833323
792,896,104,0.104,0.1331612129919231
724,862,138,0.138,0.14127997855469585
726,863,137,0.137,0.13537278721109033
718,859,141,0.141,0.18441636456176638
756,878,122,0.122,0.18078892156481743
694,847,153,0.153,0.18833144751936198
774,887,113,0.113,0.18850073524937033
746,873,127,0.127,0.19272421235591172
790,895,105,0.105,0.17432158311456442
802,901,99,0.099,0.17126437175440054
756,878,122,0.122,0.17950969969481229
694,847,153,0.153,0.1643270851150155
836,918,82,0.082,0.14541817516833544
778,889,111,0.111,0.161963194090873
798,899,101,0.101,0.16469560776650904
758,879,121,0.121,0.22777849002927542
794,897,103,0.103,0.21454875638335943
816,908,92,0.092,0.21071814300864936
820,910,90,0.09,0.20937326959893107
752,876,124,0.124,0.18530928725004195
858,929,71,0.071,0.17339048183709382
764,882,118,0.118,0.19163743501901626
766,883,117,0.117,0.19081043199822306
742,871,129,0.129,0.25813167461007835
704,852,148,0.148,0.2704471069276333
752,876,124,0.124,0.28144572785496713
746,873,127,0.127,0.2858802647739649
748,874,126,0.126,0.25610893704742194
776,888,112,0.112,0.23941352834552526
788,894,106,0.106,0.21318656185269355
732,866,134,0.134,0.21699342680134578
756,878,122,0.122,0.18278066520858555
764,882,118,0.118,0.17223744104802607
748,874,126,0.126,0.1931369239911437
728,864,136,0.136,0.19977770099788905
760,880,120,0.12,0.21437494306266308
782,891,109,0.109,0.22049432586331386
810,905,95,0.095,0.21158470951020716
794,897,103,0.103,0.21090533342957496
792,896,104,0.104,0.17292341146222315
786,893,107,0.107,0.1607555185109377
798,899,101,0.101,0.14794109320640564
688,844,156,0.156,0.16291839641332626
708,854,146,0.146,0.2042025422565639
766,883,117,0.117,0.20791330796037802
722,861,139,0.139,0.25311122174561024
744,872,128,0.128,0.2565762013720814
766,883,117,0.117,0.23440366469323634
792,896,104,0.104,0.22739331905171276
780,890,110,0.11,0.20149479147526234
768,884,116,0.116,0.19012676575779916
772,886,114,0.114,0.17221445645391942
710,855,145,0.145,0.18536033591395243
800,900,100,0.1,0.17178538128733634
770,885,115,0.115,0.18880208636523088
770,885,115,0.115,0.19443325238279066
706,853,147,0.147,0.19842084734886883
758,879,121,0.121,0.21724495629221202
780,890,110,0.11,0.2201524007804692
748,874,126,0.126,0.22741832529032258
750,875,125,0.125,0.22709176101535558
744,872,128,0.128,0.1851617551073432
708,854,146,0.146,0.1852958846837282
784,892,108,0.108,0.16948826444149018
742,871,129,0.129,0.16808152152597905
732,866,134,0.134,0.19743078745901585
748,874,126,0.126,0.2015751759931445
804,902,98,0.098,0.19278193810582162
822,911,89,0.089,0.18904097952513257
760,880,120,0.12,0.18374574459344148
766,883,117,0.117,0.17924298841133715
748,874,126,0.126,0.17861245604231954
778,889,111,0.111,0.17403316332399846
832,916,84,0.084,0.15786182450130581
792,896,104,0.104,0.16934226104058325
780,890,110,0.11,0.17710580917447805
760,880,120,0.12,0.17603169818595052
796,898,102,0.102,0.20760737427324055
826,913,87,0.087,0.20862644538283348
814,907,93,0.093,0.20959604980796576
836,918,82,0.082,0.20123301176726818
706,853,147,0.147,0.23353241393715143
750,875,125,0.125,0.2241928659081459
742,871,129,0.129,0.22235471370071172
770,885,115,0.115,0.22557185616344214
824,912,88,0.088,0.26418113670498133
744,872,128,0.128,0.2797782214283943
742,871,129,0.129,0.2856594645753503
730,865,135,0.135,0.2748324027135968
734,867,133,0.133,0.23406088557094334
778,889,111,0.111,0.22084384850040079
770,885,115,0.115,0.21818132115900515
806,903,97,0.097,0.20956670191884041
790,895,105,0.105,0.23717013769596815
740,870,130,0.13,0.2584311839044094
774,887,113,0.113,0.2501512646973133
760,880,120,0.12,0.2551005790382624
776,888,112,0.112,0.2484839962422848
716,858,142,0.142,0.2420797963887453
774,887,113,0.113,0.22826076715812088
784,892,108,0.108,0.22911050564050675
732,866,134,0.134,0.21647678334638476
760,880,120,0.12,0.21684682613553014
726,863,137,0.137,0.2252687939554453
778,889,111,0.111,0.2175888243690133
820,910,90,0.09,0.2139010222296347
738,869,131,0.131,0.22520355574041606
754,877,123,0.123,0.21430953405052425
732,866,134,0.134,0.22246556820720434
716,858,142,0.142,0.19846152587234975
780,890,110,0.11,0.17993209420889617
834,917,83,0.083,0.17217035418003798
768,884,116,0.116,0.1782717816233635
800,900,100,0.1,0.1580738721191883
810,905,95,0.095,0.15628095497190952
750,875,125,0.125,0.1676830319687724
780,890,110,0.11,0.16608931770175694
740,870,130,0.13,0.19482805997878314
678,839,161,0.161,0.2045143197799364
690,845,155,0.155,0.22338800244670584
790,895,105,0.105,0.20611397551000118
776,888,112,0.112,0.19999634432047605
726,863,137,0.137,0.1962994906976819
736,868,132,0.132,0.18099706121542114
778,889,111,0.111,0.1606737524010241
758,879,121,0.121,0.12858946454897524
718,859,141,0.141,0.13372518369555472
764,882,118,0.118,0.13157963501289488
764,882,118,0.118,0.1307875266186893
786,893,107,0.107,0.15038390764966608
740,870,130,0.13,0.16035180693864823
812,906,94,0.094,0.14697548183799222
748,874,126,0.126,0.15488919652998448
720,860,140,0.14,0.14919638743717223
766,883,117,0.117,0.13429734096117318
756,878,122,0.122,0.1371861324943602
796,898,102,0.102,0.1353046673089266
736,868,132,0.132,0.15539704427868128
736,868,132,0.132,0.16559815106540918
756,878,122,0.122,0.1637270328766899
758,879,121,0.121,0.16040325291454793
726,863,137,0.137,0.1841597164690029
768,884,116,0.116,0.1741146210208535
762,881,119,0.119,0.18169816853106022
804,902,98,0.098,0.1666595248505473
820,910,90,0.09,0.1529893808439374
736,868,132,0.132,0.16125567487254738
738,869,131,0.131,0.166080557692796
784,892,108,0.108,0.1648659559245175
772,886,114,0.114,0.1749898193627596
794,897,103,0.103,0.17722182769328357
790,895,105,0.105,0.17801222936064004
784,892,108,0.108,0.16831506285071374
738,869,131,0.131,0.16626142762601376
770,885,115,0.115,0.1341851635305211
740,870,130,0.13,0.13450553945451976
786,893,107,0.107,0.13231284065917134
782,891,109,0.109,0.13653590850974434
726,863,137,0.137,0.19343378881365061
742,871,129,0.129,0.18298344061523675
760,880,120,0.12,0.20121530629694462
792,896,104,0.104,0.1848688828870654
780,890,110,0.11,0.15747143870592117
788,894,106,0.106,0.14982488980516792
738,869,131,0.131,0.13507799139991403
840,920,80,0.08,0.11498696445673705
720,860,140,0.14,0.13502755354344845
778,889,111,0.111,0.13384192064031958
706,853,147,0.147,0.15347887933626772
732,866,134,0.134,0.16487006933987142
746,873,127,0.127,0.17621279706805945
804,902,98,0.098,0.1697416001741144
772,886,114,0.114,0.1702281468361616
746,873,127,0.127,0.1557962105795741
838,919,81,0.081,0.11450250244513153
774,887,113,0.113,0.12145604218170047
758,879,121,0.121,0.11922322200238705
716,858,142,0.142,0.12107000398822129
780,890,110,0.11,0.15223901235312223
704,852,148,0.148,0.1585858939252794
722,861,139,0.139,0.17595793185569347
736,868,132,0.132,0.19401599339395761
770,885,115,0.115,0.1757844628803432
758,879,121,0.121,0.17564890355989338
750,875,125,0.125,0.17312975489534438
826,913,87,0.087,0.1146964053978154
782,891,109,0.109,0.10104066159948706
810,905,95,0.095,0.09763335790112616
772,886,114,0.114,0.0980168817942813
748,874,126,0.126,0.11561807891726494
748,874,126,0.126,0.1294702754020691
732,866,134,0.134,0.13238598846271635
768,884,116,0.116,0.13044370640441774
730,865,135,0.135,0.15553010338544845
770,885,115,0.115,0.14686234614253044
758,879,121,0.121,0.1468029177710414
756,878,122,0.122,0.14120258289575577
706,853,147,0.147,0.12318173052929342
782,891,109,0.109,0.11485780330374837
744,872,128,0.128,0.12205612281896173
786,893,107,0.107,0.11745524284243583
796,898,102,0.102,0.11424138249456882
786,893,107,0.107,0.11440826842933893
770,885,115,0.115,0.1127562731569633
742,871,129,0.129,0.11290417939284816
826,913,87,0.087,0.09202392232418061
770,885,115,0.115,0.0965822847536765
780,890,110,0.11,0.09524995924159885
780,890,110,0.11,0.09571590725332499
732,866,134,0.134,0.11969068835675717
768,884,116,0.116,0.12463170477375388
768,884,116,0.116,0.12461121570318938
792,896,104,0.104,0.11719286465831101
788,894,106,0.106,0.09241296261269599
844,922,78,0.078,0.08539189939759671
748,874,126,0.126,0.08635996056720614
770,885,115,0.115,0.08429797290964051
810,905,95,0.095,0.08861784420721233
812,906,94,0.094,0.08695910695614294
768,884,116,0.116,0.09399871697090566
768,884,116,0.116,0.09721606042895291
748,874,126,0.126,0.10403559083060827
772,886,114,0.114,0.10103272492345422
822,911,89,0.089,0.09279597134888172
750,875,125,0.125,0.10152285783365368
798,899,101,0.101,0.08386259829252958
718,859,141,0.141,0.0959466739664349
794,897,103,0.103,0.08445680287573487
756,878,122,0.122,0.09158655489981174
768,884,116,0.116,0.09494082151353359
784,892,108,0.108,0.09046105436980724
696,848,152,0.152,0.10253885344974696
768,884,116,0.116,0.09080590905621648
768,884,116,0.116,0.10611116417869926
780,890,110,0.11,0.10449935304000973
742,871,129,0.129,0.11032941074669361
810,905,95,0.095,0.10022604962820246
748,874,126,0.126,0.08641116046160459
806,903,97,0.097,0.07647035758756102
744,872,128,0.128,0.08262724913284182
806,903,97,0.097,0.08068930344842375
750,875,125,0.125,0.10299096816066776
706,853,147,0.147,0.11814329650625587
784,892,108,0.108,0.10729159995540977
822,911,89,0.089,0.10521130457893015
786,893,107,0.107,0.11379189095646143
792,896,104,0.104,0.1068626745599322
742,871,129,0.129,0.11006971310079097
738,869,131,0.131,0.10460680764913559
744,872,128,0.128,0.09472522038221359
738,869,131,0.131,0.09643462854623795
736,868,132,0.132,0.09970106070163956
830,915,85,0.085,0.09271827352046967
734,867,133,0.133,0.11573547227680683
792,896,104,0.104,0.11054986073449254
794,897,103,0.103,0.1147679708339274
700,850,150,0.15,0.12322424878552556
744,872,128,0.128,0.11483014688934054
734,867,133,0.133,0.11174751020222902
762,881,119,0.119,0.10883046323806048
702,851,149,0.149,0.12157787701115012
794,897,103,0.103,0.10416080572735519
764,882,118,0.118,0.1088200740031898
716,858,142,0.142,0.09477891053818166
808,904,96,0.096,0.09473458318039775
776,888,112,0.112,0.08935436813905835
770,885,115,0.115,0.09174471843423816
766,883,117,0.117,0.0988256177008152
764,882,118,0.118,0.0953758546859026
778,889,111,0.111,0.09607428147643804
770,885,115,0.115,0.09167997872829438
714,857,143,0.143,0.09843117384240031
790,895,105,0.105,0.08959317940101028
742,871,129,0.129,0.08908599823713302
750,875,125,0.125,0.09651264191349038
764,882,118,0.118,0.09429023373872042
732,866,134,0.134,0.09587329269411748
766,883,117,0.117,0.09388778452575207
744,872,128,0.128,0.09020751557499171
802,901,99,0.099,0.07794437407143416
776,888,112,0.112,0.08339191690087318
792,896,104,0.104,0.07616521681286395
718,859,141,0.141,0.07923509358242155
724,862,138,0.138,0.08202503458037973
752,876,124,0.124,0.07900116870552301
760,880,120,0.12,0.0747800526721403
704,852,148,0.148,0.08212108290381737
748,874,126,0.126,0.08235023325029761
762,881,119,0.119,0.07981919721886518
814,907,93,0.093,0.07672062899544835
770,885,115,0.115,0.07429564339853824
740,870,130,0.13,0.06174166956916451
790,895,105,0.105,0.06136862401105463
788,894,106,0.106,0.05921836013905704
770,885,115,0.115,0.061922017774079
772,886,114,0.114,0.07389193467237055
788,894,106,0.106,0.07262940903450363
734,867,133,0.133,0.07951363019458951
680,840,160,0.16,0.08620479542944849
738,869,131,0.131,0.10407194357435219
730,865,135,0.135,0.10084201803989709
732,866,134,0.134,0.10535735282767564
704,852,148,0.148,0.10647891245852391
710,855,145,0.145,0.08276383157074452
788,894,106,0.106,0.07361045285500586
788,894,106,0.106,0.07001734313555062
742,871,129,0.129,0.07020870671235024
766,883,117,0.117,0.0601769313197583
728,864,136,0.136,0.06648531327513138
760,880,120,0.12,0.06439501609280707
786,893,107,0.107,0.06161054060794413
762,881,119,0.119,0.05838139922220724
794,897,103,0.103,0.05905394809134306
798,899,101,0.101,0.05492545575415716
734,867,133,0.133,0.05721752952132374
782,891,109,0.109,0.06193403580226004
744,872,128,0.128,0.06465292888134717
748,874,126,0.126,0.07339978923462331
724,862,138,0.138,0.06934960376634262
834,917,83,0.083,0.06713688976503909
794,897,103,0.103,0.06907070496864617
788,894,106,0.106,0.06154603482596576
812,906,94,0.094,0.05924398598819971
744,872,128,0.128,0.047455282039009034
782,891,109,0.109,0.05101205884296603
780,890,110,0.11,0.06119346523027021
664,832,168,0.168,0.06504323680745437
760,880,120,0.12,0.08993745908886194
762,881,119,0.119,0.09160480425693095
770,885,115,0.115,0.08810576909221708
810,905,95,0.095,0.07664572956413031
780,890,110,0.11,0.06051530829817057
780,890,110,0.11,0.05319764514826238
752,876,124,0.124,0.056473391473293305
768,884,116,0.116,0.06634292258508503
820,910,90,0.09,0.06497104272898287
748,874,126,0.126,0.07219241759363286
742,871,129,0.129,0.07484352174960077
802,901,99,0.099,0.07238104149885476
748,874,126,0.126,0.06824310569278896
822,911,89,0.089,0.06020632726699114
774,887,113,0.113,0.06430843978188933
744,872,128,0.128,0.06608076390480355
748,874,126,0.126,0.06932540747337043
772,886,114,0.114,0.06963788697868585
748,874,126,0.126,0.0749533503241837
786,893,107,0.107,0.07706000708974897
780,890,110,0.11,0.07892272216454148
772,886,114,0.114,0.0792018505167216
788,894,106,0.106,0.07302708525210619
790,895,105,0.105,0.07537996998056769
790,895,105,0.105,0.06973087974218652
748,874,126,0.126,0.07715847159223631
788,894,106,0.106,0.07544390171952546
772,886,114,0.114,0.07565302805416287
726,863,137,0.137,0.08921470064851018
764,882,118,0.118,0.08743525577709078
790,895,105,0.105,0.08736823442392051
816,908,92,0.092,0.08214555027335882
784,892,108,0.108,0.07875263208337129
762,881,119,0.119,0.0808503788933158
748,874,126,0.126,0.07490482999908273
804,902,98,0.098,0.0710187289393507
804,902,98,0.098,0.07267716434039176
808,904,96,0.096,0.07262861175014404
750,875,125,0.125,0.08506513042375445
732,866,134,0.134,0.08815728287343517
776,888,112,0.112,0.1007525045890361
738,869,131,0.131,0.1232429626211524
774,887,113,0.113,0.12140899415314198
772,886,114,0.114,0.129909605614841
774,887,113,0.113,0.12011258556321264
768,884,116,0.116,0.10651070319861174
702,851,149,0.149,0.09584400048106909
788,894,106,0.106,0.09014793815463781
748,874,126,0.126,0.09006971381604671
788,894,106,0.106,0.09334802863001823
762,881,119,0.119,0.10758134614013398
786,893,107,0.107,0.10804520739614965
734,867,133,0.133,0.11152625066787004
776,888,112,0.112,0.11413614274933934
766,883,117,0.117,0.1068323128297925
802,901,99,0.099,0.09776731410250068
712,856,144,0.144,0.11537220311164856
796,898,102,0.102,0.0948775139376521
778,889,111,0.111,0.08880197702720762
740,870,130,0.13,0.09214624829031527
740,870,130,0.13,0.09347412560880185
722,861,139,0.139,0.10242068073153496
796,898,102,0.102,0.11002382753044367
734,867,133,0.133,0.11721199266985059
718,859,141,0.141,0.1229526195935905
738,869,131,0.131,0.11315480824330439
704,852,148,0.148,0.103649721711874
818,909,91,0.091,0.08829126859083772
736,868,132,0.132,0.09127457305882127
772,886,114,0.114,0.09183673479780555
766,883,117,0.117,0.09757572141382843
724,862,138,0.138,0.09973617234453559
774,887,113,0.113,0.10526392896100879
782,891,109,0.109,0.10202295712567866
778,889,111,0.111,0.09974412351101637
742,871,129,0.129,0.09602001930680126
784,892,108,0.108,0.0907125791106373
792,896,104,0.104,0.08974317927198718
748,874,126,0.126,0.10224180728197098
720,860,140,0.14,0.11262934777885675
808,904,96,0.096,0.09944002509489659
740,870,130,0.13,0.11638990784436465
732,866,134,0.134,0.12862667656435825
802,901,99,0.099,0.12153603065013885
778,889,111,0.111,0.12928786827251315
788,894,106,0.106,0.12413494094461203
764,882,118,0.118,0.10267341683804988
714,857,143,0.143,0.10428516363212839
730,865,135,0.135,0.1087322316467762
758,879,121,0.121,0.10833127729967236
730,865,135,0.135,0.14944874384254217
768,884,116,0.116,0.14025879181921483
784,892,108,0.108,0.14290535352379083
804,902,98,0.098,0.14216313102841377
774,887,113,0.113,0.1275938406214118
780,890,110,0.11,0.13469411674514412
822,911,89,0.089,0.12149893672764302
734,867,133,0.133,0.12133450186252594
780,890,110,0.11,0.09525962008722126
782,891,109,0.109,0.09497521818085217
764,882,118,0.118,0.09512843853241595
772,886,114,0.114,0.1005203029704553
816,908,92,0.092,0.09614655325124431
774,887,113,0.113,0.09693427473306655
794,897,103,0.103,0.09693992759287358
798,899,101,0.101,0.08732813361100852
760,880,120,0.12,0.07761157473921776
804,902,98,0.098,0.07408896227134391
762,881,119,0.119,0.07703817143663765
798,899,101,0.101,0.07471890278789214
774,887,113,0.113,0.08921880516878292
728,864,136,0.136,0.09597209427505733
726,863,137,0.137,0.1011853608712554
750,875,125,0.125,0.10010416023805738
758,879,121,0.121,0.11988540104404093
780,890,110,0.11,0.12330666641891003
748,874,126,0.126,0.11779594191536308
718,859,141,0.141,0.12196087139844894
754,877,123,0.123,0.10412747160426807
774,887,113,0.113,0.09995835056714714
736,868,132,0.132,0.10009634804166853
738,869,131,0.131,0.10706670690327882
714,857,143,0.143,0.13001047729328274
734,867,133,0.133,0.13608061628043652
762,881,119,0.119,0.1348467284590006
730,865,135,0.135,0.13589150991477073
722,861,139,0.139,0.14769426786340772
810,905,95,0.095,0.13024033049494027
792,896,104,0.104,0.1277161642005667
746,873,127,0.127,0.1300312129035592
794,897,103,0.103,0.09402947122976184
778,889,111,0.111,0.08213842464797198
754,877,123,0.123,0.07933688151789829
720,860,140,0.14,0.0877730317702517
768,884,116,0.116,0.11190685314871371
720,860,140,0.14,0.14480379438400268
728,864,136,0.136,0.1728971236050129
702,851,149,0.149,0.1873522068783641
786,893,107,0.107,0.16910476572811603
728,864,136,0.136,0.17186383474618197
778,889,111,0.111,0.12735252751782536
736,868,132,0.132,0.12330894644930959
808,904,96,0.096,0.10686428082734348
736,868,132,0.132,0.10342437021806836
812,906,94,0.094,0.09473897341266274
778,889,111,0.111,0.0992658542059362
788,894,106,0.106,0.09790238670316513
716,858,142,0.142,0.11239808024838567
826,913,87,0.087,0.10064234501495957
748,874,126,0.126,0.11402726190164686
794,897,103,0.103,0.10734107238426804
790,895,105,0.105,0.10863749323179331
830,915,85,0.085,0.10680806283652783
738,869,131,0.131,0.11434269538894296
786,893,107,0.107,0.11032141957059502
778,889,111,0.111,0.10851611116528512
728,864,136,0.136,0.12405577915534377
804,902,98,0.098,0.12185018090158702
798,899,101,0.101,0.12108945885673165
782,891,109,0.109,0.1277107508443296
756,878,122,0.122,0.12508113652095199
774,887,113,0.113,0.12297256905212998
782,891,109,0.109,0.1230324204042554
748,874,126,0.126,0.13224515333166345
742,871,129,0.129,0.16106547469489793
790,895,105,0.105,0.15430673885159193
784,892,108,0.108,0.15730200377851725
770,885,115,0.115,0.16125734771795597
758,879,121,0.121,0.13869896213151514
760,880,120,0.12,0.1338069785311818
768,884,116,0.116,0.13599447525665165
728,864,136,0.136,0.14196959569741738
774,887,113,0.113,0.18519077364935765
754,877,123,0.123,0.18995542232319712
760,880,120,0.12,0.18726708129048347
746,873,127,0.127,0.20816671185195446
772,886,114,0.114,0.15006719590723513
818,909,91,0.091,0.1448275062739849
792,896,104,0.104,0.1416260045096278
794,897,103,0.103,0.1313269520960748
794,897,103,0.103,0.12361721275746822
794,897,103,0.103,0.12459308966249227
684,842,158,0.158,0.13882115821540356
756,878,122,0.122,0.1468284317298094
780,890,110,0.11,0.15585321871563793
818,909,91,0.091,0.15056529373360383
772,886,114,0.114,0.1604485203102231
796,898,102,0.102,0.14732486083259574
802,901,99,0.099,0.11540154803282349
726,863,137,0.137,0.12522789573855697
726,863,137,0.137,0.13094422428309918
772,886,114,0.114,0.12739479081705213
684,842,158,0.158,0.24206520810241636
796,898,102,0.102,0.22264802619069815
786,893,107,0.107,0.23130892246961593
724,862,138,0.138,0.24303712520562112
700,850,150,0.15,0.20740555778890848
712,856,144,0.144,0.19665025263279676
782,891,109,0.109,0.18014309464131656
758,879,121,0.121,0.17819720697961747
798,899,101,0.101,0.1535828886356321
732,866,134,0.134,0.15743735668063163
748,874,126,0.126,0.16006136929169276
722,861,139,0.139,0.168765246655792
760,880,120,0.12,0.17706944079697132
772,886,114,0.114,0.17767861683666705
714,857,143,0.143,0.19533979236334562
720,860,140,0.14,0.18639795745164156
768,884,116,0.116,0.18903608690202237
702,851,149,0.149,0.1984855351820588
776,888,112,0.112,0.18817244699597357
704,852,148,0.148,0.19135042955726386
778,889,111,0.111,0.16826414492258754
822,911,89,0.089,0.15771292490512132
676,838,162,0.162,0.18358635008335114
790,895,105,0.105,0.15610215681791306
784,892,108,0.108,0.13407352363690733
734,867,133,0.133,0.1324701584763825
806,903,97,0.097,0.127138095195638
792,896,104,0.104,0.12424901666492223
752,876,124,0.124,0.13020965505205095
804,902,98,0.098,0.12674435703828932
770,885,115,0.115,0.13079848797246812
726,863,137,0.137,0.1415764685086906
740,870,130,0.13,0.15507344025004385
754,877,123,0.123,0.15718851858121344
724,862,138,0.138,0.16662525521591307
766,883,117,0.117,0.16124104288220406
754,877,123,0.123,0.1640655270460993
728,864,136,0.136,0.1665436829254031
724,862,138,0.138,0.16221232894808055
786,893,107,0.107,0.14753637525439262
776,888,112,0.112,0.1398904143124819
814,907,93,0.093,0.1297241783067584
790,895,105,0.105,0.12027939213998617
740,870,130,0.13,0.1205836020829156
746,873,127,0.127,0.1279562191106379
718,859,141,0.141,0.13284618960693478
754,877,123,0.123,0.1539927620217204
786,893,107,0.107,0.1566364759504795
744,872,128,0.128,0.16886557739973068
766,883,117,0.117,0.16522511272132398
704,852,148,0.148,0.15047984900698066
796,898,102,0.102,0.14184046782553195
740,870,130,0.13,0.1450269459299743
790,895,105,0.105,0.14216819635778666
784,892,108,0.108,0.16836531393975018
748,874,126,0.126,0.1728071674145758
780,890,110,0.11,0.1753031665183571
750,875,125,0.125,0.1851927481208004
812,906,94,0.094,0.18306892968714236
740,870,130,0.13,0.1926914951428771
770,885,115,0.115,0.18828427082672716
748,874,126,0.126,0.19453732769191265
830,915,85,0.085,0.18274758619769668
754,877,123,0.123,0.20293435029685497
742,871,129,0.129,0.19832421778460435
792,896,104,0.104,0.19095700506865979
770,885,115,0.115,0.19011420838534832
736,868,132,0.132,0.19671971368679078
816,908,92,0.092,0.19136941527575255
794,897,103,0.103,0.18929946651682258
758,879,121,0.121,0.18883519980683924
750,875,125,0.125,0.1897948959171772
726,863,137,0.137,0.1956133648173398
752,876,124,0.124,0.1948413230702281
800,900,100,0.1,0.20203288121521473
744,872,128,0.128,0.21343942016363143
784,892,108,0.108,0.20521354446560144
802,901,99,0.099,0.19992101554572583
728,864,136,0.136,0.20772354359366
760,880,120,0.12,0.20435917218774557
834,917,83,0.083,0.19277010119706392
712,856,144,0.144,0.20534444834664464
730,865,135,0.135,0.2137873442918062
788,894,106,0.106,0.20195718751847744
794,897,103,0.103,0.19943642017971433
752,876,124,0.124,0.2006680503907264
824,912,88,0.088,0.19104101484268904
796,898,102,0.102,0.18937481290102004
744,872,128,0.128,0.20395953650213777
724,862,138,0.138,0.20518802896051874
788,894,106,0.106,0.21560466585308313
746,873,127,0.127,0.22938632775470613
784,892,108,0.108,0.22674288652837277
756,878,122,0.122,0.23197225375100972
766,883,117,0.117,0.22630727809667586
758,879,121,0.121,0.21738199573010206
772,886,114,0.114,0.1994005108687561
728,864,136,0.136,0.20909723907882136
778,889,111,0.111,0.18821572130918504
740,870,130,0.13,0.18887489976373634
824,912,88,0.088,0.1723305093627423
776,888,112,0.112,0.17720951767079532
764,882,118,0.118,0.18666643058601767
780,890,110,0.11,0.18346951708197592
720,860,140,0.14,0.20873279941827058
768,884,116,0.116,0.1985704814195633
762,881,119,0.119,0.21377206536382437
716,858,142,0.142,0.23031421705335378
692,846,154,0.154,0.2577239728420973
744,872,128,0.128,0.24884254662320637
768,884,116,0.116,0.2427223296314478
746,873,127,0.127,0.24107462551258504
758,879,121,0.121,0.23563668233156204
750,875,125,0.125,0.23620406521018594
754,877,123,0.123,0.24765502320975066
738,869,131,0.131,0.25458910251074124
786,893,107,0.107,0.26282565093040466
782,891,109,0.109,0.26227949585020544
652,826,174,0.174,0.28333890402317047
758,879,121,0.121,0.262527706310153
770,885,115,0.115,0.26249799934774637
748,874,126,0.126,0.2648071445003152
782,891,109,0.109,0.26573002006858587
768,884,116,0.116,0.2697314424600918
746,873,127,0.127,0.2774856716245413
690,845,155,0.155,0.2888830633221144
804,902,98,0.098,0.2715967811793089
668,834,166,0.166,0.29215041589980295
750,875,125,0.125,0.2875679342746735
798,899,101,0.101,0.28558651223778725
746,873,127,0.127,0.290944775894146
758,879,121,0.121,0.2933079608380795
808,904,96,0.096,0.26640972535312174
784,892,108,0.108,0.27670098255574704
776,888,112,0.112,0.27254575621336696
746,873,127,0.127,0.2768051564320922
826,913,87,0.087,0.25558946446329356
780,890,110,0.11,0.26437097452580927
820,910,90,0.09,0.25802584596932865
800,900,100,0.1,0.26620316560659557
794,897,103,0.103,0.2646118455529213
762,881,119,0.119,0.26995895627141
730,865,135,0.135,0.2818152387440205
758,879,121,0.121,0.283917096093297
764,882,118,0.118,0.2782178594917059
726,863,137,0.137,0.2854918372780085
790,895,105,0.105,0.2745270488448441
800,900,100,0.1,0.2714808775931597
694,847,153,0.153,0.32326633225381374
708,854,146,0.146,0.3374073156937957
750,875,125,0.125,0.32186164820194246
752,876,124,0.124,0.3399971624612808
720,860,140,0.14,0.35253603449463844
712,856,144,0.144,0.36326956805959343
726,863,137,0.137,0.3536693786028773
786,893,107,0.107,0.33752542823465775
764,882,118,0.118,0.3060851287692785
738,869,131,0.131,0.3212681910395622
816,908,92,0.092,0.29644879899919035
738,869,131,0.131,0.3004411417990923
704,852,148,0.148,0.3630284310877323
740,870,130,0.13,0.35844853496551515
796,898,102,0.102,0.3467141849696636
764,882,118,0.118,0.38140908686816694
798,899,101,0.101,0.354873989492747
778,889,111,0.111,0.34878586256504057
760,880,120,0.12,0.3478735405653715
726,863,137,0.137,0.3173145473301411
748,874,126,0.126,0.30803087833803144
796,898,102,0.102,0.30345587129890916
768,884,116,0.116,0.31491897819936276
720,860,140,0.14,0.34227915811538695
782,891,109,0.109,0.38082002817466853
774,887,113,0.113,0.3830343325436115
836,918,82,0.082,0.37097164264321325
690,845,155,0.155,0.3927556112855673
796,898,102,0.102,0.3490727423131466
696,848,152,0.152,0.371716140806675
730,865,135,0.135,0.3574128169864416
734,867,133,0.133,0.3678006801726297
772,886,114,0.114,0.4289182807356224
732,866,134,0.134,0.4465106982588768
746,873,127,0.127,0.44421238034963606
788,894,106,0.106,0.43794647240638734
750,875,125,0.125,0.4004540733844042
742,871,129,0.129,0.39095561498403547
710,855,145,0.145,0.38830374418602664
702,851,149,0.149,0.3886320523445029
754,877,123,0.123,0.3652500074952841
776,888,112,0.112,0.3678743106128312
780,890,110,0.11,0.3538681021445382
772,886,114,0.114,0.35515583858266475
782,891,109,0.109,0.31942497310042384
784,892,108,0.108,0.29904262854531405
780,890,110,0.11,0.27812705377850216
798,899,101,0.101,0.2786530015799217
738,869,131,0.131,0.2752505109757185
776,888,112,0.112,0.2763410562481731
732,866,134,0.134,0.31753341295570137
768,884,116,0.116,0.3137087921388447
726,863,137,0.137,0.3618984035551548
776,888,112,0.112,0.3585897492915392
674,837,163,0.163,0.38231235346570613
740,870,130,0.13,0.3779492615759373
738,869,131,0.131,0.3456965954899788
792,896,104,0.104,0.33098218766693027
780,890,110,0.11,0.29702644726634025
814,907,93,0.093,0.2838672662153854
738,869,131,0.131,0.2831140745356679
760,880,120,0.12,0.27775580740440636
812,906,94,0.094,0.2746928428784013
682,841,159,0.159,0.29005904639419167
710,855,145,0.145,0.29769275125907735
758,879,121,0.121,0.2890791822001338
816,908,92,0.092,0.315834653660655
734,867,133,0.133,0.32876903311908245
728,864,136,0.136,0.3240358064025641
816,908,92,0.092,0.29674455664423294
796,898,102,0.102,0.27953292455896733
764,882,118,0.118,0.27944915629550815
718,859,141,0.141,0.2882617573514581
742,871,129,0.129,0.2808084267928207
750,875,125,0.125,0.31281409333706217
722,861,139,0.139,0.328322152107954
762,881,119,0.119,0.33142529940605164
762,881,119,0.119,0.33802897185087205
778,889,111,0.111,0.3395083907820408
706,853,147,0.147,0.34921209137141707
798,899,101,0.101,0.326496861265623
734,867,133,0.133,0.335097003698349
764,882,118,0.118,0.28828606210649016
786,893,107,0.107,0.2750180832445622
778,889,111,0.111,0.2817088713869452
812,906,94,0.094,0.2667503914553672
816,908,92,0.092,0.25886926518380643
750,875,125,0.125,0.2687634965093044
792,896,104,0.104,0.2663675409778953
700,850,150,0.15,0.27977685720601586
766,883,117,0.117,0.2893325713276863
734,867,133,0.133,0.2937981876432896
726,863,137,0.137,0.290716890886426
720,860,140,0.14,0.29865335984528063
754,877,123,0.123,0.287092964425683
764,882,118,0.118,0.284763628333807
754,877,123,0.123,0.2797769300639629
746,873,127,0.127,0.27970988616347314
740,870,130,0.13,0.27187401373311876
818,909,91,0.091,0.26110492664575574
786,893,107,0.107,0.2700432633757591
728,864,136,0.136,0.28006156951608135
768,884,116,0.116,0.31400464808542167
782,891,109,0.109,0.3191267153918743
690,845,155,0.155,0.3326324285008013
720,860,140,0.14,0.34433475191891194
742,871,129,0.129,0.367128856039104
780,890,110,0.11,0.36198200495541094
728,864,136,0.136,0.37217296727374194
800,900,100,0.1,0.35324096225202084
698,849,151,0.151,0.3494225917008007
718,859,141,0.141,0.3427058553993702
794,897,103,0.103,0.3303546592593193
792,896,104,0.104,0.3330209632217884
780,890,110,0.11,0.32379521964490415
718,859,141,0.141,0.325870348572731
772,886,114,0.114,0.30707327207922935
776,888,112,0.112,0.29147241987288
770,885,115,0.115,0.2540212269872427
814,907,93,0.093,0.24926654879748822
788,894,106,0.106,0.22584672684175894
780,890,110,0.11,0.21885990650881604
768,884,116,0.116,0.2186363634513691
714,857,143,0.143,0.2346197920292616
766,883,117,0.117,0.2514458588723355
754,877,123,0.123,0.27345832584798335
800,900,100,0.1,0.2780194220468402
762,881,119,0.119,0.27643848446011543
782,891,109,0.109,0.2713417775183916
720,860,140,0.14,0.2644588525657959
722,861,139,0.139,0.2540920985299272
816,908,92,0.092,0.2411258674263954
756,878,122,0.122,0.2489240537881851
772,886,114,0.114,0.25442521946132185
772,886,114,0.114,0.2538584558516741
772,886,114,0.114,0.25505519296228885
872,936,64,0.064,0.25235109351575374
732,866,134,0.134,0.27802283972501757
702,851,149,0.149,0.3043022411391139
736,868,132,0.132,0.29326374939438754
770,885,115,0.115,0.3260812013298273
778,889,111,0.111,0.3481566009223461
780,890,110,0.11,0.3531375513225794
732,866,134,0.134,0.36367816528677943
736,868,132,0.132,0.3717847481667996
718,859,141,0.141,0.3856751684937626
726,863,137,0.137,0.3767407331243157
722,861,139,0.139,0.3859357324540615
788,894,106,0.106,0.4019802293777466
814,907,93,0.093,0.39784272700548173
790,895,105,0.105,0.40188030670583247
798,899,101,0.101,0.39947370293736456
742,871,129,0.129,0.38775162844359873
728,864,136,0.136,0.41806113244593146
706,853,147,0.147,0.4162079795168538
746,873,127,0.127,0.4085169829875231
738,869,131,0.131,0.5580044081807136
742,871,129,0.129,0.5565670767724514
738,869,131,0.131,0.562475576352328
738,869,131,0.131,0.5699513247609138
720,860,140,0.14,0.4737962103113532
796,898,102,0.102,0.46089219276234505
836,918,82,0.082,0.44202207615899436
806,903,97,0.097,0.43779431424289944
762,881,119,0.119,0.41451266579329965
796,898,102,0.102,0.4149779453463852
746,873,127,0.127,0.41855948604643345
764,882,118,0.118,0.43625803136080504
766,883,117,0.117,0.4649900784492493
830,915,85,0.085,0.44315982216596606
720,860,140,0.14,0.4651438914389728
756,878,122,0.122,0.45812451526522635
744,872,128,0.128,0.4073467652350664
776,888,112,0.112,0.39587763814628124
768,884,116,0.116,0.3962183169323404
744,872,128,0.128,0.3995974086523056
756,878,122,0.122,0.367989443063736
756,878,122,0.122,0.36369377583265305
760,880,120,0.12,0.35013319277763366
724,862,138,0.138,0.3664728861302137
784,892,108,0.108,0.323708213314414
838,919,81,0.081,0.2971412415653467
830,915,85,0.085,0.2714930522402283
734,867,133,0.133,0.28646204601973296
824,912,88,0.088,0.23211610402244232
740,870,130,0.13,0.24399523066339315
744,872,128,0.128,0.24475636717677116
774,887,113,0.113,0.24849273222256119
768,884,116,0.116,0.2728505237698555
730,865,135,0.135,0.277563189132035
734,867,133,0.133,0.2807901489567012
770,885,115,0.115,0.2782779235690832
766,883,117,0.117,0.23849973921477793
790,895,105,0.105,0.22328521551191807
784,892,108,0.108,0.22416049045324327
732,866,134,0.134,0.22455383252352476
784,892,108,0.108,0.17533840720355512
824,912,88,0.088,0.155553862230503
808,904,96,0.096,0.15806346215022496
840,920,80,0.08,0.15556755022704602
702,851,149,0.149,0.17618803868163377
778,889,111,0.111,0.19215727859176696
754,877,123,0.123,0.198473824280803
696,848,152,0.152,0.20420744035393
762,881,119,0.119,0.22487699196487665
766,883,117,0.117,0.19336182649433614
768,884,116,0.116,0.19115290946513414
806,903,97,0.097,0.1881687847226858
728,864,136,0.136,0.17137469600141048
740,870,130,0.13,0.15926427090913056
788,894,106,0.106,0.16083356703817844
792,896,104,0.104,0.1587461203560233
744,872,128,0.128,0.18678966247476636
768,884,116,0.116,0.1933565263301134
746,873,127,0.127,0.20413379947096108
728,864,136,0.136,0.2089060090109706
754,877,123,0.123,0.2223773591592908
750,875,125,0.125,0.23187106323987244
678,839,161,0.161,0.24938140754401683
734,867,133,0.133,0.23756311587616802
706,853,147,0.147,0.24785278215631842
756,878,122,0.122,0.23397641822695733
790,895,105,0.105,0.22458492036908864
790,895,105,0.105,0.22030699327588082
774,887,113,0.113,0.20536797305569052
786,893,107,0.107,0.19543346240371465
786,893,107,0.107,0.18852632045932113
772,886,114,0.114,0.19362579539977015
772,886,114,0.114,0.19480287142889574
770,885,115,0.115,0.2051329709738493
756,878,122,0.122,0.2109141779243946
806,903,97,0.097,0.204926930770278
780,890,110,0.11,0.21546460594236852
712,856,144,0.144,0.23121705083549024
738,869,131,0.131,0.23238508009910583
776,888,112,0.112,0.22565165396034717
804,902,98,0.098,0.2123726728162728
814,907,93,0.093,0.20614858200773598
758,879,121,0.121,0.21041228784807026
732,866,134,0.134,0.21472125692665578
822,911,89,0.089,0.20549271833151578
774,887,113,0.113,0.21582203855365514
774,887,113,0.113,0.20203063884563743
856,928,72,0.072,0.19081068358570338
786,893,107,0.107,0.2000658082589507
772,886,114,0.114,0.18299719260327416
788,894,106,0.106,0.1950686924904585
754,877,123,0.123,0.19976985619962215
760,880,120,0.12,0.19544999292492868
756,878,122,0.122,0.22126512070931495
762,881,119,0.119,0.22696310399472713
768,884,116,0.116,0.22513678434892062
716,858,142,0.142,0.2350098892301321
698,849,151,0.151,0.23391535873711108
778,889,111,0.111,0.20598380129039287
758,879,121,0.121,0.19748352553602308
768,884,116,0.116,0.18167607163637878
826,913,87,0.087,0.16491931204497814
756,878,122,0.122,0.15585216666013002
736,868,132,0.132,0.16674225955456495
724,862,138,0.138,0.1736828262284398
782,891,109,0.109,0.16914425989985465
682,841,159,0.159,0.20997891657054424
778,889,111,0.111,0.22929221411049366
688,844,156,0.156,0.2315732692629099
818,909,91,0.091,0.21842184656858443
738,869,131,0.131,0.20778209273517131
802,901,99,0.099,0.16652869131416081
770,885,115,0.115,0.1644170653820038
734,867,133,0.133,0.1645629717707634
750,875,125,0.125,0.1636846807822585
746,873,127,0.127,0.18293170127272607
750,875,125,0.125,0.18810002923756838
788,894,106,0.106,0.18948477571457625
682,841,159,0.159,0.22533104003220797
730,865,135,0.135,0.24792267721891403
762,881,119,0.119,0.24349731533229352
746,873,127,0.127,0.24504837057171971
696,848,152,0.152,0.2641193669587374
722,861,139,0.139,0.24126599385589362
748,874,126,0.126,0.2344962574914098
716,858,142,0.142,0.24055300284922124
790,895,105,0.105,0.21091084100678564
758,879,121,0.121,0.2105482279881835
684,842,158,0.158,0.21629897076787893
766,883,117,0.117,0.20846600821241737
758,879,121,0.121,0.22133341661840678
796,898,102,0.102,0.23118286815285682
772,886,114,0.114,0.22856607399880885
772,886,114,0.114,0.22741728890687227
770,885,115,0.115,0.2072121179997921
744,872,128,0.128,0.1941814114227891
782,891,109,0.109,0.18709261588752268
756,878,122,0.122,0.19447471304237843
750,875,125,0.125,0.20270704520493746
832,916,84,0.084,0.2118287382796407
710,855,145,0.145,0.22468662046827376
784,892,108,0.108,0.218496339738369
768,884,116,0.116,0.22345127561315895
702,851,149,0.149,0.2420996662246336
706,853,147,0.147,0.23434536057710648
810,905,95,0.095,0.22276387755665927
720,860,140,0.14,0.2513607025966048
758,879,121,0.121,0.2658791024684906
738,869,131,0.131,0.26545163862407206
740,870,130,0.13,0.26901734188199045
756,878,122,0.122,0.27272021543979647
728,864,136,0.136,0.2655010688900948
758,879,121,0.121,0.2553690538704395
806,903,97,0.097,0.24661631268262862
788,894,106,0.106,0.23957130858302117
702,851,149,0.149,0.24357858093082904
708,854,146,0.146,0.2484652115032077
764,882,118,0.118,0.23775031239911915
802,901,99,0.099,0.2394887130521238
804,902,98,0.098,0.2627486180663109
726,863,137,0.137,0.2840874889642
766,883,117,0.117,0.2772427181294188
708,854,146,0.146,0.2822337406352162
752,876,124,0.124,0.28415308575332165
806,903,97,0.097,0.27265122534334657
692,846,154,0.154,0.30862320464849474
734,867,133,0.133,0.30883037596940993
740,870,130,0.13,0.288166919514537
790,895,105,0.105,0.2707681660950184
758,879,121,0.121,0.3183228988648669
686,843,157,0.157,0.29214811711013317
648,824,176,0.176,0.3085009665042162
794,897,103,0.103,0.28026204031705854
760,880,120,0.12,0.29513972349464895
766,883,117,0.117,0.2860452144742012
708,854,146,0.146,0.30608935794979336
750,875,125,0.125,0.2951907455138862
786,893,107,0.107,0.28547195735573766
812,906,94,0.094,0.2802109055519104
758,879,121,0.121,0.2822276752889156
740,870,130,0.13,0.270802984803915
790,895,105,0.105,0.26252916810591703
742,871,129,0.129,0.2697972462773323
762,881,119,0.119,0.29690471169352534
802,901,99,0.099,0.2978389415740967
748,874,126,0.126,0.31030980350077153
798,899,101,0.101,0.3089565966129303
794,897,103,0.103,0.2941054651290178
742,871,129,0.129,0.3100050536990166
748,874,126,0.126,0.3146117978990078
726,863,137,0.137,0.3256430252790451
742,871,129,0.129,0.3689345853626728
766,883,117,0.117,0.379449630767107
728,864,136,0.136,0.3979238893091679
758,879,121,0.121,0.3956405192762613
766,883,117,0.117,0.3772865404933691
766,883,117,0.117,0.36100930377840995
760,880,120,0.12,0.35095932982861994
716,858,142,0.142,0.3549676868037191
730,865,135,0.135,0.35289297231286765
746,873,127,0.127,0.35611417005956175
756,878,122,0.122,0.3493610630631447
794,897,103,0.103,0.33591832245886327
780,890,110,0.11,0.3200450463742018
768,884,116,0.116,0.3247734475284815
776,888,112,0.112,0.3311897478848696
798,899,101,0.101,0.31927500742673876
726,863,137,0.137,0.3579666128610261
750,875,125,0.125,0.3807306827455759
760,880,120,0.12,0.40341433489322664
748,874,126,0.126,0.40635750925540925
744,872,128,0.128,0.4294861697256565
774,887,113,0.113,0.42544555306434634
718,859,141,0.141,0.4188039371073246
774,887,113,0.113,0.404438905403018
760,880,120,0.12,0.37281743133068085
788,894,106,0.106,0.3451925580203533
768,884,116,0.116,0.3370860286802053
800,900,100,0.1,0.32341727980971335
770,885,115,0.115,0.3121177669018507
842,921,79,0.079,0.2907198736816693
808,904,96,0.096,0.28505927658081054
762,881,119,0.119,0.29401953788101676
766,883,117,0.117,0.3059403032064438
772,886,114,0.114,0.3189889157563448
746,873,127,0.127,0.3645688806474209
754,877,123,0.123,0.3705203183963895
782,891,109,0.109,0.3655742684751749
802,901,99,0.099,0.3584005610793829
766,883,117,0.117,0.33785036544501784
834,917,83,0.083,0.31583803686499595
786,893,107,0.107,0.3020292027890682
744,872,128,0.128,0.3031254875809835
792,896,104,0.104,0.27928978677093985
702,851,149,0.149,0.3024813704043627
760,880,120,0.12,0.2833994172662497
752,876,124,0.124,0.2782756933420897
796,898,102,0.102,0.2858531109392643
832,916,84,0.084,0.27358797508478166
770,885,115,0.115,0.2954808193445206
778,889,111,0.111,0.25545375734567644
742,871,129,0.129,0.2358967677783221
790,895,105,0.105,0.2192018741518259
724,862,138,0.138,0.24744853528589011
710,855,145,0.145,0.2547094103693962
780,890,110,0.11,0.2603356303423643
778,889,111,0.111,0.2727818675637245
718,859,141,0.141,0.27590115839242935
732,866,134,0.134,0.28532352812588213
728,864,136,0.136,0.28908460479974746
640,820,180,0.18,0.3090436387070342
750,875,125,0.125,0.2928602428883314
732,866,134,0.134,0.30047338739037516
786,893,107,0.107,0.267406794950366
762,881,119,0.119,0.2702990705557168
768,884,116,0.116,0.2489098345339298
772,886,114,0.114,0.2356954379081726
772,886,114,0.114,0.2059690276393667
830,915,85,0.085,0.20093685957044363
778,889,111,0.111,0.20851556372642516
786,893,107,0.107,0.21189285792410373
698,849,151,0.151,0.2797232299298048
780,890,110,0.11,0.280687214396894
756,878,122,0.122,0.29929337064921857
770,885,115,0.115,0.3067876290380955
778,889,111,0.111,0.35129475783295655
688,844,156,0.156,0.3661830315257581
788,894,106,0.106,0.3412733088582754
818,909,91,0.091,0.3256961484402418
746,873,127,0.127,0.3215313093364239
826,913,87,0.087,0.31094333381950856
748,874,126,0.126,0.3246953491866589
732,866,134,0.134,0.3280786706209183
786,893,107,0.107,0.3109800095707178
746,873,127,0.127,0.3154286412149668
756,878,122,0.122,0.3043414279818535
844,922,78,0.078,0.2926395731121302
748,874,126,0.126,0.30507417310774326
770,885,115,0.115,0.30960474456846715
812,906,94,0.094,0.3025913350433111
752,876,124,0.124,0.3018583040833473
758,879,121,0.121,0.31413583632558584
760,880,120,0.12,0.3205049816071987
736,868,132,0.132,0.32475077429413796
702,851,149,0.149,0.33561138896644116
720,860,140,0.14,0.35860573679208757
790,895,105,0.105,0.3739761496931314
682,841,159,0.159,0.39043452304601667
756,878,122,0.122,0.3882024027761072
778,889,111,0.111,0.3817342354953289
714,857,143,0.143,0.36817698765589557
744,872,128,0.128,0.35917660604417323
728,864,136,0.136,0.36232063072919846
758,879,121,0.121,0.36433210934698584
796,898,102,0.102,0.39430885982513425
720,860,140,0.14,0.41635656052827835
712,856,144,0.144,0.45069013753533366
766,883,117,0.117,0.45227896130084994
732,866,134,0.134,0.48437837570905684
788,894,106,0.106,0.48815902414917944
726,863,137,0.137,0.5151678881943226
784,892,108,0.108,0.5043917515873909
786,893,107,0.107,0.46626681929826735
810,905,95,0.095,0.44774746310710906
720,860,140,0.14,0.45694720101356506
778,889,111,0.111,0.44406458116462455
770,885,115,0.115,0.43770870608091356
766,883,117,0.117,0.4652313205897808
730,865,135,0.135,0.49372595790028573
700,850,150,0.15,0.5042486810088158
792,896,104,0.104,0.5151621651388123
794,897,103,0.103,0.504306986451149
820,910,90,0.09,0.48686583164367037
756,878,122,0.122,0.49543659755587577
822,911,89,0.089,0.455011149764061
756,878,122,0.122,0.4696724831163883
800,900,100,0.1,0.48255726757645606
716,858,142,0.142,0.5110567230880261
774,887,113,0.113,0.547165853807237
790,895,105,0.105,0.5791093816161156
740,870,130,0.13,0.5880296279788018
752,876,124,0.124,0.6056354495584965
760,880,120,0.12,0.6078436838388444
704,852,148,0.148,0.6241540039181709
740,870,130,0.13,0.6172885018885136
728,864,136,0.136,0.6370159161686897
802,901,99,0.099,0.6068323124274612
744,872,128,0.128,0.6311035054624081
756,878,122,0.122,0.6296054979910425
744,872,128,0.128,0.6461575654894114
734,867,133,0.133,0.686849330842495
694,847,153,0.153,0.7277079850435257
686,843,157,0.157,0.7513166580796242
744,872,128,0.128,0.7462020034790039
764,882,118,0.118,0.7548899593949318
738,869,131,0.131,0.750970897614956
708,854,146,0.146,0.733859037399292
738,869,131,0.131,0.7089290972650051
804,902,98,0.098,0.6941409226059914
784,892,108,0.108,0.7026982793435455
740,870,130,0.13,0.7145282921977342
684,842,158,0.158,0.7374724995493889
762,881,119,0.119,0.7297498509287834
702,851,149,0.149,0.7753339633345604
682,841,159,0.159,0.8268212441690266
684,842,158,0.158,0.8543588360249996
766,883,117,0.117,0.8411456130743027
728,864,136,0.136,0.8422134234905243
752,876,124,0.124,0.7772273524999619
730,865,135,0.135,0.750214646100998
802,901,99,0.099,0.7240338184833527
760,880,120,0.12,0.6601121148467064
792,896,104,0.104,0.5667770002186299
784,892,108,0.108,0.5463855625092984
758,879,121,0.121,0.5358835554420959
774,887,113,0.113,0.5141937944293022
730,865,135,0.135,0.5356748575270176
676,838,162,0.162,0.5551681133508682
736,868,132,0.132,0.5522794348754214
738,869,131,0.131,0.5737966703474522
760,880,120,0.12,0.5690134739875794
756,878,122,0.122,0.5727530627250671
760,880,120,0.12,0.552906323492527
726,863,137,0.137,0.5368592957332731
788,894,106,0.106,0.49129450767324306
802,901,99,0.099,0.4862791045894555
672,836,164,0.164,0.5098856092579663
766,883,117,0.117,0.49877396240830424
718,859,141,0.141,0.5428266526460648
794,897,103,0.103,0.5269324941039085
758,879,121,0.121,0.5332319068014622
742,871,129,0.129,0.5427233610749245
802,901,99,0.099,0.5195505925714969
778,889,111,0.111,0.520603898525238
806,903,97,0.097,0.5014201457500458
746,873,127,0.127,0.5082167500555516
826,913,87,0.087,0.5001136445899028
758,879,121,0.121,0.5094596118330955
724,862,138,0.138,0.5154882761836052
768,884,116,0.116,0.5149315595030785
720,860,140,0.14,0.5074984398782253
742,871,129,0.129,0.48682141152396796
798,899,101,0.101,0.47314550226926805
760,880,120,0.12,0.46900741239195315
808,904,96,0.096,0.4063931292891502
812,906,94,0.094,0.39238808226585387
788,894,106,0.106,0.3965752460192889
738,869,131,0.131,0.4035168864633888
772,886,114,0.114,0.4003068890720606
734,867,133,0.133,0.42005672977864744
812,906,94,0.094,0.4081485868714371
742,871,129,0.129,0.43152133506536483
746,873,127,0.127,0.45083019909262656
756,878,122,0.122,0.4590432856082916
710,855,145,0.145,0.46802436746656895
816,908,92,0.092,0.4507627041041851
802,901,99,0.099,0.4344215281009674
776,888,112,0.112,0.41920718901627696
814,907,93,0.093,0.4075417439755984
800,900,100,0.1,0.4017196313630363
784,892,108,0.108,0.3706256078835577
742,871,129,0.129,0.38271601173190356
720,860,140,0.14,0.39248697327077386
784,892,108,0.108,0.3817847633212805
780,890,110,0.11,0.4236131925880909
756,878,122,0.122,0.42213775169849393
756,878,122,0.122,0.4132312323004007
752,876,124,0.124,0.4062846795320511
716,858,142,0.142,0.3674854173811073
710,855,145,0.145,0.3529154281169176
718,859,141,0.141,0.34407762163877487
792,896,104,0.104,0.32883853010833264
796,898,102,0.102,0.35614446108043196
740,870,130,0.13,0.37847692880034445
712,856,144,0.144,0.3930077759871492
796,898,102,0.102,0.37568652422726156
758,879,121,0.121,0.3618866195678711
744,872,128,0.128,0.36763708443939686
758,879,121,0.121,0.3499715633187443
786,893,107,0.107,0.33011994922161103
720,860,140,0.14,0.34303520308434965
776,888,112,0.112,0.3441012734089454
752,876,124,0.124,0.3553871442489326
798,899,101,0.101,0.35733754838467574
818,909,91,0.091,0.37081036829948427
756,878,122,0.122,0.37835842184722424
772,886,114,0.114,0.37162586535513403
756,878,122,0.122,0.36321196177601817
786,893,107,0.107,0.38367602745164187
756,878,122,0.122,0.39578216537833216
728,864,136,0.136,0.4058407299146056
786,893,107,0.107,0.412460878431797
774,887,113,0.113,0.4110479590296745
716,858,142,0.142,0.42158455825410784
798,899,101,0.101,0.4036893075555563
778,889,111,0.111,0.4059368775188923
814,907,93,0.093,0.4255240831417759
724,862,138,0.138,0.44973558428883553
768,884,116,0.116,0.4416729961335659
748,874,126,0.126,0.45949363759160045
748,874,126,0.126,0.5321435927152633
762,881,119,0.119,0.5357695581316948
734,867,133,0.133,0.5438501648902893
750,875,125,0.125,0.5565241695344448
786,893,107,0.107,0.5376873211860657
736,868,132,0.132,0.5467459471821785
732,866,134,0.134,0.5441607382036746
726,863,137,0.137,0.5378790038526058
750,875,125,0.125,0.5393422566652298
736,868,132,0.132,0.5492592105865478
778,889,111,0.111,0.5409008775055408
756,878,122,0.122,0.5459985479712486
804,902,98,0.098,0.48670081827688716
746,873,127,0.127,0.4861920627206564
738,869,131,0.131,0.4893487754492089
764,882,118,0.118,0.47728088872134683
776,888,112,0.112,0.44668232669401914
748,874,126,0.126,0.43924272668361664
784,892,108,0.108,0.4398075530529022
742,871,129,0.129,0.4409348611831665
812,906,94,0.094,0.4170300524234772
704,852,148,0.148,0.4440031884610653
734,867,133,0.133,0.4192987013757229
742,871,129,0.129,0.4303133201599121
748,874,126,0.126,0.410534636169672
764,882,118,0.118,0.3983861390352249
740,870,130,0.13,0.40498945090174676
768,884,116,0.116,0.40934790939092636
704,852,148,0.148,0.36220336735248565
768,884,116,0.116,0.33382278598845005
792,896,104,0.104,0.3232783078253269
740,870,130,0.13,0.35153460608422754
794,897,103,0.103,0.3164449329683048
802,901,99,0.099,0.3140991992652416
730,865,135,0.135,0.3283161799609661
710,855,145,0.145,0.3335149295181036
740,870,130,0.13,0.3379745208323002
694,847,153,0.153,0.3485578124821186
788,894,106,0.106,0.3416170570999384
656,828,172,0.172,0.3846524834036827
690,845,155,0.155,0.39107780852913854
748,874,126,0.126,0.387254958152771
720,860,140,0.14,0.3993055672645569
726,863,137,0.137,0.3985601603090763
730,865,135,0.135,0.39033809378743173
760,880,120,0.12,0.38016275309026243
738,869,131,0.131,0.37470352894067765
782,891,109,0.109,0.3268257724493742
800,900,100,0.1,0.30935866338059215
732,866,134,0.134,0.2974815234094858
734,867,133,0.133,0.28686628165841105
734,867,133,0.133,0.2983906330351601
806,903,97,0.097,0.29130973044037817
762,881,119,0.119,0.31147342279553414
748,874,126,0.126,0.34053314371060506
722,861,139,0.139,0.34696133448008915
762,881,119,0.119,0.33664492538571356
708,854,146,0.146,0.35117113943398
732,866,134,0.134,0.3271149375885725
786,893,107,0.107,0.32441702388226984
692,846,154,0.154,0.33741768933925775
712,856,144,0.144,0.332017305329442
782,891,109,0.109,0.3403639009594917
762,881,119,0.119,0.3452880630195141
762,881,119,0.119,0.3479235014021397
818,909,91,0.091,0.3370441550910473
746,873,127,0.127,0.3395815802663565
734,867,133,0.133,0.33264725807309153
778,889,111,0.111,0.34475630189478396
744,872,128,0.128,0.3446231287866831
762,881,119,0.119,0.42649213757365945
782,891,109,0.109,0.4296490075588226
734,867,133,0.133,0.44853158882260324
720,860,140,0.14,0.459358832676895
676,838,162,0.162,0.4362131808974776
714,857,143,0.143,0.4296920215263963
776,888,112,0.112,0.4014683770928549
770,885,115,0.115,0.4063399630263448
760,880,120,0.12,0.38933109564334156
812,906,94,0.094,0.3749235793501139
818,909,91,0.091,0.36549954262375833
772,886,114,0.114,0.36258386547863486
734,867,133,0.133,0.376974271684885
736,868,132,0.132,0.37549710159003735
798,899,101,0.101,0.37381723189353944
804,902,98,0.098,0.3762829193621874
768,884,116,0.116,0.39365220902860165
780,890,110,0.11,0.3957694212161005
750,875,125,0.125,0.3960154292285442
798,899,101,0.101,0.375621134057641
732,866,134,0.134,0.37419561645388605
700,850,150,0.15,0.3815601302087307
798,899,101,0.101,0.36616755479574203
750,875,125,0.125,0.3664102448821068
824,912,88,0.088,0.35303525655018164
776,888,112,0.112,0.3549806961864233
718,859,141,0.141,0.36304830162227153
782,891,109,0.109,0.3233855854868889
816,908,92,0.092,0.29274096527928484
788,894,106,0.106,0.2902695268318057
806,903,97,0.097,0.2785098880501464
806,903,97,0.097,0.2597719305306673
760,880,120,0.12,0.2588850797265926
748,874,126,0.126,0.26278725324571134
768,884,116,0.116,0.26184523323178577
802,901,99,0.099,0.2721310567557812
706,853,147,0.147,0.2926137462258339
710,855,145,0.145,0.2966254710704088
828,914,86,0.086,0.2780404673367739
806,903,97,0.097,0.27391615680605175
740,870,130,0.13,0.2932985336187121
752,876,124,0.124,0.28120546871423724
742,871,129,0.129,0.29002824711799624
714,857,143,0.143,0.31966387170553207
734,867,133,0.133,0.3295046270759776
736,868,132,0.132,0.33249442964792253
782,891,109,0.109,0.32545011113258077
748,874,126,0.126,0.32607698543048447
816,908,92,0.092,0.31829132454530557
774,887,113,0.113,0.31108589766919614
788,894,106,0.106,0.2917427641302347
730,865,135,0.135,0.30180043713748456
746,873,127,0.127,0.3022309480980039
762,881,119,0.119,0.31548303860425947
738,869,131,0.131,0.33098569716513154
768,884,116,0.116,0.36637191569805144
758,879,121,0.121,0.37277129381895063
766,883,117,0.117,0.38296047896146773
736,868,132,0.132,0.39111404718167614
736,868,132,0.132,0.37690606477856636
764,882,118,0.118,0.3695833151554689
706,853,147,0.147,0.3731534544229507
764,882,118,0.118,0.3649569764826447
780,890,110,0.11,0.35617785082757475
748,874,126,0.126,0.36209337316453455
826,913,87,0.087,0.34400038424134255
740,870,130,0.13,0.33810996771976354
782,891,109,0.109,0.3142443594634533
782,891,109,0.109,0.31565418556332586
792,896,104,0.104,0.314961250603199
684,842,158,0.158,0.3544113859719563
780,890,110,0.11,0.3686783455461264
732,866,134,0.134,0.3738579183851042
780,890,110,0.11,0.38407168112695217
762,881,119,0.119,0.3808251624107361
776,888,112,0.112,0.345536988645792
728,864,136,0.136,0.353227195635438
778,889,111,0.111,0.34306713746488093
756,878,122,0.122,0.3686710860924795
756,878,122,0.122,0.406370161563158
746,873,127,0.127,0.41303220900129417
778,889,111,0.111,0.4299101832807064
770,885,115,0.115,0.46605964547395706
744,872,128,0.128,0.44795998552441596
778,889,111,0.111,0.4427050528228283
826,913,87,0.087,0.43198367619514466
758,879,121,0.121,0.39186932173371314
756,878,122,0.122,0.38536962218536064
754,877,123,0.123,0.39006420874595643
722,861,139,0.139,0.39997597083449365
776,888,112,0.112,0.38214729967713357
774,887,113,0.113,0.3618580768732354
766,883,117,0.117,0.3659676523655653
772,886,114,0.114,0.359872414380312
716,858,142,0.142,0.3670031145513058
738,869,131,0.131,0.3709758565276861
786,893,107,0.107,0.3685391599349678
762,881,119,0.119,0.3720028620371595
746,873,127,0.127,0.3990379936099052
760,880,120,0.12,0.39134710455685856
826,913,87,0.087,0.3732739895135164
746,873,127,0.127,0.3770956605374813
708,854,146,0.146,0.35160973013937474
756,878,122,0.122,0.3492190324831754
782,891,109,0.109,0.34373309370875405
736,868,132,0.132,0.35828727841377256
772,886,114,0.114,0.40753430634667165
758,879,121,0.121,0.40954301482439043
794,897,103,0.103,0.4046589387357235
700,850,150,0.15,0.4244673285484314
784,892,108,0.108,0.3909260457754135
744,872,128,0.128,0.3903614526987076
746,873,127,0.127,0.39203766752779484
766,883,117,0.117,0.3908407919257879
798,899,101,0.101,0.4326972402781248
694,847,153,0.153,0.4551159352660179
710,855,145,0.145,0.4460393309593201
770,885,115,0.115,0.4586504290103912
752,876,124,0.124,0.45251459908857944
814,907,93,0.093,0.44478800941631197
780,890,110,0.11,0.44797625399939717
782,891,109,0.109,0.4320302228927612
754,877,123,0.123,0.4669411691427604
748,874,126,0.126,0.4657619664222002
778,889,111,0.111,0.46587263157963754
718,859,141,0.141,0.5089898007363081
734,867,133,0.133,0.5721636353135109
776,888,112,0.112,0.5670109496712684
752,876,124,0.124,0.5708489504754544
816,908,92,0.092,0.5610428147017956
770,885,115,0.115,0.562708907455206
790,895,105,0.105,0.5556396399727092
748,874,126,0.126,0.5611452669948339
754,877,123,0.123,0.5435515835285186
706,853,147,0.147,0.5074080997109414
790,895,105,0.105,0.49840242418646813
760,880,120,0.12,0.5068761504888535
716,858,142,0.142,0.515103677213192
742,871,129,0.129,0.5498961603865028
802,901,99,0.099,0.5320822836011648
716,858,142,0.142,0.554767529964447
722,861,139,0.139,0.5502934123575688
744,872,128,0.128,0.5623912102580071
690,845,155,0.155,0.5715094111263752
712,856,144,0.144,0.5826614458262921
756,878,122,0.122,0.5899080354734324
774,887,113,0.113,0.6108021442443132
766,883,117,0.117,0.6104456363916397
744,872,128,0.128,0.6176020134186346
724,862,138,0.138,0.6351666592359543
780,890,110,0.11,0.655387071788311
722,861,139,0.139,0.6673256384581329
734,867,133,0.133,0.6856880856454373
742,871,129,0.129,0.7042307913005352
742,871,129,0.129,0.7208056290149689
766,883,117,0.117,0.7156912947297096
696,848,152,0.152,0.7171804744005206
700,850,150,0.15,0.6595713722916553
772,886,114,0.114,0.5804913790822029
714,857,143,0.143,0.5885962299704551
800,900,100,0.1,0.5317514295578003
726,863,137,0.137,0.4813183416724205
798,899,101,0.101,0.4226197605961934
750,875,125,0.125,0.43334238354861737
838,919,81,0.081,0.3901424623429775
728,864,136,0.136,0.4056953837275505
760,880,120,0.12,0.3947843728722662
840,920,80,0.08,0.3900466175675392
714,857,143,0.143,0.4066985949650407
816,908,92,0.092,0.38349637674118325
754,877,123,0.123,0.392750965715386
730,865,135,0.135,0.3956808941365016
694,847,153,0.153,0.39203087040781975
794,897,103,0.103,0.3663408499956131
798,899,101,0.101,0.3552404749467969
722,861,139,0.139,0.36961291394382717
696,848,152,0.152,0.36526817799021954
776,888,112,0.112,0.3440400560553535
702,851,149,0.149,0.3449563916102052
724,862,138,0.138,0.34006277421116826
692,846,154,0.154,0.3555952290855348
720,860,140,0.14,0.35259394327772314
752,876,124,0.124,0.3521014325171709
762,881,119,0.119,0.3506100503057241
778,889,111,0.111,0.33325933557748794
738,869,131,0.131,0.31893345369398596
718,859,141,0.141,0.31950738218426705
792,896,104,0.104,0.304801870688588
786,893,107,0.107,0.3155432636141777
714,857,143,0.143,0.33956219497323037
752,876,124,0.124,0.336288794234395
822,911,89,0.089,0.33764720237255097
766,883,117,0.117,0.3897413858771324
784,892,108,0.108,0.40962472750246526
720,860,140,0.14,0.4319472307115793
762,881,119,0.119,0.43026522746682166
808,904,96,0.096,0.46808717027306557
748,874,126,0.126,0.4876264689862728
776,888,112,0.112,0.4807611744403839
738,869,131,0.131,0.48781922516226767
752,876,124,0.124,0.46472929149866105
730,865,135,0.135,0.46503347653895616
806,903,97,0.097,0.4471401446014643
752,876,124,0.124,0.45507289800047873
816,908,92,0.092,0.457522276122123
716,858,142,0.142,0.4805966417072341
684,842,158,0.158,0.4875202909056097
764,882,118,0.118,0.4840654418170452
794,897,103,0.103,0.5015462379290256
764,882,118,0.118,0.516809109389782
770,885,115,0.115,0.5157791248261928
720,860,140,0.14,0.5227443144321442
848,924,76,0.076,0.5081105437576771
788,894,106,0.106,0.5082068142401985
750,875,125,0.125,0.5170253009498119
790,895,105,0.105,0.5081510116714053
792,896,104,0.104,0.4886898636519909
816,908,92,0.092,0.4945383777320385
702,851,149,0.149,0.514387290192768
778,889,111,0.111,0.5051617784202099
798,899,101,0.101,0.5004212668538094
742,871,129,0.129,0.5080372381806374
748,874,126,0.126,0.5059223591685295
734,867,133,0.133,0.5093718792498129
744,872,128,0.128,0.5113548558577895
748,874,126,0.126,0.5121591581106186
730,865,135,0.135,0.5222757185399532
796,898,102,0.102,0.5176407086551189
788,894,106,0.106,0.5335360265106092
794,897,103,0.103,0.5359675452597439
794,897,103,0.103,0.5377881568968296
730,865,135,0.135,0.549115177065134
774,887,113,0.113,0.5700252583920956
734,867,133,0.133,0.5777816734462976
778,889,111,0.111,0.5902253969013691
740,870,130,0.13,0.6103515886068344
700,850,150,0.15,0.6849656921625137
706,853,147,0.147,0.6854893628954888
808,904,96,0.096,0.6793830827772618
754,877,123,0.123,0.6949059368371964
716,858,142,0.142,0.6589406076669693
768,884,116,0.116,0.6413966762721539
760,880,120,0.12,0.6177094691097736
746,873,127,0.127,0.6149273274540901
718,859,141,0.141,0.6221347965627492
728,864,136,0.136,0.6237625461518764
788,894,106,0.106,0.6382703272453509
762,881,119,0.119,0.658121813237667
750,875,125,0.125,0.6896798964738846
732,866,134,0.134,0.6914239253401756
754,877,123,0.123,0.6715839020791463
762,881,119,0.119,0.6756368882656097
768,884,116,0.116,0.6501906365156174
798,899,101,0.101,0.6351979335546494
734,867,133,0.133,0.6365488761365413
730,865,135,0.135,0.6419854961931706
744,872,128,0.128,0.6352018941510469
742,871,129,0.129,0.6364515848165369
764,882,118,0.118,0.6175079882442951
718,859,141,0.141,0.6187711952030659
722,861,139,0.139,0.608706327855587
724,862,138,0.138,0.6088638122677803
746,873,127,0.127,0.6187387547492981
754,877,123,0.123,0.6153785556852818
740,870,130,0.13,0.6134629220664501
744,872,128,0.128,0.61122475661512
722,861,139,0.139,0.6005725982487202
772,886,114,0.114,0.5853856286704541
756,878,122,0.122,0.5913046415150166
706,853,147,0.147,0.6020822104215622
778,889,111,0.111,0.6272127723004669
758,879,121,0.121,0.6412023853659701
798,899,101,0.101,0.6365162245035172
746,873,127,0.127,0.6465913822986186
762,881,119,0.119,0.6485902440547943
770,885,115,0.115,0.6496726334933192
760,880,120,0.12,0.6412753851413727
724,862,138,0.138,0.6466586540676653
728,864,136,0.136,0.6341567892009325
782,891,109,0.109,0.6267857798608675
830,915,85,0.085,0.6185157167613506
742,871,129,0.129,0.6364195500612259
774,887,113,0.113,0.6831426666378975
798,899,101,0.101,0.6828104441761971
762,881,119,0.119,0.688645708117634
728,864,136,0.136,0.7135903679713956
674,837,163,0.163,0.7460473095178604
688,844,156,0.156,0.7552273916602135
710,855,145,0.145,0.7509376153349876
766,883,117,0.117,0.7485395088195801
764,882,118,0.118,0.7649381363791082
812,906,94,0.094,0.7583487060666084
708,854,146,0.146,0.7698751549720764
698,849,151,0.151,0.7679190924167633
712,856,144,0.144,0.742827812999487
764,882,118,0.118,0.7345130314230919
762,881,119,0.119,0.7406371003324166
764,882,118,0.118,0.7398636351227761
764,882,118,0.118,0.7638630942702294
668,834,166,0.166,0.7795746438503265
724,862,138,0.138,0.7759151778221131
802,901,99,0.099,0.7549429195523262
742,871,129,0.129,0.7542019241452217
656,828,172,0.172,0.7760481343865394
734,867,133,0.133,0.7492148627638817
722,861,139,0.139,0.7522818250656128
766,883,117,0.117,0.6863708539605141
740,870,130,0.13,0.6709328582286834
756,878,122,0.122,0.6432560137361288
736,868,132,0.132,0.6393765240013599
696,848,152,0.152,0.5598357922621071
760,880,120,0.12,0.5378266052603722
796,898,102,0.102,0.5151311279535293
750,875,125,0.125,0.531932677090168
762,881,119,0.119,0.5016245656311512
742,871,129,0.129,0.50227954941988
790,895,105,0.105,0.4957709122598171
688,844,156,0.156,0.5158838433623314
778,889,111,0.111,0.5226238343417644
744,872,128,0.128,0.5287260051965713
730,865,135,0.135,0.5328081048429012
744,872,128,0.128,0.527293718136847
750,875,125,0.125,0.5077774850428104
742,871,129,0.129,0.4856020029458731
776,888,112,0.112,0.48328283811733125
740,870,130,0.13,0.47108113643527033
718,859,141,0.141,0.4440882605239749
726,863,137,0.137,0.435586177917663
752,876,124,0.124,0.43838174475729463
728,864,136,0.136,0.442461064428091
776,888,112,0.112,0.4367900934815407
766,883,117,0.117,0.4244592126458883
752,876,124,0.124,0.4151272755675018
812,906,94,0.094,0.3933218108713627
746,873,127,0.127,0.3923287605047226
802,901,99,0.099,0.3876375850737095
780,890,110,0.11,0.39800408809632065
776,888,112,0.112,0.4088399982601404
646,823,177,0.177,0.4746280877292156
704,852,148,0.148,0.5081834232211113
806,903,97,0.097,0.5012658836841584
762,881,119,0.119,0.5235615191757679
736,868,132,0.132,0.5302411040812731
724,862,138,0.138,0.5061906889677048
788,894,106,0.106,0.49214045935869216
730,865,135,0.135,0.5066162823438645
726,863,137,0.137,0.49492716148495675
788,894,106,0.106,0.48034654614329336
706,853,147,0.147,0.4851948608160019
768,884,116,0.116,0.4747350520789623
792,896,104,0.104,0.4573539938926697
664,832,168,0.168,0.48526876935362817
664,832,168,0.168,0.47057421383261683
810,905,95,0.095,0.4398759784341346
816,908,92,0.092,0.40628891733288763
748,874,126,0.126,0.40857541155954824
758,879,121,0.121,0.3857228043079376
792,896,104,0.104,0.37990633872151375
764,882,118,0.118,0.36693191805668174
730,865,135,0.135,0.38512059608101845
734,867,133,0.133,0.4002602255642414
774,887,113,0.113,0.40485398441553117
716,858,142,0.142,0.4634012694656849
778,889,111,0.111,0.450886909365654
730,865,135,0.135,0.46976527175307276
774,887,113,0.113,0.4651875703930855
720,860,140,0.14,0.4689614122211933
748,874,126,0.126,0.45328803727030753
762,881,119,0.119,0.4480871015638113
764,882,118,0.118,0.43769040557742117
754,877,123,0.123,0.44183450284600256
812,906,94,0.094,0.44128202689997853
762,881,119,0.119,0.4547315314114094
778,889,111,0.111,0.4467854596823454
706,853,147,0.147,0.46383639097213747
768,884,116,0.116,0.46580263713002207
686,843,157,0.157,0.47416757099877943
800,900,100,0.1,0.473320190936327
744,872,128,0.128,0.504790825098753
748,874,126,0.126,0.5024349395632743
716,858,142,0.142,0.5094023676216602
712,856,144,0.144,0.49953580759465693
726,863,137,0.137,0.5016826949715615
740,870,130,0.13,0.49318136149644853
748,874,126,0.126,0.49842432931810615
718,859,141,0.141,0.4956664399802685
770,885,115,0.115,0.49202441838383676
668,834,166,0.166,0.5078580825328827
734,867,133,0.133,0.49765957444906234
758,879,121,0.121,0.48640841829776765
730,865,135,0.135,0.4727051712870598
744,872,128,0.128,0.45790506583452223
712,856,144,0.144,0.43615541437268257
740,870,130,0.13,0.3689069261848927
824,912,88,0.088,0.3334778501689434
776,888,112,0.112,0.3193152818828821
828,914,86,0.086,0.2896838375478983
764,882,118,0.118,0.281629667788744
726,863,137,0.137,0.2876903590112925
754,877,123,0.123,0.3122562943249941
744,872,128,0.128,0.32684076303243637
774,887,113,0.113,0.34515808455646035
720,860,140,0.14,0.36471863912045954
760,880,120,0.12,0.3575438934415579
796,898,102,0.102,0.34325896368920805
796,898,102,0.102,0.3156822521509857
826,913,87,0.087,0.3029940943643451
736,868,132,0.132,0.3152527217544266
776,888,112,0.112,0.3026543989777565
796,898,102,0.102,0.3212020848840475
786,893,107,0.107,0.3310013572089374
776,888,112,0.112,0.3391691685169935
788,894,106,0.106,0.3414543721973896
756,878,122,0.122,0.34811407143622636
818,909,91,0.091,0.335407530233264
722,861,139,0.139,0.3499042439237237
786,893,107,0.107,0.33289609939604997
806,903,97,0.097,0.3231842556893825
742,871,129,0.129,0.32999185074865817
734,867,133,0.133,0.3269056000262499
794,897,103,0.103,0.3126454462856054
748,874,126,0.126,0.33098080909252164
730,865,135,0.135,0.3307326100692153
754,877,123,0.123,0.33302164819836616
744,872,128,0.128,0.3398591345399618
778,889,111,0.111,0.3157978495508432
792,896,104,0.104,0.30775621765851974
826,913,87,0.087,0.2981422016173601
706,853,147,0.147,0.30041717456281186
740,870,130,0.13,0.266508338958025
812,906,94,0.094,0.25135086228325965
754,877,123,0.123,0.2548922764835567
768,884,116,0.116,0.2493843650072813
734,867,133,0.133,0.2435945698469877
752,876,124,0.124,0.239086887717247
752,876,124,0.124,0.23120876178145408
788,894,106,0.106,0.22499759235978126
780,890,110,0.11,0.20493849383306348
782,891,109,0.109,0.20053704358637334
710,855,145,0.145,0.19938553941994905
770,885,115,0.115,0.19507586409896613
754,877,123,0.123,0.2046803409382701
726,863,137,0.137,0.20650088462233543
780,890,110,0.11,0.22159053838206455
750,875,125,0.125,0.22526162052899598
790,895,105,0.105,0.23126615639030934
778,889,111,0.111,0.23151850426197051
762,881,119,0.119,0.21680788854882121
774,887,113,0.113,0.2037569874599576
776,888,112,0.112,0.19829535620287062
746,873,127,0.127,0.2050172844529152
816,908,92,0.092,0.1957765134051442
764,882,118,0.118,0.21786557435430587
780,890,110,0.11,0.21729200560576442
724,862,138,0.138,0.22567563868314028
766,883,117,0.117,0.2421833997517824
802,901,99,0.099,0.23602414835989474
720,860,140,0.14,0.2514702519774437
756,878,122,0.122,0.2422801958024502
736,868,132,0.132,0.23663679276406765
770,885,115,0.115,0.23550587365037062
734,867,133,0.133,0.2399953330872785
782,891,109,0.109,0.2324445753544569
780,890,110,0.11,0.23658366955816745
806,903,97,0.097,0.22485261614620686
798,899,101,0.101,0.22777149087230236
742,871,129,0.129,0.2321767783612013
764,882,118,0.118,0.20517202806472778
816,908,92,0.092,0.19395005421340467
720,860,140,0.14,0.20666292138148679
728,864,136,0.136,0.20349193117581307
736,868,132,0.132,0.2197098165489733
800,900,100,0.1,0.20978876143667646
740,870,130,0.13,0.22544214455783368
708,854,146,0.146,0.22855717273056508
798,899,101,0.101,0.1925977350473404
814,907,93,0.093,0.17180112032592296
732,866,134,0.134,0.182503285959363
760,880,120,0.12,0.18044283143430948
828,914,86,0.086,0.16368703689798714
764,882,118,0.118,0.18229228423535823
702,851,149,0.149,0.18208461931440978
820,910,90,0.09,0.17181912181526424
758,879,121,0.121,0.16976827044039966
722,861,139,0.139,0.17416803528368474
736,868,132,0.132,0.17134730523079633
760,880,120,0.12,0.16980294610280544
758,879,121,0.121,0.1768166835606098
746,873,127,0.127,0.18593398222327231
716,858,142,0.142,0.18957128114253283
756,878,122,0.122,0.18202563978545366
796,898,102,0.102,0.15329191773198544
752,876,124,0.124,0.15378740628808737
716,858,142,0.142,0.14771704268792382
820,910,90,0.09,0.1314977843351662
708,854,146,0.146,0.1534484353736043
728,864,136,0.136,0.14759612077474593
790,895,105,0.105,0.1478788871988654
782,891,109,0.109,0.1571493686810136
772,886,114,0.114,0.17104477946460248
750,875,125,0.125,0.17582088171690702
790,895,105,0.105,0.16376836698502303
772,886,114,0.114,0.16523543424904347
768,884,116,0.116,0.15557134812697768
784,892,108,0.108,0.15326259037666023
794,897,103,0.103,0.1482562284693122
738,869,131,0.131,0.14929930377751588
790,895,105,0.105,0.14613541171699762
744,872,128,0.128,0.1511571936607429
752,876,124,0.124,0.15425272049754857
800,900,100,0.1,0.1587593076340854
794,897,103,0.103,0.1625514825626742
772,886,114,0.114,0.16228434792160987
748,874,126,0.126,0.1660793026983738
698,849,151,0.151,0.1671484881937504
774,887,113,0.113,0.16594312267750502
778,889,111,0.111,0.16805615301430227
748,874,126,0.126,0.17649254740029574
794,897,103,0.103,0.17020552836358546
786,893,107,0.107,0.15612176411598921
754,877,123,0.123,0.16172416868060827
780,890,110,0.11,0.15526895781606437
748,874,126,0.126,0.16118358042841816
814,907,93,0.093,0.17108285317081026
758,879,121,0.121,0.17324816929548978
768,884,116,0.116,0.17855050704674796
812,906,94,0.094,0.17727699295431376
730,865,135,0.135,0.17934876303374767
762,881,119,0.119,0.17533639549463986
732,866,134,0.134,0.17868997697532177
792,896,104,0.104,0.16310367765650152
712,856,144,0.144,0.1685448120199144
762,881,119,0.119,0.1575304469242692
730,865,135,0.135,0.16644200144335627
764,882,118,0.118,0.16361127792298794
762,881,119,0.119,0.17259262096136807
802,901,99,0.099,0.17081597613357008
738,869,131,0.131,0.17878243005258265
808,904,96,0.096,0.1653792605996132
770,885,115,0.115,0.16202977389097215
750,875,125,0.125,0.15934763107821345
762,881,119,0.119,0.15903868443891406
766,883,117,0.117,0.1615612203478813
768,884,116,0.116,0.16306156025640667
762,881,119,0.119,0.16743883594996622
782,891,109,0.109,0.16757919441908598
728,864,136,0.136,0.17895736780948937
742,871,129,0.129,0.18599734024703501
734,867,133,0.133,0.19005888196825982
752,876,124,0.124,0.19237479535490273
754,877,123,0.123,0.19435584492236377
792,896,104,0.104,0.1859246959835291
796,898,102,0.102,0.18604638454997985
732,866,134,0.134,0.19022072463482617
820,910,90,0.09,0.18567367610007932
722,861,139,0.139,0.20788676172494888
696,848,152,0.152,0.21513228614628316
746,873,127,0.127,0.2234721708521247
812,906,94,0.094,0.23326359731703997
736,868,132,0.132,0.2474167442470789
768,884,116,0.116,0.24868439449369908
742,871,129,0.129,0.2677956839439565
748,874,126,0.126,0.24990953339636326
774,887,113,0.113,0.24409687004983424
764,882,118,0.118,0.24121202431805433
778,889,111,0.111,0.22751534613966942
700,850,150,0.15,0.22079332643002272
776,888,112,0.112,0.21699902944266797
764,882,118,0.118,0.2238396619260311
732,866,134,0.134,0.2426797411739826
690,845,155,0.155,0.27882726085186005
814,907,93,0.093,0.26480005249381067
770,885,115,0.115,0.2674955876916647
796,898,102,0.102,0.25679790472984315
768,884,116,0.116,0.21204842725768686
756,878,122,0.122,0.21987009927630424
746,873,127,0.127,0.21890472614765166
736,868,132,0.132,0.20106024011224508
752,876,124,0.124,0.20542638660222293
762,881,119,0.119,0.20683241891115903
736,868,132,0.132,0.2065876969769597
804,902,98,0.098,0.1947339756824076
754,877,123,0.123,0.1848695776388049
774,887,113,0.113,0.18207095549255609
764,882,118,0.118,0.17838749800622464
718,859,141,0.141,0.1742931198850274
750,875,125,0.125,0.17102184552140534
772,886,114,0.114,0.168847620151937
808,904,96,0.096,0.16546722711622716
744,872,128,0.128,0.18992241067439317
724,862,138,0.138,0.19973239478468896
710,855,145,0.145,0.20564483312517404
740,870,130,0.13,0.2103504605591297
750,875,125,0.125,0.22164993153512477
738,869,131,0.131,0.22167548118066044
794,897,103,0.103,0.2164286337867379
788,894,106,0.106,0.20928799618408084
754,877,123,0.123,0.20638218570527306
770,885,115,0.115,0.20928462713956833
788,894,106,0.106,0.20379050933837425
758,879,121,0.121,0.22296076538413764
738,869,131,0.131,0.25024033486141706
802,901,99,0.099,0.2526257557049394
784,892,108,0.108,0.26612342380732934
780,890,110,0.11,0.2720338517969649
810,905,95,0.095,0.2506486799120903
754,877,123,0.123,0.2563658017367125
734,867,133,0.133,0.2514029432758689
766,883,117,0.117,0.2373150411024544
746,873,127,0.127,0.23894135515391826
716,858,142,0.142,0.24791593300551176
726,863,137,0.137,0.259975294560194
788,894,106,0.106,0.2750414549931884
758,879,121,0.121,0.2996575747281313
722,861,139,0.139,0.3158534216284752
734,867,133,0.133,0.3170869695842266
778,889,111,0.111,0.30050144425034525
726,863,137,0.137,0.2982255087941885
788,894,106,0.106,0.28219765624403953
760,880,120,0.12,0.29148689103126524
730,865,135,0.135,0.3020630697011948
772,886,114,0.114,0.3004509308189154
808,904,96,0.096,0.29146832007169726
784,892,108,0.108,0.2915182421207428
726,863,137,0.137,0.27332273549586533
794,897,103,0.103,0.25762033513188365
702,851,149,0.149,0.2759350631535053
748,874,126,0.126,0.2703275138367171
772,886,114,0.114,0.29737900441884996
740,870,130,0.13,0.3073051777973303
774,887,113,0.113,0.29934336702525616
702,851,149,0.149,0.3052038765102625
760,880,120,0.12,0.2406311049441574
754,877,123,0.123,0.2352151492126286
774,887,113,0.113,0.22890516981482506
750,875,125,0.125,0.22692885094881057
778,889,111,0.111,0.21635199532657862
732,866,134,0.134,0.2292703247666359
794,897,103,0.103,0.225464138135314
760,880,120,0.12,0.2329285078048706
728,864,136,0.136,0.2424478270560503
770,885,115,0.115,0.2377441233098507
792,896,104,0.104,0.23592794585973023
742,871,129,0.129,0.23818879301846027
796,898,102,0.102,0.23631028880388477
776,888,112,0.112,0.24198175210505724
766,883,117,0.117,0.2414262630492449
750,875,125,0.125,0.2563088995963335
740,870,130,0.13,0.2867588692754507
726,863,137,0.137,0.2937516018524766
778,889,111,0.111,0.28667202945053577
784,892,108,0.108,0.29005775092542174
764,882,118,0.118,0.26131407392881784
706,853,147,0.147,0.26492388869822026
774,887,113,0.113,0.2557922443151474
776,888,112,0.112,0.24659927985072136
776,888,112,0.112,0.2632207063883543
794,897,103,0.103,0.2614357342123985
716,858,142,0.142,0.2808917404264212
692,846,154,0.154,0.27961075548827646
756,878,122,0.122,0.27043969845771787
754,877,123,0.123,0.2793379578441381
774,887,113,0.113,0.27710316713154315
764,882,118,0.118,0.2698018956556916
774,887,113,0.113,0.21301413206011058
806,903,97,0.097,0.21151707573782186
782,891,109,0.109,0.20935368126630782
776,888,112,0.112,0.20276962397946044
742,871,129,0.129,0.20940224758163095
794,897,103,0.103,0.20735918836295605
794,897,103,0.103,0.2115881533510983
750,875,125,0.125,0.2141549154852837
722,861,139,0.139,0.2040068931877613
786,893,107,0.107,0.18678648774512113
818,909,91,0.091,0.1785528251081705
772,886,114,0.114,0.18025559332966803
818,909,91,0.091,0.14280842597037555
800,900,100,0.1,0.14264729246124624
742,871,129,0.129,0.14726456658169626
782,891,109,0.109,0.14071323604881764
724,862,138,0.138,0.15600176929682494
778,889,111,0.111,0.15910348574817212
778,889,111,0.111,0.15662490952014924
788,894,106,0.106,0.15517712070792913
772,886,114,0.114,0.14871949112415314
796,898,102,0.102,0.13899826696517073
790,895,105,0.105,0.13455142159759997
794,897,103,0.103,0.1286895442927172
768,884,116,0.116,0.12388191477954388
756,878,122,0.122,0.13251607155054806
812,906,94,0.094,0.14522720854729415
774,887,113,0.113,0.14833979400619865
740,870,130,0.13,0.18594740844145416
732,866,134,0.134,0.20826295928776353
718,859,141,0.141,0.21498712438717485
800,900,100,0.1,0.20125287851691245
766,883,117,0.117,0.20635101186484098
788,894,106,0.106,0.19345515429682564
776,888,112,0.112,0.18217972298711538
778,889,111,0.111,0.17971045521087944
774,887,113,0.113,0.15912812465429307
736,868,132,0.132,0.1624147347137332
772,886,114,0.114,0.1771775846313685
758,879,121,0.121,0.18580944305285813
728,864,136,0.136,0.2369225907549262
794,897,103,0.103,0.2433859387561679
776,888,112,0.112,0.24275928612332062
754,877,123,0.123,0.23861014185845852
704,852,148,0.148,0.21907902684807778
722,861,139,0.139,0.20586491990624928
780,890,110,0.11,0.2197225923985243
776,888,112,0.112,0.22351552460342647
782,891,109,0.109,0.25091691718995573
738,869,131,0.131,0.2585435410887003
790,895,105,0.105,0.2389555631875992
762,881,119,0.119,0.23759570917487144
758,879,121,0.121,0.22668596948683262
756,878,122,0.122,0.2287255118340254
812,906,94,0.094,0.2401129224896431
726,863,137,0.137,0.25732722371816635
726,863,137,0.137,0.2851639724224806
746,873,127,0.127,0.305126260439975
774,887,113,0.113,0.32916490742564203
756,878,122,0.122,0.3376711690314114
670,835,165,0.165,0.3557469544410706
796,898,102,0.102,0.3204591234177351
768,884,116,0.116,0.28197832584381105
734,867,133,0.133,0.28401005582511424
758,879,121,0.121,0.25430768459732644
762,881,119,0.119,0.24648984340443347
744,872,128,0.128,0.2727165419347584
786,893,107,0.107,0.26969763257727025
750,875,125,0.125,0.2988947647958994
740,870,130,0.13,0.3103650636486709
754,877,123,0.123,0.32661708318721505
714,857,143,0.143,0.3305115519836545
704,852,148,0.148,0.3263799170702696
754,877,123,0.123,0.3109001700282097
726,863,137,0.137,0.3008922452777624
742,871,129,0.129,0.29424479864537717
786,893,107,0.107,0.28039616665244105
774,887,113,0.113,0.27405494627509325
810,905,95,0.095,0.24587113969027996
772,886,114,0.114,0.24285807293653489
716,858,142,0.142,0.24165132388515
780,890,110,0.11,0.22648735411092638
734,867,133,0.133,0.2368143111617174
746,873,127,0.127,0.24197781778872013
734,867,133,0.133,0.2523526873812079
812,906,94,0.094,0.24305804263614117
758,879,121,0.121,0.2467415137887001
762,881,119,0.119,0.24182188061624765
692,846,154,0.154,0.24437475244700912
778,889,111,0.111,0.2302266535013914
708,854,146,0.146,0.24378370405733585
778,889,111,0.111,0.23385103619098663
802,901,99,0.099,0.23816588550363668
770,885,115,0.115,0.24118167027831078
796,898,102,0.102,0.21110215635597707
752,876,124,0.124,0.21110262322425843
746,873,127,0.127,0.1963905543278346
780,890,110,0.11,0.18578529196046292
730,865,135,0.135,0.1861106614097953
802,901,99,0.099,0.1790453104749322
766,883,117,0.117,0.19178921428322793
742,871,129,0.129,0.19710228490118709
788,894,106,0.106,0.23089493557810783
768,884,116,0.116,0.2315530458725989
734,867,133,0.133,0.23591125272214414
770,885,115,0.115,0.22974771526455878
768,884,116,0.116,0.181147613145411
762,881,119,0.119,0.18515853195637463
778,889,111,0.111,0.17801686693730495
786,893,107,0.107,0.17693869652599095
808,904,96,0.096,0.18157449232041836
826,913,87,0.087,0.17879848245717586
746,873,127,0.127,0.19031933195888995
746,873,127,0.127,0.19054541097581387
778,889,111,0.111,0.21116198014467955
716,858,142,0.142,0.22124266025424003
716,858,142,0.142,0.2204383946955204
760,880,120,0.12,0.22358459490537644
750,875,125,0.125,0.23473410239070655
766,883,117,0.117,0.2339336476420285
760,880,120,0.12,0.23134820723533636
746,873,127,0.127,0.22191168864072386
744,872,128,0.128,0.1947606545574963
764,882,118,0.118,0.1881805717051029
778,889,111,0.111,0.18273967469393257
770,885,115,0.115,0.1817782881781459
750,875,125,0.125,0.1755178297907114
812,906,94,0.094,0.16242971308529378
774,887,113,0.113,0.16943769397586583
748,874,126,0.126,0.1725381295122206
808,904,96,0.096,0.14226210671290757
818,909,91,0.091,0.1357343222051859
754,877,123,0.123,0.1386057479940355
766,883,117,0.117,0.13559342700784346
694,847,153,0.153,0.13394585536037995
766,883,117,0.117,0.1272738589569926
846,923,77,0.077,0.12057818141579628
776,888,112,0.112,0.13266833575256168
732,866,134,0.134,0.1208459891184284
822,911,89,0.089,0.11248510743677616
762,881,119,0.119,0.11380672101676464
742,871,129,0.129,0.11015196499228477
778,889,111,0.111,0.11104280759766698
794,897,103,0.103,0.10647725186869503
776,888,112,0.112,0.11316876799613237
834,917,83,0.083,0.10739778202213347
740,870,130,0.13,0.11354224400781095
802,901,99,0.099,0.10940174225205555
780,890,110,0.11,0.11127812542766333
738,869,131,0.131,0.11625778802484274
752,876,124,0.124,0.13955996003001928
758,879,121,0.121,0.14389389584958553
704,852,148,0.148,0.15568087515980006
738,869,131,0.131,0.16075186117738485
764,882,118,0.118,0.15769023840129376
776,888,112,0.112,0.15463619342446328
722,861,139,0.139,0.15682139034941792
722,861,139,0.139,0.15021491894870997
804,902,98,0.098,0.12322142994527349
766,883,117,0.117,0.12424130122736096
738,869,131,0.131,0.12656320199370386
820,910,90,0.09,0.1148699410557747
770,885,115,0.115,0.12109728821537656
704,852,148,0.148,0.1291838503330946
776,888,112,0.112,0.1258630720898509
780,890,110,0.11,0.1302254083901644
754,877,123,0.123,0.14078336906433556
726,863,137,0.137,0.14174425314013012
758,879,121,0.121,0.13600215193629264
788,894,106,0.106,0.1194273247863166
768,884,116,0.116,0.10732734108623117
772,886,114,0.114,0.10380617904395331
816,908,92,0.092,0.095222845537588
726,863,137,0.137,0.10145096846099477
790,895,105,0.105,0.10933354080840946
746,873,127,0.127,0.12146721421927213
768,884,116,0.116,0.12219206169620156
844,922,78,0.078,0.1279211574718356
706,853,147,0.147,0.14249872130838934
720,860,140,0.14,0.14280452262982726
688,844,156,0.156,0.14602475433620202
798,899,101,0.101,0.13543637986481188
710,855,145,0.145,0.14190553171932696
704,852,148,0.148,0.14703311868943275
752,876,124,0.124,0.14274832342937588
794,897,103,0.103,0.13833922090381384
704,852,148,0.148,0.14615715965162962
784,892,108,0.108,0.1313149740099907
778,889,111,0.111,0.12731223081052304
796,898,102,0.102,0.11720764648914338
784,892,108,0.108,0.11041848722845315
826,913,87,0.087,0.10592520651966333
786,893,107,0.107,0.1070917481817305
752,876,124,0.124,0.11310936059430242
754,877,123,0.123,0.12637338293343783
740,870,130,0.13,0.13358110267668963
794,897,103,0.103,0.13569804872572422
724,862,138,0.138,0.14832576463371516
788,894,106,0.106,0.13626082435250284
800,900,100,0.1,0.13121797124296428
750,875,125,0.125,0.12234223676100374
714,857,143,0.143,0.11750311831384898
798,899,101,0.101,0.10857102332264185
748,874,126,0.126,0.1139135394692421
792,896,104,0.104,0.11738156780228019
776,888,112,0.112,0.12652727061510086
758,879,121,0.121,0.12951353756338357
738,869,131,0.131,0.1348712180480361
716,858,142,0.142,0.14226078758388758
804,902,98,0.098,0.12952558297663927
770,885,115,0.115,0.13101915781199933
754,877,123,0.123,0.12840003129467367
738,869,131,0.131,0.12769322464242577
718,859,141,0.141,0.12794479657709598
770,885,115,0.115,0.12008427277207374
768,884,116,0.116,0.1256295543758916
762,881,119,0.119,0.13237197441235185
816,908,92,0.092,0.12759315190464257
772,886,114,0.114,0.13111654315888882
764,882,118,0.118,0.12242733865976334
784,892,108,0.108,0.11266096254438161
764,882,118,0.118,0.11278811592794954
756,878,122,0.122,0.11748065034672618
766,883,117,0.117,0.11960731540434062
746,873,127,0.127,0.14122607374191284
806,903,97,0.097,0.14278106900304555
784,892,108,0.108,0.14677935873344541
764,882,118,0.118,0.15029945327201857
722,861,139,0.139,0.15338847134262323
782,891,109,0.109,0.14301293329522025
774,887,113,0.113,0.14015150135755539
734,867,133,0.133,0.1466034490280033
770,885,115,0.115,0.14312727987766266
776,888,112,0.112,0.14278672985732555
834,917,83,0.083,0.13607097477465868
794,897,103,0.103,0.1356199524477124
762,881,119,0.119,0.1344678658619523
742,871,129,0.129,0.1295915198996663
764,882,118,0.118,0.1287471686527133
686,843,157,0.157,0.14564488948881626
766,883,117,0.117,0.1411345857605338
830,915,85,0.085,0.14506677211821078
740,870,130,0.13,0.15867737762629985
710,855,145,0.145,0.16756480799615384
756,878,122,0.122,0.15709070812910794
706,853,147,0.147,0.1553436869323482
792,896,104,0.104,0.13748648224025964
810,905,95,0.095,0.12400482733268291
762,881,119,0.119,0.11874857408925892
756,878,122,0.122,0.11219354489073158
782,891,109,0.109,0.10268016641587019
710,855,145,0.145,0.11721494505554438
734,867,133,0.133,0.12441381565481424
774,887,113,0.113,0.13809188569360412
784,892,108,0.108,0.15086708176136016
818,909,91,0.091,0.15396691632270812
670,835,165,0.165,0.16647608286142349
768,884,116,0.116,0.14723417301103472
748,874,126,0.126,0.1410939280502498
762,881,119,0.119,0.1379556082215063
774,887,113,0.113,0.14548188002787715
830,915,85,0.085,0.14494844072312116
750,875,125,0.125,0.15195328883081674
776,888,112,0.112,0.15227422772627325
810,905,95,0.095,0.14364998684385796
764,882,118,0.118,0.14025794559717178
770,885,115,0.115,0.14322933688759804
790,895,105,0.105,0.13689374776929616
816,908,92,0.092,0.14933775794506074
756,878,122,0.122,0.15852283396571876
732,866,134,0.134,0.16771380066126584
780,890,110,0.11,0.169359412252903
766,883,117,0.117,0.18738275068998336
742,871,129,0.129,0.19076806572079658
702,851,149,0.149,0.20696349041052498
724,862,138,0.138,0.20667389096319674
758,879,121,0.121,0.2235184042156907
712,856,144,0.144,0.23578687496483325
782,891,109,0.109,0.23078449203073978
728,864,136,0.136,0.23113121340423823
720,860,140,0.14,0.22281450422108173
752,876,124,0.124,0.21457220433652402
820,910,90,0.09,0.20030831602215768
722,861,139,0.139,0.20782421269128099
754,877,123,0.123,0.19633069100975992
756,878,122,0.122,0.1966914765755646
744,872,128,0.128,0.19771774273645132
750,875,125,0.125,0.20424131880700588
726,863,137,0.137,0.25061711414158344
750,875,125,0.125,0.2625504155298719
772,886,114,0.114,0.25891054774820804
802,901,99,0.099,0.254058685451746
802,901,99,0.099,0.23431727847456932
734,867,133,0.133,0.24354792012387913
850,925,75,0.075,0.21852887696144171
752,876,124,0.124,0.23252034812630154
772,886,114,0.114,0.22420506201684476
774,887,113,0.113,0.2284049508795142
744,872,128,0.128,0.23437219773232937
790,895,105,0.105,0.23374618531763552
780,890,110,0.11,0.25080120818316937
726,863,137,0.137,0.2556542156122814
748,874,126,0.126,0.2510188637152314
814,907,93,0.093,0.2410068760216236
754,877,123,0.123,0.22694203686714173
856,928,72,0.072,0.22014279855042695
794,897,103,0.103,0.22072700217366217
776,888,112,0.112,0.22340509350785914
716,858,142,0.142,0.2408466445505619
802,901,99,0.099,0.23686787300929427
770,885,115,0.115,0.25190083007514474
732,866,134,0.134,0.25358579902350903
738,869,131,0.131,0.2905218618735671
734,867,133,0.133,0.2981279056817293
746,873,127,0.127,0.2972655392587185
736,868,132,0.132,0.2972963013499975
774,887,113,0.113,0.2753868769109249
762,881,119,0.119,0.2703109600618482
824,912,88,0.088,0.2565223214626312
716,858,142,0.142,0.2650710601210594
732,866,134,0.134,0.2507688292562962
782,891,109,0.109,0.26339024686068296
686,843,157,0.157,0.2779246840775013
794,897,103,0.103,0.2746196383982897
740,870,130,0.13,0.3346564747691155
760,880,120,0.12,0.3438002523928881
752,876,124,0.124,0.3434415332227945
716,858,142,0.142,0.3510402907729149
746,873,127,0.127,0.30268403840065
770,885,115,0.115,0.27400363990664484
734,867,133,0.133,0.2763360966956243
758,879,121,0.121,0.25413073624670507
666,833,167,0.167,0.2823463232655034
760,880,120,0.12,0.26138455606251954
732,866,134,0.134,0.27325222064554694
720,860,140,0.14,0.3014017699956894
778,889,111,0.111,0.2953153668791056
800,900,100,0.1,0.2902054740506803
768,884,116,0.116,0.29984841112792493
820,910,90,0.09,0.27591596817970276
782,891,109,0.109,0.27776822888851166
726,863,137,0.137,0.28051620556414125
804,902,98,0.098,0.27664059442281724
814,907,93,0.093,0.2868817584514618
774,887,113,0.113,0.30862286473810674
796,898,102,0.102,0.3143733216567198
746,873,127,0.127,0.33370998430252075
752,876,124,0.124,0.3439644995015806
788,894,106,0.106,0.34558312814388775
736,868,132,0.132,0.3524149380326271
716,858,142,0.142,0.37549585723501516
842,921,79,0.079,0.3541801345050335
658,829,171,0.171,0.3626434269547463
764,882,118,0.118,0.3705965589553582
736,868,132,0.132,0.3545389668345451
784,892,108,0.108,0.3394347816258669
734,867,133,0.133,0.3404854797492735
790,895,105,0.105,0.34242804607748983
740,870,130,0.13,0.2829431087076664
718,859,141,0.141,0.27084400472044995
726,863,137,0.137,0.26708038692176345
758,879,121,0.121,0.26517495857179163
762,881,119,0.119,0.2764825239032507
806,903,97,0.097,0.2649189276844263
782,891,109,0.109,0.27366991303861143
764,882,118,0.118,0.2765572413504124
682,841,159,0.159,0.24508778412640095
806,903,97,0.097,0.22521893763169645
726,863,137,0.137,0.23498535422235728
754,877,123,0.123,0.2320726734250784
696,848,152,0.152,0.24724102787673474
782,891,109,0.109,0.2392854030877352
736,868,132,0.132,0.24623618268966674
762,881,119,0.119,0.24329928351193666
806,903,97,0.097,0.2315450830385089
728,864,136,0.136,0.2284903509542346
766,883,117,0.117,0.22838261346518993
768,884,116,0.116,0.22386076997965573
810,905,95,0.095,0.1896349452212453
758,879,121,0.121,0.18553621331998146
774,887,113,0.113,0.18428083143755794
786,893,107,0.107,0.1825718651711941
768,884,116,0.116,0.19284422263435408
798,899,101,0.101,0.20414983104169368
794,897,103,0.103,0.20638253840059043
724,862,138,0.138,0.21634291908470915
790,895,105,0.105,0.21821748758852483
736,868,132,0.132,0.21950217293202878
832,916,84,0.084,0.20888532473146915
708,854,146,0.146,0.22474373961501623
718,859,141,0.141,0.22517553424835204
770,885,115,0.115,0.2362742028683424
726,863,137,0.137,0.24368155084906903
714,857,143,0.143,0.25508973163366316
734,867,133,0.133,0.26825745701789855
756,878,122,0.122,0.2613303016871214
746,873,127,0.127,0.2581275531947613
810,905,95,0.095,0.2410015901774168
760,880,120,0.12,0.21084514439105986
766,883,117,0.117,0.19810781049728393
754,877,123,0.123,0.20269473046809436
772,886,114,0.114,0.20276180101226782
690,845,155,0.155,0.23027311510959408
790,895,105,0.105,0.23324817438169526
824,912,88,0.088,0.23091306577622892
768,884,116,0.116,0.24501575119793415
816,908,92,0.092,0.23986395712257208
722,861,139,0.139,0.2637296772636473
758,879,121,0.121,0.25880420562624934
708,854,146,0.146,0.28778979475796224
742,871,129,0.129,0.29270796840963886
750,875,125,0.125,0.3085649001896381
792,896,104,0.104,0.3009107513576746
742,871,129,0.129,0.30409178269654985
744,872,128,0.128,0.2955253754137084
798,899,101,0.101,0.2608039696216583
752,876,124,0.124,0.23296266604959964
796,898,102,0.102,0.20044392365962266
760,880,120,0.12,0.20077282984764316
814,907,93,0.093,0.17192815303057432
810,905,95,0.095,0.16419646694511175
754,877,123,0.123,0.1712676619514823
758,879,121,0.121,0.17018607571721078
780,890,110,0.11,0.1772297341376543
722,861,139,0.139,0.19657406397163868
762,881,119,0.119,0.2022575517743826
736,868,132,0.132,0.20865060579776765
728,864,136,0.136,0.20633967918157578
812,906,94,0.094,0.1902821454629302
756,878,122,0.122,0.18723222470912151
748,874,126,0.126,0.1867902872376144
720,860,140,0.14,0.18262779823923483
740,870,130,0.13,0.18251277017965914
778,889,111,0.111,0.1829384987652302
758,879,121,0.121,0.18360034919530152
784,892,108,0.108,0.1769576205611229
778,889,111,0.111,0.168043409191072
782,891,109,0.109,0.15983585640415549
772,886,114,0.114,0.16010462696316244
754,877,123,0.123,0.1569421547167003
740,870,130,0.13,0.18008346077799797
782,891,109,0.109,0.20558777107298373
792,896,104,0.104,0.21963251016288995
706,853,147,0.147,0.24257222669571638
714,857,143,0.143,0.26606712840497493
790,895,105,0.105,0.24951867965608834
804,902,98,0.098,0.24517218064889312
774,887,113,0.113,0.24233816234789798
730,865,135,0.135,0.22158159437472794
736,868,132,0.132,0.21854905225336552
774,887,113,0.113,0.21428014865517617
820,910,90,0.09,0.21669956532120704
704,852,148,0.148,0.2544092012047768
768,884,116,0.116,0.2526148782372475
834,917,83,0.083,0.2451301624327898
790,895,105,0.105,0.24897019214194735
768,884,116,0.116,0.2497944043427706
758,879,121,0.121,0.23649109184741973
760,880,120,0.12,0.2443559508472681
802,901,99,0.099,0.23330713122453017
808,904,96,0.096,0.26110396748036147
810,905,95,0.095,0.26465708927810194
790,895,105,0.105,0.27552928487956524
790,895,105,0.105,0.2730314200846478
806,903,97,0.097,0.2596823443174362
820,910,90,0.09,0.2554513842314482
782,891,109,0.109,0.25780986654758453
688,844,156,0.156,0.2708066263049841
720,860,140,0.14,0.2906416915766895
742,871,129,0.129,0.29165855629742143
798,899,101,0.101,0.28241007470805196
736,868,132,0.132,0.29550917258858683
784,892,108,0.108,0.26383314118897594
794,897,103,0.103,0.26202479287982267
694,847,153,0.153,0.2647861530482769
798,899,101,0.101,0.24093867403268815
794,897,103,0.103,0.2397968164783374
742,871,129,0.129,0.23946450336277486
744,872,128,0.128,0.2453812906742096
790,895,105,0.105,0.24255967615544796
736,868,132,0.132,0.2548986463844776
758,879,121,0.121,0.25618482676148413
728,864,136,0.136,0.2656476605385542
726,863,137,0.137,0.26573030994832514
752,876,124,0.124,0.2469641121327877
736,868,132,0.132,0.2480564668737352
742,871,129,0.129,0.23982135066390037
774,887,113,0.113,0.21369988449290395
788,894,106,0.106,0.20331319376826287
722,861,139,0.139,0.20865981613472104
728,864,136,0.136,0.21024144265055655
766,883,117,0.117,0.21413911125063897
728,864,136,0.136,0.21666271040588617
760,880,120,0.12,0.20743078836798667
800,900,100,0.1,0.20166592977941036
776,888,112,0.112,0.18878027706593276
798,899,101,0.101,0.16733265159092844
742,871,129,0.129,0.16856989479976686
782,891,109,0.109,0.15928709340840577
768,884,116,0.116,0.15765820576250553
766,883,117,0.117,0.168019518122077
754,877,123,0.123,0.16845432521402837
720,860,140,0.14,0.1779294015467167
760,880,120,0.12,0.17863455875962972
712,856,144,0.144,0.18199761175364257
790,895,105,0.105,0.17167663545906545
754,877,123,0.123,0.17561215388774873
718,859,141,0.141,0.17084405265003444
804,902,98,0.098,0.1658616125807166
782,891,109,0.109,0.16880754021555186
736,868,132,0.132,0.17357401762064548
764,882,118,0.118,0.1646876096762717
774,887,113,0.113,0.15755817370116712
834,917,83,0.083,0.15099960879981517
774,887,113,0.113,0.15952225885540247
838,919,81,0.081,0.16123795613646508
728,864,136,0.136,0.185087143458426
768,884,116,0.116,0.17627112830325495
782,891,109,0.109,0.17743428445607423
696,848,152,0.152,0.1971380053907633
816,908,92,0.092,0.1783550826571882
790,895,105,0.105,0.17779460467398167
796,898,102,0.102,0.16959721042960882
794,897,103,0.103,0.15267920669540763
754,877,123,0.123,0.15290400188416242
766,883,117,0.117,0.15078450890630485
720,860,140,0.14,0.16437861271202564
806,903,97,0.097,0.17040311366319658
758,879,121,0.121,0.18099302904477008
770,885,115,0.115,0.17601419039192842
736,868,132,0.132,0.18323884944990276
826,913,87,0.087,0.1555233628898859
814,907,93,0.093,0.14859356762934475
786,893,107,0.107,0.14949253487586975
766,883,117,0.117,0.13689482998102903
754,877,123,0.123,0.138492836963817
744,872,128,0.128,0.1494749523997307
736,868,132,0.132,0.16105871297419072
788,894,106,0.106,0.1725181096419692
752,876,124,0.124,0.20399747432023288
728,864,136,0.136,0.2130537286400795
806,903,97,0.097,0.2052565578818321
760,880,120,0.12,0.19317086324840785
792,896,104,0.104,0.16965529632940887
760,880,120,0.12,0.16006489136442542
768,884,116,0.116,0.16325444232672454
796,898,102,0.102,0.15204928590357303
810,905,95,0.095,0.16384667374752462
734,867,133,0.133,0.17972545617818833
700,850,150,0.15,0.18734211444720678
736,868,132,0.132,0.21035712091624736
722,861,139,0.139,0.23171876056399196
808,904,96,0.096,0.2348181861937046
768,884,116,0.116,0.24195567604899407
782,891,109,0.109,0.2363908475190401
782,891,109,0.109,0.22424828992038964
694,847,153,0.153,0.22858163422066718
776,888,112,0.112,0.2151505481544882
802,901,99,0.099,0.21047895993292332
754,877,123,0.123,0.23139462654292584
786,893,107,0.107,0.2324582352583966
756,878,122,0.122,0.24192540197074414
758,879,121,0.121,0.28091514168869686
756,878,122,0.122,0.31655551682412625
728,864,136,0.136,0.32259851549565793
750,875,125,0.125,0.3147703961282968
774,887,113,0.113,0.3031600756905973
784,892,108,0.108,0.26452856670320035
774,887,113,0.113,0.2570830999314785
776,888,112,0.112,0.2513101427853107
750,875,125,0.125,0.21051698302477598
718,859,141,0.141,0.20733065062058628
800,900,100,0.1,0.1982761012967676
776,888,112,0.112,0.20833554363809526
700,850,150,0.15,0.2541576617108658
788,894,106,0.106,0.27492897348850964
842,921,79,0.079,0.26516772229969504
702,851,149,0.149,0.2899211442768574
798,899,101,0.101,0.26923360146582126
768,884,116,0.116,0.25038480569422245
768,884,116,0.116,0.2453014427125454
748,874,126,0.126,0.2422007373259694
698,849,151,0.151,0.24718626216053963
754,877,123,0.123,0.26006430307030676
704,852,148,0.148,0.27307997657358646
780,890,110,0.11,0.2807642658650875
788,894,106,0.106,0.29175590397417545
744,872,128,0.128,0.27093004366755485
810,905,95,0.095,0.2577119202911854
772,886,114,0.114,0.23390168441832065
704,852,148,0.148,0.20185823715478182
768,884,116,0.116,0.18461852868646383
758,879,121,0.121,0.1861615342274308
780,890,110,0.11,0.1831682942956686
758,879,121,0.121,0.19364653971046208
782,891,109,0.109,0.19105519468337298
718,859,141,0.141,0.19999286181669595
730,865,135,0.135,0.20464675928502304
822,911,89,0.089,0.1936008919328451
738,869,131,0.131,0.20766851200163364
754,877,123,0.123,0.20407528308033943
728,864,136,0.136,0.2089020976189786
768,884,116,0.116,0.20059363348782064
808,904,96,0.096,0.19769701699540018
790,895,105,0.105,0.19889281603693962
762,881,119,0.119,0.2083639152571559
798,899,101,0.101,0.21085724143416154
762,881,119,0.119,0.2138094421643764
702,851,149,0.149,0.22314623629301786
774,887,113,0.113,0.2326507275365293
738,869,131,0.131,0.25937036935985086
800,900,100,0.1,0.2504821334630251
756,878,122,0.122,0.2576239728882501
780,890,110,0.11,0.2745060992091894
722,861,139,0.139,0.2975624209493399
776,888,112,0.112,0.2896846857368946
748,874,126,0.126,0.2964523858577013
824,912,88,0.088,0.29047536087036135
714,857,143,0.143,0.30037075867224483
758,879,121,0.121,0.2913968316614628
762,881,119,0.119,0.2863588960468769
780,890,110,0.11,0.2790326769798994
766,883,117,0.117,0.28390593132376674
714,857,143,0.143,0.2914052010178566
798,899,101,0.101,0.2908483348339796
782,891,109,0.109,0.282877953723073
754,877,123,0.123,0.27944676291942594
730,865,135,0.135,0.2786474270373583
754,877,123,0.123,0.26439112435281276
798,899,101,0.101,0.22839146807417274
790,895,105,0.105,0.2227189871892333
752,876,124,0.124,0.21913279221034282
802,901,99,0.099,0.2012848622351885
730,865,135,0.135,0.1988496182354736
726,863,137,0.137,0.19893054461479187
778,889,111,0.111,0.19557654985785483
792,896,104,0.104,0.20007803720235826
788,894,106,0.106,0.20376759694516658
742,871,129,0.129,0.20735943760049805
726,863,137,0.137,0.20856600335612893
682,841,159,0.159,0.22015114234387875
794,897,103,0.103,0.22373649993865546
812,906,94,0.094,0.21484351459145545
684,842,158,0.158,0.23226625669002532
840,920,80,0.08,0.20699694452481343
792,896,104,0.104,0.1931631679981947
768,884,116,0.116,0.19617486632615327
722,861,139,0.139,0.20236495678126812
756,878,122,0.122,0.20967541418224572
768,884,116,0.116,0.24294171810150147
756,878,122,0.122,0.25331550699379296
770,885,115,0.115,0.25554535860646865
792,896,104,0.104,0.25674679718911647
744,872,128,0.128,0.26115224668383596
660,830,170,0.17,0.2730967476963997
730,865,135,0.135,0.26112806029617786
726,863,137,0.137,0.27485386247932914
742,871,129,0.129,0.2858224528208375
780,890,110,0.11,0.2868914314955473
796,898,102,0.102,0.2825918288528919
746,873,127,0.127,0.2870180890634656
754,877,123,0.123,0.28684103503823283
750,875,125,0.125,0.2869776960397139
794,897,103,0.103,0.28767900611460206
802,901,99,0.099,0.32873422099649907
712,856,144,0.144,0.3658959679758947
758,879,121,0.121,0.370442862957716
776,888,112,0.112,0.3720626455843449
758,879,121,0.121,0.42451804760098455
738,869,131,0.131,0.4571132283210754
762,881,119,0.119,0.47238712990283965
752,876,124,0.124,0.48113219636958093
734,867,133,0.133,0.5395049142837525
736,868,132,0.132,0.556060099363327
754,877,123,0.123,0.5788702518045902
812,906,94,0.094,0.5698034829255193
748,874,126,0.126,0.6113018019199371
690,845,155,0.155,0.6208491489589214
704,852,148,0.148,0.6287821108847856
758,879,121,0.121,0.6282937719821929
764,882,118,0.118,0.655524506688118
716,858,142,0.142,0.6603844985961914
758,879,121,0.121,0.647013770788908
752,876,124,0.124,0.6371425081491471
690,845,155,0.155,0.6053205094337464
754,877,123,0.123,0.5854123449772597
740,870,130,0.13,0.5738947118371726
754,877,123,0.123,0.563816865206696
714,857,143,0.143,0.6129799078851939
688,844,156,0.156,0.6214734179228544
778,889,111,0.111,0.6340518557354808
780,890,110,0.11,0.6563024507761002
694,847,153,0.153,0.6943164730221033
726,863,137,0.137,0.6877853465080261
750,875,125,0.125,0.6741898930743336
802,901,99,0.099,0.6528404623127135
700,850,150,0.15,0.6477451926469803
730,865,135,0.135,0.6529047465622425
804,902,98,0.098,0.6165566707849502
786,893,107,0.107,0.6181018679887056
752,876,124,0.124,0.6154770144373178
740,870,130,0.13,0.6092353953421116
794,897,103,0.103,0.5982262634187937
760,880,120,0.12,0.6070882719159126
746,873,127,0.127,0.607562100738287
746,873,127,0.127,0.6107654467821121
832,916,84,0.084,0.5815013386905193
740,870,130,0.13,0.6101392425894737
778,889,111,0.111,0.6103873971402645
770,885,115,0.115,0.6132007574439049
780,890,110,0.11,0.6142105709910393
728,864,136,0.136,0.6276892428398132
762,881,119,0.119,0.6011582307815552
782,891,109,0.109,0.596466629534963
750,875,125,0.125,0.5849545607566834
764,882,118,0.118,0.5640493355467916
740,870,130,0.13,0.5150552380084992
758,879,121,0.121,0.5129490142669528
754,877,123,0.123,0.5002217701077462
766,883,117,0.117,0.4944961142241955
748,874,126,0.126,0.4901703703999519
840,920,80,0.08,0.4827841595411301
744,872,128,0.128,0.48830648044355623
716,858,142,0.142,0.4993564555346966
726,863,137,0.137,0.5104567031264305
748,874,126,0.126,0.5118983632922173
716,858,142,0.142,0.5159933972656727
770,885,115,0.115,0.5262460950165987
700,850,150,0.15,0.5329065698981285
744,872,128,0.128,0.5232141999006271
752,876,124,0.124,0.5245290960371495
748,874,126,0.126,0.522466077208519
764,882,118,0.118,0.5261336385968388
776,888,112,0.112,0.5276668407619
716,858,142,0.142,0.5325280546844006
738,869,131,0.131,0.5392634591162204
766,883,117,0.117,0.5600881277922418
706,853,147,0.147,0.5656055364906788
750,875,125,0.125,0.5615025697350502
776,888,112,0.112,0.5622193362414837
810,905,95,0.095,0.5375928528960794
730,865,135,0.135,0.5406472359001636
812,906,94,0.094,0.5215538859665394
738,869,131,0.131,0.50541644530138
824,912,88,0.088,0.484983137473464
776,888,112,0.112,0.48576735877990723
802,901,99,0.099,0.4813527211546898
760,880,120,0.12,0.48012504571676257
802,901,99,0.099,0.46893855825066566
796,898,102,0.102,0.47542647740244864
736,868,132,0.132,0.47627320922911165
776,888,112,0.112,0.46614874228835107
798,899,101,0.101,0.45868947526812553
728,864,136,0.136,0.4488780959099531
756,878,122,0.122,0.44088477483391764
710,855,145,0.145,0.40781111377477647
730,865,135,0.135,0.40535651775542647
766,883,117,0.117,0.387208968564868
700,850,150,0.15,0.38826367449760435
774,887,113,0.113,0.33534341329336165
814,907,93,0.093,0.3271233839094639
800,900,100,0.1,0.30459901602939865
814,907,93,0.093,0.2885169200897217
816,908,92,0.092,0.2723833842944587
732,866,134,0.134,0.28298979648947714
754,877,123,0.123,0.2810951196700335
752,876,124,0.124,0.29137398770451545
748,874,126,0.126,0.313125235542655
800,900,100,0.1,0.30763692243397234
722,861,139,0.139,0.31742111437022685
796,898,102,0.102,0.30172242852300407
734,867,133,0.133,0.2855439347373497
720,860,140,0.14,0.25436616273224355
746,873,127,0.127,0.24230925323069097
754,877,123,0.123,0.21678332154807867
768,884,116,0.116,0.1992048329412937
764,882,118,0.118,0.19566941651701927
738,869,131,0.131,0.19555891498317943
758,879,121,0.121,0.19974978640675545
836,918,82,0.082,0.1840870363265276
740,870,130,0.13,0.1930827216953039
758,879,121,0.121,0.19451678627729416
656,828,172,0.172,0.2087956366684452
762,881,119,0.119,0.20401471483246497
782,891,109,0.109,0.2242522235698998
796,898,102,0.102,0.21318069104850293
746,873,127,0.127,0.23063088704645635
750,875,125,0.125,0.23159471052885056
802,901,99,0.099,0.2380328789204359
760,880,120,0.12,0.24421833480894567
740,870,130,0.13,0.26850678013265133
750,875,125,0.125,0.28706301023066044
736,868,132,0.132,0.3121396414935589
784,892,108,0.108,0.3090933044552803
826,913,87,0.087,0.3159964552372694
726,863,137,0.137,0.3331837589798961
754,877,123,0.123,0.3353378946110606
782,891,109,0.109,0.3401783898472786
740,870,130,0.13,0.35064730033278463
768,884,116,0.116,0.3457293350547552
800,900,100,0.1,0.3252595184743404
676,838,162,0.162,0.34102512946724894
726,863,137,0.137,0.33116911371052266
746,873,127,0.127,0.3335804976094514
742,871,129,0.129,0.35414207814633847
806,903,97,0.097,0.3592067650556564
824,912,88,0.088,0.37165196481347085
796,898,102,0.102,0.3755050607919693
732,866,134,0.134,0.41067173615607316
696,848,152,0.152,0.4674004497528076
716,858,142,0.142,0.5012133615016937
704,852,148,0.148,0.502677820622921
742,871,129,0.129,0.5566676589697599
748,874,126,0.126,0.5697476335130632
768,884,116,0.116,0.5440724136829376
740,870,130,0.13,0.5395892981886864
752,876,124,0.124,0.4969179908335209
766,883,117,0.117,0.4144351186007261
774,887,113,0.113,0.3906353278271854
808,904,96,0.096,0.3707010995149612
714,857,143,0.143,0.3620792072340846
774,887,113,0.113,0.34246176314353943
788,894,106,0.106,0.3433553363084793
732,866,134,0.134,0.3499529200941324
726,863,137,0.137,0.354287181199019
800,900,100,0.1,0.3334442159235477
764,882,118,0.118,0.33704364065080883
770,885,115,0.115,0.32615425288677213
784,892,108,0.108,0.3100977607667446
784,892,108,0.108,0.23972567982971668
758,879,121,0.121,0.24141195360571147
856,928,72,0.072,0.21385833033919335
736,868,132,0.132,0.21866792006723698
692,846,154,0.154,0.24720594786107541
794,897,103,0.103,0.23514649832248688
732,866,134,0.134,0.2577549894154072
804,902,98,0.098,0.24738052688539028
698,849,151,0.151,0.2675938912928104
824,912,88,0.088,0.23596840820088982
786,893,107,0.107,0.230539349257946
818,909,91,0.091,0.22083021773397923
744,872,128,0.128,0.2046962197571993
798,899,101,0.101,0.20066497994586827
782,891,109,0.109,0.20597274463623763
818,909,91,0.091,0.2014326673001051
732,866,134,0.134,0.247529037758708
698,849,151,0.151,0.25499300607293846
752,876,124,0.124,0.25872845661640165
770,885,115,0.115,0.2567973342090845
750,875,125,0.125,0.2738754018563777
742,871,129,0.129,0.26978366194386033
756,878,122,0.122,0.2575339092761278
764,882,118,0.118,0.2597623324841261
748,874,126,0.126,0.24829687609768006
730,865,135,0.135,0.2565526476512332
718,859,141,0.141,0.26865110275149345
792,896,104,0.104,0.2632391346171498
692,846,154,0.154,0.3503323897719383
748,874,126,0.126,0.3734612332880497
764,882,118,0.118,0.37820649391412736
744,872,128,0.128,0.40417801198363307
788,894,106,0.106,0.4049456261098385
804,902,98,0.098,0.3901474632024765
720,860,140,0.14,0.4018048893511295
712,856,144,0.144,0.39132854497432706
780,890,110,0.11,0.3665372634232044
722,861,139,0.139,0.37614690500497816
738,869,131,0.131,0.37680653283130977
724,862,138,0.138,0.38894317638874054
760,880,120,0.12,0.389311753064394
762,881,119,0.119,0.39294473189115525
736,868,132,0.132,0.3982163330316544
820,910,90,0.09,0.3773000382333994
698,849,151,0.151,0.3832382909208536
756,878,122,0.122,0.3672301641404629
760,880,120,0.12,0.3613624100536108
778,889,111,0.111,0.3608629147857428
706,853,147,0.147,0.36347581073641777
766,883,117,0.117,0.35211594773083926
696,848,152,0.152,0.3605694509744644
710,855,145,0.145,0.37351212300360204
740,870,130,0.13,0.38161432528495787
778,889,111,0.111,0.4005511432290077
728,864,136,0.136,0.40978822749853133
752,876,124,0.124,0.4248647451251745
750,875,125,0.125,0.43667002210021016
700,850,150,0.15,0.44556084218621256
800,900,100,0.1,0.433731109470129
730,865,135,0.135,0.4480059994161129
746,873,127,0.127,0.46576937015354636
774,887,113,0.113,0.48133490267395973
768,884,116,0.116,0.4812744187042117
768,884,116,0.116,0.4932171240746975
728,864,136,0.136,0.49989991801977157
754,877,123,0.123,0.4855995535989059
778,889,111,0.111,0.4693243036940694
728,864,136,0.136,0.47352180882915856
730,865,135,0.135,0.46751015809178353
750,875,125,0.125,0.46325614494777567
684,842,158,0.158,0.47610893747210503
796,898,102,0.102,0.45671074547856916
742,871,129,0.129,0.43888563820719717
750,875,125,0.125,0.41974813723564147
782,891,109,0.109,0.43286896246671674
738,869,131,0.131,0.41363297203183175
694,847,153,0.153,0.40852147624641655
790,895,105,0.105,0.3921629754900932
724,862,138,0.138,0.4059057704508305
734,867,133,0.133,0.3981521570086479
772,886,114,0.114,0.36318211978673937
788,894,106,0.106,0.3271955066770315
750,875,125,0.125,0.3266797837764025
844,922,78,0.078,0.3054442055374384
732,866,134,0.134,0.27040963487327097
752,876,124,0.124,0.2631785271912813
824,912,88,0.088,0.25073150285193696
740,870,130,0.13,0.2633053927868605
786,893,107,0.107,0.28356001141667364
700,850,150,0.15,0.29509196943044663
774,887,113,0.113,0.2871522213667631
794,897,103,0.103,0.2884970877915621
760,880,120,0.12,0.29275743486447026
740,870,130,0.13,0.2973135380893946
756,878,122,0.122,0.29105431623756883
736,868,132,0.132,0.2958483651429415
716,858,142,0.142,0.333882943443954
706,853,147,0.147,0.33405642223358156
776,888,112,0.112,0.3242796419262886
816,908,92,0.092,0.32623662425577643
712,856,144,0.144,0.3229360416382551
788,894,106,0.106,0.30746195930242537
752,876,124,0.124,0.306512777763407
814,907,93,0.093,0.30046953478455546
784,892,108,0.108,0.3109423162471503
778,889,111,0.111,0.3172088023275137
764,882,118,0.118,0.31890170638263227
768,884,116,0.116,0.3262567525431514
796,898,102,0.102,0.3722854353291914
764,882,118,0.118,0.38589141723513604
804,902,98,0.098,0.3814903367906809
826,913,87,0.087,0.38109525945782663
738,869,131,0.131,0.4257232493236661
812,906,94,0.094,0.4344627826884389
712,856,144,0.144,0.44911798819899557
696,848,152,0.152,0.4553246793448925
688,844,156,0.156,0.5399046544134617
752,876,124,0.124,0.5451796619566157
744,872,128,0.128,0.5596948174238205
744,872,128,0.128,0.5582478546500206
748,874,126,0.126,0.5900010201726109
778,889,111,0.111,0.591897943533957
710,855,145,0.145,0.6018493094146252
762,881,119,0.119,0.5965415587574243
762,881,119,0.119,0.584720406890405
774,887,113,0.113,0.5707936140149832
790,895,105,0.105,0.562275986969471
742,871,129,0.129,0.5651945637762547
820,910,90,0.09,0.4995551835726947
668,834,166,0.166,0.5115044521391392
770,885,115,0.115,0.48116578644514085
738,869,131,0.131,0.48265789011120797
774,887,113,0.113,0.4452477360665798
732,866,134,0.134,0.4438168050646782
726,863,137,0.137,0.43230662868916986
790,895,105,0.105,0.4150594555288553
734,867,133,0.133,0.3729219235870987
746,873,127,0.127,0.35667053984105584
746,873,127,0.127,0.34366443460434676
754,877,123,0.123,0.3415375677428674
758,879,121,0.121,0.3242760264761746
756,878,122,0.122,0.3253305380791426
736,868,132,0.132,0.3275533084273338
722,861,139,0.139,0.3370237188786268
788,894,106,0.106,0.3332703942027874
786,893,107,0.107,0.330049491815269
704,852,148,0.148,0.3461905078212949
772,886,114,0.114,0.34031886065006256
778,889,111,0.111,0.33561378303170203
748,874,126,0.126,0.3408313341643661
732,866,134,0.134,0.3457686354975449
782,891,109,0.109,0.3431212827824056
762,881,119,0.119,0.366665907651186
778,889,111,0.111,0.369339860342443
732,866,134,0.134,0.3981662809252739
730,865,135,0.135,0.39123158996552226
732,866,134,0.134,0.3979112040102482
814,907,93,0.093,0.37459442976489665
778,889,111,0.111,0.36129841168897453
796,898,102,0.102,0.34429154349118474
794,897,103,0.103,0.3093544766753912
812,906,94,0.094,0.305268460765481
730,865,135,0.135,0.3060295754820108
810,905,95,0.095,0.2938684026808478
756,878,122,0.122,0.3163708817064762
690,845,155,0.155,0.34387340484559537
744,872,128,0.128,0.39132440353385756
786,893,107,0.107,0.40548650251328944
774,887,113,0.113,0.43865127418003974
732,866,134,0.134,0.4522684783637524
788,894,106,0.106,0.4369424920034828
758,879,121,0.121,0.44067870869860054
800,900,100,0.1,0.41392885683936764
786,893,107,0.107,0.4131285342425108
742,871,129,0.129,0.4007648601233959
802,901,99,0.099,0.3957217091403436
698,849,151,0.151,0.396614523511962
802,901,99,0.099,0.3822902782559395
714,857,143,0.143,0.3849408936038963
720,860,140,0.14,0.3814559022784233
766,883,117,0.117,0.37952935354411604
782,891,109,0.109,0.36916486033797263
764,882,118,0.118,0.3491040729088151
804,902,98,0.098,0.3312192815691233
716,858,142,0.142,0.3342902324944735
752,876,124,0.124,0.34574823146313427
754,877,123,0.123,0.3140136183202267
756,878,122,0.122,0.3140491152405739
766,883,117,0.117,0.3156628223657608
824,912,88,0.088,0.3103300732374191
788,894,106,0.106,0.31800111757218835
692,846,154,0.154,0.33767343463911675
750,875,125,0.125,0.32593012402951715
788,894,106,0.106,0.33699707901477827
724,862,138,0.138,0.3639467413723469
688,844,156,0.156,0.37483307579159736
796,898,102,0.102,0.36274937403202057
696,848,152,0.152,0.38211440707929434
796,898,102,0.102,0.35173285971581936
744,872,128,0.128,0.3517068620864302
770,885,115,0.115,0.3413107154890895
780,890,110,0.11,0.3095779887568206
742,871,129,0.129,0.30225179744884373
732,866,134,0.134,0.3057516323775053
770,885,115,0.115,0.29832121849805115
702,851,149,0.149,0.31844362954795363
730,865,135,0.135,0.3118451261520386
788,894,106,0.106,0.3022562300562859
750,875,125,0.125,0.3018907541781664
764,882,118,0.118,0.28543424350395796
736,868,132,0.132,0.266163343494758
788,894,106,0.106,0.25933839785307644
746,873,127,0.127,0.2570301433727145
734,867,133,0.133,0.2578300325721502
798,899,101,0.101,0.2468916724920273
814,907,93,0.093,0.2467135943195317
784,892,108,0.108,0.24196958025917412
738,869,131,0.131,0.2513624746352434
794,897,103,0.103,0.23038798108696937
694,847,153,0.153,0.24526028949767356
756,878,122,0.122,0.25830157160013917
776,888,112,0.112,0.26237599866092204
784,892,108,0.108,0.2750547720557079
730,865,135,0.135,0.3049998735189438
748,874,126,0.126,0.2889881528485566
726,863,137,0.137,0.28912620282918217
790,895,105,0.105,0.27020645833015444
796,898,102,0.102,0.2615829381793737
800,900,100,0.1,0.24510629265010356
706,853,147,0.147,0.2618969881217927
820,910,90,0.09,0.24989069210039452
758,879,121,0.121,0.2736906541287899
812,906,94,0.094,0.32944616532325743
782,891,109,0.109,0.32840450783073905
784,892,108,0.108,0.3374560813754797
782,891,109,0.109,0.3307165510058403
766,883,117,0.117,0.3474052465856075
720,860,140,0.14,0.3599902408719063
776,888,112,0.112,0.3578083475828171
770,885,115,0.115,0.3664797407388687
788,894,106,0.106,0.3745099989827722
716,858,142,0.142,0.3809213626720011
784,892,108,0.108,0.37190872509777545
744,872,128,0.128,0.3741446951925754
774,887,113,0.113,0.3857046176381409
830,915,85,0.085,0.39121055641770364
730,865,135,0.135,0.4025032053887844
754,877,123,0.123,0.39626590874791146
758,879,121,0.121,0.3913506124168634
718,859,141,0.141,0.3918882349729538
726,863,137,0.137,0.39129193816403857
784,892,108,0.108,0.398602464647498
732,866,134,0.134,0.4726297846436501
732,866,134,0.134,0.511503499597311
734,867,133,0.133,0.5183009696602822
818,909,91,0.091,0.5216004601716995
760,880,120,0.12,0.5447618630975485
760,880,120,0.12,0.5359827622093144
766,883,117,0.117,0.5370022068768739
794,897,103,0.103,0.5191836586892605
762,881,119,0.119,0.5189549974203109
732,866,134,0.134,0.530513362661004
786,893,107,0.107,0.5257012328207493
814,907,93,0.093,0.5417618459910154
786,893,107,0.107,0.5820441646770255
764,882,118,0.118,0.6195160176455975
764,882,118,0.118,0.6140619326494634
720,860,140,0.14,0.6304451062083244
764,882,118,0.118,0.612186390357092
736,868,132,0.132,0.59010746088624
760,880,120,0.12,0.5868754598796367
730,865,135,0.135,0.5834801051700488
738,869,131,0.131,0.5835132677257061
746,873,127,0.127,0.5901693690344691
768,884,116,0.116,0.5896161965355277
774,887,113,0.113,0.6001648263712823
778,889,111,0.111,0.6127031261024949
726,863,137,0.137,0.6359994900524616
744,872,128,0.128,0.6254123160243035
726,863,137,0.137,0.6172571823000907
792,896,104,0.104,0.593454881876707
740,870,130,0.13,0.5764706171303987
794,897,103,0.103,0.5283994812369347
788,894,106,0.106,0.5084389917850495
690,845,155,0.155,0.5150312018692493
754,877,123,0.123,0.502250292211771
716,858,142,0.142,0.5005880241915583
780,890,110,0.11,0.4991091171465814
766,883,117,0.117,0.5020080577433109
706,853,147,0.147,0.5134193159341812
748,874,126,0.126,0.5118074379265308
710,855,145,0.145,0.5265225153565407
778,889,111,0.111,0.5086909144688397
798,899,101,0.101,0.5015693565607071
740,870,130,0.13,0.49354691899195313
822,911,89,0.089,0.481739854904823
712,856,144,0.144,0.4962039630115032
776,888,112,0.112,0.489923273652792
752,876,124,0.124,0.4993923424780369
708,854,146,0.146,0.5018173213303089
768,884,116,0.116,0.4986144244670868
724,862,138,0.138,0.5055338332653045
738,869,131,0.131,0.5003583126962184
688,844,156,0.156,0.5118184440135956
752,876,124,0.124,0.5008703652252474
752,876,124,0.124,0.4946837818632168
784,892,108,0.108,0.46784156847000125
836,918,82,0.082,0.45838137438893317
722,861,139,0.139,0.47000137564539907
742,871,129,0.129,0.4666554618477821
762,881,119,0.119,0.48591220085322856
746,873,127,0.127,0.4890505242900249
758,879,121,0.121,0.4967352908998728
726,863,137,0.137,0.5213889451026916
764,882,118,0.118,0.5582127369642258
748,874,126,0.126,0.5602272619903088
740,870,130,0.13,0.5588399464190006
756,878,122,0.122,0.5711809411644936
712,856,144,0.144,0.5552467031925916
762,881,119,0.119,0.5441045326687163
744,872,128,0.128,0.5475663336217403
796,898,102,0.102,0.5414654781299177
736,868,132,0.132,0.5887255874210968
714,857,143,0.143,0.5854606437981129
752,876,124,0.124,0.5895828769914806
750,875,125,0.125,0.6091206738054752
756,878,122,0.122,0.60727887570858
722,861,139,0.139,0.6073946813358926
784,892,108,0.108,0.591676659077406
744,872,128,0.128,0.573278608057648
774,887,113,0.113,0.548924771219492
750,875,125,0.125,0.5438256524354219
768,884,116,0.116,0.5459603590042769
744,872,128,0.128,0.5535068608469447
770,885,115,0.115,0.558033000767231
664,832,168,0.168,0.5748171809315682
740,870,130,0.13,0.5655347958803177
712,856,144,0.144,0.5697193435132504
776,888,112,0.112,0.547405853420496
754,877,123,0.123,0.5496146757304669
746,873,127,0.127,0.533684302508831
752,876,124,0.124,0.522641070912825
772,886,114,0.114,0.5100243740825681
746,873,127,0.127,0.5073051343858243
762,881,119,0.119,0.5065714736059308
712,856,144,0.144,0.5286061057522893
688,844,156,0.156,0.5628632202446461
722,861,139,0.139,0.5629680266251806
724,862,138,0.138,0.6040918901860713
768,884,116,0.116,0.6184093557596206
738,869,131,0.131,0.6158869275301695
774,887,113,0.113,0.6072682141959668
806,903,97,0.097,0.5565143656730652
784,892,108,0.108,0.5333923545479774
768,884,116,0.116,0.5208069279640913
762,881,119,0.119,0.5200133743435145
706,853,147,0.147,0.5413718795906752
774,887,113,0.113,0.547839654058218
706,853,147,0.147,0.5720895884931088
750,875,125,0.125,0.5665666622936842
746,873,127,0.127,0.5727898762524128
746,873,127,0.127,0.5714037254936993
754,877,123,0.123,0.557598740815185
792,896,104,0.104,0.5570753025859594
696,848,152,0.152,0.5433713041916489
750,875,125,0.125,0.5108215946597047
748,874,126,0.126,0.4972287933379412
726,863,137,0.137,0.49866989329457284
736,868,132,0.132,0.5004354926124779
708,854,146,0.146,0.5066562312692404
718,859,141,0.141,0.4902822852432728
854,927,73,0.073,0.4742131316363811
704,852,148,0.148,0.47071532788872716
758,879,121,0.121,0.43021520829200743
768,884,116,0.116,0.4077356753051281
830,915,85,0.085,0.39625082007050516
698,849,151,0.151,0.3821842994689941
744,872,128,0.128,0.370292587825515
790,895,105,0.105,0.3664373659789562
842,921,79,0.079,0.36196151755005124
768,884,116,0.116,0.39121401476860046
674,837,163,0.163,0.42596775019913913
768,884,116,0.116,0.4137998306113309
772,886,114,0.114,0.4198106046660105
734,867,133,0.133,0.4200432521850453
798,899,101,0.101,0.3983401993513107
766,883,117,0.117,0.39438739529252054
720,860,140,0.14,0.39795838147029283
748,874,126,0.126,0.346608376801014
794,897,103,0.103,0.34713605074584486
688,844,156,0.156,0.356660317864269
790,895,105,0.105,0.33895992218703247
680,840,160,0.16,0.37518033282458785
708,854,146,0.146,0.3725670186132193
774,887,113,0.113,0.36496543496794764
724,862,138,0.138,0.3806202654162771
726,863,137,0.137,0.3702118947133422
726,863,137,0.137,0.3640086164213717
788,894,106,0.106,0.3458973883725703
760,880,120,0.12,0.32903907300718127
766,883,117,0.117,0.29148324267566206
750,875,125,0.125,0.28733048294484614
734,867,133,0.133,0.28143360299617054
820,910,90,0.09,0.2702944603636861
784,892,108,0.108,0.2776278797388077
768,884,116,0.116,0.2847428805679083
780,890,110,0.11,0.2821756003946066
768,884,116,0.116,0.28165522842109203
774,887,113,0.113,0.273030508197844
798,899,101,0.101,0.27497811283660123
730,865,135,0.135,0.27573835765570404
792,896,104,0.104,0.26161781645566223
776,888,112,0.112,0.2540295575261116
730,865,135,0.135,0.2598589709550142
802,901,99,0.099,0.2547732185870409
706,853,147,0.147,0.2762795360311866
740,870,130,0.13,0.281885389902196
772,886,114,0.114,0.2709351582676172
782,891,109,0.109,0.26489436531066896
748,874,126,0.126,0.2459480157494545
768,884,116,0.116,0.2270487278550863
732,866,134,0.134,0.2198912700098008
816,908,92,0.092,0.21457369731366635
766,883,117,0.117,0.21306882309913636
744,872,128,0.128,0.21241566143548168
750,875,125,0.125,0.20838667984306813
782,891,109,0.109,0.20580342323192327
758,879,121,0.121,0.20147063774010165
766,883,117,0.117,0.20224292200803756
752,876,124,0.124,0.20758688420429824
716,858,142,0.142,0.20902892009168864
688,844,156,0.156,0.20843648689612745
802,901,99,0.099,0.19721900072321297
778,889,111,0.111,0.19443382077605928
754,877,123,0.123,0.19349015597999095
778,889,111,0.111,0.1684638352096081
808,904,96,0.096,0.15088685788982667
844,922,78,0.078,0.13000971469306388
782,891,109,0.109,0.1348095337897539
744,872,128,0.128,0.13553234400309155
776,888,112,0.112,0.13524927600147202
792,896,104,0.104,0.15407878717232962
716,858,142,0.142,0.1691592974215746
802,901,99,0.099,0.17360317168198525
688,844,156,0.156,0.18879788998514413
760,880,120,0.12,0.1823159000141253
788,894,106,0.106,0.18259168116003274
728,864,136,0.136,0.18682391984454444
758,879,121,0.121,0.18183239182829858
738,869,131,0.131,0.1778890478722751
768,884,116,0.116,0.1722584805674851
828,914,86,0.086,0.16111225135031418
734,867,133,0.133,0.17221658520027996
754,877,123,0.123,0.1738234106227758
810,905,95,0.095,0.17189345837384462
742,871,129,0.129,0.1841045631095767
720,860,140,0.14,0.19721212877333164
758,879,121,0.121,0.19556971418857574
726,863,137,0.137,0.20375770539045335
778,889,111,0.111,0.19846479244108195
770,885,115,0.115,0.1873348298004021
764,882,118,0.118,0.17689512169919908
746,873,127,0.127,0.16639332495699638
748,874,126,0.126,0.15906796262040734
756,878,122,0.122,0.15854750392679126
740,870,130,0.13,0.16395774338394403
712,856,144,0.144,0.17031707421690226
746,873,127,0.127,0.17276729553192854
782,891,109,0.109,0.16497356797754764
780,890,110,0.11,0.1590361441746354
750,875,125,0.125,0.1569582898020179
778,889,111,0.111,0.14478150448575616
802,901,99,0.099,0.13934189426060767
798,899,101,0.101,0.13449890052604924
804,902,98,0.098,0.13189888952912623
794,897,103,0.103,0.1233444999204954
784,892,108,0.108,0.11677572770416736
818,909,91,0.091,0.11280243012169378
698,849,151,0.151,0.1251901920931414
752,876,124,0.124,0.13219878827035428
754,877,123,0.123,0.15752160524221018
752,876,124,0.124,0.15567858844119423
766,883,117,0.117,0.17237124992907046
722,861,139,0.139,0.18176144926251322
792,896,104,0.104,0.16197930640727282
740,870,130,0.13,0.15749591387808323
758,879,121,0.121,0.14370487834140658
728,864,136,0.136,0.14893288946151734
794,897,103,0.103,0.11708542834967375
770,885,115,0.115,0.11445594008266925
732,866,134,0.134,0.11254167821398005
786,893,107,0.107,0.10484403449296952
784,892,108,0.108,0.11872032395750284
720,860,140,0.14,0.13119433833087837
778,889,111,0.111,0.13245634116977453
788,894,106,0.106,0.13478714877564926
822,911,89,0.089,0.12394465716928244
764,882,118,0.118,0.1210902236207451
780,890,110,0.11,0.11446563243651246
778,889,111,0.111,0.10798748901113871
780,890,110,0.11,0.11016188980638981
736,868,132,0.132,0.12180041721463203
810,905,95,0.095,0.11938800218806137
742,871,129,0.129,0.12847229661792517
748,874,126,0.126,0.14071866737306118
744,872,128,0.128,0.13469967905431987
756,878,122,0.122,0.13213557980395854
804,902,98,0.098,0.12516256098262965
742,871,129,0.129,0.12019273171573877
798,899,101,0.101,0.11340579956769943
770,885,115,0.115,0.11481215976923705
844,922,78,0.078,0.10891789807379246
768,884,116,0.116,0.1095525799602765
796,898,102,0.102,0.09709370193630457
760,880,120,0.12,0.10167419358342886
768,884,116,0.116,0.09667593804374337
816,908,92,0.092,0.08772080248966814
774,887,113,0.113,0.08918296119159934
740,870,130,0.13,0.090344776250422
810,905,95,0.095,0.08864234410598874
762,881,119,0.119,0.08647863468579274
746,873,127,0.127,0.08160115092806518
784,892,108,0.108,0.08144006470218301
752,876,124,0.124,0.08062323051272528
740,870,130,0.13,0.09262535464110136
708,854,146,0.146,0.10816006222739817
696,848,152,0.152,0.11255677668144927
786,893,107,0.107,0.11470266747102141
732,866,134,0.134,0.12897881897911428
768,884,116,0.116,0.1183470210507512
736,868,132,0.132,0.1201651859395206
782,891,109,0.109,0.10633481175452471
766,883,117,0.117,0.09168856332078576
822,911,89,0.089,0.07418314232863486
780,890,110,0.11,0.07487380267120898
766,883,117,0.117,0.07432760062022134
804,902,98,0.098,0.07168129935162142
718,859,141,0.141,0.08984327571635009
772,886,114,0.114,0.08961390544474127
736,868,132,0.132,0.09581692116335035
742,871,129,0.129,0.10007738078432157
816,908,92,0.092,0.10347552681714296
690,845,155,0.155,0.10855607276596128
806,903,97,0.097,0.09978408511541784
760,880,120,0.12,0.10123402692005039
818,909,91,0.091,0.07536384042305871
710,855,145,0.145,0.08004519493132829
740,870,130,0.13,0.07913437306135893
778,889,111,0.111,0.0730320335160941
770,885,115,0.115,0.08292106831011552
784,892,108,0.108,0.08659615410655715
784,892,108,0.108,0.08844278483395465
692,846,154,0.154,0.10280864467844367
784,892,108,0.108,0.09751038160920143
782,891,109,0.109,0.0991071175225079
748,874,126,0.126,0.09780823578685523
750,875,125,0.125,0.09699887075275183
674,837,163,0.163,0.08656020656511464
776,888,112,0.112,0.07785912724674562
732,866,134,0.134,0.07793350510056098
776,888,112,0.112,0.07913913130760193
728,864,136,0.136,0.0945840520709753
770,885,115,0.115,0.09318795208446683
718,859,141,0.141,0.0988599331304431
778,889,111,0.111,0.09832064805552365
792,896,104,0.104,0.0951786971888505
700,850,150,0.15,0.09636308249179273
776,888,112,0.112,0.08331611903104931
740,870,130,0.13,0.0750768243209459
788,894,106,0.106,0.06691482305526733
742,871,129,0.129,0.06949153331667185
808,904,96,0.096,0.06709925016202033
784,892,108,0.108,0.07467469053249806
756,878,122,0.122,0.0806166673488915
728,864,136,0.136,0.08336631919816138
766,883,117,0.117,0.08264576837420463
750,875,125,0.125,0.0857777858003974
814,907,93,0.093,0.0813083686362661
746,873,127,0.127,0.08848917791992426
760,880,120,0.12,0.08329329165443779
750,875,125,0.125,0.08612746901810171
780,890,110,0.11,0.08243932822898273
730,865,135,0.135,0.08921254973858594
714,857,143,0.143,0.09867115239612759
762,881,119,0.119,0.10294053434953095
778,889,111,0.111,0.099589579526335
680,840,160,0.16,0.10889521370828152
760,880,120,0.12,0.1062439504294889
722,861,139,0.139,0.1079912615623325
800,900,100,0.1,0.1031296277853835
742,871,129,0.129,0.106502640966326
764,882,118,0.118,0.08577424093347509
746,873,127,0.127,0.08820740010671838
824,912,88,0.088,0.08150466569908896
766,883,117,0.117,0.08733393406122923
754,877,123,0.123,0.07434988816827537
816,908,92,0.092,0.06862459022551776
748,874,126,0.126,0.07182270362600685
782,891,109,0.109,0.06723482718039304
808,904,96,0.096,0.06599611492964323
756,878,122,0.122,0.0710934682348161
720,860,140,0.14,0.07394496919214726
734,867,133,0.133,0.07425575219094753
796,898,102,0.102,0.07009655971825123
756,878,122,0.122,0.07123740069288778
700,850,150,0.15,0.07292414512857795
762,881,119,0.119,0.07014475932344794
722,861,139,0.139,0.05958179005747661
774,887,113,0.113,0.05652505849115551
800,900,100,0.1,0.051481070486130195
794,897,103,0.103,0.0537135705370456
784,892,108,0.108,0.04922230732093158
772,886,114,0.114,0.05190657532254045
768,884,116,0.116,0.05213314354419708
800,900,100,0.1,0.051302722323278434
726,863,137,0.137,0.06351307327859104
800,900,100,0.1,0.059791298627853394
770,885,115,0.115,0.0609436784684658
784,892,108,0.108,0.06077395143266767
756,878,122,0.122,0.054734635293898465
784,892,108,0.108,0.052805641753599045
748,874,126,0.126,0.05428082660958171
824,912,88,0.088,0.050643590189516544
772,886,114,0.114,0.05588758856616914
806,903,97,0.097,0.05421727061085403
800,900,100,0.1,0.055922090331092474
702,851,149,0.149,0.06044151830300689
716,858,142,0.142,0.06645880647259764
792,896,104,0.104,0.06331793073937297
732,866,134,0.134,0.06824384899867511
762,881,119,0.119,0.06396422626171261
782,891,109,0.109,0.07093272258341313
714,857,143,0.143,0.07259088229760527
726,863,137,0.137,0.07464698243886232
680,840,160,0.16,0.07772793319262565
762,881,119,0.119,0.07336770521235303
826,913,87,0.087,0.06610932363917892
772,886,114,0.114,0.07072822437435389
808,904,96,0.096,0.06480830532312393
782,891,109,0.109,0.056079186166636645
724,862,138,0.138,0.05795862848497927
792,896,104,0.104,0.055116734676063074
792,896,104,0.104,0.054701527776270215
792,896,104,0.104,0.07277460531145334
798,899,101,0.101,0.07000891746953129
782,891,109,0.109,0.07362013887614012
812,906,94,0.094,0.07069043442234398
718,859,141,0.141,0.06527038468047977
750,875,125,0.125,0.06605822639167311
812,906,94,0.094,0.06025889646448195
726,863,137,0.137,0.06823329344950617
764,882,118,0.118,0.09665675783948974
756,878,122,0.122,0.09459516745433211
844,922,78,0.078,0.087401773866266
778,889,111,0.111,0.09217980560474098
748,874,126,0.126,0.08028459728881716
776,888,112,0.112,0.08161215561255812
716,858,142,0.142,0.08208542126267666
748,874,126,0.126,0.07894176688126754
788,894,106,0.106,0.0874375203438174
732,866,134,0.134,0.09539334141090512
766,883,117,0.117,0.08974627285823226
792,896,104,0.104,0.0865017185024917
832,916,84,0.084,0.07498894068971276
720,860,140,0.14,0.08069086946547033
778,889,111,0.111,0.07771790420636535
782,891,109,0.109,0.07173193866852672
732,866,134,0.134,0.08097769696910473
720,860,140,0.14,0.09027933279052376
724,862,138,0.138,0.08521951897069811
778,889,111,0.111,0.08992005600780249
788,894,106,0.106,0.113428882278502
678,839,161,0.161,0.12364821986109019
774,887,113,0.113,0.11758522965942939
738,869,131,0.131,0.11742069781944156
774,887,113,0.113,0.10207191934713046
724,862,138,0.138,0.10497401455417275
750,875,125,0.125,0.10046905571222306
820,910,90,0.09,0.09205318754166365
752,876,124,0.124,0.08834437101334333
690,845,155,0.155,0.09254348532482981
754,877,123,0.123,0.09611005683243275
708,854,146,0.146,0.10300295447930694
814,907,93,0.093,0.1157933068498969
800,900,100,0.1,0.11466481918874616
786,893,107,0.107,0.11558587346971035
752,876,124,0.124,0.11654525652527808
764,882,118,0.118,0.10582675505429506
750,875,125,0.125,0.10326108476764848
812,906,94,0.094,0.09438951405882835
716,858,142,0.142,0.10116060901881428
770,885,115,0.115,0.10649219600856304
720,860,140,0.14,0.1136200336702168
834,917,83,0.083,0.12691043619066478
752,876,124,0.124,0.13883668021375342
750,875,125,0.125,0.1426770265623927
770,885,115,0.115,0.14293157353637584
702,851,149,0.149,0.13090068925032392
758,879,121,0.121,0.12792666372822453
784,892,108,0.108,0.12309512255812297
716,858,142,0.142,0.12867656184360385
798,899,101,0.101,0.12550761968642474
756,878,122,0.122,0.13014026398211717
750,875,125,0.125,0.12986507177357118
792,896,104,0.104,0.12664216758310795
772,886,114,0.114,0.12075924640893936
756,878,122,0.122,0.12056635072582866
790,895,105,0.105,0.11667730544507504
780,890,110,0.11,0.11728794590383768
778,889,111,0.111,0.09979183881357312
770,885,115,0.115,0.09536059945449234
768,884,116,0.116,0.09382268141955137
774,887,113,0.113,0.09435552666071453
756,878,122,0.122,0.09521985963638872
784,892,108,0.108,0.0956292663924396
728,864,136,0.136,0.09845857775025071
762,881,119,0.119,0.10060810447484254
754,877,123,0.123,0.11101061516255141
778,889,111,0.111,0.1129982295408845
848,924,76,0.076,0.10271410839259625
792,896,104,0.104,0.10719955466658576
792,896,104,0.104,0.08190497184894048
824,912,88,0.088,0.07539863708394114
814,907,93,0.093,0.07445751475868746
802,901,99,0.099,0.07441893156711012
770,885,115,0.115,0.09946544830873609
782,891,109,0.109,0.10621518823644147
752,876,124,0.124,0.115881720893085
704,852,148,0.148,0.12381696202605963
776,888,112,0.112,0.13862357848137616
830,915,85,0.085,0.1290794332139194
730,865,135,0.135,0.13789724652841687
726,863,137,0.137,0.1348157694996575
704,852,148,0.148,0.11028601989895105
760,880,120,0.12,0.10578417344787158
752,876,124,0.124,0.10645300837792457
762,881,119,0.119,0.10593438851553946
786,893,107,0.107,0.1138213292878354
786,893,107,0.107,0.11481905150134117
778,889,111,0.111,0.11290020124986767
754,877,123,0.123,0.11431216273759491
712,856,144,0.144,0.10524510755902156
692,846,154,0.154,0.10745689824968577
760,880,120,0.12,0.10149833477288485
774,887,113,0.113,0.10080496068811044
760,880,120,0.12,0.10057983378320932
756,878,122,0.122,0.10036999565362931
708,854,146,0.146,0.10475496390648187
816,908,92,0.092,0.09390411507990211
788,894,106,0.106,0.0942511755824089
722,861,139,0.139,0.09569919467903673
778,889,111,0.111,0.09331944386661052
736,868,132,0.132,0.09681835971679538
742,871,129,0.129,0.10862121022120118
740,870,130,0.13,0.106925163237378
750,875,125,0.125,0.10768280180729925
798,899,101,0.101,0.10254677997088583
768,884,116,0.116,0.08432644247077406
722,861,139,0.139,0.08347997448593378
768,884,116,0.116,0.07452184130379465
844,922,78,0.078,0.0660984756089747
826,913,87,0.087,0.06317233033664525
742,871,129,0.129,0.06832922058179974
762,881,119,0.119,0.07009927704511211
780,890,110,0.11,0.07142553849518299
730,865,135,0.135,0.08553198398649693
744,872,128,0.128,0.08805137630179524
754,877,123,0.123,0.0878235375881195
774,887,113,0.113,0.08516493690386415
758,879,121,0.121,0.07598816768825058
760,880,120,0.12,0.07262854703515768
728,864,136,0.136,0.06803985458239913
824,912,88,0.088,0.06048804747406416
744,872,128,0.128,0.056923500636417886
824,912,88,0.088,0.05285016235336661
776,888,112,0.112,0.057903191456193895
820,910,90,0.09,0.0549363622292185
784,892,108,0.108,0.062269158374657296
768,884,116,0.116,0.0640369155444205
824,912,88,0.088,0.06560672864690423
822,911,89,0.089,0.06456467115879058
780,890,110,0.11,0.06846448227852778
744,872,128,0.128,0.0691934428066016
704,852,148,0.148,0.07415035474300384
784,892,108,0.108,0.06997393794357777
758,879,121,0.121,0.07967968400195241
784,892,108,0.108,0.0815630376301706
756,878,122,0.122,0.0970500710979104
804,902,98,0.098,0.09153873968188755
746,873,127,0.127,0.09901980531036861
736,868,132,0.132,0.09253148904070334
694,847,153,0.153,0.08970136057958007
780,890,110,0.11,0.0852989769950509
758,879,121,0.121,0.08607856151461636
826,913,87,0.087,0.08229321240307763
820,910,90,0.09,0.07411420327797533
820,910,90,0.09,0.07355955158639699
712,856,144,0.144,0.07879145427243202
726,863,137,0.137,0.07969098314298753
770,885,115,0.115,0.09672295412793755
788,894,106,0.106,0.09631833214312792
746,873,127,0.127,0.10157465301081621
756,878,122,0.122,0.1116108965575695
788,894,106,0.106,0.09740549555420876
784,892,108,0.108,0.09956424201652407
842,921,79,0.079,0.0928718036301434
744,872,128,0.128,0.09232464944571257
758,879,121,0.121,0.08850190487131476
792,896,104,0.104,0.08541521574184298
806,903,97,0.097,0.08714059421047568
754,877,123,0.123,0.09529315607994795
778,889,111,0.111,0.12278302313387394
708,854,146,0.146,0.1275946235433221
730,865,135,0.135,0.1284508957788348
676,838,162,0.162,0.14268350027501583
762,881,119,0.119,0.13598962149396537
730,865,135,0.135,0.1397911480903131
806,903,97,0.097,0.12971607170253993
722,861,139,0.139,0.134034360665828
760,880,120,0.12,0.12323959597386419
690,845,155,0.155,0.1317027161642909
742,871,129,0.129,0.12683113389462233
718,859,141,0.141,0.13275626518577338
784,892,108,0.108,0.14397066184133292
816,908,92,0.092,0.14148879665136338
778,889,111,0.111,0.14631676278077066
720,860,140,0.14,0.1491412963418843
784,892,108,0.108,0.12149354568868877
756,878,122,0.122,0.12090215569734573
762,881,119,0.119,0.12329788699001074
776,888,112,0.112,0.12212422459200024
812,906,94,0.094,0.13229043313115835
836,918,82,0.082,0.13060974668711423
704,852,148,0.148,0.14384947960325242
712,856,144,0.144,0.1456265670582652
748,874,126,0.126,0.1593641371675767
760,880,120,0.12,0.1614031212553382
774,887,113,0.113,0.16154847728461028
730,865,135,0.135,0.17021093842739357
732,866,134,0.134,0.18380435690283775
746,873,127,0.127,0.18241868165321648
734,867,133,0.133,0.18874339628220316
732,866,134,0.134,0.189987546749413
788,894,106,0.106,0.18331614884734154
736,868,132,0.132,0.1837147572785616
798,899,101,0.101,0.1759430100247264
738,869,131,0.131,0.18561059172637762
724,862,138,0.138,0.17402050879970193
782,891,109,0.109,0.169563686825335
732,866,134,0.134,0.17519400909543037
740,870,130,0.13,0.1759597456175834
790,895,105,0.105,0.17763595897331833
782,891,109,0.109,0.17584225659817457
756,878,122,0.122,0.17953576753288508
704,852,148,0.148,0.18387476753457957
808,904,96,0.096,0.16559903967753054
778,889,111,0.111,0.16600037588179112
750,875,125,0.125,0.1694187198281288
756,878,122,0.122,0.16803253052821493
812,906,94,0.094,0.15765761349606328
798,899,101,0.101,0.1625911232866347
764,882,118,0.118,0.16950173493447618
742,871,129,0.129,0.16657290402799846
750,875,125,0.125,0.1714826103746891
778,889,111,0.111,0.1667016838118434
720,860,140,0.14,0.17170082162506878
822,911,89,0.089,0.1609469481036067
734,867,133,0.133,0.17417681102082133
728,864,136,0.136,0.17638486111164092
778,889,111,0.111,0.17401552483439445
762,881,119,0.119,0.1747901589181274
764,882,118,0.118,0.17944531057029964
856,928,72,0.072,0.167221745736897
826,913,87,0.087,0.17066284643113613
788,894,106,0.106,0.16093039613962173
758,879,121,0.121,0.15604639157056227
812,906,94,0.094,0.1513373513892293
788,894,106,0.106,0.15426390285347588
802,901,99,0.099,0.16029589731490707
760,880,120,0.12,0.17477000173181295
756,878,122,0.122,0.17717323135933838
882,941,59,0.059,0.16212763809412717
718,859,141,0.141,0.17937641284242273
786,893,107,0.107,0.1663301184941083
786,893,107,0.107,0.16724344319850207
740,870,130,0.13,0.1733023175597191
772,886,114,0.114,0.16699921002238988
744,872,128,0.128,0.15375301808910452
778,889,111,0.111,0.15495516604185106
734,867,133,0.133,0.16473082210123538
648,824,176,0.176,0.16793942821770907
778,889,111,0.111,0.16288992860354484
770,885,115,0.115,0.1618710776338714
784,892,108,0.108,0.1687960412055254
708,854,146,0.146,0.1881368584446609
800,900,100,0.1,0.18758026930317281
786,893,107,0.107,0.18713965859636664
736,868,132,0.132,0.20129299372434617
716,858,142,0.142,0.20907299483241512
768,884,116,0.116,0.21294394735991956
716,858,142,0.142,0.21778857793286444
758,879,121,0.121,0.22133537948131563
732,866,134,0.134,0.22924292565428186
720,860,140,0.14,0.22080470830202104
756,878,122,0.122,0.2170791305862367
832,916,84,0.084,0.19416423508152367
796,898,102,0.102,0.19165849266573787
740,870,130,0.13,0.18000441571325063
752,876,124,0.124,0.18026653514057397
718,859,141,0.141,0.18659871188993565
732,866,134,0.134,0.19081317037530243
772,886,114,0.114,0.20852122402563691
790,895,105,0.105,0.20715010575039197
768,884,116,0.116,0.20952777187153698
726,863,137,0.137,0.2102315972235174
766,883,117,0.117,0.19149176281318067
660,830,170,0.17,0.20338011200353504
746,873,127,0.127,0.18864346306212246
738,869,131,0.131,0.1919995651138597
790,895,105,0.105,0.18760330852866172
750,875,125,0.125,0.1922729766704142
700,850,150,0.15,0.19858512341231108
754,877,123,0.123,0.19417059372365475
816,908,92,0.092,0.20124948962032796
770,885,115,0.115,0.2086274099588336
714,857,143,0.143,0.21283105586469173
764,882,118,0.118,0.20511618808766632
726,863,137,0.137,0.18597092801332474
786,893,107,0.107,0.17628459762523108
794,897,103,0.103,0.17711417256761341
692,846,154,0.154,0.19026956874132156
756,878,122,0.122,0.2179575445279479
740,870,130,0.13,0.21924836891517044
796,898,102,0.102,0.21437741895020007
778,889,111,0.111,0.22228707755357027
732,866,134,0.134,0.23826802825927734
782,891,109,0.109,0.23760148963332176
722,861,139,0.139,0.24812883262336255
754,877,123,0.123,0.24564061366947135
694,847,153,0.153,0.29533935369551184
790,895,105,0.105,0.2905583170056343
732,866,134,0.134,0.30795644572377207
768,884,116,0.116,0.30104888692498205
742,871,129,0.129,0.3110330746024847
750,875,125,0.125,0.30358535680174825
790,895,105,0.105,0.29771992006897924
758,879,121,0.121,0.30097006978094576
760,880,120,0.12,0.2898002027273178
760,880,120,0.12,0.2879145286269486
830,915,85,0.085,0.27965461698174476
696,848,152,0.152,0.2958456065261671
706,853,147,0.147,0.3061648856550455
748,874,126,0.126,0.29820299543440343
742,871,129,0.129,0.30196328881126827
742,871,129,0.129,0.30271520641446115
786,893,107,0.107,0.30251902317069473
788,894,106,0.106,0.2932027666419744
786,893,107,0.107,0.2886429272890091
806,903,97,0.097,0.28415829257667063
738,869,131,0.131,0.25737827347207326
778,889,111,0.111,0.2511797398328781
782,891,109,0.109,0.25604813793604264
740,870,130,0.13,0.25747324097156526
774,887,113,0.113,0.28250862684845923
790,895,105,0.105,0.2803274322003126
734,867,133,0.133,0.2874940249919891
678,839,161,0.161,0.2960706482379101
744,872,128,0.128,0.2849699365645647
754,877,123,0.123,0.2765605018599731
784,892,108,0.108,0.2748956638276577
754,877,123,0.123,0.2772754666954279
720,860,140,0.14,0.2760281136631966
750,875,125,0.125,0.2657319487184286
742,871,129,0.129,0.2598805720236851
768,884,116,0.116,0.25581077210605146
734,867,133,0.133,0.2562996737509966
770,885,115,0.115,0.25052765202146837
798,899,101,0.101,0.25124782621860503
762,881,119,0.119,0.25200103599578144
756,878,122,0.122,0.24853484545648097
818,909,91,0.091,0.23580514109134673
758,879,121,0.121,0.22677990306448192
778,889,111,0.111,0.22113334660232067
726,863,137,0.137,0.22529615191757876
700,850,150,0.15,0.22368145011365415
752,876,124,0.124,0.23332403073087335
732,866,134,0.134,0.23528175642225688
760,880,120,0.12,0.2286779827028513
816,908,92,0.092,0.21828158996254204
716,858,142,0.142,0.1952992869615555
736,868,132,0.132,0.19105106213502585
712,856,144,0.144,0.1916634534636396
794,897,103,0.103,0.18059351906552912
784,892,108,0.108,0.20055868923664094
786,893,107,0.107,0.201016595184803
776,888,112,0.112,0.2065720484117046
770,885,115,0.115,0.20661877185106278
790,895,105,0.105,0.20075690952784497
788,894,106,0.106,0.19856761533021927
704,852,148,0.148,0.2090770666974106
772,886,114,0.114,0.2049265295290388
724,862,138,0.138,0.23862213736213744
782,891,109,0.109,0.23195392971031834
770,885,115,0.115,0.23513711150782182
786,893,107,0.107,0.23850931829214095
766,883,117,0.117,0.2379543687622063
812,906,94,0.094,0.23552384344674646
758,879,121,0.121,0.23816654033213855
704,852,148,0.148,0.2466126267388463
790,895,105,0.105,0.2722948733493686
782,891,109,0.109,0.2710088055357337
720,860,140,0.14,0.2856757311932743
764,882,118,0.118,0.28263063433766367
756,878,122,0.122,0.25983418608177455
778,889,111,0.111,0.26099175805598496
776,888,112,0.112,0.26036454831773337
738,869,131,0.131,0.2611773152053356
772,886,114,0.114,0.23742195953428746
814,907,93,0.093,0.22874881741777062
746,873,127,0.127,0.23685364774614573
748,874,126,0.126,0.23880113138258457
734,867,133,0.133,0.2526521008312702
738,869,131,0.131,0.25853522339463236
742,871,129,0.129,0.26324135201447646
774,887,113,0.113,0.2556498543847475
738,869,131,0.131,0.25930797983706
750,875,125,0.125,0.25188961225748063
766,883,117,0.117,0.25271737372875214
716,858,142,0.142,0.24398810621499
692,846,154,0.154,0.2481146950496477
790,895,105,0.105,0.23433165696263314
768,884,116,0.116,0.23905201102793217
690,845,155,0.155,0.2737296684235334
690,845,155,0.155,0.27918959702333085
744,872,128,0.128,0.27367149612816255
774,887,113,0.113,0.26897108447551726
776,888,112,0.112,0.2920690398067236
820,910,90,0.09,0.2801692544817925
774,887,113,0.113,0.2813436744958162
748,874,126,0.126,0.28721742798388006
812,906,94,0.094,0.24841613887250424
766,883,117,0.117,0.25681870539651697
726,863,137,0.137,0.261917961679399
774,887,113,0.113,0.2554426155248657
706,853,147,0.147,0.3006640630364418
734,867,133,0.133,0.3039408130645752
776,888,112,0.112,0.30671436539292335
710,855,145,0.145,0.3102855569571257
666,833,167,0.167,0.2998575229197741
768,884,116,0.116,0.27504747100174426
756,878,122,0.122,0.2720546225309372
750,875,125,0.125,0.2659884737432003
760,880,120,0.12,0.20406990569829941
748,874,126,0.126,0.1908735214639455
790,895,105,0.105,0.18205025117099286
780,890,110,0.11,0.17705858256667853
754,877,123,0.123,0.15395027912408113
796,898,102,0.102,0.14335153676569462
818,909,91,0.091,0.13994613482803106
802,901,99,0.099,0.13115508594363928
772,886,114,0.114,0.12984503336809575
748,874,126,0.126,0.13284960624575615
764,882,118,0.118,0.13162262588366866
740,870,130,0.13,0.1371675440259278
812,906,94,0.094,0.1314291861880338
784,892,108,0.108,0.13236216843128204
766,883,117,0.117,0.13433793214336037
790,895,105,0.105,0.12840439390391112
818,909,91,0.091,0.12409140145406126
702,851,149,0.149,0.13146291974186897
742,871,129,0.129,0.12921177327632904
806,903,97,0.097,0.12543461779505014
724,862,138,0.138,0.12781108582764864
746,873,127,0.127,0.12596913953870534
776,888,112,0.112,0.12440881240367889
694,847,153,0.153,0.12615116726607084
788,894,106,0.106,0.12342929593473674
732,866,134,0.134,0.13306852516531945
756,878,122,0.122,0.1344336304963017
732,866,134,0.134,0.15095206356793642
782,891,109,0.109,0.15255180100351573
708,854,146,0.146,0.16209620989114046
712,856,144,0.144,0.15752146297693254
748,874,126,0.126,0.14061043310165405
792,896,104,0.104,0.12894899193942547
772,886,114,0.114,0.13004642684012652
692,846,154,0.154,0.14053668911010028
756,878,122,0.122,0.12865495905280114
820,910,90,0.09,0.11537665379047393
746,873,127,0.127,0.11284574647747539
758,879,121,0.121,0.11038129558414221
784,892,108,0.108,0.10310206062719227
714,857,143,0.143,0.10326022570207714
742,871,129,0.129,0.1055645394101739
790,895,105,0.105,0.10263584973290563
692,846,154,0.154,0.11393452683836222
712,856,144,0.144,0.11304835945367814
766,883,117,0.117,0.11051006408035755
802,901,99,0.099,0.10485523478686809
734,867,133,0.133,0.10708116757706738
734,867,133,0.133,0.0967261748668966
816,908,92,0.092,0.07581395477056505
768,884,116,0.116,0.07938532226532698
790,895,105,0.105,0.07514668164774775
786,893,107,0.107,0.0658354122415185
722,861,139,0.139,0.07516518528759479
734,867,133,0.133,0.07800566376373172
716,858,142,0.142,0.08216812647679751
738,869,131,0.131,0.09733339210867416
850,925,75,0.075,0.10147201104462147
746,873,127,0.127,0.11207300240732729
756,878,122,0.122,0.10781713139638305
722,861,139,0.139,0.10095120397192658
752,876,124,0.124,0.07288518028054386
750,875,125,0.125,0.0712294494435846
786,893,107,0.107,0.06982591032423079
810,905,95,0.095,0.06798011673614385
724,862,138,0.138,0.09216974228248
736,868,132,0.132,0.09425927897542716
820,910,90,0.09,0.0937168669514358
752,876,124,0.124,0.10739009394869209
748,874,126,0.126,0.10687415631860495
708,854,146,0.146,0.10542961548268795
750,875,125,0.125,0.10267237848415971
748,874,126,0.126,0.09179830415546894
786,893,107,0.107,0.08207456486672163
740,870,130,0.13,0.0819719697162509
802,901,99,0.099,0.0792085362970829
732,866,134,0.134,0.08264383332431316
766,883,117,0.117,0.07332530219065665
766,883,117,0.117,0.0719489607848227
838,919,81,0.081,0.06404426813870669
750,875,125,0.125,0.07236936243809759
782,891,109,0.109,0.05824310912191868
650,825,175,0.175,0.06541575285419822
816,908,92,0.092,0.05617344835400581
712,856,144,0.144,0.06380441014654935
712,856,144,0.144,0.07815214068628848
766,883,117,0.117,0.08028104194253684
722,861,139,0.139,0.08367476848326623
736,868,132,0.132,0.08452550484240055
762,881,119,0.119,0.07621470697224142
832,916,84,0.084,0.06380674369819463
784,892,108,0.108,0.05873360454663634
766,883,117,0.117,0.060354855337614026
806,903,97,0.097,0.04041177320666611
818,909,91,0.091,0.044434294363483784
786,893,107,0.107,0.04218962283921428
764,882,118,0.118,0.0461730030719191
700,850,150,0.15,0.06593598157354187
770,885,115,0.115,0.07172385739535093
736,868,132,0.132,0.08324265699647367
832,916,84,0.084,0.06888499210774898
794,897,103,0.103,0.06953917711600661
762,881,119,0.119,0.06398885133862496
718,859,141,0.141,0.06432053279507416
738,869,131,0.131,0.06265428733825684
764,882,118,0.118,0.05859966179355979
752,876,124,0.124,0.06443133851699531
780,890,110,0.11,0.062438286604359745
794,897,103,0.103,0.06046891124732792
766,883,117,0.117,0.05864383201219245
800,900,100,0.1,0.049374158730730415
788,894,106,0.106,0.04921302008908315
782,891,109,0.109,0.04521921218000352
814,907,93,0.093,0.040628191286232324
804,902,98,0.098,0.05029610647447407
724,862,138,0.138,0.0565523373382166
718,859,141,0.141,0.062110429988098986
750,875,125,0.125,0.06732609334960579
764,882,118,0.118,0.07211733392626049
748,874,126,0.126,0.07624167535454035
738,869,131,0.131,0.07143815129064024
814,907,93,0.093,0.059593894820660354
720,860,140,0.14,0.056901432555168864
754,877,123,0.123,0.05655725089614452
668,834,166,0.166,0.06099384252727032
786,893,107,0.107,0.057779647320508956
742,871,129,0.129,0.07550734410434962
824,912,88,0.088,0.07280167816020548
736,868,132,0.132,0.07912485549598933
790,895,105,0.105,0.07270939641731093
758,879,121,0.121,0.06942187395319342
788,894,106,0.106,0.06277730597741901
776,888,112,0.112,0.06387670447397976
688,844,156,0.156,0.06691508903771137
770,885,115,0.115,0.06497032579407096
762,881,119,0.119,0.07125847374275326
746,873,127,0.127,0.07248827734589577
758,879,121,0.121,0.07355630177661078
756,878,122,0.122,0.07714375822618603
758,879,121,0.121,0.07428954753885046
704,852,148,0.148,0.07957053473591805
748,874,126,0.126,0.07736541111022234
776,888,112,0.112,0.08010462771356112
728,864,136,0.136,0.09230408194661141
822,911,89,0.089,0.08354023722559213
766,883,117,0.117,0.08903376534208655
748,874,126,0.126,0.08793899554226664
788,894,106,0.106,0.0803440165258944
798,899,101,0.101,0.07813321851100773
716,858,142,0.142,0.08372344641387462
722,861,139,0.139,0.08103435918875039
786,893,107,0.107,0.08070414491556586
778,889,111,0.111,0.08422679160162806
750,875,125,0.125,0.09262049201130867
796,898,102,0.102,0.0898247110247612
774,887,113,0.113,0.09080853945794756
766,883,117,0.117,0.08624873454123735
780,890,110,0.11,0.08561404454335571
786,893,107,0.107,0.0839565920047462
726,863,137,0.137,0.09067424511909485
758,879,121,0.121,0.08300360233709216
792,896,104,0.104,0.08275029277581962
778,889,111,0.111,0.08500330056995153
744,872,128,0.128,0.09092173366248607
822,911,89,0.089,0.08318033768609168
758,879,121,0.121,0.08925834711173138
714,857,143,0.143,0.09043123753368855
750,875,125,0.125,0.09855384529009462
784,892,108,0.108,0.10747996312379837
686,843,157,0.157,0.11613092462718735
768,884,116,0.116,0.11006326838748647
700,850,150,0.15,0.11086514107137918
778,889,111,0.111,0.09628904041834176
778,889,111,0.111,0.09261304530501366
790,895,105,0.105,0.08833135526999832
734,867,133,0.133,0.08586001938721165
764,882,118,0.118,0.07569323919061571
760,880,120,0.12,0.07586310734413564
738,869,131,0.131,0.07645698170736433
768,884,116,0.116,0.07667785971052944
764,882,118,0.118,0.07974565135687589
792,896,104,0.104,0.0797537078037858
744,872,128,0.128,0.08855956041067839
776,888,112,0.112,0.08511918348073959
770,885,115,0.115,0.09862442280352116
734,867,133,0.133,0.10197349994629622
786,893,107,0.107,0.10120123893767595
704,852,148,0.148,0.10274090030509979
732,866,134,0.134,0.0975774031765759
742,871,129,0.129,0.10070842588663802
790,895,105,0.105,0.0934171616743497
858,929,71,0.071,0.09148189705982804
728,864,136,0.136,0.10397540546953678
736,868,132,0.132,0.10794002710655332
800,900,100,0.1,0.10379669563099742
726,863,137,0.137,0.11248988819960505
758,879,121,0.121,0.11984727165591903
776,888,112,0.112,0.11775978487730027
784,892,108,0.108,0.12067671349644661
748,874,126,0.126,0.11968794177472593
802,901,99,0.099,0.10920406733453274
782,891,109,0.109,0.10707574059069157
766,883,117,0.117,0.10756517112255097
742,871,129,0.129,0.11126973687548888
696,848,152,0.152,0.1299531286805868
702,851,149,0.149,0.1438473336212337
800,900,100,0.1,0.14455910615622997
814,907,93,0.093,0.14829794767126442
780,890,110,0.11,0.15157730832695962
748,874,126,0.126,0.14567410188168287
802,901,99,0.099,0.13283910671714694
764,882,118,0.118,0.1264131200592965
784,892,108,0.108,0.10973480873927474
788,894,106,0.106,0.10631035332195461
742,871,129,0.129,0.10757761819850008
758,879,121,0.121,0.10752887854618486
782,891,109,0.109,0.11143379652872681
726,863,137,0.137,0.12267487245053053
780,890,110,0.11,0.12174417689442635
770,885,115,0.115,0.12372572018951178
740,870,130,0.13,0.12618881686647365
788,894,106,0.106,0.12372247510962188
772,886,114,0.114,0.12605351163446907
760,880,120,0.12,0.13412062652855822
752,876,124,0.124,0.14034938365872948
814,907,93,0.093,0.13522296383976937
732,866,134,0.134,0.1425959732600101
828,914,86,0.086,0.12383282610469178
776,888,112,0.112,0.12544960366934538
800,900,100,0.1,0.11877493672817946
744,872,128,0.128,0.12513260976783933
768,884,116,0.116,0.14111169274523855
750,875,125,0.125,0.14837807119637728
764,882,118,0.118,0.16544261006684974
768,884,116,0.116,0.17176928431913258
784,892,108,0.108,0.17728871037811042
760,880,120,0.12,0.17614394487440585
772,886,114,0.114,0.17730368703603744
774,887,113,0.113,0.17661661610752344
800,900,100,0.1,0.17109347128128014
776,888,112,0.112,0.1732301319092512
820,910,90,0.09,0.16875609234720468
764,882,118,0.118,0.1709652273529209
788,894,106,0.106,0.16984222521819176
762,881,119,0.119,0.17345526188611984
754,877,123,0.123,0.17485080318152904
660,830,170,0.17,0.18464572971408
744,872,128,0.128,0.17631563284248114
780,890,110,0.11,0.1742073219642043
770,885,115,0.115,0.17749884980916977
752,876,124,0.124,0.17963337313011288
718,859,141,0.141,0.18157084531337023
796,898,102,0.102,0.1701078450679779
792,896,104,0.104,0.16963366450741887
770,885,115,0.115,0.16345291347801685
800,900,100,0.1,0.15608262550085783
764,882,118,0.118,0.1573986484631896
736,868,132,0.132,0.1596105336257897
726,863,137,0.137,0.17267810743302106
752,876,124,0.124,0.16974390320852398
746,873,127,0.127,0.16884022916839428
826,913,87,0.087,0.16256186028569936
820,910,90,0.09,0.15412620051950215
784,892,108,0.108,0.15212941837310792
710,855,145,0.145,0.1486091556213796
728,864,136,0.136,0.14788005604594945
774,887,113,0.113,0.15505023142695426
810,905,95,0.095,0.15296383433043956
738,869,131,0.131,0.17184687247872352
722,861,139,0.139,0.17635688844323158
736,868,132,0.132,0.17326886539161204
774,887,113,0.113,0.1656031746789813
744,872,128,0.128,0.16234862131625413
776,888,112,0.112,0.1537681924290955
784,892,108,0.108,0.1350646159797907
736,868,132,0.132,0.13889236277909367
824,912,88,0.088,0.1265076504573226
806,903,97,0.097,0.12710859736055138
740,870,130,0.13,0.14110394962877035
766,883,117,0.117,0.13907389400154352
800,900,100,0.1,0.14810152480006217
760,880,120,0.12,0.16040813352912664
752,876,124,0.124,0.17299318601191044
726,863,137,0.137,0.17714542347192763
778,889,111,0.111,0.17838851091265678
780,890,110,0.11,0.1842690061479807
708,854,146,0.146,0.18732660886645316
806,903,97,0.097,0.17729421381652355
778,889,111,0.111,0.1701729102283716
798,899,101,0.101,0.1676199572198093
752,876,124,0.124,0.16923512325435877
706,853,147,0.147,0.17203041199198468
792,896,104,0.104,0.17064346476644277
788,894,106,0.106,0.1768982577100396
782,891,109,0.109,0.18360614637285472
808,904,96,0.096,0.17866755259037018
804,902,98,0.098,0.17154092334397136
764,882,118,0.118,0.17130388697236776
808,904,96,0.096,0.16908060304075478
710,855,145,0.145,0.18094248457998038
748,874,126,0.126,0.19485727940499784
824,912,88,0.088,0.20290750996768475
760,880,120,0.12,0.21938847222737967
812,906,94,0.094,0.21730449702366356
802,901,99,0.099,0.21091331984417047
760,880,120,0.12,0.20108415258862078
806,903,97,0.097,0.18990454924851655
710,855,145,0.145,0.19983978845051023
740,870,130,0.13,0.20731324678659438
786,893,107,0.107,0.22053278031945228
718,859,141,0.141,0.2514588920623064
728,864,136,0.136,0.25451787586510183
714,857,143,0.143,0.2723074593245983
818,909,91,0.091,0.2527780223786831
726,863,137,0.137,0.243764748911517
774,887,113,0.113,0.24292106266319752
774,887,113,0.113,0.22302192691191908
750,875,125,0.125,0.20310385423898697
786,893,107,0.107,0.19514926621317863
726,863,137,0.137,0.19661856872588396
746,873,127,0.127,0.19211571734702557
796,898,102,0.102,0.17748294575884938
770,885,115,0.115,0.17258499965071677
748,874,126,0.126,0.1715553201586008
754,877,123,0.123,0.16690921483933926
736,868,132,0.132,0.1595490649486892
680,840,160,0.16,0.16252344300970434
848,924,76,0.076,0.15035350271314393
814,907,93,0.093,0.14938218308842624
790,895,105,0.105,0.14314659263193608
722,861,139,0.139,0.148222598105669
802,901,99,0.099,0.13770777040347457
748,874,126,0.126,0.14617815148830413
738,869,131,0.131,0.15198780216276644
740,870,130,0.13,0.15183827820047735
816,908,92,0.092,0.14369670002814383
790,895,105,0.105,0.14603300662356122
770,885,115,0.115,0.1520494814887643
728,864,136,0.136,0.15751034726202487
732,866,134,0.134,0.1590933859795332
758,879,121,0.121,0.16244403695315124
722,861,139,0.139,0.1762090703009169
746,873,127,0.127,0.17398572922684252
782,891,109,0.109,0.1591007227525115
812,906,94,0.094,0.15851804345101117
790,895,105,0.105,0.13103614845126868
762,881,119,0.119,0.12973493909090758
782,891,109,0.109,0.12359248113632203
754,877,123,0.123,0.12426331697404384
732,866,134,0.134,0.13526341155916452
798,899,101,0.101,0.1326414309963584
790,895,105,0.105,0.1393932178504765
752,876,124,0.124,0.14427082666009663
766,883,117,0.117,0.13152414035052062
792,896,104,0.104,0.12539761886000633
814,907,93,0.093,0.11641629362851381
796,898,102,0.102,0.11807506029237994
750,875,125,0.125,0.10160151040554047
824,912,88,0.088,0.09704359021037817
796,898,102,0.102,0.09837310482171431
740,870,130,0.13,0.10773593453504145
726,863,137,0.137,0.14020131956785917
744,872,128,0.128,0.13842800448834897
722,861,139,0.139,0.15213069019280373
756,878,122,0.122,0.15298220134712756
774,887,113,0.113,0.1419585823584348
766,883,117,0.117,0.14265190528705715
762,881,119,0.119,0.13422883170843125
750,875,125,0.125,0.13019858105480672
760,880,120,0.12,0.1095402485113591
800,900,100,0.1,0.10665513997897506
726,863,137,0.137,0.11306409534439445
776,888,112,0.112,0.1093212016001344
780,890,110,0.11,0.12772809474729002
778,889,111,0.111,0.1296616772711277
780,890,110,0.11,0.13115711266547442
764,882,118,0.118,0.13408571434070454
732,866,134,0.134,0.12473454659711569
778,889,111,0.111,0.11672538736835122
732,866,134,0.134,0.11492333746328952
772,886,114,0.114,0.10846109758317471
824,912,88,0.088,0.10292743184324354
790,895,105,0.105,0.1033331057028845
786,893,107,0.107,0.10483576644895938
760,880,120,0.12,0.10409937092289329
770,885,115,0.115,0.11352972931414843
762,881,119,0.119,0.12126607422158123
814,907,93,0.093,0.11751704613119364
764,882,118,0.118,0.1248893693163991
678,839,161,0.161,0.14126666875556113
764,882,118,0.118,0.13623241389542817
778,889,111,0.111,0.13721647264808418
820,910,90,0.09,0.1363192053884268
696,848,152,0.152,0.14459729633107782
706,853,147,0.147,0.13815479049831628
756,878,122,0.122,0.13572853097319604
806,903,97,0.097,0.12686010894179345
740,870,130,0.13,0.12931455270063713
808,904,96,0.096,0.12221062164168779
770,885,115,0.115,0.12413533816486597
726,863,137,0.137,0.12881849937699735
752,876,124,0.124,0.1323647509869188
814,907,93,0.093,0.12885989608615636
732,866,134,0.134,0.13803308556973934
768,884,116,0.116,0.13653343980759383
750,875,125,0.125,0.13219870227575303
822,911,89,0.089,0.13022419688105583
774,887,113,0.113,0.13636553439497948
774,887,113,0.113,0.13761974416673184
732,866,134,0.134,0.1474787261392921
748,874,126,0.126,0.15222777215391398
756,878,122,0.122,0.15578402008116246
740,870,130,0.13,0.15733454938419164
818,909,91,0.091,0.1563213859051466
738,869,131,0.131,0.1589074324220419
762,881,119,0.119,0.1546218796223402
754,877,123,0.123,0.15374834145978092
770,885,115,0.115,0.13985215140796764
726,863,137,0.137,0.1416069067567587
682,841,159,0.159,0.14798106775945052
758,879,121,0.121,0.14723129103705287
732,866,134,0.134,0.15765539605915546
734,867,133,0.133,0.16775318149477245
718,859,141,0.141,0.17342803563177586
798,899,101,0.101,0.16521325698494913
784,892,108,0.108,0.16230002509988845
682,841,159,0.159,0.15996336307842285
780,890,110,0.11,0.13990657141804694
762,881,119,0.119,0.13551264590024947
840,920,80,0.08,0.11900787743553519
798,899,101,0.101,0.11652488241437822
748,874,126,0.126,0.11607647891986052
784,892,108,0.108,0.11335039422661067
798,899,101,0.101,0.10754245084151626
750,875,125,0.125,0.11709371732920408
792,896,104,0.104,0.12644064438808708
760,880,120,0.12,0.1279358342587948
812,906,94,0.094,0.13657663786411287
760,880,120,0.12,0.1542218333557248
786,893,107,0.107,0.13265332494676113
768,884,116,0.116,0.1371231157630682
742,871,129,0.129,0.1332473368793726
746,873,127,0.127,0.13082222687453032
796,898,102,0.102,0.12318424748173222
838,919,81,0.081,0.11741248705983162
788,894,106,0.106,0.11638070428371429
752,876,124,0.124,0.11738006041944027
816,908,92,0.092,0.11522639155510114
710,855,145,0.145,0.12640510385483503
748,874,126,0.126,0.1353383651971817
728,864,136,0.136,0.13870289844576655
746,873,127,0.127,0.1367849753696064
778,889,111,0.111,0.1318905014768243
802,901,99,0.099,0.1260782396569848
786,893,107,0.107,0.12132409754395485
800,900,100,0.1,0.10286995977722109
780,890,110,0.11,0.10415587194636464
818,909,91,0.091,0.10149124767631293
812,906,94,0.094,0.10360863006766885
776,888,112,0.112,0.12356828234671079
748,874,126,0.126,0.12935735530778766
780,890,110,0.11,0.1263877528384328
788,894,106,0.106,0.13395815090369434
764,882,118,0.118,0.1272801509173587
808,904,96,0.096,0.12024524587392807
768,884,116,0.116,0.12215897427871823
764,882,118,0.118,0.11915136799961329
708,854,146,0.146,0.1231548012793064
778,889,111,0.111,0.12023707804852167
746,873,127,0.127,0.12396088543906808
732,866,134,0.134,0.1318534429014544
748,874,126,0.126,0.15319223407966093
788,894,106,0.106,0.14330207315692678
