log_avg_ept_score,log_avg_succ_req,log_avg_blk_req,log_avg_BP_req,log_avg_entropy
-246,377,623,0.623,2.3012851991653442
-274,363,637,0.637,2.3012982966899873
-250,375,625,0.625,2.3012998962402342
-248,376,624,0.624,2.3013388180732726
-316,342,658,0.658,2.3012093250751495
-372,314,686,0.686,2.3010821533203125
-312,344,656,0.656,2.3010417523384095
-260,370,630,0.63,2.3008066716194153
-362,319,681,0.681,2.299724164009094
-218,391,609,0.609,2.298887814283371
-308,346,654,0.654,2.2987216613292696
-276,362,638,0.638,2.2965387086868287
-268,366,634,0.634,2.2900730842351913
-256,372,628,0.628,2.281690007209778
-228,386,614,0.614,2.276043520331383
-170,415,585,0.585,2.2671390212774276
-70,465,535,0.535,2.206216029047966
-50,475,525,0.525,2.1783028461933136
56,528,472,0.472,2.1713402202129366
64,532,468,0.468,2.149579133272171
90,545,455,0.455,2.1454555074572563
116,558,442,0.442,2.1517154445648194
80,540,460,0.46,2.149948563694954
84,542,458,0.458,2.1634748505353927
110,555,445,0.445,2.16606962287426
52,526,474,0.474,2.167844962835312
62,531,469,0.469,2.1682209157943726
74,537,463,0.463,2.16526397895813
82,541,459,0.459,2.1670216047763824
130,565,435,0.435,2.145615588545799
108,554,446,0.446,2.1337534207105637
104,552,448,0.448,2.137985408306122
180,590,410,0.41,2.0940054391622542
208,604,396,0.396,2.036074586033821
290,645,355,0.355,1.9982899999916552
218,609,391,0.391,2.007813744664192
322,661,339,0.339,1.8689628235399722
400,700,300,0.3,1.7496265669167042
478,739,261,0.261,1.6094009004235268
450,725,275,0.275,1.612896162442863
598,799,201,0.201,1.1428589971982874
600,800,200,0.2,0.9187561101379106
660,830,170,0.17,0.6970370406188958
698,849,151,0.151,0.6561175532171619
732,866,134,0.134,0.33627038135977555
812,906,94,0.094,0.20766588589076793
796,898,102,0.102,0.15001605652879157
798,899,101,0.101,0.12838411651173784
770,885,115,0.115,0.13902804774553562
762,881,119,0.119,0.1638070111612796
818,909,91,0.091,0.16176670219264838
784,892,108,0.108,0.16157121736360205
790,895,105,0.105,0.18029857854584497
792,896,104,0.104,0.1710637857344814
754,877,123,0.123,0.1966336336932659
696,848,152,0.152,0.2084968064172183
774,887,113,0.113,0.1874717170784859
710,855,145,0.145,0.22166207762055798
760,880,120,0.12,0.18569195675783612
770,885,115,0.115,0.18370340226393456
796,898,102,0.102,0.17374611656331762
790,895,105,0.105,0.17101854165322583
748,874,126,0.126,0.20370211236175964
750,875,125,0.125,0.19735550031087767
770,885,115,0.115,0.19706617596463236
756,878,122,0.122,0.2160702778679406
802,901,99,0.099,0.16164598115135959
684,842,158,0.158,0.25621165630957693
758,879,121,0.121,0.1833270672201179
768,884,116,0.116,0.19292683245379158
790,895,105,0.105,0.13769822476644186
760,880,120,0.12,0.16791095232131512
774,887,113,0.113,0.17002546748329497
794,897,103,0.103,0.13814929374931603
766,883,117,0.117,0.1607630830005728
770,885,115,0.115,0.1652194053303774
758,879,121,0.121,0.16746461800457063
724,862,138,0.138,0.18379446239654226
822,911,89,0.089,0.1338802874655121
752,876,124,0.124,0.1683957232263856
750,875,125,0.125,0.18569507887072542
756,878,122,0.122,0.16731117987648758
728,864,136,0.136,0.1731020416828469
732,866,134,0.134,0.17323225793006888
732,866,134,0.134,0.173624808153123
754,877,123,0.123,0.14786571358141326
746,873,127,0.127,0.16071079977184854
768,884,116,0.116,0.16677956288606582
810,905,95,0.095,0.1571168960427767
718,859,141,0.141,0.1863387402438675
736,868,132,0.132,0.19477733435455208
808,904,96,0.096,0.12067481661809143
758,879,121,0.121,0.17084190367834526
740,870,130,0.13,0.17989960293279
726,863,137,0.137,0.18481781263800803
688,844,156,0.156,0.22401931337196584
726,863,137,0.137,0.2038078518716502
744,872,128,0.128,0.18202428619912825
780,890,110,0.11,0.1731965525554574
776,888,112,0.112,0.17307880373948137
772,886,114,0.114,0.17839469593803733
800,900,100,0.1,0.14732112813064305
772,886,114,0.114,0.14807622342783724
796,898,102,0.102,0.13188745020008355
776,888,112,0.112,0.14027547831575793
764,882,118,0.118,0.14673694729368436
762,881,119,0.119,0.14230186509949272
722,861,139,0.139,0.17111991550028324
772,886,114,0.114,0.15269362602877665
726,863,137,0.137,0.17363275180965865
796,898,102,0.102,0.14979102824116125
778,889,111,0.111,0.13059013737327768
734,867,133,0.133,0.15634022128087235
770,885,115,0.115,0.12891011964067275
768,884,116,0.116,0.1229577930139385
790,895,105,0.105,0.11285311471526802
778,889,111,0.111,0.11107184620969929
762,881,119,0.119,0.1364438881063834
748,874,126,0.126,0.12751332212117267
762,881,119,0.119,0.14518267631018716
794,897,103,0.103,0.12221465483012435
802,901,99,0.099,0.10894963653524212
732,866,134,0.134,0.12839779836037632
728,864,136,0.136,0.11477787906711455
760,880,120,0.12,0.09530436042171642
806,903,97,0.097,0.08580741724908876
782,891,109,0.109,0.08808756826885837
806,903,97,0.097,0.0817169010666912
788,894,106,0.106,0.09641172393094166
794,897,103,0.103,0.09347642072819871
790,895,105,0.105,0.09264296913292491
770,885,115,0.115,0.09352677439470426
780,890,110,0.11,0.0772911393857139
776,888,112,0.112,0.08181687974858505
764,882,118,0.118,0.08309422198514221
794,897,103,0.103,0.07283469729593343
774,887,113,0.113,0.07250336778803193
782,891,109,0.109,0.07329349822888616
742,871,129,0.129,0.08798384032763715
750,875,125,0.125,0.08032847019322799
720,860,140,0.14,0.08843153627787251
778,889,111,0.111,0.0734949275651452
808,904,96,0.096,0.06864202433256286
746,873,127,0.127,0.07962567713839235
766,883,117,0.117,0.06933957648490469
784,892,108,0.108,0.06216628100676462
760,880,120,0.12,0.0666046423631133
726,863,137,0.137,0.06999875043239444
812,906,94,0.094,0.0683627465575555
806,903,97,0.097,0.07183635500492529
764,882,118,0.118,0.0789713741541491
746,873,127,0.127,0.07809244464123913
800,900,100,0.1,0.04795073145073547
784,892,108,0.108,0.04488429176414502
844,922,78,0.078,0.04220412982883863
720,860,140,0.14,0.058314132644354685
748,874,126,0.126,0.06670575466495211
776,888,112,0.112,0.05985175611175464
752,876,124,0.124,0.06211905108636711
736,868,132,0.132,0.06615040997651522
770,885,115,0.115,0.0524920469547942
728,864,136,0.136,0.053857223276863805
778,889,111,0.111,0.055004293552367016
700,850,150,0.15,0.06759656059142435
792,896,104,0.104,0.05175007129367441
762,881,119,0.119,0.056959530574749805
758,879,121,0.121,0.052303994393674655
756,878,122,0.122,0.053219642128970006
768,884,116,0.116,0.0416370152577947
754,877,123,0.123,0.038765803298720126
752,876,124,0.124,0.045731985471677034
842,921,79,0.079,0.03598581285476393
726,863,137,0.137,0.05062755702251525
742,871,129,0.129,0.04911312216415536
788,894,106,0.106,0.04415935764092137
812,906,94,0.094,0.03990966893115547
792,896,104,0.104,0.03409066909877583
806,903,97,0.097,0.03596507277138881
730,865,135,0.135,0.04238252261234447
714,857,143,0.143,0.036548313431907446
776,888,112,0.112,0.03891883825785771
784,892,108,0.108,0.03991396638727747
804,902,98,0.098,0.03729651768086478
776,888,112,0.112,0.03634315417637117
762,881,119,0.119,0.03192091847446864
792,896,104,0.104,0.025136315065727104
784,892,108,0.108,0.02878995901567396
748,874,126,0.126,0.03560208874894306
786,893,107,0.107,0.035659820727072654
798,899,101,0.101,0.03784907570431824
692,846,154,0.154,0.039734202367835675
758,879,121,0.121,0.038143208293477074
820,910,90,0.09,0.029931424900889396
804,902,98,0.098,0.033029185325256546
754,877,123,0.123,0.0328745851344429
778,889,111,0.111,0.03156429407006362
766,883,117,0.117,0.032738318728515875
728,864,136,0.136,0.03699978845543228
794,897,103,0.103,0.039689650427084416
774,887,113,0.113,0.04556773954402888
744,872,128,0.128,0.046014642904512584
758,879,121,0.121,0.03394482202967629
816,908,92,0.092,0.027205537242873105
788,894,106,0.106,0.02493743838253431
792,896,104,0.104,0.024464609199669213
838,919,81,0.081,0.02686421201110352
762,881,119,0.119,0.026324576189043
756,878,122,0.122,0.028594117434928193
744,872,128,0.128,0.0397555519011803
714,857,143,0.143,0.039653863355284556
726,863,137,0.137,0.0420748390480876
768,884,116,0.116,0.03814829732850194
676,838,162,0.162,0.042107663183938715
684,842,158,0.158,0.04589402901800349
812,906,94,0.094,0.03984945430606603
774,887,113,0.113,0.04052937140525319
704,852,148,0.148,0.04080545118288137
756,878,122,0.122,0.036403234268538656
752,876,124,0.124,0.030579199919942766
766,883,117,0.117,0.029125345679465682
788,894,106,0.106,0.03160503539629281
776,888,112,0.112,0.033941200965084135
778,889,111,0.111,0.03336253097979352
820,910,90,0.09,0.03179811897221953
804,902,98,0.098,0.033762756230775265
740,870,130,0.13,0.0331610770621337
750,875,125,0.125,0.029398041181266307
788,894,106,0.106,0.02573877001577057
770,885,115,0.115,0.027834334378130734
748,874,126,0.126,0.036129331158008426
760,880,120,0.12,0.034748475898988544
796,898,102,0.102,0.03301625121664256
786,893,107,0.107,0.034916283956263214
694,847,153,0.153,0.03839373494172469
740,870,130,0.13,0.03520602415385656
746,873,127,0.127,0.032323328328784554
788,894,106,0.106,0.03970855620596558
726,863,137,0.137,0.042189244804903867
790,895,105,0.105,0.04430998191377148
778,889,111,0.111,0.04206127380440012
776,888,112,0.112,0.03862570606113877
746,873,127,0.127,0.04130436887161341
780,890,110,0.11,0.0299925709219533
804,902,98,0.098,0.027560347445309163
700,850,150,0.15,0.03709743717056699
742,871,129,0.129,0.03057024436118081
760,880,120,0.12,0.04553179905377328
760,880,120,0.12,0.044551840677042494
710,855,145,0.145,0.05119260940561071
806,903,97,0.097,0.04152774144196883
724,862,138,0.138,0.03299895081482827
756,878,122,0.122,0.03468638328812085
748,874,126,0.126,0.02511380169726908
764,882,118,0.118,0.022732812512491363
796,898,102,0.102,0.029055070860427804
808,904,96,0.096,0.029087938184849917
788,894,106,0.106,0.03239739741082303
798,899,101,0.101,0.03086765273846686
748,874,126,0.126,0.03233926772745326
728,864,136,0.136,0.031886168405413626
810,905,95,0.095,0.027629364624153822
800,900,100,0.1,0.02637686309730634
818,909,91,0.091,0.02506472057523206
736,868,132,0.132,0.030169068162329494
686,843,157,0.157,0.03473189352429472
790,895,105,0.105,0.030514531349763275
846,923,77,0.077,0.03068123279232532
748,874,126,0.126,0.03975432204268873
744,872,128,0.128,0.03835032636136748
796,898,102,0.102,0.039571196008473634
704,852,148,0.148,0.04797118050744757
786,893,107,0.107,0.043354974173009396
742,871,129,0.129,0.044768847080878915
816,908,92,0.092,0.04124326376710087
774,887,113,0.113,0.040556052048690616
748,874,126,0.126,0.04442863217322156
770,885,115,0.115,0.04500935290509369
798,899,101,0.101,0.040018889660015704
770,885,115,0.115,0.052557273010956126
774,887,113,0.113,0.05348727097827941
748,874,126,0.126,0.059186915755271914
786,893,107,0.107,0.05974433773010969
716,858,142,0.142,0.07389882756769657
710,855,145,0.145,0.07926515076775104
734,867,133,0.133,0.07712451540119945
752,876,124,0.124,0.08015255476534366
866,933,67,0.067,0.07655338829383254
744,872,128,0.128,0.08384397664666175
742,871,129,0.129,0.08951542047411204
748,874,126,0.126,0.08085987769812346
738,869,131,0.131,0.10045585842244327
810,905,95,0.095,0.10283046941831708
758,879,121,0.121,0.10965626540966332
734,867,133,0.133,0.11290544529259205
760,880,120,0.12,0.11817044126708061
758,879,121,0.121,0.11537535964138806
790,895,105,0.105,0.1143094767909497
746,873,127,0.127,0.11948344791680575
790,895,105,0.105,0.10121800165250898
740,870,130,0.13,0.10374965062737465
756,878,122,0.122,0.10560057744942605
802,901,99,0.099,0.10294148028641939
746,873,127,0.127,0.13559192183241248
760,880,120,0.12,0.14128753847256303
754,877,123,0.123,0.13536845422163607
746,873,127,0.127,0.13770731169357897
754,877,123,0.123,0.11085056932643056
722,861,139,0.139,0.10996726794913411
716,858,142,0.142,0.10713555122353137
820,910,90,0.09,0.10013256903365254
734,867,133,0.133,0.11027642446756362
742,871,129,0.129,0.1105015993770212
780,890,110,0.11,0.10978613516315817
706,853,147,0.147,0.11679190379194915
726,863,137,0.137,0.13676845759153367
758,879,121,0.121,0.13044784285873173
726,863,137,0.137,0.14097212206944823
796,898,102,0.102,0.13095816803723573
754,877,123,0.123,0.07867072761245072
762,881,119,0.119,0.07581073128432035
800,900,100,0.1,0.07205673449300229
756,878,122,0.122,0.08036438477411866
744,872,128,0.128,0.10164618155546487
782,891,109,0.109,0.09445122519135475
756,878,122,0.122,0.10391289919614792
696,848,152,0.152,0.10770936440303921
748,874,126,0.126,0.1126380008533597
804,902,98,0.098,0.11093440666422248
744,872,128,0.128,0.11284820375591517
710,855,145,0.145,0.11801241987757385
770,885,115,0.115,0.09499309171829373
746,873,127,0.127,0.10223020125366747
696,848,152,0.152,0.10572578171268106
724,862,138,0.138,0.10082080774381756
822,911,89,0.089,0.10916388498060406
768,884,116,0.116,0.11622148257866502
774,887,113,0.113,0.11168032256886364
754,877,123,0.123,0.11697858541086316
702,851,149,0.149,0.10317004589736462
732,866,134,0.134,0.10004381336923689
794,897,103,0.103,0.09727472970820963
814,907,93,0.093,0.09791066654026509
808,904,96,0.096,0.10756352899502963
744,872,128,0.128,0.11147091409377753
720,860,140,0.14,0.10591832389682532
802,901,99,0.099,0.09258325392380357
818,909,91,0.091,0.06989358299784362
750,875,125,0.125,0.0765108266249299
770,885,115,0.115,0.06722441257024184
774,887,113,0.113,0.07266423035785556
780,890,110,0.11,0.08323533816821874
780,890,110,0.11,0.08668283365294337
764,882,118,0.118,0.09520355221629143
778,889,111,0.111,0.09786197024583816
762,881,119,0.119,0.10318538093939424
820,910,90,0.09,0.0917655480876565
758,879,121,0.121,0.09405292285978795
752,876,124,0.124,0.09037937516719102
752,876,124,0.124,0.07039345412142575
770,885,115,0.115,0.07059745771437884
794,897,103,0.103,0.06703484102059155
822,911,89,0.089,0.06712979393452406
774,887,113,0.113,0.07713494809716939
748,874,126,0.126,0.07631335869245232
734,867,133,0.133,0.08747349111363292
778,889,111,0.111,0.0930993423499167
794,897,103,0.103,0.09498102079331874
750,875,125,0.125,0.09571661842428147
748,874,126,0.126,0.09768118266761303
710,855,145,0.145,0.09812942049652339
716,858,142,0.142,0.08692823357135057
806,903,97,0.097,0.08621877759322524
744,872,128,0.128,0.07918482330068946
754,877,123,0.123,0.07245261973142623
796,898,102,0.102,0.06887255723401904
770,885,115,0.115,0.07075067616999149
766,883,117,0.117,0.06516291590593755
772,886,114,0.114,0.06864051058143378
770,885,115,0.115,0.0693173886258155
802,901,99,0.099,0.066842603078112
736,868,132,0.132,0.09346073895553127
720,860,140,0.14,0.10024072919785977
784,892,108,0.108,0.09810152499377728
734,867,133,0.133,0.10319498667307198
792,896,104,0.104,0.10923316834308207
736,868,132,0.132,0.11032252656295896
802,901,99,0.099,0.10035039646178484
764,882,118,0.118,0.10514822166413068
756,878,122,0.122,0.1102756013609469
756,878,122,0.122,0.12001953227818012
730,865,135,0.135,0.12885920548439025
756,878,122,0.122,0.12627839047461747
754,877,123,0.123,0.1557060122936964
760,880,120,0.12,0.16188798850029706
694,847,153,0.153,0.16943786719441414
768,884,116,0.116,0.1594258685708046
784,892,108,0.108,0.12704586081393063
828,914,86,0.086,0.11045980361104012
738,869,131,0.131,0.11749604216590524
816,908,92,0.092,0.11318136235326529
778,889,111,0.111,0.12886468689143657
788,894,106,0.106,0.13054992358386516
766,883,117,0.117,0.13131064942106604
730,865,135,0.135,0.14266409146785736
688,844,156,0.156,0.14172403248399496
748,874,126,0.126,0.1356447275802493
756,878,122,0.122,0.13281397764757275
758,879,121,0.121,0.13291154459863902
758,879,121,0.121,0.10816983051598072
706,853,147,0.147,0.11180713590607047
752,876,124,0.124,0.1050068305581808
782,891,109,0.109,0.10809594077058136
784,892,108,0.108,0.0997442418858409
832,916,84,0.084,0.08995172281190753
720,860,140,0.14,0.09504820090159774
764,882,118,0.118,0.08977573932148517
824,912,88,0.088,0.06878423013351857
786,893,107,0.107,0.0656890686377883
800,900,100,0.1,0.06833506545424461
776,888,112,0.112,0.060928637673147025
788,894,106,0.106,0.07160977532528341
736,868,132,0.132,0.07420854338631033
744,872,128,0.128,0.07776806829310953
724,862,138,0.138,0.0865746535398066
738,869,131,0.131,0.10387015044689178
698,849,151,0.151,0.10969373969361186
752,876,124,0.124,0.10388643344119192
798,899,101,0.101,0.0990808941796422
722,861,139,0.139,0.09036423797160387
792,896,104,0.104,0.0817801213581115
776,888,112,0.112,0.07857776377722621
730,865,135,0.135,0.08123671968095005
710,855,145,0.145,0.08617786256596446
760,880,120,0.12,0.08314636036381126
762,881,119,0.119,0.089760628182441
790,895,105,0.105,0.08349609182216228
826,913,87,0.087,0.08695013105869293
790,895,105,0.105,0.08101371387019754
794,897,103,0.103,0.08091696847975254
752,876,124,0.124,0.08679270690865815
730,865,135,0.135,0.10010637568682432
728,864,136,0.136,0.11158514940738679
836,918,82,0.082,0.1078763450048864
776,888,112,0.112,0.10707560950890184
796,898,102,0.102,0.10087233750894666
742,871,129,0.129,0.09352724686264992
766,883,117,0.117,0.08273750040307641
820,910,90,0.09,0.07639246639236807
730,865,135,0.135,0.07952299299836159
776,888,112,0.112,0.07274971688352526
758,879,121,0.121,0.08150267313793301
780,890,110,0.11,0.07612696560658515
682,841,159,0.159,0.08668031702935695
764,882,118,0.118,0.07795588715746998
790,895,105,0.105,0.0774268492422998
776,888,112,0.112,0.07778829256258905
790,895,105,0.105,0.06873153034225106
758,879,121,0.121,0.0647427578791976
742,871,129,0.129,0.06523682919703425
716,858,142,0.142,0.06803393023274838
792,896,104,0.104,0.058232942961156366
760,880,120,0.12,0.052442198814824224
756,878,122,0.122,0.05129802465811372
692,846,154,0.154,0.05150028512906283
786,893,107,0.107,0.045166618178598586
664,832,168,0.168,0.05859443209134042
804,902,98,0.098,0.05149673883710056
740,870,130,0.13,0.053992118837311864
762,881,119,0.119,0.05165118364151567
740,870,130,0.13,0.05096747549530119
742,871,129,0.129,0.051255532125011084
734,867,133,0.133,0.05161356342583895
722,861,139,0.139,0.05351234901323915
770,885,115,0.115,0.04950890177115798
828,914,86,0.086,0.0445697977244854
800,900,100,0.1,0.04520170299673919
706,853,147,0.147,0.047768979912623764
756,878,122,0.122,0.03796197315212339
756,878,122,0.122,0.03860351549740881
720,860,140,0.14,0.04355895919399336
792,896,104,0.104,0.0399951446885243
732,866,134,0.134,0.047296350793913006
826,913,87,0.087,0.04179902600869537
738,869,131,0.131,0.04441465479391627
802,901,99,0.099,0.04068179841339588
704,852,148,0.148,0.03893626272212714
762,881,119,0.119,0.03519313039816916
748,874,126,0.126,0.03537341341632418
706,853,147,0.147,0.038091308781411495
762,881,119,0.119,0.03458510548900813
816,908,92,0.092,0.032498338018544015
738,869,131,0.131,0.036569480586797
758,879,121,0.121,0.03329637330118567
688,844,156,0.156,0.036184235660824925
776,888,112,0.112,0.03045160236489028
722,861,139,0.139,0.035838764730840925
756,878,122,0.122,0.037709427046589555
792,896,104,0.104,0.030320956232957542
766,883,117,0.117,0.030298003564588727
794,897,103,0.103,0.02753999209869653
774,887,113,0.113,0.02532262041606009
772,886,114,0.114,0.022173943226225675
786,893,107,0.107,0.020682263395749034
836,918,82,0.082,0.01899754507979378
778,889,111,0.111,0.021660466429777443
784,892,108,0.108,0.02350698458822444
712,856,144,0.144,0.02514943722868338
756,878,122,0.122,0.021440676991362123
732,866,134,0.134,0.023987524550873787
838,919,81,0.081,0.01916493025701493
760,880,120,0.12,0.021760765847750007
820,910,90,0.09,0.021313952500466256
816,908,92,0.092,0.020219492114381864
744,872,128,0.128,0.015549827896174975
818,909,91,0.091,0.012476747603388504
840,920,80,0.08,0.010713500344892964
750,875,125,0.125,0.013508950269431807
766,883,117,0.117,0.017870622465386985
756,878,122,0.122,0.018962259346153587
716,858,142,0.142,0.024311377853620798
754,877,123,0.123,0.02284832772659138
780,890,110,0.11,0.020744362770114093
814,907,93,0.093,0.016660715138539672
738,869,131,0.131,0.0160058542501647
702,851,149,0.149,0.015081466497154906
796,898,102,0.102,0.012951573341619223
734,867,133,0.133,0.01466876226104796
786,893,107,0.107,0.013677339487476275
800,900,100,0.1,0.01358958305825945
766,883,117,0.117,0.013599849971476943
758,879,121,0.121,0.01526517000887543
776,888,112,0.112,0.013999842347577214
750,875,125,0.125,0.015358645351137967
730,865,135,0.135,0.01555806444666814
744,872,128,0.128,0.015972003671573476
794,897,103,0.103,0.013963908667676151
744,872,128,0.128,0.01477452267415356
790,895,105,0.105,0.014852397010545247
746,873,127,0.127,0.016060339863877744
804,902,98,0.098,0.01675170985958539
778,889,111,0.111,0.01398304745578207
718,859,141,0.141,0.0167345068838913
754,877,123,0.123,0.014923743664287031
768,884,116,0.116,0.015301518207415939
756,878,122,0.122,0.014382278223289177
820,910,90,0.09,0.013168875720119103
810,905,95,0.095,0.013887536301277578
782,891,109,0.109,0.013629403647035361
702,851,149,0.149,0.01604856272600591
760,880,120,0.12,0.014091982659883796
792,896,104,0.104,0.012139935977989808
754,877,123,0.123,0.017192228929838165
766,883,117,0.117,0.016697586986236274
726,863,137,0.137,0.018521786923520266
768,884,116,0.116,0.017711549879051745
802,901,99,0.099,0.01505972268548794
778,889,111,0.111,0.014218320928048343
770,885,115,0.115,0.014941016097203828
780,890,110,0.11,0.011035310390754604
776,888,112,0.112,0.010806209487142041
776,888,112,0.112,0.011104756975895726
848,924,76,0.076,0.011953305943636224
788,894,106,0.106,0.012545457799569703
726,863,137,0.137,0.015911450636573135
780,890,110,0.11,0.014920290289213881
734,867,133,0.133,0.01586543925339356
790,895,105,0.105,0.015096258049597964
760,880,120,0.12,0.019911625949665904
778,889,111,0.111,0.0205295621342957
720,860,140,0.14,0.02088529466185719
722,861,139,0.139,0.022055647975765168
800,900,100,0.1,0.01369940557575319
778,889,111,0.111,0.01605016700574197
796,898,102,0.102,0.01285755112976767
728,864,136,0.136,0.015733037325087934
792,896,104,0.104,0.01626873374264687
798,899,101,0.101,0.01573928888887167
780,890,110,0.11,0.016261378770926968
778,889,111,0.111,0.0164453326521907
778,889,111,0.111,0.014249416332691908
754,877,123,0.123,0.013067021213006229
808,904,96,0.096,0.012509742035996169
802,901,99,0.099,0.01291623949049972
716,858,142,0.142,0.023514457677025348
806,903,97,0.097,0.01952984415926039
794,897,103,0.103,0.01961714668245986
774,887,113,0.113,0.021918414833024143
762,881,119,0.119,0.016609138717176394
776,888,112,0.112,0.016832661453168838
752,876,124,0.124,0.017546969714574517
688,844,156,0.156,0.01811813449766487
808,904,96,0.096,0.016571830567903817
758,879,121,0.121,0.018559495274210348
762,881,119,0.119,0.018214829734526573
744,872,128,0.128,0.018000024121720345
756,878,122,0.122,0.018657809264026583
764,882,118,0.118,0.016613463127985596
796,898,102,0.102,0.0154865010548383
752,876,124,0.124,0.017931787629844622
772,886,114,0.114,0.013374513709917664
772,886,114,0.114,0.014497129363939166
812,906,94,0.094,0.012266053097497205
764,882,118,0.118,0.012798518728930503
788,894,106,0.106,0.013956929738167673
722,861,139,0.139,0.01644695088174194
760,880,120,0.12,0.016003501296159812
772,886,114,0.114,0.01507333195162937
712,856,144,0.144,0.017245858181267976
744,872,128,0.128,0.01723765491414815
772,886,114,0.114,0.014754175069509073
816,908,92,0.092,0.013019281186629086
708,854,146,0.146,0.017862570255529134
798,899,101,0.101,0.015546579454094172
740,870,130,0.13,0.01630869790026918
790,895,105,0.105,0.015766591038089247
744,872,128,0.128,0.016435800597304477
828,914,86,0.086,0.012518994542537257
790,895,105,0.105,0.014980418451887089
786,893,107,0.107,0.016039037206908687
756,878,122,0.122,0.01202551481151022
726,863,137,0.137,0.015376044772565364
746,873,127,0.127,0.012807805944932625
790,895,105,0.105,0.014357732429634779
814,907,93,0.093,0.015836992831900716
766,883,117,0.117,0.015000615960452705
766,883,117,0.117,0.014725947898405138
836,918,82,0.082,0.011340875253314153
774,887,113,0.113,0.008864617866347544
764,882,118,0.118,0.009511785952490755
720,860,140,0.14,0.01071755639370531
790,895,105,0.105,0.009843135285598692
806,903,97,0.097,0.009868115588789805
826,913,87,0.087,0.007844714483246208
792,896,104,0.104,0.009191721894079819
832,916,84,0.084,0.007914507543027867
740,870,130,0.13,0.008421144599560648
724,862,138,0.138,0.010427444203582126
752,876,124,0.124,0.01173691987944767
732,866,134,0.134,0.012799581501050853
810,905,95,0.095,0.016349745200248435
782,891,109,0.109,0.014145573989255355
768,884,116,0.116,0.013249884216696955
790,895,105,0.105,0.011589696760638616
812,906,94,0.094,0.0069706070591928435
790,895,105,0.105,0.006812419098801911
788,894,106,0.106,0.007252038013190031
806,903,97,0.097,0.0075237430667039005
732,866,134,0.134,0.013418271116097457
752,876,124,0.124,0.013811407660134136
774,887,113,0.113,0.014496093526482581
778,889,111,0.111,0.015609919974347576
760,880,120,0.12,0.014188451692461967
754,877,123,0.123,0.014632165090180933
826,913,87,0.087,0.010277071726624855
760,880,120,0.12,0.011888887016801164
750,875,125,0.125,0.010784986774902791
792,896,104,0.104,0.009842342912859748
726,863,137,0.137,0.01156643255869858
748,874,126,0.126,0.012093039780156687
782,891,109,0.109,0.01710550495842472
726,863,137,0.137,0.021241935613565147
754,877,123,0.123,0.02152324765594676
766,883,117,0.117,0.02104973906977102
720,860,140,0.14,0.019996964545920492
688,844,156,0.156,0.019409872940159403
774,887,113,0.113,0.019469997126609087
734,867,133,0.133,0.01843497429136187
774,887,113,0.113,0.018335748279234395
724,862,138,0.138,0.01977210498804925
766,883,117,0.117,0.01817139995074831
732,866,134,0.134,0.018519661920610817
768,884,116,0.116,0.015393259750446305
762,881,119,0.119,0.01604893064539647
762,881,119,0.119,0.01713093249546364
740,870,130,0.13,0.015813706781715155
766,883,117,0.117,0.014288856425788253
732,866,134,0.134,0.016691436361521483
764,882,118,0.118,0.014447034584823996
746,873,127,0.127,0.016034553175326437
794,897,103,0.103,0.017592395641840994
800,900,100,0.1,0.015675104843918233
778,889,111,0.111,0.017126474037067966
716,858,142,0.142,0.019029080923646687
704,852,148,0.148,0.018845726917032152
744,872,128,0.128,0.017135569815756754
780,890,110,0.11,0.016900826003868132
798,899,101,0.101,0.016232514848932626
720,860,140,0.14,0.016044017906300723
774,887,113,0.113,0.014235364379826932
718,859,141,0.141,0.016420073525514455
762,881,119,0.119,0.016126662966329603
774,887,113,0.113,0.017464242588263006
756,878,122,0.122,0.020117915253620593
806,903,97,0.097,0.01659644467011094
712,856,144,0.144,0.017122721270192414
750,875,125,0.125,0.012925598703324794
738,869,131,0.131,0.012989703057333827
778,889,111,0.111,0.011617598723387346
778,889,111,0.111,0.012960425585741177
750,875,125,0.125,0.01809990602149628
686,843,157,0.157,0.021931077213259414
782,891,109,0.109,0.01735508004925214
794,897,103,0.103,0.017921040900982916
726,863,137,0.137,0.016060016936506143
722,861,139,0.139,0.014077428159536793
866,933,67,0.067,0.00995580181153491
716,858,142,0.142,0.012738128333599889
720,860,140,0.14,0.012732263337820768
730,865,135,0.135,0.014838730261893944
774,887,113,0.113,0.017002759662922473
732,866,134,0.134,0.01620727558271028
766,883,117,0.117,0.014908734314376488
832,916,84,0.084,0.012243727957713418
806,903,97,0.097,0.008037688417825848
752,876,124,0.124,0.009838851460022852
804,902,98,0.098,0.008135798305389472
782,891,109,0.109,0.008938515438931063
792,896,104,0.104,0.010797103131073528
802,901,99,0.099,0.010151125587755815
742,871,129,0.129,0.010227726809447632
758,879,121,0.121,0.009596917531103828
718,859,141,0.141,0.012679350467398763
746,873,127,0.127,0.012831578849465586
754,877,123,0.123,0.01313466439570766
760,880,120,0.12,0.012319623477524147
802,901,99,0.099,0.009448080827482044
762,881,119,0.119,0.00998405010078568
752,876,124,0.124,0.010431175299454481
772,886,114,0.114,0.009420271946350112
750,875,125,0.125,0.007686584678362124
778,889,111,0.111,0.008735903090971988
768,884,116,0.116,0.00849203048297204
732,866,134,0.134,0.008756791374296882
792,896,104,0.104,0.009357508580200374
790,895,105,0.105,0.00950881739333272
782,891,109,0.109,0.008535148809663952
722,861,139,0.139,0.009585740922251717
762,881,119,0.119,0.008115566980675793
746,873,127,0.127,0.00769325100624701
772,886,114,0.114,0.008388793636346236
728,864,136,0.136,0.009401906933169812
778,889,111,0.111,0.009242787503404543
746,873,127,0.127,0.01002363125840202
758,879,121,0.121,0.00961528471019119
754,877,123,0.123,0.009767389454180375
796,898,102,0.102,0.005094083420000971
768,884,116,0.116,0.005999035227257991
780,890,110,0.11,0.004871098324787454
820,910,90,0.09,0.004298073206269692
770,885,115,0.115,0.005775250554608647
788,894,106,0.106,0.0054372048528457525
736,868,132,0.132,0.006767357465228998
772,886,114,0.114,0.00622550908260746
776,888,112,0.112,0.007830570337944664
786,893,107,0.107,0.007241781465127133
788,894,106,0.106,0.006946755190729164
728,864,136,0.136,0.007570950157009065
760,880,120,0.12,0.005208831529365852
764,882,118,0.118,0.0055827021386940035
744,872,128,0.128,0.005130393918254413
750,875,125,0.125,0.005981244239141233
754,877,123,0.123,0.007703598944935948
758,879,121,0.121,0.008123001650441438
708,854,146,0.146,0.009335243827663361
772,886,114,0.114,0.008993709692149424
802,901,99,0.099,0.007009169666562229
822,911,89,0.089,0.0063502414524555205
804,902,98,0.098,0.005545011371548753
734,867,133,0.133,0.006022906613594387
770,885,115,0.115,0.005345144489663653
762,881,119,0.119,0.005834969198040199
770,885,115,0.115,0.006678786143602337
786,893,107,0.107,0.00802234458969906
760,880,120,0.12,0.006313408351270482
772,886,114,0.114,0.005869917485280894
756,878,122,0.122,0.006199200017144904
780,890,110,0.11,0.005925686159345787
782,891,109,0.109,0.006084491630201228
788,894,106,0.106,0.006345099814701825
746,873,127,0.127,0.006351896088686772
770,885,115,0.115,0.0070739318627165634
776,888,112,0.112,0.0074269925075350325
758,879,121,0.121,0.009073668453493156
754,877,123,0.123,0.007447509287158027
716,858,142,0.142,0.007751723950263112
792,896,104,0.104,0.006090400764835067
824,912,88,0.088,0.005832689927425236
672,836,164,0.164,0.007441599368583411
726,863,137,0.137,0.007237942139618099
758,879,121,0.121,0.007395850213826634
746,873,127,0.127,0.0073695375905372205
768,884,116,0.116,0.007896248230244964
820,910,90,0.09,0.007627230910584331
748,874,126,0.126,0.007483846162969712
802,901,99,0.099,0.00717778796586208
760,880,120,0.12,0.006133152789087035
752,876,124,0.124,0.005573264354898129
714,857,143,0.143,0.006416352328204084
760,880,120,0.12,0.005694833487155848
774,887,113,0.113,0.008927924545947463
682,841,159,0.159,0.010911264532711356
726,863,137,0.137,0.014226660295156762
714,857,143,0.143,0.013267458534566685
790,895,105,0.105,0.010665352872514631
804,902,98,0.098,0.009482333621592261
764,882,118,0.118,0.005771860434731934
814,907,93,0.093,0.005266396296137827
796,898,102,0.102,0.004057638193946332
808,904,96,0.096,0.004628471299269222
766,883,117,0.117,0.006581278392055538
720,860,140,0.14,0.007541665029944852
736,868,132,0.132,0.00908450840075966
744,872,128,0.128,0.00916419548424892
862,931,69,0.069,0.0069866384894121435
778,889,111,0.111,0.009647284305887297
802,901,99,0.099,0.005746156930632423
798,899,101,0.101,0.005996440024930052
736,868,132,0.132,0.0049996993868262505
802,901,99,0.099,0.004702867000014521
768,884,116,0.116,0.006656164236774203
754,877,123,0.123,0.007359244200284593
734,867,133,0.133,0.010826092759903986
744,872,128,0.128,0.010693298019468785
742,871,129,0.129,0.012801788250915706
738,869,131,0.131,0.013015830089338125
780,890,110,0.11,0.011137578931637108
784,892,108,0.108,0.010389034094288945
740,870,130,0.13,0.0077990807791939
774,887,113,0.113,0.006901065639569424
808,904,96,0.096,0.005016774114279542
826,913,87,0.087,0.005028368245228194
762,881,119,0.119,0.0056652350460644815
840,920,80,0.08,0.005549753316678107
808,904,96,0.096,0.0055780439175432545
786,893,107,0.107,0.0057054815368610436
778,889,111,0.111,0.008843246696284042
762,881,119,0.119,0.009165990112931467
772,886,114,0.114,0.009390450329286978
752,876,124,0.124,0.010591677371412516
724,862,138,0.138,0.009839363175211474
756,878,122,0.122,0.00851547079370357
730,865,135,0.135,0.007895651454397011
764,882,118,0.118,0.008508919610874728
776,888,112,0.112,0.007432625848567113
772,886,114,0.114,0.008522852423076984
752,876,124,0.124,0.008235852235578931
756,878,122,0.122,0.008207582309609279
804,902,98,0.098,0.00894126487756148
752,876,124,0.124,0.00898349750135094
720,860,140,0.14,0.01035137187258806
748,874,126,0.126,0.009825552937574684
764,882,118,0.118,0.007603657527011819
828,914,86,0.086,0.0053893226486397905
762,881,119,0.119,0.005763241141161416
816,908,92,0.092,0.0050759334775793835
744,872,128,0.128,0.00847465470462339
734,867,133,0.133,0.007419862292590551
856,928,72,0.072,0.007641257395152934
732,866,134,0.134,0.010251572588924318
808,904,96,0.096,0.008517168555874378
744,872,128,0.128,0.010103514929534867
724,862,138,0.138,0.009728214556351304
720,860,140,0.14,0.007973524849279783
754,877,123,0.123,0.008363262147991919
788,894,106,0.106,0.00858357060002163
706,853,147,0.147,0.010402425043284893
756,878,122,0.122,0.009912441340042278
758,879,121,0.121,0.009102362462785094
784,892,108,0.108,0.009299321288242936
736,868,132,0.132,0.010429743166780098
756,878,122,0.122,0.00831374968844466
784,892,108,0.108,0.009262921990128233
734,867,133,0.133,0.010421629757853225
714,857,143,0.143,0.010365983561379835
774,887,113,0.113,0.011655090322718024
744,872,128,0.128,0.011935980199137703
744,872,128,0.128,0.010875493811210618
818,909,91,0.091,0.011270741471555084
754,877,123,0.123,0.011070125974249095
732,866,134,0.134,0.01032611952163279
756,878,122,0.122,0.00985441611125134
782,891,109,0.109,0.00884368465305306
812,906,94,0.094,0.007924998341943138
756,878,122,0.122,0.009966695110080763
752,876,124,0.124,0.01143640930733818
802,901,99,0.099,0.009053275444894099
724,862,138,0.138,0.011027333788340912
742,871,129,0.129,0.010513039114419372
810,905,95,0.095,0.009743037838255987
808,904,96,0.096,0.00901745082787238
752,876,124,0.124,0.010602481183595955
744,872,128,0.128,0.011027942389249801
730,865,135,0.135,0.010112491951789707
782,891,109,0.109,0.009990234102820978
754,877,123,0.123,0.010818792889243924
742,871,129,0.129,0.015493306779768318
732,866,134,0.134,0.01655941530922428
782,891,109,0.109,0.01668000320298597
764,882,118,0.118,0.016767981215845794
732,866,134,0.134,0.014964579982683062
736,868,132,0.132,0.016742778938729316
750,875,125,0.125,0.013989117981633171
728,864,136,0.136,0.0136399206595961
814,907,93,0.093,0.011853679383639246
714,857,143,0.143,0.012733453130815179
768,884,116,0.116,0.01239520873897709
814,907,93,0.093,0.012566877845441922
778,889,111,0.111,0.013172446871642023
770,885,115,0.115,0.011795511566102505
714,857,143,0.143,0.01363211958669126
762,881,119,0.119,0.011615342632634565
750,875,125,0.125,0.012783525581588037
736,868,132,0.132,0.012717046387493611
726,863,137,0.137,0.01341858123219572
820,910,90,0.09,0.012213363216724248
748,874,126,0.126,0.011216234081424773
740,870,130,0.13,0.011345487629296259
810,905,95,0.095,0.009878743652021512
740,870,130,0.13,0.009533526968443767
708,854,146,0.146,0.010507745023118333
740,870,130,0.13,0.011596754816593603
828,914,86,0.086,0.009659082575934008
720,860,140,0.14,0.013053914526244626
784,892,108,0.108,0.01089481181744486
754,877,123,0.123,0.012068345056381076
734,867,133,0.133,0.010499433023389428
696,848,152,0.152,0.012876510337460786
784,892,108,0.108,0.00901730196434073
756,878,122,0.122,0.009245267746970057
792,896,104,0.104,0.008943460641079582
756,878,122,0.122,0.008999681062065066
734,867,133,0.133,0.008257261036895216
764,882,118,0.118,0.00899120889394544
808,904,96,0.096,0.00851005732716294
826,913,87,0.087,0.0075895009657833724
760,880,120,0.12,0.009289147779694758
700,850,150,0.15,0.01018299641390331
756,878,122,0.122,0.008639562186552211
782,891,109,0.109,0.009699161593802273
788,894,106,0.106,0.009222902894485742
790,895,105,0.105,0.010085013915784657
780,890,110,0.11,0.008598044887883589
758,879,121,0.121,0.009823389711324125
760,880,120,0.12,0.008861927702790127
806,903,97,0.097,0.00742081510880962
788,894,106,0.106,0.006901587431202643
792,896,104,0.104,0.007339605572633445
804,902,98,0.098,0.007022647298872471
750,875,125,0.125,0.008943356663454324
744,872,128,0.128,0.007960761038237252
752,876,124,0.124,0.008692543419776485
760,880,120,0.12,0.008960886010783724
772,886,114,0.114,0.011217352955136449
724,862,138,0.138,0.010965910734375939
748,874,126,0.126,0.011556724485708401
802,901,99,0.099,0.009461318321991713
752,876,124,0.124,0.008662963549490086
692,846,154,0.154,0.010065575985005125
780,890,110,0.11,0.006986394147505052
794,897,103,0.103,0.0067888675479916855
796,898,102,0.102,0.006794502725708298
730,865,135,0.135,0.007991400851402432
764,882,118,0.118,0.00703148328140378
772,886,114,0.114,0.007669708122266456
724,862,138,0.138,0.009115421693772078
784,892,108,0.108,0.008003155859769321
720,860,140,0.14,0.010091954685747624
754,877,123,0.123,0.009347613967722282
802,901,99,0.099,0.008493719615857117
796,898,102,0.102,0.008442063706810585
734,867,133,0.133,0.007419569560792297
730,865,135,0.135,0.007235402634716593
778,889,111,0.111,0.005604050923953764
820,910,90,0.09,0.005352864292566664
746,873,127,0.127,0.005904374621459283
814,907,93,0.093,0.005508180951699615
752,876,124,0.124,0.0066584470461821185
718,859,141,0.141,0.0073873878286685795
744,872,128,0.128,0.008963232360663823
674,837,163,0.163,0.010434012914425693
722,861,139,0.139,0.009660470746923238
730,865,135,0.135,0.010536140718264505
736,868,132,0.132,0.010603321826318278
748,874,126,0.126,0.008993219768395648
714,857,143,0.143,0.010576403331942857
764,882,118,0.118,0.008658391515491531
814,907,93,0.093,0.007019904089102056
756,878,122,0.122,0.007196473781194072
742,871,129,0.129,0.006158269734733039
810,905,95,0.095,0.0055407663160003725
794,897,103,0.103,0.005346465690410696
754,877,123,0.123,0.006517063976760255
720,860,140,0.14,0.007843347501242534
746,873,127,0.127,0.008949014730053023
772,886,114,0.114,0.010643076484673657
774,887,113,0.113,0.010143780337413772
684,842,158,0.158,0.012486228248802946
776,888,112,0.112,0.010252229731529951
770,885,115,0.115,0.007591584040550515
794,897,103,0.103,0.005838476134988013
842,921,79,0.079,0.00562854414593312
760,880,120,0.12,0.004934571762394625
824,912,88,0.088,0.0044724995505530385
822,911,89,0.089,0.004903759462584276
716,858,142,0.142,0.006289301124808844
772,886,114,0.114,0.007694041335489601
752,876,124,0.124,0.008393598175374791
762,881,119,0.119,0.007507922804215923
774,887,113,0.113,0.008112955613876692
726,863,137,0.137,0.007060038484283723
764,882,118,0.118,0.006747955543920397
724,862,138,0.138,0.006739188409643247
744,872,128,0.128,0.00791422284534201
790,895,105,0.105,0.008834171390044504
732,866,134,0.134,0.009522423439892009
754,877,123,0.123,0.009294765493832529
812,906,94,0.094,0.00734949255164247
782,891,109,0.109,0.005072137634968385
782,891,109,0.109,0.004889607134799008
776,888,112,0.112,0.0054689562250277955
774,887,113,0.113,0.004765324168140068
756,878,122,0.122,0.0068430533010978255
782,891,109,0.109,0.0072097922833054325
750,875,125,0.125,0.007435389543185011
762,881,119,0.119,0.007556803783634678
760,880,120,0.12,0.006432119376026094
788,894,106,0.106,0.00681535663883551
722,861,139,0.139,0.007448019878007472
788,894,106,0.106,0.0061563020291505385
750,875,125,0.125,0.007695196811342612
762,881,119,0.119,0.007852116815629416
702,851,149,0.149,0.008682271439698524
714,857,143,0.143,0.01098512523761019
840,920,80,0.08,0.009660010964609682
766,883,117,0.117,0.012239877882413566
778,889,111,0.111,0.0117969364291057
766,883,117,0.117,0.00825882290082518
714,857,143,0.143,0.007575623057142366
712,856,144,0.144,0.008669592755148187
774,887,113,0.113,0.007460202146554366
792,896,104,0.104,0.010138899392448365
776,888,112,0.112,0.012120421268977225
704,852,148,0.148,0.011757901161443441
764,882,118,0.118,0.011440703371306881
810,905,95,0.095,0.009470152542344295
806,903,97,0.097,0.008616498376708477
714,857,143,0.143,0.009966185987577774
750,875,125,0.125,0.009069170753355138
794,897,103,0.103,0.008839382504462265
770,885,115,0.115,0.01032748651120346
698,849,151,0.151,0.01132016018347349
778,889,111,0.111,0.011745690654614008
740,870,130,0.13,0.013758954529475887
758,879,121,0.121,0.014846487228292972
778,889,111,0.111,0.01388005004520528
770,885,115,0.115,0.013706836247816682
754,877,123,0.123,0.012139260797994211
714,857,143,0.143,0.01213223121361807
842,921,79,0.079,0.010787351662525908
770,885,115,0.115,0.012492774395039305
780,890,110,0.11,0.01486714778887108
770,885,115,0.115,0.01442531156912446
774,887,113,0.113,0.013450865045422688
784,892,108,0.108,0.014128878681454807
758,879,121,0.121,0.011543522596359252
788,894,106,0.106,0.009853240612661466
690,845,155,0.155,0.01182857322692871
780,890,110,0.11,0.010134938932023942
684,842,158,0.158,0.014317303406307474
776,888,112,0.112,0.012587265598122031
764,882,118,0.118,0.01348219515918754
704,852,148,0.148,0.016308380603091793
758,879,121,0.121,0.016110017472412436
686,843,157,0.157,0.01717060046363622
748,874,126,0.126,0.015877702151425182
772,886,114,0.114,0.014937387221492827
740,870,130,0.13,0.01052167291752994
720,860,140,0.14,0.010583242097171024
824,912,88,0.088,0.009031063831062057
710,855,145,0.145,0.00964737179945223
760,880,120,0.12,0.013577450051205232
800,900,100,0.1,0.011697722104378045
756,878,122,0.122,0.013134847986279055
766,883,117,0.117,0.012849967310437933
770,885,115,0.115,0.010192699751001783
790,895,105,0.105,0.010131777785718441
710,855,145,0.145,0.010658253390109167
688,844,156,0.156,0.011686272539198399
794,897,103,0.103,0.01402600742247887
762,881,119,0.119,0.013969752933364362
702,851,149,0.149,0.017082972037256696
838,919,81,0.081,0.013385512124281377
750,875,125,0.125,0.010067105388734489
798,899,101,0.101,0.008817827513208613
756,878,122,0.122,0.010251049242098815
758,879,121,0.121,0.00941047497530235
806,903,97,0.097,0.009299100649775937
770,885,115,0.115,0.010093718310003169
776,888,112,0.112,0.011691342191537842
776,888,112,0.112,0.010722895326791331
740,870,130,0.13,0.013537355032516643
786,893,107,0.107,0.012399333020206542
762,881,119,0.119,0.01313389422860928
754,877,123,0.123,0.012368288045749068
774,887,113,0.113,0.012747462774859742
738,869,131,0.131,0.012481855465797708
746,873,127,0.127,0.013115119603928178
796,898,102,0.102,0.011539785550674423
730,865,135,0.135,0.011828119017882272
788,894,106,0.106,0.010524229838745668
758,879,121,0.121,0.011287072802544571
796,898,102,0.102,0.010373217597603799
788,894,106,0.106,0.009284679996548221
776,888,112,0.112,0.010014852931024507
760,880,120,0.12,0.010144903677632102
810,905,95,0.095,0.010055581246037035
776,888,112,0.112,0.009127573761623353
724,862,138,0.138,0.009424925724510104
782,891,109,0.109,0.009157331330701709
774,887,113,0.113,0.009593719366006554
780,890,110,0.11,0.009127508223988116
778,889,111,0.111,0.009143181541003288
752,876,124,0.124,0.00801296156574972
754,877,123,0.123,0.007479146321245935
796,898,102,0.102,0.006278664061566815
782,891,109,0.109,0.006652779711876064
790,895,105,0.105,0.006515096226707101
786,893,107,0.107,0.008497146404115483
732,866,134,0.134,0.009816333058057352
754,877,123,0.123,0.010721252315444872
752,876,124,0.124,0.009881721936399118
738,869,131,0.131,0.01067541863839142
782,891,109,0.109,0.007973096772329881
814,907,93,0.093,0.006506037342711352
766,883,117,0.117,0.005680209712532814
750,875,125,0.125,0.005477528573246673
786,893,107,0.107,0.004250145858852193
794,897,103,0.103,0.005078769736806862
732,866,134,0.134,0.00731621810598881
728,864,136,0.136,0.00927630947495345
800,900,100,0.1,0.010132834342424757
758,879,121,0.121,0.011529313487233595
752,876,124,0.124,0.010367921087774448
748,874,126,0.126,0.009067002331488766
740,870,130,0.13,0.0071485950748901815
776,888,112,0.112,0.006207993648131378
826,913,87,0.087,0.003907810960081406
780,890,110,0.11,0.004813709611771628
730,865,135,0.135,0.005751919126836583
782,891,109,0.109,0.006415321223728824
786,893,107,0.107,0.007574243373470381
760,880,120,0.12,0.007878905513731297
794,897,103,0.103,0.007324680541933049
820,910,90,0.09,0.005936229478538735
724,862,138,0.138,0.005392894494230859
716,858,142,0.142,0.005930169147846755
804,902,98,0.098,0.005459251544554718
722,861,139,0.139,0.00633524872676935
738,869,131,0.131,0.008816287063644268
750,875,125,0.125,0.008395675585605205
850,925,75,0.075,0.008496231951401569
776,888,112,0.112,0.01038633674266748
770,885,115,0.115,0.00800538799422793
800,900,100,0.1,0.007522243063605856
800,900,100,0.1,0.005388608584646136
784,892,108,0.108,0.0051917013399361165
822,911,89,0.089,0.006290381615690422
722,861,139,0.139,0.0067898369363392705
816,908,92,0.092,0.00757521509740036
756,878,122,0.122,0.010529338093940169
778,889,111,0.111,0.008644534244434909
802,901,99,0.099,0.007435831318842247
834,917,83,0.083,0.006455260055256076
784,892,108,0.108,0.006269258951768279
682,841,159,0.159,0.006699048022332135
808,904,96,0.096,0.005785989522701129
782,891,109,0.109,0.006714143918186892
812,906,94,0.094,0.007148540611146018
712,856,144,0.144,0.011937002910417504
742,871,129,0.129,0.012245065802009776
802,901,99,0.099,0.011514123517321423
718,859,141,0.141,0.01302501495461911
752,876,124,0.124,0.011174602096201853
672,836,164,0.164,0.011498886337736621
778,889,111,0.111,0.00858660084893927
764,882,118,0.118,0.01000016708765179
812,906,94,0.094,0.007945129896048456
762,881,119,0.119,0.008569333574327175
644,822,178,0.178,0.010680755896144546
796,898,102,0.102,0.007921165211126208
766,883,117,0.117,0.009311972181778401
818,909,91,0.091,0.008788032427197322
732,866,134,0.134,0.01002616079582367
746,873,127,0.127,0.009011256787693128
748,874,126,0.126,0.00894836580986157
864,932,68,0.068,0.007006795787485316
752,876,124,0.124,0.009571114536607637
740,870,130,0.13,0.009404842763906344
796,898,102,0.102,0.008522053252672777
754,877,123,0.123,0.009356427818071097
784,892,108,0.108,0.009158232419285922
840,920,80,0.08,0.007340666416916065
766,883,117,0.117,0.006852267091395334
756,878,122,0.122,0.007371071030385792
810,905,95,0.095,0.006652410350507125
740,870,130,0.13,0.008649176892940886
730,865,135,0.135,0.012816222500056028
746,873,127,0.127,0.014240402556722983
750,875,125,0.125,0.013057845012866892
760,880,120,0.12,0.014841808100929483
756,878,122,0.122,0.01041256822203286
756,878,122,0.122,0.01014722836134024
786,893,107,0.107,0.009872864392702468
798,899,101,0.101,0.007682076295022853
762,881,119,0.119,0.007628933701547794
696,848,152,0.152,0.00880316990695428
742,871,129,0.129,0.008934453148394823
698,849,151,0.151,0.009414874613750726
816,908,92,0.092,0.008267837669001892
796,898,102,0.102,0.009242945960490034
742,871,129,0.129,0.010340342219918966
712,856,144,0.144,0.011604606793727726
734,867,133,0.133,0.009190721863647923
766,883,117,0.117,0.008786245295777918
760,880,120,0.12,0.008674950101529248
752,876,124,0.124,0.009211229086620733
770,885,115,0.115,0.009380876874784007
776,888,112,0.112,0.009825564289698377
792,896,104,0.104,0.009000771170365624
800,900,100,0.1,0.008846199405146762
800,900,100,0.1,0.007054620322189294
764,882,118,0.118,0.007705264309770428
764,882,118,0.118,0.008025221624528059
770,885,115,0.115,0.007177058368804864
744,872,128,0.128,0.010551600396167487
764,882,118,0.118,0.010063017496140674
722,861,139,0.139,0.010331151058198883
724,862,138,0.138,0.01129153896914795
748,874,126,0.126,0.012592876987531781
768,884,116,0.116,0.011794665971770882
720,860,140,0.14,0.012932062749983743
754,877,123,0.123,0.012736418421845884
714,857,143,0.143,0.012226486709434539
768,884,116,0.116,0.011837619430152699
758,879,121,0.121,0.011191090487409383
720,860,140,0.14,0.011652867461903952
798,899,101,0.101,0.009113487041555344
714,857,143,0.143,0.011064940345007926
852,926,74,0.074,0.009148594018886798
758,879,121,0.121,0.009754815708962269
776,888,112,0.112,0.010383306903066113
734,867,133,0.133,0.01213727649464272
744,872,128,0.128,0.013468243461335077
728,864,136,0.136,0.012888060620054603
774,887,113,0.113,0.016354315164033323
776,888,112,0.112,0.01681625501578674
754,877,123,0.123,0.01668502917001024
816,908,92,0.092,0.014832579695153982
686,843,157,0.157,0.01304002539126668
790,895,105,0.105,0.01133566293050535
836,918,82,0.082,0.00979529218596872
748,874,126,0.126,0.012688374682096765
744,872,128,0.128,0.01600474846083671
794,897,103,0.103,0.015171390326227992
758,879,121,0.121,0.01679987107217312
666,833,167,0.167,0.019761784132337198
770,885,115,0.115,0.01743681635754183
772,886,114,0.114,0.015982375105377287
716,858,142,0.142,0.018219041452743112
718,859,141,0.141,0.016614031847566366
710,855,145,0.145,0.01899284286890179
708,854,146,0.146,0.020536061170510947
700,850,150,0.15,0.022079293122980743
788,894,106,0.106,0.021931298094335944
746,873,127,0.127,0.02158049434516579
808,904,96,0.096,0.020716163935139774
724,862,138,0.138,0.019871702432166787
746,873,127,0.127,0.017471388937206938
786,893,107,0.107,0.014863094949163496
794,897,103,0.103,0.014795891507761554
702,851,149,0.149,0.018543002820108085
806,903,97,0.097,0.014764323052251711
708,854,146,0.146,0.02201541342632845
748,874,126,0.126,0.02144155033165589
718,859,141,0.141,0.025414299527183173
724,862,138,0.138,0.024670791658572853
744,872,128,0.128,0.030371619004756212
814,907,93,0.093,0.02588429513387382
746,873,127,0.127,0.027002919372171162
774,887,113,0.113,0.023000049132853747
804,902,98,0.098,0.018450434686383233
770,885,115,0.115,0.018895451721968128
786,893,107,0.107,0.018508387312060223
764,882,118,0.118,0.017472223998513073
736,868,132,0.132,0.025025178347248583
820,910,90,0.09,0.021404553062282502
786,893,107,0.107,0.024589849804062397
700,850,150,0.15,0.025788864359259606
750,875,125,0.125,0.024534250198863447
788,894,106,0.106,0.024602166587486863
772,886,114,0.114,0.02429997610161081
736,868,132,0.132,0.024835679358802737
746,873,127,0.127,0.022956061367411167
814,907,93,0.093,0.022561179370619355
736,868,132,0.132,0.025056763647124173
718,859,141,0.141,0.026943034526892007
796,898,102,0.102,0.026332963392138482
752,876,124,0.124,0.02560604521073401
772,886,114,0.114,0.027177782471291722
746,873,127,0.127,0.029470966500230133
740,870,130,0.13,0.030286224589683115
766,883,117,0.117,0.03050816571805626
776,888,112,0.112,0.03106831023748964
710,855,145,0.145,0.03608533824235201
766,883,117,0.117,0.032888697045855224
736,868,132,0.132,0.032905191579833626
788,894,106,0.106,0.032529803860932585
706,853,147,0.147,0.03737936816830188
742,871,129,0.129,0.038284008060581985
730,865,135,0.135,0.037944794069044295
776,888,112,0.112,0.04252906695380807
696,848,152,0.152,0.046601317750290035
734,867,133,0.133,0.04120334663800895
772,886,114,0.114,0.04127528584841639
812,906,94,0.094,0.029902732179500163
748,874,126,0.126,0.028842896709684283
736,868,132,0.132,0.027111876116134227
784,892,108,0.108,0.02425247013522312
730,865,135,0.135,0.024807653766591102
820,910,90,0.09,0.023015866636298597
788,894,106,0.106,0.024355098746716975
794,897,103,0.103,0.02289467546902597
790,895,105,0.105,0.022601377406157554
794,897,103,0.103,0.018814446102827787
788,894,106,0.106,0.021230013426858933
756,878,122,0.122,0.0216166059281677
818,909,91,0.091,0.01878282192489132
788,894,106,0.106,0.020460254698060454
766,883,117,0.117,0.02112909152638167
720,860,140,0.14,0.022417751661036163
780,890,110,0.11,0.02431689172424376
682,841,159,0.159,0.02773823797237128
768,884,116,0.116,0.025993430532515047
752,876,124,0.124,0.02656224254798144
742,871,129,0.129,0.025577128370292485
808,904,96,0.096,0.020952374280430376
756,878,122,0.122,0.021705778192263096
796,898,102,0.102,0.02009089073119685
792,896,104,0.104,0.018077739618718624
742,871,129,0.129,0.020801784856361336
808,904,96,0.096,0.01986112496489659
760,880,120,0.12,0.020578529622405767
752,876,124,0.124,0.026871372683905066
748,874,126,0.126,0.02766788627021015
742,871,129,0.129,0.027216683314181863
730,865,135,0.135,0.027401890493929385
776,888,112,0.112,0.03101464601326734
792,896,104,0.104,0.030940342847257853
756,878,122,0.122,0.03295318324957043
734,867,133,0.133,0.033724825713783504
788,894,106,0.106,0.025765391153749078
754,877,123,0.123,0.02351919662533328
810,905,95,0.095,0.023207852188032122
842,921,79,0.079,0.020697605603374542
760,880,120,0.12,0.028184840411879124
706,853,147,0.147,0.03041336111864075
706,853,147,0.147,0.030848535240162164
772,886,114,0.114,0.031772395888343456
714,857,143,0.143,0.040402839148417115
792,896,104,0.104,0.03488684447295964
784,892,108,0.108,0.034961340588517485
808,904,96,0.096,0.03311894725821912
782,891,109,0.109,0.025351402974221855
792,896,104,0.104,0.025293770417571068
718,859,141,0.141,0.027011484624352305
702,851,149,0.149,0.030452137641143052
770,885,115,0.115,0.03540971050132066
738,869,131,0.131,0.03494308925792575
748,874,126,0.126,0.036365820724517106
798,899,101,0.101,0.03568968986533582
756,878,122,0.122,0.037217749753966925
802,901,99,0.099,0.03492743067163974
764,882,118,0.118,0.03735906815109775
712,856,144,0.144,0.03913047482259571
792,896,104,0.104,0.03846185588277876
780,890,110,0.11,0.03769467122294009
704,852,148,0.148,0.043103157205507156
786,893,107,0.107,0.04226940787769854
734,867,133,0.133,0.04740560102835298
774,887,113,0.113,0.04526831980794668
730,865,135,0.135,0.04514891211688519
814,907,93,0.093,0.039756806023418904
830,915,85,0.085,0.03720725011639297
798,899,101,0.101,0.039505471187643706
746,873,127,0.127,0.04160271352902055
752,876,124,0.124,0.03887263893056661
832,916,84,0.084,0.031126033435575663
764,882,118,0.118,0.03536286546010524
742,871,129,0.129,0.03605550344008952
772,886,114,0.114,0.037076770530082286
752,876,124,0.124,0.04436035237088799
794,897,103,0.103,0.04326813026145101
784,892,108,0.108,0.04581634740717709
804,902,98,0.098,0.04924330070707947
786,893,107,0.107,0.05502058525197208
796,898,102,0.102,0.05402518273890018
750,875,125,0.125,0.057297456244006756
792,896,104,0.104,0.05993875546753406
792,896,104,0.104,0.06724379218183457
768,884,116,0.116,0.07041579199209809
822,911,89,0.089,0.07114622984267771
800,900,100,0.1,0.07946184078603982
766,883,117,0.117,0.09836365012079477
756,878,122,0.122,0.10058793224394322
714,857,143,0.143,0.11165404143556952
790,895,105,0.105,0.11790848929435015
728,864,136,0.136,0.1390378682091832
820,910,90,0.09,0.12707132637500762
762,881,119,0.119,0.1334575530514121
734,867,133,0.133,0.13901268846914172
780,890,110,0.11,0.13010484202206135
742,871,129,0.129,0.13707694222033023
736,868,132,0.132,0.1386646485105157
730,865,135,0.135,0.1389687990769744
730,865,135,0.135,0.12191894434392453
758,879,121,0.121,0.1214939587637782
806,903,97,0.097,0.10835588875412941
792,896,104,0.104,0.09745090560987592
736,868,132,0.132,0.07772586355358362
762,881,119,0.119,0.07671606997400522
748,874,126,0.126,0.07003054515458644
800,900,100,0.1,0.06450363213196397
726,863,137,0.137,0.05833092032745481
752,876,124,0.124,0.05381964590959251
758,879,121,0.121,0.046734384370967746
734,867,133,0.133,0.04938607220025733
716,858,142,0.142,0.05011590681783855
768,884,116,0.116,0.04931157216057181
808,904,96,0.096,0.04824003154225647
756,878,122,0.122,0.05168835823051631
810,905,95,0.095,0.046375975236296656
760,880,120,0.12,0.045466297147795556
746,873,127,0.127,0.043982054071500895
806,903,97,0.097,0.04193098213803023
752,876,124,0.124,0.057929975835606454
732,866,134,0.134,0.05456221593916416
800,900,100,0.1,0.06705896795913577
826,913,87,0.087,0.06648257275298237
660,830,170,0.17,0.08264124713465572
784,892,108,0.108,0.07561227136105299
730,865,135,0.135,0.08091509762406349
754,877,123,0.123,0.08184979445114732
790,895,105,0.105,0.08419267689064146
736,868,132,0.132,0.08730251854285598
750,875,125,0.125,0.09010375893861056
748,874,126,0.126,0.09855780677869916
780,890,110,0.11,0.09142793536186218
834,917,83,0.083,0.08988366428762674
730,865,135,0.135,0.09492233653366566
786,893,107,0.107,0.08677772926725447
776,888,112,0.112,0.08313281768932938
706,853,147,0.147,0.08982992079108953
784,892,108,0.108,0.08743022907152773
778,889,111,0.111,0.0882863655909896
734,867,133,0.133,0.09550763597711921
782,891,109,0.109,0.09263030744343996
686,843,157,0.157,0.09560369273275136
786,893,107,0.107,0.0848984876126051
740,870,130,0.13,0.08175234031677246
752,876,124,0.124,0.08066739246994258
750,875,125,0.125,0.06715178186632693
744,872,128,0.128,0.057929485324770214
796,898,102,0.102,0.05190708751045167
736,868,132,0.132,0.05133542461507022
758,879,121,0.121,0.04655451207235455
770,885,115,0.115,0.05007703306432813
784,892,108,0.108,0.04648647577315569
758,879,121,0.121,0.0504431115500629
728,864,136,0.136,0.04827382156997919
720,860,140,0.14,0.04388970239646733
808,904,96,0.096,0.036684942823834714
824,912,88,0.088,0.040277348631992935
778,889,111,0.111,0.03146911107748747
720,860,140,0.14,0.029872418886981906
792,896,104,0.104,0.02644235112075694
838,919,81,0.081,0.022781550213694574
740,870,130,0.13,0.027234891068190336
806,903,97,0.097,0.024596709843724966
760,880,120,0.12,0.026817549729719756
754,877,123,0.123,0.027762954414822162
780,890,110,0.11,0.028710971298627555
734,867,133,0.133,0.02995736712962389
782,891,109,0.109,0.028116795655339956
752,876,124,0.124,0.028589537642896175
754,877,123,0.123,0.03217655657976866
764,882,118,0.118,0.033847086068242785
798,899,101,0.101,0.034808984676375984
586,793,207,0.207,0.041143747390247884
766,883,117,0.117,0.034562047515064476
768,884,116,0.116,0.030038610363379122
724,862,138,0.138,0.03262766889948398
758,879,121,0.121,0.029380371070466937
732,866,134,0.134,0.025834928174503148
734,867,133,0.133,0.027715156415943056
786,893,107,0.107,0.026915087395347655
816,908,92,0.092,0.025301135275512934
776,888,112,0.112,0.026193652064539493
742,871,129,0.129,0.023285132343880834
784,892,108,0.108,0.02352281814208254
744,872,128,0.128,0.020589038828387855
748,874,126,0.126,0.02463995050592348
814,907,93,0.093,0.024167908692732453
740,870,130,0.13,0.02976224402198568
760,880,120,0.12,0.029038720455020667
780,890,110,0.11,0.022072991447290406
814,907,93,0.093,0.01901445402763784
810,905,95,0.095,0.019713167508598417
780,890,110,0.11,0.01574077865551226
804,902,98,0.098,0.014897367205936462
782,891,109,0.109,0.016520821942016484
750,875,125,0.125,0.01920586579083465
758,879,121,0.121,0.020369721634779125
796,898,102,0.102,0.020664112760685385
806,903,97,0.097,0.020170164580456913
740,870,130,0.13,0.021134819522034377
730,865,135,0.135,0.020699620580300688
768,884,116,0.116,0.0153471176661551
820,910,90,0.09,0.01367141367122531
782,891,109,0.109,0.014284479637863114
802,901,99,0.099,0.01475014204205945
782,891,109,0.109,0.018305258920416238
730,865,135,0.135,0.019304290590574966
732,866,134,0.134,0.019598261010833083
728,864,136,0.136,0.019377216557040812
726,863,137,0.137,0.02307699089869857
750,875,125,0.125,0.020913565342780202
758,879,121,0.121,0.021445449844002724
748,874,126,0.126,0.023311328847892582
766,883,117,0.117,0.01979899918846786
746,873,127,0.127,0.01830848994059488
744,872,128,0.128,0.017272492898162455
746,873,127,0.127,0.01654724435461685
770,885,115,0.115,0.017725478497799485
770,885,115,0.115,0.01814187287259847
758,879,121,0.121,0.019731431496329607
758,879,121,0.121,0.021507786098867655
754,877,123,0.123,0.0200820883102715
760,880,120,0.12,0.0184706378900446
804,902,98,0.098,0.01625573165807873
794,897,103,0.103,0.016002370655769482
748,874,126,0.126,0.019861818705685437
732,866,134,0.134,0.020761907045030968
756,878,122,0.122,0.019508789086714388
720,860,140,0.14,0.024876883377786724
742,871,129,0.129,0.02534412150271237
804,902,98,0.098,0.022433103593066335
798,899,101,0.101,0.023734727098140864
770,885,115,0.115,0.02134339272649959
796,898,102,0.102,0.015931077615125105
740,870,130,0.13,0.017204452307894826
802,901,99,0.099,0.016927429565694183
804,902,98,0.098,0.01612792990030721
776,888,112,0.112,0.0166529226093553
792,896,104,0.104,0.0169615728976205
712,856,144,0.144,0.019116228784900158
798,899,101,0.101,0.016775442788377403
798,899,101,0.101,0.015687258498743178
788,894,106,0.106,0.01705906616523862
682,841,159,0.159,0.01955713226366788
802,901,99,0.099,0.01587905738642439
714,857,143,0.143,0.018873840340878814
810,905,95,0.095,0.015138673021458089
792,896,104,0.104,0.015045047503430397
834,917,83,0.083,0.013696699298452585
782,891,109,0.109,0.013291381003102287
804,902,98,0.098,0.012419517358299345
788,894,106,0.106,0.014520203185267746
756,878,122,0.122,0.015148672985844314
790,895,105,0.105,0.0183509774482809
738,869,131,0.131,0.02114399139583111
754,877,123,0.123,0.022075836793519557
786,893,107,0.107,0.022635995571967216
716,858,142,0.142,0.02118956896197051
788,894,106,0.106,0.017998638140503318
822,911,89,0.089,0.017461559255141763
780,890,110,0.11,0.01952151413774118
724,862,138,0.138,0.024157713326625526
740,870,130,0.13,0.025332521746866406
762,881,119,0.119,0.025478649016469717
722,861,139,0.139,0.028328769760206342
788,894,106,0.106,0.02702137775113806
750,875,125,0.125,0.024256318278145044
804,902,98,0.098,0.02058904551784508
804,902,98,0.098,0.019008090810850264
780,890,110,0.11,0.017088549260515718
780,890,110,0.11,0.016495816487353297
778,889,111,0.111,0.01859480660269037
810,905,95,0.095,0.018225342264398932
768,884,116,0.116,0.020238403634168206
772,886,114,0.114,0.019361464768648147
752,876,124,0.124,0.018972633794881403
796,898,102,0.102,0.018993004806339742
774,887,113,0.113,0.02209241590462625
774,887,113,0.113,0.021800903622061014
762,881,119,0.119,0.024339329190552234
706,853,147,0.147,0.023320322723127902
806,903,97,0.097,0.021545582723338157
766,883,117,0.117,0.020529318809509277
812,906,94,0.094,0.019514335201121866
716,858,142,0.142,0.02206091611273587
752,876,124,0.124,0.019893916923552753
760,880,120,0.12,0.021438817163463682
782,891,109,0.109,0.02358335977140814
762,881,119,0.119,0.0257554328776896
748,874,126,0.126,0.025525626951828598
782,891,109,0.109,0.02582019731309265
740,870,130,0.13,0.026948588507249953
756,878,122,0.122,0.027438847473822536
730,865,135,0.135,0.028454992666840553
772,886,114,0.114,0.02623858219292015
778,889,111,0.111,0.021736036451533436
804,902,98,0.098,0.021138637428171934
800,900,100,0.1,0.020689308549743147
712,856,144,0.144,0.02050610932940617
836,918,82,0.082,0.01965905355103314
782,891,109,0.109,0.021784582736436277
752,876,124,0.124,0.02197943256329745
808,904,96,0.096,0.019331743782386182
784,892,108,0.108,0.015506140428595244
866,933,67,0.067,0.014053494659718125
742,871,129,0.129,0.018189214522019027
754,877,123,0.123,0.0161465671248734
784,892,108,0.108,0.017575993828475474
752,876,124,0.124,0.02051435245713219
722,861,139,0.139,0.020676140554249288
770,885,115,0.115,0.023730646228417755
700,850,150,0.15,0.02379694715794176
730,865,135,0.135,0.022829729442484677
768,884,116,0.116,0.0224681813782081
786,893,107,0.107,0.022173448687884956
756,878,122,0.122,0.02353919989056885
808,904,96,0.096,0.021637147332541646
758,879,121,0.121,0.021203216743655502
800,900,100,0.1,0.020356557305902242
822,911,89,0.089,0.018457512568449602
800,900,100,0.1,0.019697561934590338
752,876,124,0.124,0.0204748296700418
718,859,141,0.141,0.024314050930086522
760,880,120,0.12,0.029432718615047634
732,866,134,0.134,0.029848400785587727
796,898,102,0.102,0.029754252482205628
788,894,106,0.106,0.02928003797959536
790,895,105,0.105,0.0215780432629399
734,867,133,0.133,0.02098405943112448
770,885,115,0.115,0.018806534735951574
742,871,129,0.129,0.01851663600699976
760,880,120,0.12,0.019841026071459055
808,904,96,0.096,0.01931483571836725
770,885,115,0.115,0.020105841300450265
712,856,144,0.144,0.025084077896084637
756,878,122,0.122,0.025681174143217505
724,862,138,0.138,0.024603311998769643
788,894,106,0.106,0.02254998896783218
750,875,125,0.125,0.02308643566071987
816,908,92,0.092,0.014910421849694103
762,881,119,0.119,0.017156042709364556
718,859,141,0.141,0.01776255885255523
798,899,101,0.101,0.014058752285316587
764,882,118,0.118,0.01615479331719689
778,889,111,0.111,0.01847478432254866
750,875,125,0.125,0.019473862259881573
774,887,113,0.113,0.02093817299278453
774,887,113,0.113,0.023913201434072107
792,896,104,0.104,0.02135250226035714
798,899,101,0.101,0.02030634256079793
774,887,113,0.113,0.019339500991627574
752,876,124,0.124,0.014370858150068671
752,876,124,0.124,0.014204847589600831
852,926,74,0.074,0.01320829650061205
788,894,106,0.106,0.014441863992018624
768,884,116,0.116,0.017971105976961554
740,870,130,0.13,0.021552933069877326
730,865,135,0.135,0.021567105922382326
732,866,134,0.134,0.023560589379630983
766,883,117,0.117,0.024943956092000008
752,876,124,0.124,0.02524575634021312
758,879,121,0.121,0.024690825163386762
810,905,95,0.095,0.021225401862058787
728,864,136,0.136,0.016538876553764566
722,861,139,0.139,0.01475919715478085
782,891,109,0.109,0.01420411193696782
784,892,108,0.108,0.015179522201186046
778,889,111,0.111,0.016808748471550644
786,893,107,0.107,0.017470471933484076
756,878,122,0.122,0.017077674007043242
768,884,116,0.116,0.018568009909940883
732,866,134,0.134,0.02238262603525072
782,891,109,0.109,0.019826873035635798
782,891,109,0.109,0.019229407800361514
768,884,116,0.116,0.019147712376434357
800,900,100,0.1,0.014491857763379813
764,882,118,0.118,0.013420015541370959
804,902,98,0.098,0.0129790485589765
766,883,117,0.117,0.013190591760212556
720,860,140,0.14,0.01800843747984618
762,881,119,0.119,0.02168346159113571
742,871,129,0.129,0.02365470292652026
758,879,121,0.121,0.023459810059983283
812,906,94,0.094,0.02315744391316548
766,883,117,0.117,0.01968012933759019
710,855,145,0.145,0.02192102212458849
760,880,120,0.12,0.02024301409488544
782,891,109,0.109,0.018191201322013514
708,854,146,0.146,0.023038259548600764
770,885,115,0.115,0.023004388173110783
768,884,116,0.116,0.022385437122546138
762,881,119,0.119,0.024473752457648514
778,889,111,0.111,0.022730085144285112
784,892,108,0.108,0.024390481209382416
792,896,104,0.104,0.023032298734411597
750,875,125,0.125,0.021647484959103167
746,873,127,0.127,0.024079364908859133
748,874,126,0.126,0.024652554959990084
794,897,103,0.103,0.02312847207346931
756,878,122,0.122,0.026180888154543936
770,885,115,0.115,0.02807164187077433
752,876,124,0.124,0.027051140117459
724,862,138,0.138,0.029444359304383397
730,865,135,0.135,0.028436350610107183
844,922,78,0.078,0.020529394459910692
766,883,117,0.117,0.022621183091774584
788,894,106,0.106,0.02274984705494717
792,896,104,0.104,0.01744445641664788
822,911,89,0.089,0.017247499099466948
754,877,123,0.123,0.019801617578137667
758,879,121,0.121,0.020738687245175243
790,895,105,0.105,0.022671411715913563
690,845,155,0.155,0.0312177426898852
782,891,109,0.109,0.02804349301289767
758,879,121,0.121,0.02849252131022513
790,895,105,0.105,0.025012335136532785
728,864,136,0.136,0.02244318776996806
810,905,95,0.095,0.019811303537804633
744,872,128,0.128,0.021426821449305862
706,853,147,0.147,0.022446866563055664
748,874,126,0.126,0.022303355881012975
782,891,109,0.109,0.02236440677801147
838,919,81,0.081,0.020631123200524598
802,901,99,0.099,0.02020475664595142
746,873,127,0.127,0.019721586915664373
718,859,141,0.141,0.01998663224093616
740,870,130,0.13,0.021444178809644655
752,876,124,0.124,0.02322709627915174
808,904,96,0.096,0.024911863958463072
718,859,141,0.141,0.027890003471635283
794,897,103,0.103,0.024641083517111837
764,882,118,0.118,0.02354832289367914
758,879,121,0.121,0.021582113323267548
752,876,124,0.124,0.022301351211499423
764,882,118,0.118,0.020901880785357208
802,901,99,0.099,0.023598059947602452
672,836,164,0.164,0.0377207427630201
806,903,97,0.097,0.029943498364649712
754,877,123,0.123,0.031183072335086763
772,886,114,0.114,0.03329013488534838
726,863,137,0.137,0.028827783652581273
814,907,93,0.093,0.028037006160244345
782,891,109,0.109,0.02728469523601234
684,842,158,0.158,0.028044456138275563
742,871,129,0.129,0.032461542077362536
740,870,130,0.13,0.03375860745832324
816,908,92,0.092,0.033353082863613964
710,855,145,0.145,0.03864682310074568
746,873,127,0.127,0.03681020308844745
758,879,121,0.121,0.03667084637563676
768,884,116,0.116,0.03166240285895765
802,901,99,0.099,0.02989845162909478
756,878,122,0.122,0.025299197250045837
734,867,133,0.133,0.028846774132922293
790,895,105,0.105,0.0278060295432806
786,893,107,0.107,0.030655527390539648
832,916,84,0.084,0.03683892251737416
752,876,124,0.124,0.03842619926761836
828,914,86,0.086,0.03465704885497689
800,900,100,0.1,0.03361836799234152
764,882,118,0.118,0.0318611216545105
750,875,125,0.125,0.03483181833941489
690,845,155,0.155,0.03874314973317087
748,874,126,0.126,0.03853233874589205
826,913,87,0.087,0.045003346925601366
728,864,136,0.136,0.0507915927041322
772,886,114,0.114,0.047966156724840406
770,885,115,0.115,0.046540156120434405
752,876,124,0.124,0.04099016156047583
756,878,122,0.122,0.04073590331710875
784,892,108,0.108,0.03995689820498228
762,881,119,0.119,0.04121490681916475
726,863,137,0.137,0.046369968546554445
732,866,134,0.134,0.04856139248795807
780,890,110,0.11,0.046725290881469844
728,864,136,0.136,0.045193835308775306
732,866,134,0.134,0.046419920593500134
764,882,118,0.118,0.044271285980939865
794,897,103,0.103,0.04595049608312547
714,857,143,0.143,0.04658452864922583
774,887,113,0.113,0.04203938864916563
854,927,73,0.073,0.031103961340151726
784,892,108,0.108,0.034665932434611024
776,888,112,0.112,0.033161331930197775
680,840,160,0.16,0.033228025678545235
754,877,123,0.123,0.032910128433257343
716,858,142,0.142,0.034439491000957785
760,880,120,0.12,0.03413233212940395
692,846,154,0.154,0.04749334970861673
770,885,115,0.115,0.04443537735939026
752,876,124,0.124,0.044069330383092166
806,903,97,0.097,0.042697364607825875
704,852,148,0.148,0.03999711668118835
766,883,117,0.117,0.033161639872938395
760,880,120,0.12,0.033080747899599375
784,892,108,0.108,0.029023539195768534
752,876,124,0.124,0.03070140665397048
792,896,104,0.104,0.032048118135891854
786,893,107,0.107,0.03213986299093813
738,869,131,0.131,0.033631064916029574
756,878,122,0.122,0.03852809826470911
798,899,101,0.101,0.036521419921889904
802,901,99,0.099,0.03787988710403442
774,887,113,0.113,0.0384497672021389
768,884,116,0.116,0.039663787782192234
732,866,134,0.134,0.045211592433042826
756,878,122,0.122,0.04999190533906221
682,841,159,0.159,0.052544419404119254
810,905,95,0.095,0.05908992029167712
752,876,124,0.124,0.06388725325278938
766,883,117,0.117,0.06186428314819932
804,902,98,0.098,0.05808519694209099
760,880,120,0.12,0.058293032310903076
746,873,127,0.127,0.05758524964004755
776,888,112,0.112,0.05898623362928629
708,854,146,0.146,0.06659438130445779
754,877,123,0.123,0.062299072604626415
720,860,140,0.14,0.06472124582529068
822,911,89,0.089,0.06283520380593836
798,899,101,0.101,0.05732340685464442
732,866,134,0.134,0.05416181931551546
792,896,104,0.104,0.046295109789818524
748,874,126,0.126,0.04485316564515233
794,897,103,0.103,0.04123521355073899
786,893,107,0.107,0.04168985476717353
718,859,141,0.141,0.04350163859128952
752,876,124,0.124,0.04227849894203246
796,898,102,0.102,0.04102772947214544
852,926,74,0.074,0.03601825923845172
716,858,142,0.142,0.04039323070645332
770,885,115,0.115,0.03526366491802037
734,867,133,0.133,0.03974651077762246
776,888,112,0.112,0.03590044065192342
748,874,126,0.126,0.03534558143466711
748,874,126,0.126,0.0339226485081017
786,893,107,0.107,0.03185162326646969
746,873,127,0.127,0.03543398260697722
692,846,154,0.154,0.04160031904559582
750,875,125,0.125,0.04616748412698507
714,857,143,0.143,0.04767428145185113
760,880,120,0.12,0.0444265978615731
750,875,125,0.125,0.04108479112293571
754,877,123,0.123,0.032709621182642874
736,868,132,0.132,0.03226978422701359
738,869,131,0.131,0.028721343684475868
792,896,104,0.104,0.027851108682341873
726,863,137,0.137,0.03320738101843745
770,885,115,0.115,0.03179823722876608
742,871,129,0.129,0.037041494937613606
742,871,129,0.129,0.03805638772621751
736,868,132,0.132,0.035178362956270574
776,888,112,0.112,0.03475869014393538
816,908,92,0.092,0.027842743516899644
756,878,122,0.122,0.030568726757541298
798,899,101,0.101,0.029482262128032743
764,882,118,0.118,0.028087390020489694
760,880,120,0.12,0.026404766273219138
792,896,104,0.104,0.025578144514001908
740,870,130,0.13,0.028066427477635443
742,871,129,0.129,0.027981551227159798
746,873,127,0.127,0.03426911458838731
792,896,104,0.104,0.035625120068900284
762,881,119,0.119,0.03840693971142173
666,833,167,0.167,0.038086978788487616
760,880,120,0.12,0.0321755395764485
732,866,134,0.134,0.03180840433482081
768,884,116,0.116,0.028446863203309476
808,904,96,0.096,0.02506638119649142
786,893,107,0.107,0.021827351641375572
764,882,118,0.118,0.020814976860769094
744,872,128,0.128,0.02027674959274009
766,883,117,0.117,0.019364236379042266
740,870,130,0.13,0.02325679458491504
726,863,137,0.137,0.02757787035778165
730,865,135,0.135,0.027745893586892636
730,865,135,0.135,0.029960745848715307
764,882,118,0.118,0.029944544181227686
792,896,104,0.104,0.02662683813460171
804,902,98,0.098,0.0230985700506717
722,861,139,0.139,0.020310771428979933
744,872,128,0.128,0.017483908109832556
836,918,82,0.082,0.014430879940278828
746,873,127,0.127,0.017563815665896983
748,874,126,0.126,0.0196729001076892
782,891,109,0.109,0.020915354819968344
688,844,156,0.156,0.026182533896062524
716,858,142,0.142,0.0299495360404253
750,875,125,0.125,0.03221445838920772
766,883,117,0.117,0.03388383482769132
702,851,149,0.149,0.032731860507279636
740,870,130,0.13,0.029377310892567038
786,893,107,0.107,0.023097246697638185
778,889,111,0.111,0.02166645631939173
758,879,121,0.121,0.018035342526622117
760,880,120,0.12,0.01789509334694594
762,881,119,0.119,0.01969073376059532
778,889,111,0.111,0.019871635661460458
814,907,93,0.093,0.021087330663576723
774,887,113,0.113,0.021597652215976267
796,898,102,0.102,0.018317946614697576
776,888,112,0.112,0.019256332892924548
786,893,107,0.107,0.015662360547110437
776,888,112,0.112,0.01475540989357978
734,867,133,0.133,0.017420889143832028
794,897,103,0.103,0.01696869350410998
712,856,144,0.144,0.021226244469173254
778,889,111,0.111,0.02283475714782253
796,898,102,0.102,0.02314816700015217
850,925,75,0.075,0.01906048899656162
788,894,106,0.106,0.019116021568421276
802,901,99,0.099,0.016483844635076822
756,878,122,0.122,0.015689355956856162
754,877,123,0.123,0.015865536720026285
760,880,120,0.12,0.015585681991185993
764,882,118,0.118,0.017878783059772103
808,904,96,0.096,0.01716673955647275
816,908,92,0.092,0.016280655972193928
830,915,85,0.085,0.01621688709896989
812,906,94,0.094,0.012220181712647899
740,870,130,0.13,0.012772252965718508
802,901,99,0.099,0.01286635640845634
728,864,136,0.136,0.014302084997063503
822,911,89,0.089,0.0185679751066491
776,888,112,0.112,0.021003170049283655
746,873,127,0.127,0.023020891586318613
746,873,127,0.127,0.024086189306341113
742,871,129,0.129,0.018521974277682603
790,895,105,0.105,0.01568432787479833
796,898,102,0.102,0.01384311337233521
776,888,112,0.112,0.01362318481062539
834,917,83,0.083,0.012038609521929174
730,865,135,0.135,0.01360500404809136
740,870,130,0.13,0.015062717276625335
792,896,104,0.104,0.01414411861030385
790,895,105,0.105,0.015575745052658022
720,860,140,0.14,0.018478853296022862
800,900,100,0.1,0.016852319326717408
714,857,143,0.143,0.018449228337965907
782,891,109,0.109,0.01668086795974523
736,868,132,0.132,0.016655994079075753
722,861,139,0.139,0.01734790613455698
750,875,125,0.125,0.017610859024338423
752,876,124,0.124,0.02027657325193286
782,891,109,0.109,0.022756978173740207
742,871,129,0.129,0.024723116554319857
738,869,131,0.131,0.023311643397435546
782,891,109,0.109,0.020646632557734846
768,884,116,0.116,0.01708709490345791
778,889,111,0.111,0.016892050372902305
724,862,138,0.138,0.016593548006843775
796,898,102,0.102,0.01669251030916348
728,864,136,0.136,0.01957596889650449
744,872,128,0.128,0.01962795943999663
744,872,128,0.128,0.02012054400984198
830,915,85,0.085,0.018885025918483733
778,889,111,0.111,0.02051063099782914
738,869,131,0.131,0.020268907968886196
764,882,118,0.118,0.022292801323346795
772,886,114,0.114,0.02389738750271499
720,860,140,0.14,0.025011589728761465
750,875,125,0.125,0.026240951029583813
818,909,91,0.091,0.02365016391966492
820,910,90,0.09,0.019542481598909943
734,867,133,0.133,0.022654358964413403
756,878,122,0.122,0.021754209917970002
778,889,111,0.111,0.024647383282892406
722,861,139,0.139,0.03014611948188394
772,886,114,0.114,0.032966065177693966
794,897,103,0.103,0.03311643321346491
794,897,103,0.103,0.035119255589321254
714,857,143,0.143,0.03602196091227233
704,852,148,0.148,0.036455409326590596
756,878,122,0.122,0.03360852101910859
744,872,128,0.128,0.03963249430991709
784,892,108,0.108,0.04221853645052761
794,897,103,0.103,0.04415764233097434
756,878,122,0.122,0.04618415605463087
840,920,80,0.08,0.03898863464593887
686,843,157,0.157,0.04256899084150791
762,881,119,0.119,0.03770282482355833
796,898,102,0.102,0.03711726119276136
822,911,89,0.089,0.03519588322006166
740,870,130,0.13,0.03688028610870242
750,875,125,0.125,0.03657757562212646
736,868,132,0.132,0.037581228068098424
814,907,93,0.093,0.035800634508952496
750,875,125,0.125,0.03778287322819233
822,911,89,0.089,0.033955929114483294
756,878,122,0.122,0.03664012875407934
810,905,95,0.095,0.035808105296455325
746,873,127,0.127,0.03793502043187618
774,887,113,0.113,0.04007949725165963
788,894,106,0.106,0.04127347406186163
762,881,119,0.119,0.0427237073071301
760,880,120,0.12,0.044008302649483085
784,892,108,0.108,0.044500652484595775
802,901,99,0.099,0.04522740550339222
740,870,130,0.13,0.05630123559944332
746,873,127,0.127,0.057270777812227606
716,858,142,0.142,0.061987211572006345
734,867,133,0.133,0.06510754899680614
828,914,86,0.086,0.055673457691445945
848,924,76,0.076,0.05416812790185213
814,907,93,0.093,0.0512140366025269
746,873,127,0.127,0.048240696443244815
754,877,123,0.123,0.047227814685553315
732,866,134,0.134,0.04685762779787183
782,891,109,0.109,0.05081423459388316
762,881,119,0.119,0.0629924178123474
710,855,145,0.145,0.07433908562734723
758,879,121,0.121,0.07262921837717294
782,891,109,0.109,0.0719303501136601
762,881,119,0.119,0.06233728259429336
764,882,118,0.118,0.0510591564103961
796,898,102,0.102,0.04823847618047148
736,868,132,0.132,0.04705675063282251
774,887,113,0.113,0.043550165584310886
766,883,117,0.117,0.04703182215057313
782,891,109,0.109,0.04780676131695509
806,903,97,0.097,0.044706936245784167
774,887,113,0.113,0.05284067130088806
774,887,113,0.113,0.061686537321656944
738,869,131,0.131,0.06464841087348759
784,892,108,0.108,0.06347640064917505
730,865,135,0.135,0.07101943262852728
750,875,125,0.125,0.07130666280165315
780,890,110,0.11,0.07308915518224239
728,864,136,0.136,0.0752490452118218
758,879,121,0.121,0.08622767016664147
784,892,108,0.108,0.08375230790674687
768,884,116,0.116,0.08591387378424406
788,894,106,0.106,0.08689704666659236
812,906,94,0.094,0.07135024277865887
766,883,117,0.117,0.06504404870793223
728,864,136,0.136,0.0665362957753241
768,884,116,0.116,0.06272761836089194
756,878,122,0.122,0.07448894404247403
802,901,99,0.099,0.07345235311239957
794,897,103,0.103,0.0760693995654583
762,881,119,0.119,0.07786342930048704
748,874,126,0.126,0.07138115877658129
814,907,93,0.093,0.061821834787726404
734,867,133,0.133,0.06896543322876096
756,878,122,0.122,0.06436448980495334
792,896,104,0.104,0.065534911647439
742,871,129,0.129,0.0678589063808322
766,883,117,0.117,0.06703949898853898
746,873,127,0.127,0.07004856980219483
718,859,141,0.141,0.09519674880057573
750,875,125,0.125,0.10148257634043693
774,887,113,0.113,0.10399219866469503
748,874,126,0.126,0.10098972190544009
794,897,103,0.103,0.08201378874480725
740,870,130,0.13,0.07847788617759943
800,900,100,0.1,0.07345561382174493
724,862,138,0.138,0.07520236406289041
776,888,112,0.112,0.07284915100038052
716,858,142,0.142,0.0792509865425527
736,868,132,0.132,0.08356848296150565
824,912,88,0.088,0.07566162361577153
768,884,116,0.116,0.07546273098886012
812,906,94,0.094,0.06979196186363697
740,870,130,0.13,0.07418180437013507
804,902,98,0.098,0.06557533395290374
710,855,145,0.145,0.06785231455788017
768,884,116,0.116,0.0673296947106719
790,895,105,0.105,0.06627144195884466
710,855,145,0.145,0.07232772107422351
752,876,124,0.124,0.0791365737579763
744,872,128,0.128,0.07884875783324241
812,906,94,0.094,0.07199978795275092
748,874,126,0.126,0.07422393710538745
814,907,93,0.093,0.05262514452636242
802,901,99,0.099,0.052926282856613396
776,888,112,0.112,0.04939145044609904
792,896,104,0.104,0.0491127923373133
762,881,119,0.119,0.052094294868409635
748,874,126,0.126,0.053763030868023635
770,885,115,0.115,0.05288109944202006
790,895,105,0.105,0.051797792984172704
776,888,112,0.112,0.053629681427031756
782,891,109,0.109,0.051118795933201906
750,875,125,0.125,0.05447565145604313
784,892,108,0.108,0.05082019074261188
792,896,104,0.104,0.044357403347268703
816,908,92,0.092,0.0407093398263678
770,885,115,0.115,0.04495026050880551
766,883,117,0.117,0.04634154265001416
754,877,123,0.123,0.0575842974614352
762,881,119,0.119,0.05853812026232481
740,870,130,0.13,0.059734150420874356
788,894,106,0.106,0.05818302531726658
792,896,104,0.104,0.052186413127928974
792,896,104,0.104,0.052362176232039925
722,861,139,0.139,0.05477731558121741
786,893,107,0.107,0.04615912055596709
728,864,136,0.136,0.05375448853895068
758,879,121,0.121,0.051478773983195426
814,907,93,0.093,0.051195342168211935
716,858,142,0.142,0.06525035829097033
768,884,116,0.116,0.0672492902316153
780,890,110,0.11,0.06606836919859052
766,883,117,0.117,0.06683914243429899
748,874,126,0.126,0.062493082735687495
772,886,114,0.114,0.054423281848430635
746,873,127,0.127,0.05649325026012957
742,871,129,0.129,0.05668175262399018
744,872,128,0.128,0.06334495696984231
694,847,153,0.153,0.07856517042592168
716,858,142,0.142,0.07182064156234265
758,879,121,0.121,0.07266094232350588
778,889,111,0.111,0.06917937295511364
762,881,119,0.119,0.0656932883746922
776,888,112,0.112,0.06384381016343832
744,872,128,0.128,0.06191509018652141
790,895,105,0.105,0.0547683576606214
744,872,128,0.128,0.0508046558573842
724,862,138,0.138,0.055108010971918704
778,889,111,0.111,0.052806195119395855
726,863,137,0.137,0.05879359427280724
810,905,95,0.095,0.05495984365232289
772,886,114,0.114,0.05833350944146514
778,889,111,0.111,0.05821693222597241
782,891,109,0.109,0.05661232780665159
792,896,104,0.104,0.053323138127103445
808,904,96,0.096,0.05489984772540629
756,878,122,0.122,0.058982874462381006
792,896,104,0.104,0.06097116242721677
714,857,143,0.143,0.0694758482184261
734,867,133,0.133,0.06906452268362046
808,904,96,0.096,0.06981715275719762
800,900,100,0.1,0.07170763939991594
746,873,127,0.127,0.07059317379072308
760,880,120,0.12,0.07081016125530004
806,903,97,0.097,0.06308654341101647
806,903,97,0.097,0.0648379936106503
760,880,120,0.12,0.06753696240857243
704,852,148,0.148,0.06980193820595741
742,871,129,0.129,0.06860130535438656
740,870,130,0.13,0.07174271099641918
758,879,121,0.121,0.07563515751436353
762,881,119,0.119,0.07614799655601383
758,879,121,0.121,0.07991364890336991
758,879,121,0.121,0.06970141518674791
762,881,119,0.119,0.06319609611853957
726,863,137,0.137,0.06081922266073525
804,902,98,0.098,0.049282500982284545
820,910,90,0.09,0.040963479407597335
772,886,114,0.114,0.04375781499408186
716,858,142,0.142,0.047634180260822175
750,875,125,0.125,0.045548890655860305
780,890,110,0.11,0.04301799453049898
806,903,97,0.097,0.04199621851183474
684,842,158,0.158,0.047405863385647534
782,891,109,0.109,0.048885007156059146
708,854,146,0.146,0.06312389539182187
834,917,83,0.083,0.05780744958855212
776,888,112,0.112,0.06123870744556188
748,874,126,0.126,0.0620735754147172
792,896,104,0.104,0.05500060254707932
776,888,112,0.112,0.05403322099708021
740,870,130,0.13,0.057192663300782445
732,866,134,0.134,0.05792936250939965
772,886,114,0.114,0.06114984224922955
784,892,108,0.108,0.05829667851142585
800,900,100,0.1,0.062103740582242606
788,894,106,0.106,0.062217853538692
752,876,124,0.124,0.06471307332254947
694,847,153,0.153,0.07152567898854613
776,888,112,0.112,0.06562656666338444
776,888,112,0.112,0.0656447229385376
798,899,101,0.101,0.06067441446520388
842,921,79,0.079,0.05766273391619325
754,877,123,0.123,0.06196311167441308
834,917,83,0.083,0.04555689364857972
776,888,112,0.112,0.04573034961335361
762,881,119,0.119,0.04736138029955327
752,876,124,0.124,0.049305679704993964
680,840,160,0.16,0.06229989746771753
738,869,131,0.131,0.06069091797247529
784,892,108,0.108,0.05939788088947535
820,910,90,0.09,0.06032978595048189
724,862,138,0.138,0.06344816892594099
766,883,117,0.117,0.05017921214364469
786,893,107,0.107,0.05178973421640694
730,865,135,0.135,0.050693327736109496
814,907,93,0.093,0.04477101209387183
804,902,98,0.098,0.04539734308607876
784,892,108,0.108,0.047550940932705996
780,890,110,0.11,0.04648311375640333
742,871,129,0.129,0.04466678875125945
810,905,95,0.095,0.0399592995364219
740,870,130,0.13,0.04141518356651068
816,908,92,0.092,0.03848162255063653
782,891,109,0.109,0.04638136899285018
760,880,120,0.12,0.04880433706566691
778,889,111,0.111,0.05067189789749682
792,896,104,0.104,0.049969951665028926
772,886,114,0.114,0.04357955183833837
754,877,123,0.123,0.04028629133850336
722,861,139,0.139,0.043545513106510045
750,875,125,0.125,0.04235460180044174
806,903,97,0.097,0.043596027739346024
758,879,121,0.121,0.046294071227312085
794,897,103,0.103,0.04236061153374612
790,895,105,0.105,0.04377996008843184
744,872,128,0.128,0.048399715114384886
740,870,130,0.13,0.049623272746801374
756,878,122,0.122,0.05091196427866816
780,890,110,0.11,0.05111173037812114
738,869,131,0.131,0.05805061581172049
762,881,119,0.119,0.05858726019226015
726,863,137,0.137,0.05846121715009212
840,920,80,0.08,0.051103170040994884
788,894,106,0.106,0.04734302665106952
724,862,138,0.138,0.05305754711478949
784,892,108,0.108,0.04974810564517975
792,896,104,0.104,0.0522239180803299
816,908,92,0.092,0.06364627027325333
672,836,164,0.164,0.07749511819705367
812,906,94,0.094,0.06797778932191431
726,863,137,0.137,0.07435878066718578
818,909,91,0.091,0.07229929692670703
778,889,111,0.111,0.08184511974826456
738,869,131,0.131,0.08722005182132125
756,878,122,0.122,0.08437089291587473
798,899,101,0.101,0.08554726324602961
744,872,128,0.128,0.0865671224705875
732,866,134,0.134,0.0855908935200423
732,866,134,0.134,0.08453193585202098
756,878,122,0.122,0.0732203275859356
748,874,126,0.126,0.07075860466063022
666,833,167,0.167,0.07726155338063836
788,894,106,0.106,0.06889332873001695
766,883,117,0.117,0.06459741121344269
766,883,117,0.117,0.06373226058855652
766,883,117,0.117,0.06299462772719562
714,857,143,0.143,0.06223503134958446
766,883,117,0.117,0.05354605859145522
690,845,155,0.155,0.05723578140698373
756,878,122,0.122,0.054969311829656364
786,893,107,0.107,0.05570767537131906
776,888,112,0.112,0.04821062033809721
816,908,92,0.092,0.04308230422250926
736,868,132,0.132,0.044140176372602584
792,896,104,0.104,0.0345095978686586
826,913,87,0.087,0.030435170429758726
742,871,129,0.129,0.033989231752231716
774,887,113,0.113,0.032806350952014326
770,885,115,0.115,0.037071345632895825
758,879,121,0.121,0.040032362746074794
776,888,112,0.112,0.03971409408561885
742,871,129,0.129,0.04088031327165663
804,902,98,0.098,0.03563761713914573
744,872,128,0.128,0.03526982857566327
778,889,111,0.111,0.03125147934118286
740,870,130,0.13,0.032249525752849874
772,886,114,0.114,0.031834534420631826
784,892,108,0.108,0.03344083655439317
724,862,138,0.138,0.0341755891405046
822,911,89,0.089,0.03178380611538887
756,878,122,0.122,0.034218740878626704
748,874,126,0.126,0.03298467014729976
750,875,125,0.125,0.03398949818313122
744,872,128,0.128,0.03476080268621445
768,884,116,0.116,0.030557542969472707
740,870,130,0.13,0.028328264597803354
752,876,124,0.124,0.028170089676976203
762,881,119,0.119,0.02900058126077056
792,896,104,0.104,0.02368435359466821
772,886,114,0.114,0.025400297733489424
716,858,142,0.142,0.026640431355684994
734,867,133,0.133,0.025781554212793708
834,917,83,0.083,0.022572856432758272
750,875,125,0.125,0.024209380998276173
728,864,136,0.136,0.025334281149320303
722,861,139,0.139,0.02634734760783613
786,893,107,0.107,0.021734380702488124
776,888,112,0.112,0.02058780787140131
762,881,119,0.119,0.022402662138454616
788,894,106,0.106,0.02118165887333453
738,869,131,0.131,0.022571941435337067
752,876,124,0.124,0.024338193499483168
782,891,109,0.109,0.02313936439808458
734,867,133,0.133,0.026310308420099317
788,894,106,0.106,0.02612671560421586
772,886,114,0.114,0.025234483365900815
770,885,115,0.115,0.02592595159355551
786,893,107,0.107,0.02377215160196647
746,873,127,0.127,0.01948751678876579
740,870,130,0.13,0.02021697711199522
778,889,111,0.111,0.0205208670720458
760,880,120,0.12,0.025206033277325332
790,895,105,0.105,0.02595687870401889
792,896,104,0.104,0.027038993378169833
736,868,132,0.132,0.027922931086272
772,886,114,0.114,0.02598210133984685
752,876,124,0.124,0.024743034115061163
818,909,91,0.091,0.022724356424063445
772,886,114,0.114,0.024898868466727436
812,906,94,0.094,0.022740121239796282
734,867,133,0.133,0.023322490622289478
824,912,88,0.088,0.021376224014908074
780,890,110,0.11,0.023133458566851915
788,894,106,0.106,0.02510634187515825
784,892,108,0.108,0.03181745429057628
856,928,72,0.072,0.03093270091433078
792,896,104,0.104,0.03407927189394832
770,885,115,0.115,0.03406681525614113
816,908,92,0.092,0.0318328604940325
796,898,102,0.102,0.031242310403846205
756,878,122,0.122,0.03467075925692916
742,871,129,0.129,0.03527829878591001
750,875,125,0.125,0.03410919665079564
794,897,103,0.103,0.03454775316920131
784,892,108,0.108,0.0357953082062304
770,885,115,0.115,0.034910789016634226
752,876,124,0.124,0.040500325582921506
772,886,114,0.114,0.040508606983348724
728,864,136,0.136,0.043221748208627106
774,887,113,0.113,0.040926386401057245
788,894,106,0.106,0.04102443042956293
716,858,142,0.142,0.04392998622171581
716,858,142,0.142,0.04571023068204522
768,884,116,0.116,0.04448069382458925
826,913,87,0.087,0.03843804979138076
836,918,82,0.082,0.03805056466162205
816,908,92,0.092,0.03239988154824823
728,864,136,0.136,0.037315740700811145
756,878,122,0.122,0.03535012974124402
776,888,112,0.112,0.03444760895334184
772,886,114,0.114,0.04022959012165666
844,922,78,0.078,0.037748983299359676
770,885,115,0.115,0.0458866001367569
840,920,80,0.08,0.04142036642506718
802,901,99,0.099,0.03824669134709984
826,913,87,0.087,0.0373342106603086
782,891,109,0.109,0.03848116064351052
756,878,122,0.122,0.03875028733443469
736,868,132,0.132,0.051218071861192586
736,868,132,0.132,0.05308121927455068
742,871,129,0.129,0.0753826278746128
790,895,105,0.105,0.07207012943923473
760,880,120,0.12,0.07461269920691847
766,883,117,0.117,0.07109676458314061
706,853,147,0.147,0.058846747443079946
690,845,155,0.155,0.059166472842916845
758,879,121,0.121,0.054367647847160694
792,896,104,0.104,0.0532218262348324
668,834,166,0.166,0.06800582430511713
752,876,124,0.124,0.06310707389190794
822,911,89,0.089,0.05906090921163559
756,878,122,0.122,0.06172786808758974
788,894,106,0.106,0.0485994537146762
770,885,115,0.115,0.04692981486581266
728,864,136,0.136,0.04297153003327549
796,898,102,0.102,0.04248618176020682
768,884,116,0.116,0.03996353876776993
756,878,122,0.122,0.041144874650985
756,878,122,0.122,0.044139593578875064
788,894,106,0.106,0.043415042778477075
718,859,141,0.141,0.04794543525762856
754,877,123,0.123,0.04446746838465333
772,886,114,0.114,0.042632493529468775
774,887,113,0.113,0.04278163591958582
726,863,137,0.137,0.036969223915599286
772,886,114,0.114,0.033054018701426685
806,903,97,0.097,0.030164446553215384
792,896,104,0.104,0.028999722502194344
752,876,124,0.124,0.02832961950171739
710,855,145,0.145,0.029450448736548424
706,853,147,0.147,0.03357836617156863
760,880,120,0.12,0.032251106763258576
818,909,91,0.091,0.03462648117914796
742,871,129,0.129,0.03689037341810763
766,883,117,0.117,0.03685226824786514
728,864,136,0.136,0.03679834626428783
748,874,126,0.126,0.0250546699995175
816,908,92,0.092,0.023210685631260275
712,856,144,0.144,0.023942427368834614
764,882,118,0.118,0.02189304850343615
806,903,97,0.097,0.019313299256842584
748,874,126,0.126,0.020344584254547955
732,866,134,0.134,0.021146524525247515
802,901,99,0.099,0.018961276318412275
760,880,120,0.12,0.02342596009746194
770,885,115,0.115,0.023698843146674337
732,866,134,0.134,0.02603548432607204
812,906,94,0.094,0.023778642133809626
740,870,130,0.13,0.022043398623820393
760,880,120,0.12,0.020746749316342177
818,909,91,0.091,0.018028382403310388
764,882,118,0.118,0.017637932930141688
764,882,118,0.118,0.018528895473107695
816,908,92,0.092,0.01696862443862483
770,885,115,0.115,0.020109807489439847
750,875,125,0.125,0.020231358419638128
750,875,125,0.125,0.023824818178080024
752,876,124,0.124,0.02265162935759872
750,875,125,0.125,0.022805891843512654
754,877,123,0.123,0.02289671016484499
766,883,117,0.117,0.017264683016575872
764,882,118,0.118,0.01743137097125873
710,855,145,0.145,0.018036654874682426
790,895,105,0.105,0.016244435247033836
768,884,116,0.116,0.02248610112257302
712,856,144,0.144,0.02537227063765749
760,880,120,0.12,0.025370919757522644
754,877,123,0.123,0.02696193494927138
780,890,110,0.11,0.025243549006059764
766,883,117,0.117,0.02391316374670714
776,888,112,0.112,0.019665153892245144
786,893,107,0.107,0.01874198188725859
756,878,122,0.122,0.016586930248886345
824,912,88,0.088,0.016045674257911743
752,876,124,0.124,0.019015322472434492
790,895,105,0.105,0.01994167851191014
742,871,129,0.129,0.024919125749729574
792,896,104,0.104,0.021818213085643946
758,879,121,0.121,0.02252637377753854
798,899,101,0.101,0.021050541194155812
760,880,120,0.12,0.02055351676419377
722,861,139,0.139,0.02084500272013247
744,872,128,0.128,0.020722025599330663
762,881,119,0.119,0.020011791151948274
756,878,122,0.122,0.022423938837833703
810,905,95,0.095,0.0214648936484009
700,850,150,0.15,0.024387999692000447
706,853,147,0.147,0.023678890943527223
816,908,92,0.092,0.01971834730077535
728,864,136,0.136,0.02090615780092776
706,853,147,0.147,0.023943007726222276
784,892,108,0.108,0.021007769744843245
760,880,120,0.12,0.020266997494734824
698,849,151,0.151,0.02248516631126404
752,876,124,0.124,0.019837031594477594
826,913,87,0.087,0.016686475381255148
762,881,119,0.119,0.014010298699140548
776,888,112,0.112,0.01385658659832552
760,880,120,0.12,0.013312400938477367
766,883,117,0.117,0.014055166434496641
726,863,137,0.137,0.017630577778909355
780,890,110,0.11,0.016412583796773107
836,918,82,0.082,0.018231229013763367
762,881,119,0.119,0.02032058926858008
716,858,142,0.142,0.01964297395851463
762,881,119,0.119,0.01743546943902038
802,901,99,0.099,0.012413964155130089
730,865,135,0.135,0.013357978085521608
760,880,120,0.12,0.013771531987702474
744,872,128,0.128,0.014222372078336775
706,853,147,0.147,0.019483587029855698
778,889,111,0.111,0.019657729956554248
814,907,93,0.093,0.020960242395289243
750,875,125,0.125,0.021062252258881926
744,872,128,0.128,0.018141416082158683
752,876,124,0.124,0.015951092932373286
770,885,115,0.115,0.01334939104411751
826,913,87,0.087,0.012810842433944345
752,876,124,0.124,0.013685155577026308
764,882,118,0.118,0.013237654420547187
816,908,92,0.092,0.013850403652060778
782,891,109,0.109,0.015508239171933383
748,874,126,0.126,0.0187731164842844
766,883,117,0.117,0.01952670743688941
760,880,120,0.12,0.018617138736415656
754,877,123,0.123,0.019336874581873418
778,889,111,0.111,0.018638321314007045
730,865,135,0.135,0.020524729604832828
776,888,112,0.112,0.020054088696837426
836,918,82,0.082,0.0180149681083858
768,884,116,0.116,0.018336588373873385
744,872,128,0.128,0.01895433987537399
780,890,110,0.11,0.018488238921854645
722,861,139,0.139,0.020351114856544884
790,895,105,0.105,0.021805227688513697
752,876,124,0.124,0.023867189319804312
782,891,109,0.109,0.022854344747029246
818,909,91,0.091,0.02172860989253968
742,871,129,0.129,0.020106451630592347
702,851,149,0.149,0.021525738700293003
786,893,107,0.107,0.01921018672455102
780,890,110,0.11,0.020068746177479623
782,891,109,0.109,0.02411637862632051
744,872,128,0.128,0.026902639348991217
720,860,140,0.14,0.028560118379071357
754,877,123,0.123,0.026579748754389586
836,918,82,0.082,0.023131196406669916
784,892,108,0.108,0.02339613438397646
754,877,123,0.123,0.022649765252601355
788,894,106,0.106,0.021563324551098047
704,852,148,0.148,0.024577352809719743
752,876,124,0.124,0.027924781650304795
740,870,130,0.13,0.02917377886362374
800,900,100,0.1,0.027081016388721763
800,900,100,0.1,0.03516448712348938
756,878,122,0.122,0.03791138805449009
754,877,123,0.123,0.03822024091333151
756,878,122,0.122,0.038229091574437914
796,898,102,0.102,0.028322037327103318
856,928,72,0.072,0.023736131191253663
738,869,131,0.131,0.02629196354281157
766,883,117,0.117,0.02716219721129164
750,875,125,0.125,0.036144692924339326
728,864,136,0.136,0.044277539102360604
714,857,143,0.143,0.04560469712037593
758,879,121,0.121,0.04547278777509928
790,895,105,0.105,0.05757523697428405
814,907,93,0.093,0.05479384142532945
778,889,111,0.111,0.055125601517036556
762,881,119,0.119,0.05798855075798929
734,867,133,0.133,0.04400793660618365
774,887,113,0.113,0.04134305894561112
810,905,95,0.095,0.040701522191986444
716,858,142,0.142,0.04591213348507881
762,881,119,0.119,0.055658817728981375
782,891,109,0.109,0.062136100256815555
778,889,111,0.111,0.057115944743156434
772,886,114,0.114,0.057922661986202
746,873,127,0.127,0.06440505380555987
774,887,113,0.113,0.06290262228250504
768,884,116,0.116,0.06307487248070538
748,874,126,0.126,0.06508296523988247
766,883,117,0.117,0.07867549864575267
696,848,152,0.152,0.07952197644859553
726,863,137,0.137,0.0812941330038011
770,885,115,0.115,0.08082296976074577
730,865,135,0.135,0.08958078145235777
746,873,127,0.127,0.088924341596663
730,865,135,0.135,0.08832728154212237
800,900,100,0.1,0.08703331185132265
786,893,107,0.107,0.08152153888717294
778,889,111,0.111,0.08121173647418618
756,878,122,0.122,0.08252689412608742
780,890,110,0.11,0.07901463295146822
746,873,127,0.127,0.09207983338832855
780,890,110,0.11,0.09199333607777953
782,891,109,0.109,0.0951271280273795
766,883,117,0.117,0.09671112696081399
760,880,120,0.12,0.1103525974676013
720,860,140,0.14,0.11589669144898652
766,883,117,0.117,0.11560758650302887
768,884,116,0.116,0.11580571422725916
802,901,99,0.099,0.11243168450891972
792,896,104,0.104,0.11456488504633308
782,891,109,0.109,0.11299442207813262
742,871,129,0.129,0.11483563204482197
762,881,119,0.119,0.1199889277368784
772,886,114,0.114,0.12749811435490846
796,898,102,0.102,0.1346964058279991
758,879,121,0.121,0.14150075861811637
746,873,127,0.127,0.1655200649946928
768,884,116,0.116,0.16215055615454912
684,842,158,0.158,0.16816607101261616
706,853,147,0.147,0.167915318608284
736,868,132,0.132,0.14224522721022367
728,864,136,0.136,0.13357293428480624
764,882,118,0.118,0.13202874229103326
748,874,126,0.126,0.12937654572725296
748,874,126,0.126,0.10229292827099562
748,874,126,0.126,0.09892479651421308
738,869,131,0.131,0.09124062809348106
812,906,94,0.094,0.0852050398811698
736,868,132,0.132,0.08691026826202869
730,865,135,0.135,0.09037241691350936
778,889,111,0.111,0.08755071029812098
760,880,120,0.12,0.09504132800921798
806,903,97,0.097,0.09965055265650154
822,911,89,0.089,0.10274810486286878
720,860,140,0.14,0.10497101967409253
712,856,144,0.144,0.1084527577497065
758,879,121,0.121,0.09852662414312363
792,896,104,0.104,0.09461352114006877
796,898,102,0.102,0.08812677008286118
822,911,89,0.089,0.08998974141851067
718,859,141,0.141,0.0963348624445498
682,841,159,0.159,0.09402574338018894
760,880,120,0.12,0.0971892071440816
798,899,101,0.101,0.10275331911072134
764,882,118,0.118,0.11076535997539759
798,899,101,0.101,0.10570371764153243
690,845,155,0.155,0.11335310661047697
764,882,118,0.118,0.10275534264743329
700,850,150,0.15,0.10906838715448976
684,842,158,0.158,0.11544838104769588
738,869,131,0.131,0.10949459555745125
772,886,114,0.114,0.10824918210506439
766,883,117,0.117,0.10705779226496816
794,897,103,0.103,0.10103101668506861
730,865,135,0.135,0.10295279221981764
722,861,139,0.139,0.09414888007566333
814,907,93,0.093,0.08378160542994738
800,900,100,0.1,0.08359687869250775
758,879,121,0.121,0.08868934955820441
686,843,157,0.157,0.09677073200419545
696,848,152,0.152,0.10662689074873924
780,890,110,0.11,0.10116963488236069
762,881,119,0.119,0.10311050067096948
752,876,124,0.124,0.10582676535844802
810,905,95,0.095,0.10081698259711265
726,863,137,0.137,0.09742511048167944
738,869,131,0.131,0.09329008143767714
754,877,123,0.123,0.08501201208308339
732,866,134,0.134,0.08715954697132111
820,910,90,0.09,0.08135234185308218
770,885,115,0.115,0.08582483683899045
752,876,124,0.124,0.0918271553106606
786,893,107,0.107,0.09149458437040449
780,890,110,0.11,0.09414219400659203
798,899,101,0.101,0.09477705419808626
714,857,143,0.143,0.10815168106555939
840,920,80,0.08,0.10244211170077323
788,894,106,0.106,0.10975300177186728
740,870,130,0.13,0.11730887784808874
806,903,97,0.097,0.1223456423804164
722,861,139,0.139,0.13778181286156177
784,892,108,0.108,0.141170984685421
806,903,97,0.097,0.15652222537249327
732,866,134,0.134,0.20632494113594294
762,881,119,0.119,0.2094177501052618
762,881,119,0.119,0.2153853613436222
718,859,141,0.141,0.23006016920506955
692,846,154,0.154,0.2423067896515131
744,872,128,0.128,0.2340785541832447
728,864,136,0.136,0.24434386771917344
660,830,170,0.17,0.26088321408629417
724,862,138,0.138,0.2722470832914114
794,897,103,0.103,0.2613310103267431
666,833,167,0.167,0.2767062268257141
734,867,133,0.133,0.26753111213445663
700,850,150,0.15,0.23097998964786529
740,870,130,0.13,0.22941827076673507
780,890,110,0.11,0.21087416197359563
764,882,118,0.118,0.201679091013968
838,919,81,0.081,0.18067279390990734
766,883,117,0.117,0.19163009472191334
732,866,134,0.134,0.18960931554436683
706,853,147,0.147,0.18994972622394563
778,889,111,0.111,0.17701085652410983
774,887,113,0.113,0.17128709367662667
766,883,117,0.117,0.16030647852271795
732,866,134,0.134,0.1577444354593754
732,866,134,0.134,0.14236014890670776
758,879,121,0.121,0.13676753748208284
732,866,134,0.134,0.13651252544671297
776,888,112,0.112,0.1288689617216587
746,873,127,0.127,0.13032404594123365
796,898,102,0.102,0.12256290277838706
804,902,98,0.098,0.1263124448247254
714,857,143,0.143,0.13828774227946997
826,913,87,0.087,0.14401043725758791
768,884,116,0.116,0.15450689563900233
754,877,123,0.123,0.1546694843620062
728,864,136,0.136,0.15517744129151106
792,896,104,0.104,0.14576948184520006
756,878,122,0.122,0.151054815903306
760,880,120,0.12,0.1467579920515418
760,880,120,0.12,0.14301230466365814
784,892,108,0.108,0.13646089208871126
780,890,110,0.11,0.14247869508713484
746,873,127,0.127,0.14220562856644392
756,878,122,0.122,0.14576994569599627
740,870,130,0.13,0.15640126355737446
804,902,98,0.098,0.14993496580421925
742,871,129,0.129,0.15380004749447107
770,885,115,0.115,0.1450139119848609
782,891,109,0.109,0.12647359401732683
738,869,131,0.131,0.11339025767147541
826,913,87,0.087,0.09995077125355602
732,866,134,0.134,0.08523424077033996
818,909,91,0.091,0.06832230765186251
754,877,123,0.123,0.07122878315858543
796,898,102,0.102,0.0683108937740326
802,901,99,0.099,0.07168842536583543
760,880,120,0.12,0.07852513750642538
794,897,103,0.103,0.069311857085675
804,902,98,0.098,0.0711893361620605
756,878,122,0.122,0.0661012111082673
764,882,118,0.118,0.0626125452350825
772,886,114,0.114,0.0662826305218041
748,874,126,0.126,0.06972554758563637
770,885,115,0.115,0.07687198322638869
788,894,106,0.106,0.07484152748808265
802,901,99,0.099,0.07293211020156741
766,883,117,0.117,0.07530458822101355
766,883,117,0.117,0.07132583416625857
748,874,126,0.126,0.07191739000752569
798,899,101,0.101,0.07015038274228573
766,883,117,0.117,0.07268458304926753
764,882,118,0.118,0.07407305236160755
696,848,152,0.152,0.076618786893785
754,877,123,0.123,0.07589980927109719
752,876,124,0.124,0.07719371236115694
782,891,109,0.109,0.07618867226690054
788,894,106,0.106,0.07730666849389672
704,852,148,0.148,0.08133791117370129
734,867,133,0.133,0.08032384994998575
766,883,117,0.117,0.07616273331642151
832,916,84,0.084,0.07069295045360922
794,897,103,0.103,0.06759402352571488
762,881,119,0.119,0.0661305875275284
772,886,114,0.114,0.06813836798816919
708,854,146,0.146,0.07255635375343263
772,886,114,0.114,0.08684118894860149
806,903,97,0.097,0.09885807320475579
780,890,110,0.11,0.10672332648932933
764,882,118,0.118,0.11018418137729168
794,897,103,0.103,0.10131772166118026
788,894,106,0.106,0.09346826488524676
828,914,86,0.086,0.087111412756145
766,883,117,0.117,0.08875499568507075
740,870,130,0.13,0.09112674583122134
760,880,120,0.12,0.09620015456900001
706,853,147,0.147,0.11116287508234382
738,869,131,0.131,0.11433693302422762
766,883,117,0.117,0.12420063185691833
744,872,128,0.128,0.1477733592092991
730,865,135,0.135,0.1502422388345003
726,863,137,0.137,0.15367295287549496
722,861,139,0.139,0.1624426160156727
774,887,113,0.113,0.17072787126153707
758,879,121,0.121,0.17698580853641033
734,867,133,0.133,0.18231765569001437
778,889,111,0.111,0.18145799370855092
782,891,109,0.109,0.16247289828956127
788,894,106,0.106,0.14110427490621805
788,894,106,0.106,0.1396709973141551
738,869,131,0.131,0.12806928288936614
696,848,152,0.152,0.12272911641746759
780,890,110,0.11,0.12212366561591625
770,885,115,0.115,0.12482385782152414
738,869,131,0.131,0.13129960595071316
768,884,116,0.116,0.12789906211942434
734,867,133,0.133,0.12465260861814022
708,854,146,0.146,0.13046677565574646
720,860,140,0.14,0.13253182546794415
744,872,128,0.128,0.13728163564950227
748,874,126,0.126,0.1384946014508605
760,880,120,0.12,0.14077891555428504
782,891,109,0.109,0.14441757595539093
724,862,138,0.138,0.12710729015618563
762,881,119,0.119,0.12346892777457834
718,859,141,0.141,0.12191934482380748
696,848,152,0.152,0.1179030293598771
774,887,113,0.113,0.09006973385810851
758,879,121,0.121,0.08890415257588029
756,878,122,0.122,0.09067102564871311
780,890,110,0.11,0.08776400699093938
792,896,104,0.104,0.08121906074136495
678,839,161,0.161,0.08896696611866355
746,873,127,0.127,0.085594562869519
758,879,121,0.121,0.08653768905252218
762,881,119,0.119,0.10531761169433594
736,868,132,0.132,0.1093913353458047
762,881,119,0.119,0.11279525899887086
764,882,118,0.118,0.11260625394433736
710,855,145,0.145,0.11646458153426648
822,911,89,0.089,0.10994814597815275
818,909,91,0.091,0.10673657887801528
760,880,120,0.12,0.1054567738212645
734,867,133,0.133,0.10521162512898445
756,878,122,0.122,0.1034731999412179
780,890,110,0.11,0.10930041362345219
728,864,136,0.136,0.11342437430098652
790,895,105,0.105,0.1097332032546401
760,880,120,0.12,0.10312488076835871
778,889,111,0.111,0.09795681184157728
794,897,103,0.103,0.08666177324950695
752,876,124,0.124,0.06411453825049103
760,880,120,0.12,0.0623787997700274
718,859,141,0.141,0.06481544241309166
730,865,135,0.135,0.06633429416082799
834,917,83,0.083,0.06932893505692482
738,869,131,0.131,0.07445019086450338
780,890,110,0.11,0.06726585758477449
802,901,99,0.099,0.06546975236944855
754,877,123,0.123,0.05556053455173969
758,879,121,0.121,0.05469523617811501
792,896,104,0.104,0.054223190877586605
764,882,118,0.118,0.05556683117151261
788,894,106,0.106,0.06147053974121809
794,897,103,0.103,0.06234430109336972
760,880,120,0.12,0.0664443683847785
804,902,98,0.098,0.06751882946491242
772,886,114,0.114,0.0776416429169476
762,881,119,0.119,0.07906776981428265
724,862,138,0.138,0.08420894952490926
726,863,137,0.137,0.08458639833331108
770,885,115,0.115,0.08086658908054233
782,891,109,0.109,0.08230636534094811
772,886,114,0.114,0.081354844648391
794,897,103,0.103,0.08014977239817381
686,843,157,0.157,0.09046855210140348
744,872,128,0.128,0.08779199365153909
798,899,101,0.101,0.08848380341753363
736,868,132,0.132,0.09451515432447195
764,882,118,0.118,0.08957474046573043
758,879,121,0.121,0.0835533009544015
754,877,123,0.123,0.07905420684814453
796,898,102,0.102,0.07647041851654648
804,902,98,0.098,0.07532182540930808
742,871,129,0.129,0.07709492845460772
714,857,143,0.143,0.08245719633251429
770,885,115,0.115,0.08732011135295034
716,858,142,0.142,0.09695119534432887
788,894,106,0.106,0.09494764209166169
770,885,115,0.115,0.10051401299983263
736,868,132,0.132,0.10139080781117081
810,905,95,0.095,0.09269170070439577
788,894,106,0.106,0.09057595557533205
790,895,105,0.105,0.0854016958028078
734,867,133,0.133,0.0877463206462562
766,883,117,0.117,0.0885446314997971
760,880,120,0.12,0.09181711887195707
790,895,105,0.105,0.08545073132589459
764,882,118,0.118,0.08991715353354812
738,869,131,0.131,0.08757964285090565
794,897,103,0.103,0.07728780733421445
772,886,114,0.114,0.07337516552582383
800,900,100,0.1,0.05740897785499692
756,878,122,0.122,0.05207578878384084
732,866,134,0.134,0.04589841626491398
804,902,98,0.098,0.04315292375907302
748,874,126,0.126,0.04817382851615548
710,855,145,0.145,0.05452005089819431
752,876,124,0.124,0.05919359334558248
728,864,136,0.136,0.06321399782411755
796,898,102,0.102,0.06032467469573021
766,883,117,0.117,0.05794172233901918
708,854,146,0.146,0.05318013684265316
804,902,98,0.098,0.04554381883889437
760,880,120,0.12,0.04208219907432795
706,853,147,0.147,0.04316990260966122
780,890,110,0.11,0.04093458684626967
798,899,101,0.101,0.038049201304093005
774,887,113,0.113,0.040048160597682
794,897,103,0.103,0.03904423398524523
782,891,109,0.109,0.044387416344135996
774,887,113,0.113,0.051274393893778324
784,892,108,0.108,0.05080819367989898
746,873,127,0.127,0.05395670060813427
758,879,121,0.121,0.05467767117917538
790,895,105,0.105,0.04562655495107174
790,895,105,0.105,0.0453175338152796
670,835,165,0.165,0.050011233640834686
772,886,114,0.114,0.042092098359018566
792,896,104,0.104,0.03828385790251195
754,877,123,0.123,0.04151312037371099
744,872,128,0.128,0.042867883913218975
700,850,150,0.15,0.04350009396485984
744,872,128,0.128,0.03769806123059243
800,900,100,0.1,0.035413292795419694
824,912,88,0.088,0.032187512123957276
790,895,105,0.105,0.03215513058565557
692,846,154,0.154,0.030445751684717835
726,863,137,0.137,0.02880159334745258
750,875,125,0.125,0.030384473552927376
740,870,130,0.13,0.03569986668135971
786,893,107,0.107,0.042300273669883606
760,880,120,0.12,0.04223140767216683
774,887,113,0.113,0.037910153733566404
758,879,121,0.121,0.04192343697324395
766,883,117,0.117,0.0322715655779466
774,887,113,0.113,0.02899622077587992
840,920,80,0.08,0.024867535550147295
764,882,118,0.118,0.027289247306995095
732,866,134,0.134,0.028512005157768725
822,911,89,0.089,0.026796673079952597
792,896,104,0.104,0.027371402228251098
712,856,144,0.144,0.031123891820199787
760,880,120,0.12,0.030266505086794494
752,876,124,0.124,0.031488254790194334
718,859,141,0.141,0.031164498260244727
704,852,148,0.148,0.03060318764857948
776,888,112,0.112,0.02589689998421818
798,899,101,0.101,0.025567612893879415
764,882,118,0.118,0.025204351420514286
786,893,107,0.107,0.025296704874373972
824,912,88,0.088,0.02365693619195372
706,853,147,0.147,0.025425798434764148
754,877,123,0.123,0.025074784630909563
760,880,120,0.12,0.026258402165956794
722,861,139,0.139,0.027010410520248114
792,896,104,0.104,0.025853455077856777
724,862,138,0.138,0.029068959944881498
758,879,121,0.121,0.028269876265898348
752,876,124,0.124,0.027505759143270553
818,909,91,0.091,0.02474125175178051
748,874,126,0.126,0.026577333150431513
736,868,132,0.132,0.026362763908691703
740,870,130,0.13,0.027398668934591114
724,862,138,0.138,0.02767181734275073
804,902,98,0.098,0.02613877164758742
826,913,87,0.087,0.025526628812775017
744,872,128,0.128,0.02763092092052102
738,869,131,0.131,0.02875816046074033
736,868,132,0.132,0.028892680148594082
712,856,144,0.144,0.029437903938815
808,904,96,0.096,0.0273159949593246
736,868,132,0.132,0.027654256847687065
734,867,133,0.133,0.028333950561471283
760,880,120,0.12,0.02636540023609996
770,885,115,0.115,0.026961494626477362
722,861,139,0.139,0.02844416425563395
780,890,110,0.11,0.026187453664839266
798,899,101,0.101,0.024541272409260274
714,857,143,0.143,0.025350769783370197
798,899,101,0.101,0.02007680911431089
774,887,113,0.113,0.018981610144488514
792,896,104,0.104,0.01837914533400908
716,858,142,0.142,0.018948982122819872
796,898,102,0.102,0.018745388229377567
760,880,120,0.12,0.021399252287228592
728,864,136,0.136,0.02152220832835883
746,873,127,0.127,0.02162339621409774
708,854,146,0.146,0.021887996288016437
768,884,116,0.116,0.020832187951542437
758,879,121,0.121,0.02173485683929175
788,894,106,0.106,0.02109253720380366
778,889,111,0.111,0.021155267965979874
788,894,106,0.106,0.02066929739760235
724,862,138,0.138,0.021607702314853667
762,881,119,0.119,0.022134777293540537
750,875,125,0.125,0.022906030825339256
750,875,125,0.125,0.02323661092389375
840,920,80,0.08,0.021344138854183257
752,876,124,0.124,0.023264929161407055
732,866,134,0.134,0.020961478112265466
784,892,108,0.108,0.020504291611723603
730,865,135,0.135,0.02286655084695667
770,885,115,0.115,0.022487044856883586
738,869,131,0.131,0.02418022439908236
776,888,112,0.112,0.025745735161937774
784,892,108,0.108,0.02483679192978889
756,878,122,0.122,0.02589979219995439
750,875,125,0.125,0.02422980537172407
788,894,106,0.106,0.020043731407728048
766,883,117,0.117,0.019336258611176164
790,895,105,0.105,0.018738467602524907
776,888,112,0.112,0.01777112852782011
798,899,101,0.101,0.019314863265724853
772,886,114,0.114,0.021669945333153008
738,869,131,0.131,0.02316896971827373
748,874,126,0.126,0.024050239291973412
768,884,116,0.116,0.024983268738724293
806,903,97,0.097,0.021247361185029148
820,910,90,0.09,0.021338597680442037
838,919,81,0.081,0.01751678962400183
794,897,103,0.103,0.014790941793005913
784,892,108,0.108,0.014297485059592873
714,857,143,0.143,0.016265641414094718
732,866,134,0.134,0.01922255449043587
784,892,108,0.108,0.02626001707650721
788,894,106,0.106,0.0310129164615646
734,867,133,0.133,0.03222949644550681
794,897,103,0.103,0.03025702736340463
730,865,135,0.135,0.02710626116488129
792,896,104,0.104,0.021198356044944376
790,895,105,0.105,0.02278420144645497
810,905,95,0.095,0.018945770579390227
736,868,132,0.132,0.020674035347532482
812,906,94,0.094,0.021941606742795557
758,879,121,0.121,0.024717699277214705
746,873,127,0.127,0.026682254849001764
792,896,104,0.104,0.029826973556540907
788,894,106,0.106,0.030677887878380716
800,900,100,0.1,0.028437624462880194
822,911,89,0.089,0.02720100400131196
768,884,116,0.116,0.02123058859538287
804,902,98,0.098,0.018411760387476533
706,853,147,0.147,0.01970287428423762
824,912,88,0.088,0.01756704480666667
818,909,91,0.091,0.020702207399066537
762,881,119,0.119,0.024948552078567447
806,903,97,0.097,0.023591327269561587
828,914,86,0.086,0.02329214790649712
730,865,135,0.135,0.02601724448427558
770,885,115,0.115,0.0251898514861241
748,874,126,0.126,0.02579984332434833
764,882,118,0.118,0.025488136363215744
798,899,101,0.101,0.024581035414710642
722,861,139,0.139,0.026006883087567986
834,917,83,0.083,0.0234859340172261
734,867,133,0.133,0.026372060955502093
810,905,95,0.095,0.021697369282133876
810,905,95,0.095,0.02087116982135922
782,891,109,0.109,0.021495158957317472
818,909,91,0.091,0.019307694918476045
754,877,123,0.123,0.021731860233470797
760,880,120,0.12,0.025739354418590665
790,895,105,0.105,0.026529930575750767
768,884,116,0.116,0.027361342513002457
748,874,126,0.126,0.030416390161029993
694,847,153,0.153,0.03066435012407601
740,870,130,0.13,0.028655927218496798
766,883,117,0.117,0.02889419481623918
784,892,108,0.108,0.027083272948861124
762,881,119,0.119,0.028128245251253247
806,903,97,0.097,0.026314526254311205
734,867,133,0.133,0.02775253057293594
752,876,124,0.124,0.02856896267645061
776,888,112,0.112,0.02742825219593942
726,863,137,0.137,0.030115473691374062
754,877,123,0.123,0.027922132236883043
738,869,131,0.131,0.027556103219278157
776,888,112,0.112,0.02860788257420063
710,855,145,0.145,0.03055075394269079
762,881,119,0.119,0.03240744642261416
736,868,132,0.132,0.035263542227447035
780,890,110,0.11,0.03131129475962371
774,887,113,0.113,0.03066126320231706
806,903,97,0.097,0.026397926727309822
788,894,106,0.106,0.027328860075213016
766,883,117,0.117,0.02565044190827757
724,862,138,0.138,0.026634048476815223
786,893,107,0.107,0.027611215952783822
794,897,103,0.103,0.0279579720152542
788,894,106,0.106,0.030983014331199227
766,883,117,0.117,0.03209193215891719
726,863,137,0.137,0.032651445815339686
824,912,88,0.088,0.02920942960586399
766,883,117,0.117,0.02969861129578203
826,913,87,0.087,0.026572499080561102
764,882,118,0.118,0.02837613731343299
788,894,106,0.106,0.027662178386934102
756,878,122,0.122,0.030038687201216815
746,873,127,0.127,0.03159565256908536
772,886,114,0.114,0.03210287986043841
728,864,136,0.136,0.033744871463626626
792,896,104,0.104,0.029228254044428467
764,882,118,0.118,0.028683940031565727
754,877,123,0.123,0.02874072557222098
784,892,108,0.108,0.027689929332584143
724,862,138,0.138,0.029549476655200125
800,900,100,0.1,0.028601625648327172
738,869,131,0.131,0.030072099443525076
734,867,133,0.133,0.03097722722031176
710,855,145,0.145,0.031019516116939486
768,884,116,0.116,0.03126745602861047
798,899,101,0.101,0.031122949423268438
720,860,140,0.14,0.032988254383206364
788,894,106,0.106,0.029202046581543982
746,873,127,0.127,0.02818200560938567
784,892,108,0.108,0.024190711131785066
730,865,135,0.135,0.026104557446204126
756,878,122,0.122,0.023470716935582458
762,881,119,0.119,0.025237907853908836
796,898,102,0.102,0.024250013045966624
738,869,131,0.131,0.026195711474865675
768,884,116,0.116,0.024565737824887038
742,871,129,0.129,0.025836286837235094
702,851,149,0.149,0.027578051363117993
786,893,107,0.107,0.02636388765834272
694,847,153,0.153,0.03116463908459991
732,866,134,0.134,0.030883203767240047
752,876,124,0.124,0.02751734675001353
744,872,128,0.128,0.02834644338209182
826,913,87,0.087,0.023782727499958127
784,892,108,0.108,0.01763691829657182
800,900,100,0.1,0.015518068843521178
668,834,166,0.166,0.01767310230061412
758,879,121,0.121,0.016689072059467434
776,888,112,0.112,0.022237395495176317
772,886,114,0.114,0.02530079369340092
784,892,108,0.108,0.027392921985127033
770,885,115,0.115,0.027837736923247577
736,868,132,0.132,0.02893865387327969
794,897,103,0.103,0.025111491340212524
800,900,100,0.1,0.021627961004152894
744,872,128,0.128,0.021866568606346847
844,922,78,0.078,0.015531369115458802
764,882,118,0.118,0.017149514608085156
714,857,143,0.143,0.019007519744336607
794,897,103,0.103,0.01832301711384207
804,902,98,0.098,0.02191120573505759
814,907,93,0.093,0.02284871526621282
746,873,127,0.127,0.026498252561315893
708,854,146,0.146,0.02875145069696009
732,866,134,0.134,0.026428553296253085
798,899,101,0.101,0.024997496808879076
794,897,103,0.103,0.024734621522016824
764,882,118,0.118,0.024849142293445765
806,903,97,0.097,0.019539951272308828
756,878,122,0.122,0.019602710504084825
748,874,126,0.126,0.02072709709685296
716,858,142,0.142,0.020105540024116634
768,884,116,0.116,0.024966236534528435
728,864,136,0.136,0.0276030164193362
818,909,91,0.091,0.02586101476661861
756,878,122,0.122,0.029149984556250275
814,907,93,0.093,0.024056480130180715
790,895,105,0.105,0.02454565440863371
720,860,140,0.14,0.025210725132375957
780,890,110,0.11,0.023987047271803022
790,895,105,0.105,0.022838508134707808
748,874,126,0.126,0.02455653347540647
756,878,122,0.122,0.02671796982549131
764,882,118,0.118,0.026836034823209048
786,893,107,0.107,0.02856278699450195
792,896,104,0.104,0.028158080547116698
696,848,152,0.152,0.03135074338689446
714,857,143,0.143,0.03107401811238378
780,890,110,0.11,0.03172008309327066
726,863,137,0.137,0.03451330029498786
762,881,119,0.119,0.03411727333255112
804,902,98,0.098,0.030820982514880597
762,881,119,0.119,0.03035613000206649
728,864,136,0.136,0.030553569161333144
802,901,99,0.099,0.027225745514035223
770,885,115,0.115,0.028828690480440854
752,876,124,0.124,0.030251661905087532
756,878,122,0.122,0.030378483864478768
774,887,113,0.113,0.030591279493644832
786,893,107,0.107,0.030231374189257622
812,906,94,0.094,0.02912814790941775
764,882,118,0.118,0.03152098340820521
772,886,114,0.114,0.0329364677676931
808,904,96,0.096,0.03202981474809349
774,887,113,0.113,0.03331352619081736
730,865,135,0.135,0.03487331897392869
818,909,91,0.091,0.028853899604640902
768,884,116,0.116,0.02782525297533721
812,906,94,0.094,0.027441115324385465
726,863,137,0.137,0.029933499615639448
800,900,100,0.1,0.028305237401276828
774,887,113,0.113,0.031651823317632076
798,899,101,0.101,0.030516611091792583
732,866,134,0.134,0.03343955165706575
768,884,116,0.116,0.03051590469107032
792,896,104,0.104,0.028775293325074017
796,898,102,0.102,0.027967120096087456
740,870,130,0.13,0.02850541959516704
796,898,102,0.102,0.024100897467695177
780,890,110,0.11,0.024123986385762693
772,886,114,0.114,0.024736303374171258
804,902,98,0.098,0.024355047731194644
816,908,92,0.092,0.026633973677642645
726,863,137,0.137,0.031162109513767064
744,872,128,0.128,0.031682421376928685
754,877,123,0.123,0.031505351262167094
746,873,127,0.127,0.03236137028131634
774,887,113,0.113,0.032960961997509
752,876,124,0.124,0.031738895826041696
820,910,90,0.09,0.029193065866827964
720,860,140,0.14,0.030484428418800235
732,866,134,0.134,0.029468698285520078
724,862,138,0.138,0.03121619494445622
786,893,107,0.107,0.030501116842031478
788,894,106,0.106,0.035818747030571106
766,883,117,0.117,0.037857876155525445
738,869,131,0.131,0.037806371442973614
690,845,155,0.155,0.041202719340100884
778,889,111,0.111,0.034411225536838175
666,833,167,0.167,0.036298416644334794
804,902,98,0.098,0.031723234602250155
796,898,102,0.102,0.031085196882486343
726,863,137,0.137,0.02982248873822391
778,889,111,0.111,0.027499084858223798
712,856,144,0.144,0.029798311538994312
700,850,150,0.15,0.02954982436541468
810,905,95,0.095,0.031567890577949585
704,852,148,0.148,0.033756026346236465
794,897,103,0.103,0.03163623600453138
796,898,102,0.102,0.031349387334659695
784,892,108,0.108,0.029983214762993156
718,859,141,0.141,0.031819799930788574
752,876,124,0.124,0.030640774906612933
744,872,128,0.128,0.031361251293681565
772,886,114,0.114,0.029955138402990997
792,896,104,0.104,0.028311052210628986
834,917,83,0.083,0.027133208384737373
760,880,120,0.12,0.028888957520015537
740,870,130,0.13,0.030480395223014056
758,879,121,0.121,0.029716905061155558
770,885,115,0.115,0.02973671895451844
842,921,79,0.079,0.02745794272236526
774,887,113,0.113,0.03435308441892266
758,879,121,0.121,0.034124382760375736
752,876,124,0.124,0.03358082165196538
724,862,138,0.138,0.035017040504142644
718,859,141,0.141,0.03161807427182794
754,877,123,0.123,0.03063842007704079
748,874,126,0.126,0.03028735197428614
740,870,130,0.13,0.030421607833355666
752,876,124,0.124,0.03667152529582381
782,891,109,0.109,0.03597609229385853
802,901,99,0.099,0.03524140956997871
810,905,95,0.095,0.03440230114199221
764,882,118,0.118,0.030791146436706187
718,859,141,0.141,0.03329059306159615
758,879,121,0.121,0.031938880518078805
762,881,119,0.119,0.029468362899497152
764,882,118,0.118,0.032294856704771516
730,865,135,0.135,0.03421884025074542
778,889,111,0.111,0.033671141284517946
796,898,102,0.102,0.03299956478737295
838,919,81,0.081,0.032476842561736705
786,893,107,0.107,0.034235016265884044
768,884,116,0.116,0.03432173256482929
774,887,113,0.113,0.03239475178532302
768,884,116,0.116,0.03349102226085961
838,919,81,0.081,0.031197865806519984
730,865,135,0.135,0.036073611298575996
800,900,100,0.1,0.033550648106262085
758,879,121,0.121,0.04171905711106956
688,844,156,0.156,0.0474341165330261
700,850,150,0.15,0.04989712678454816
800,900,100,0.1,0.04715161573700607
800,900,100,0.1,0.050842609353363516
774,887,113,0.113,0.051552942171692845
738,869,131,0.131,0.05313608058728278
768,884,116,0.116,0.04549464199505746
768,884,116,0.116,0.04188934333994985
744,872,128,0.128,0.041745646759867666
760,880,120,0.12,0.04309574591740966
760,880,120,0.12,0.04439032379724085
718,859,141,0.141,0.04827476188354194
786,893,107,0.107,0.043513696417212484
794,897,103,0.103,0.04414742379635572
790,895,105,0.105,0.04159904650039971
768,884,116,0.116,0.03783801848441362
752,876,124,0.124,0.03685125094279647
776,888,112,0.112,0.03536557155847549
780,890,110,0.11,0.035177874695509675
794,897,103,0.103,0.03122693475522101
754,877,123,0.123,0.03314604459144175
804,902,98,0.098,0.030871219895780087
750,875,125,0.125,0.03605585224367678
764,882,118,0.118,0.0414332084916532
764,882,118,0.118,0.04390667011588812
758,879,121,0.121,0.04353444569557905
722,861,139,0.139,0.049268421106040475
772,886,114,0.114,0.051870782144367696
716,858,142,0.142,0.05319807261973619
762,881,119,0.119,0.05425698358379304
736,868,132,0.132,0.0625652239844203
764,882,118,0.118,0.05586242445558309
790,895,105,0.105,0.052293864062055946
768,884,116,0.116,0.051231219915673136
760,880,120,0.12,0.0453515493683517
746,873,127,0.127,0.044704312006011604
792,896,104,0.104,0.043335330612957475
750,875,125,0.125,0.04441897787712514
754,877,123,0.123,0.045251240322366354
786,893,107,0.107,0.04431489950604737
816,908,92,0.092,0.04207150970026851
774,887,113,0.113,0.04321074461378157
788,894,106,0.106,0.03838636451028287
700,850,150,0.15,0.0391734459977597
820,910,90,0.09,0.03536275857500732
788,894,106,0.106,0.034365606179460884
726,863,137,0.137,0.03526556471176445
728,864,136,0.136,0.035694061998277904
764,882,118,0.118,0.0348145729219541
758,879,121,0.121,0.03723163917660713
714,857,143,0.143,0.03920701000280678
760,880,120,0.12,0.038212668716907504
796,898,102,0.102,0.0377472352348268
794,897,103,0.103,0.029001725571230055
776,888,112,0.112,0.024717350765131416
764,882,118,0.118,0.022063373184762897
756,878,122,0.122,0.02206302573811263
836,918,82,0.082,0.018080731838941575
708,854,146,0.146,0.019580444826278836
738,869,131,0.131,0.021301939813885836
774,887,113,0.113,0.01937940083630383
796,898,102,0.102,0.0226830261554569
708,854,146,0.146,0.027393043163232506
758,879,121,0.121,0.02709151651151478
784,892,108,0.108,0.02519527907948941
718,859,141,0.141,0.027336837539449335
686,843,157,0.157,0.025693087548017503
756,878,122,0.122,0.022802478584460915
808,904,96,0.096,0.021010565903037785
780,890,110,0.11,0.02094945537112653
762,881,119,0.119,0.01965868137497455
700,850,150,0.15,0.02118497037468478
840,920,80,0.08,0.016857479305006563
766,883,117,0.117,0.01744601214909926
746,873,127,0.127,0.0197373878788203
760,880,120,0.12,0.018276699506677686
770,885,115,0.115,0.018645007618702948
758,879,121,0.121,0.02117049192171544
794,897,103,0.103,0.019902627470903097
808,904,96,0.096,0.02012739933235571
792,896,104,0.104,0.02000071057770401
792,896,104,0.104,0.017350734741892665
746,873,127,0.127,0.017478718784637748
766,883,117,0.117,0.017110587308183312
758,879,121,0.121,0.0175314695071429
760,880,120,0.12,0.019583884846419097
756,878,122,0.122,0.021956126179546117
780,890,110,0.11,0.021261325035244225
750,875,125,0.125,0.022327315276488662
788,894,106,0.106,0.01941608196962625
734,867,133,0.133,0.018359951685648412
748,874,126,0.126,0.01764034928753972
804,902,98,0.098,0.016853415333200245
786,893,107,0.107,0.017465590602252633
696,848,152,0.152,0.024029275219887496
748,874,126,0.126,0.023591494433581828
766,883,117,0.117,0.023205068128649146
816,908,92,0.092,0.022519910600502045
750,875,125,0.125,0.021808046709280462
764,882,118,0.118,0.02148759538307786
788,894,106,0.106,0.02015089685283601
762,881,119,0.119,0.020225144505035132
722,861,139,0.139,0.02295489695761353
834,917,83,0.083,0.01955369503609836
716,858,142,0.142,0.02395366820320487
762,881,119,0.119,0.02359360000491142
778,889,111,0.111,0.02266461344342679
840,920,80,0.08,0.02173778293468058
776,888,112,0.112,0.023388349540531636
744,872,128,0.128,0.020428174622356892
788,894,106,0.106,0.01782080375403166
766,883,117,0.117,0.018626873908564448
768,884,116,0.116,0.01957645732536912
770,885,115,0.115,0.023981709189713003
816,908,92,0.092,0.02466935530118644
784,892,108,0.108,0.026308946759440004
800,900,100,0.1,0.027392823121510448
776,888,112,0.112,0.02488910491205752
750,875,125,0.125,0.023970689509995282
800,900,100,0.1,0.022225721492432057
752,876,124,0.124,0.02399375482276082
778,889,111,0.111,0.023409262456931174
756,878,122,0.122,0.025641085746698083
718,859,141,0.141,0.028179146612994373
786,893,107,0.107,0.027034617931582034
706,853,147,0.147,0.033935606103390456
646,823,177,0.177,0.038051611265167595
768,884,116,0.116,0.035106856130063535
750,875,125,0.125,0.03575221445783973
766,883,117,0.117,0.03365772270783782
744,872,128,0.128,0.03276488251052797
784,892,108,0.108,0.028177531423047186
786,893,107,0.107,0.02610788855701685
810,905,95,0.095,0.019413820370100438
780,890,110,0.11,0.019316311702597885
768,884,116,0.116,0.019690180697478354
768,884,116,0.116,0.020322983526159077
732,866,134,0.134,0.028610990069806577
790,895,105,0.105,0.026663194418884813
790,895,105,0.105,0.026785150033421815
802,901,99,0.099,0.02611555142328143
656,828,172,0.172,0.028990870110690594
692,846,154,0.154,0.029888078077696265
766,883,117,0.117,0.027293364318087696
718,859,141,0.141,0.028409647550433875
806,903,97,0.097,0.027001102077774702
688,844,156,0.156,0.030560491976328194
776,888,112,0.112,0.025728450105525554
788,894,106,0.106,0.0239956506062299
752,876,124,0.124,0.022335034298710525
802,901,99,0.099,0.02130658602807671
772,886,114,0.114,0.02176432856079191
730,865,135,0.135,0.02612480204598978
756,878,122,0.122,0.03352553673647344
756,878,122,0.122,0.03271244649309665
766,883,117,0.117,0.0343462055567652
738,869,131,0.131,0.04084561360068619
824,912,88,0.088,0.03883609881438315
750,875,125,0.125,0.04119412891194224
728,864,136,0.136,0.04224825323745608
764,882,118,0.118,0.03912511661276221
728,864,136,0.136,0.04303116304241121
812,906,94,0.094,0.04305967133119702
748,874,126,0.126,0.04553010959923268
760,880,120,0.12,0.049957904316484926
784,892,108,0.108,0.0526284631639719
756,878,122,0.122,0.05297434698976576
786,893,107,0.107,0.04986624073237181
814,907,93,0.093,0.04653646963834763
792,896,104,0.104,0.047218433974310754
710,855,145,0.145,0.05563878572545946
800,900,100,0.1,0.050518478291109205
722,861,139,0.139,0.06593601411394776
718,859,141,0.141,0.0800292886570096
856,928,72,0.072,0.07183295818790793
712,856,144,0.144,0.08197037786245347
672,836,164,0.164,0.08938746517151594
704,852,148,0.148,0.08662079109624028
742,871,129,0.129,0.0797206708267331
762,881,119,0.119,0.07908268605917693
760,880,120,0.12,0.06962912681698799
836,918,82,0.082,0.056374814704060555
798,899,101,0.101,0.05607347429171205
750,875,125,0.125,0.05840186908468604
740,870,130,0.13,0.0593924948386848
734,867,133,0.133,0.06246962447091937
740,870,130,0.13,0.06213465962000191
782,891,109,0.109,0.06250757738947868
748,874,126,0.126,0.06845025577396155
840,920,80,0.08,0.06285453080385923
800,900,100,0.1,0.06244789713993668
782,891,109,0.109,0.06130834031291306
794,897,103,0.103,0.05220712934806943
766,883,117,0.117,0.04849569491483271
762,881,119,0.119,0.05002485683187843
740,870,130,0.13,0.05114642312936485
762,881,119,0.119,0.05725096885673702
736,868,132,0.132,0.06402010149881243
776,888,112,0.112,0.06426629866287112
790,895,105,0.105,0.06313670815899969
786,893,107,0.107,0.06440976310893894
720,860,140,0.14,0.06585878938809037
782,891,109,0.109,0.06227845644578338
696,848,152,0.152,0.06860020777583123
828,914,86,0.086,0.06630972815677523
808,904,96,0.096,0.07625944045186042
770,885,115,0.115,0.07966016829013825
680,840,160,0.16,0.0902580455057323
758,879,121,0.121,0.08912803396955132
824,912,88,0.088,0.08675463363528252
800,900,100,0.1,0.08892527429759503
718,859,141,0.141,0.09403832026198507
744,872,128,0.128,0.0935642022266984
770,885,115,0.115,0.09192899392172695
738,869,131,0.131,0.09521775244921446
780,890,110,0.11,0.09955045780912042
796,898,102,0.102,0.10112560784816742
786,893,107,0.107,0.10708247623592615
778,889,111,0.111,0.10832957886904478
756,878,122,0.122,0.11278606563806534
740,870,130,0.13,0.11449928405508399
716,858,142,0.142,0.10947946917265654
782,891,109,0.109,0.10569298716634512
772,886,114,0.114,0.1073600511327386
778,889,111,0.111,0.11004944283515215
796,898,102,0.102,0.10796338751167059
756,878,122,0.122,0.1102576644718647
772,886,114,0.114,0.1072449598237872
764,882,118,0.118,0.09563069306313991
742,871,129,0.129,0.09594453414529562
792,896,104,0.104,0.08838525456935167
730,865,135,0.135,0.09096269477903843
776,888,112,0.112,0.08861443446949124
736,868,132,0.132,0.09030398354306816
770,885,115,0.115,0.08631396662816405
798,899,101,0.101,0.07484762450680137
792,896,104,0.104,0.06878761578723788
770,885,115,0.115,0.07036429873108864
746,873,127,0.127,0.06471418081782758
812,906,94,0.094,0.05311897853948176
790,895,105,0.105,0.050243366466835145
752,876,124,0.124,0.05267234311066568
812,906,94,0.094,0.05018227726221085
704,852,148,0.148,0.049543404024094344
744,872,128,0.128,0.04059577795490622
692,846,154,0.154,0.043280754946172235
750,875,125,0.125,0.03979402834922075
774,887,113,0.113,0.04050110977515578
734,867,133,0.133,0.045126482544466856
738,869,131,0.131,0.04337390041165054
744,872,128,0.128,0.04364123000018299
748,874,126,0.126,0.03462939576152712
792,896,104,0.104,0.029343271932564675
688,844,156,0.156,0.0337424281379208
722,861,139,0.139,0.03120603825710714
806,903,97,0.097,0.030334366071969272
822,911,89,0.089,0.029571881158277392
784,892,108,0.108,0.030766736445017158
720,860,140,0.14,0.03376971080061048
828,914,86,0.086,0.024726894836872817
690,845,155,0.155,0.028983785485848783
772,886,114,0.114,0.026660970883443953
750,875,125,0.125,0.028114922335371374
770,885,115,0.115,0.03765861231833696
732,866,134,0.134,0.047395274844020605
718,859,141,0.141,0.048345221543684605
716,858,142,0.142,0.04968108292669058
746,873,127,0.127,0.04612484292127192
774,887,113,0.113,0.040507111230865124
770,885,115,0.115,0.039882391423918306
760,880,120,0.12,0.0382302143573761
736,868,132,0.132,0.03283140002377331
706,853,147,0.147,0.03556561501324177
754,877,123,0.123,0.034665203885175286
776,888,112,0.112,0.03430721408501267
768,884,116,0.116,0.042832063101232054
778,889,111,0.111,0.04108803250268102
776,888,112,0.112,0.04228039405308664
726,863,137,0.137,0.04361412130668759
756,878,122,0.122,0.03282313959486782
732,866,134,0.134,0.03242684496380389
804,902,98,0.098,0.02941636121366173
786,893,107,0.107,0.028540723998099565
730,865,135,0.135,0.029559658786281945
744,872,128,0.128,0.029024586361832916
752,876,124,0.124,0.030016570094041527
812,906,94,0.094,0.02715818819217384
732,866,134,0.134,0.0333247789312154
770,885,115,0.115,0.03170547746680677
760,880,120,0.12,0.030605130957439542
748,874,126,0.126,0.0319010294880718
766,883,117,0.117,0.027582977696321904
728,864,136,0.136,0.028066660474054515
702,851,149,0.149,0.029703937059268354
818,909,91,0.091,0.026372984365560116
784,892,108,0.108,0.027873606199398635
738,869,131,0.131,0.030137261126190425
696,848,152,0.152,0.031002487463876606
782,891,109,0.109,0.029916256871074437
748,874,126,0.126,0.030439476925879717
804,902,98,0.098,0.028943382346071304
808,904,96,0.096,0.02959141296055168
774,887,113,0.113,0.027585892959497867
808,904,96,0.096,0.024869692914187908
738,869,131,0.131,0.026436436752323062
772,886,114,0.114,0.02654166704136878
728,864,136,0.136,0.03913127848319709
784,892,108,0.108,0.043072241861373185
756,878,122,0.122,0.049158687273040416
760,880,120,0.12,0.049113386366516354
840,920,80,0.08,0.0488868690431118
734,867,133,0.133,0.04770243752840907
766,883,117,0.117,0.04464307197369635
784,892,108,0.108,0.04150668634660542
780,890,110,0.11,0.0399256940856576
740,870,130,0.13,0.04413051617518067
762,881,119,0.119,0.04510592999123037
770,885,115,0.115,0.04691257448680699
676,838,162,0.162,0.06175616281852126
732,866,134,0.134,0.06343208356201649
718,859,141,0.141,0.07277068983390927
686,843,157,0.157,0.08147727666422724
748,874,126,0.126,0.07595941879786551
774,887,113,0.113,0.07627030026912689
782,891,109,0.109,0.07288558376207947
844,922,78,0.078,0.054658871004357935
734,867,133,0.133,0.056226818880066275
806,903,97,0.097,0.045367763934656975
784,892,108,0.108,0.041988698022440075
732,866,134,0.134,0.04611349656246602
772,886,114,0.114,0.04428662009909749
754,877,123,0.123,0.05642658142372966
770,885,115,0.115,0.06097770611941814
732,866,134,0.134,0.07462485981360077
736,868,132,0.132,0.07544057909399271
770,885,115,0.115,0.07182111347466708
792,896,104,0.104,0.06967865115404129
790,895,105,0.105,0.05733667938224971
738,869,131,0.131,0.05808351107686758
790,895,105,0.105,0.04659861921239644
790,895,105,0.105,0.0448594118040055
780,890,110,0.11,0.0476342844106257
732,866,134,0.134,0.05070199526287615
702,851,149,0.149,0.06511655420809984
714,857,143,0.143,0.0699390303865075
722,861,139,0.139,0.08038732543215156
714,857,143,0.143,0.08193471651151776
786,893,107,0.107,0.08120061817765235
760,880,120,0.12,0.07836263608187437
840,920,80,0.08,0.06627217226102948
836,918,82,0.082,0.06228415319137275
808,904,96,0.096,0.04908967654779554
774,887,113,0.113,0.049413786256685854
812,906,94,0.094,0.05583620743267238
704,852,148,0.148,0.06565251364000142
716,858,142,0.142,0.1040550292544067
776,888,112,0.112,0.11139996733143925
772,886,114,0.114,0.13043382246792318
750,875,125,0.125,0.13255149341374636
738,869,131,0.131,0.12704598069936038
790,895,105,0.105,0.11318658670037984
780,890,110,0.11,0.10621432841941714
714,857,143,0.143,0.10860020744428038
762,881,119,0.119,0.09601661645621061
804,902,98,0.098,0.09408323372527957
792,896,104,0.104,0.08451051955670118
730,865,135,0.135,0.08652266537025571
762,881,119,0.119,0.07550587054342031
790,895,105,0.105,0.06828964468836785
714,857,143,0.143,0.0713890937268734
766,883,117,0.117,0.06768581648916006
738,869,131,0.131,0.07367198189720511
790,895,105,0.105,0.06899063329026103
794,897,103,0.103,0.06844799114763736
774,887,113,0.113,0.06860663286969065
780,890,110,0.11,0.05895867987722159
778,889,111,0.111,0.05674293897487223
798,899,101,0.101,0.05606957811675966
788,894,106,0.106,0.05581122629903257
770,885,115,0.115,0.06056931272521615
746,873,127,0.127,0.06906290763616561
794,897,103,0.103,0.07252075349539519
758,879,121,0.121,0.07415393060073257
768,884,116,0.116,0.07662241752073169
814,907,93,0.093,0.07437698863446712
746,873,127,0.127,0.0790987371839583
752,876,124,0.124,0.07793557096645236
774,887,113,0.113,0.0786256108134985
746,873,127,0.127,0.09055409669131041
798,899,101,0.101,0.09149090235680342
790,895,105,0.105,0.09362538509070874
782,891,109,0.109,0.10804858839511872
762,881,119,0.119,0.11182126156240701
762,881,119,0.119,0.10856123371422291
808,904,96,0.096,0.10564793606847525
780,890,110,0.11,0.08737009160220623
810,905,95,0.095,0.07724874676391483
752,876,124,0.124,0.07912064823508262
766,883,117,0.117,0.05629593852721155
776,888,112,0.112,0.08071532947942614
792,896,104,0.104,0.05393837917968631
818,909,91,0.091,0.050569984517991544
766,883,117,0.117,0.06042670609056949
746,873,127,0.127,0.06378706840053201
744,872,128,0.128,0.06288282503560186
738,869,131,0.131,0.059699446350336076
758,879,121,0.121,0.061053006406873465
750,875,125,0.125,0.05980732481181621
764,882,118,0.118,0.059618910778313876
780,890,110,0.11,0.05858114808425307
722,861,139,0.139,0.06056804651767016
738,869,131,0.131,0.05978847173973918
746,873,127,0.127,0.06226455489546061
796,898,102,0.102,0.06469137838110328
748,874,126,0.126,0.0733110278248787
762,881,119,0.119,0.07335753154940904
778,889,111,0.111,0.07199000346288086
706,853,147,0.147,0.07761570866033435
746,873,127,0.127,0.07792821207270026
764,882,118,0.118,0.0780708277374506
740,870,130,0.13,0.07991575357690453
762,881,119,0.119,0.08149330666661263
786,893,107,0.107,0.08146235666796565
764,882,118,0.118,0.08152378269284964
776,888,112,0.112,0.07838521721214056
748,874,126,0.126,0.07637330395355821
732,866,134,0.134,0.07849877014383674
772,886,114,0.114,0.07770128982141614
798,899,101,0.101,0.07951524862647057
750,875,125,0.125,0.08486481296643615
762,881,119,0.119,0.08224441942200064
796,898,102,0.102,0.08159360305219888
750,875,125,0.125,0.08386047523468733
794,897,103,0.103,0.07769156838580966
766,883,117,0.117,0.07887408598512412
716,858,142,0.142,0.07868463680148124
760,880,120,0.12,0.07676577147096396
758,879,121,0.121,0.07305606544576586
778,889,111,0.111,0.07116632314026355
638,819,181,0.181,0.07963286637887358
760,880,120,0.12,0.07230684238672257
792,896,104,0.104,0.06881158838421106
766,883,117,0.117,0.07285597296059132
748,874,126,0.126,0.07115052961558103
750,875,125,0.125,0.07153916351124644
770,885,115,0.115,0.05598574849963188
748,874,126,0.126,0.05798454998061061
750,875,125,0.125,0.056056292755529286
740,870,130,0.13,0.053631554905325174
746,873,127,0.127,0.048208368856459856
764,882,118,0.118,0.04746204380691051
698,849,151,0.151,0.051532516114413736
838,919,81,0.081,0.04528056272491813
756,878,122,0.122,0.047863861391320824
806,903,97,0.097,0.04464211868867278
764,882,118,0.118,0.04640664469450712
756,878,122,0.122,0.04758025665022433
772,886,114,0.114,0.04732653450220823
750,875,125,0.125,0.047370975967496634
780,890,110,0.11,0.04590608544275165
798,899,101,0.101,0.04626851923018694
672,836,164,0.164,0.05750963936001063
740,870,130,0.13,0.05542917758785188
710,855,145,0.145,0.056714845880866054
736,868,132,0.132,0.057504468251019715
710,855,145,0.145,0.06086523254215717
708,854,146,0.146,0.06183974910527468
740,870,130,0.13,0.06076708561182022
764,882,118,0.118,0.05643493488244712
700,850,150,0.15,0.04959134026989341
752,876,124,0.124,0.04594860286824405
738,869,131,0.131,0.045769840415567156
776,888,112,0.112,0.04209622103534639
798,899,101,0.101,0.03303857018519193
740,870,130,0.13,0.03438879560120404
760,880,120,0.12,0.03354808073490858
738,869,131,0.131,0.03222353379894048
720,860,140,0.14,0.0367871478497982
796,898,102,0.102,0.03435212701652199
718,859,141,0.141,0.03869678295217455
748,874,126,0.126,0.04046242762170732
792,896,104,0.104,0.03823515118658543
768,884,116,0.116,0.037156894059851765
784,892,108,0.108,0.034631608856841925
800,900,100,0.1,0.029027129800990224
794,897,103,0.103,0.022812727318145334
750,875,125,0.125,0.023671435615047812
804,902,98,0.098,0.02157538077607751
732,866,134,0.134,0.023247174899093805
824,912,88,0.088,0.023720475692301988
814,907,93,0.093,0.023999265025369823
780,890,110,0.11,0.023502724837511778
766,883,117,0.117,0.024508621271234005
696,848,152,0.152,0.02723030896577984
740,870,130,0.13,0.028296264020726086
776,888,112,0.112,0.02894135116785765
784,892,108,0.108,0.029733392912894487
680,840,160,0.16,0.031648542418144646
750,875,125,0.125,0.029907101831398903
796,898,102,0.102,0.026872384660877286
802,901,99,0.099,0.02505348343588412
790,895,105,0.105,0.022296482149511576
730,865,135,0.135,0.024801868753507733
796,898,102,0.102,0.019548899790272117
832,916,84,0.084,0.01788240167405456
774,887,113,0.113,0.01951814068714157
772,886,114,0.114,0.019241755722556264
822,911,89,0.089,0.01917587120970711
756,878,122,0.122,0.022015873599797488
774,887,113,0.113,0.02248005712032318
710,855,145,0.145,0.0244126840159297
802,901,99,0.099,0.021489394784905018
800,900,100,0.1,0.021056853890419006
770,885,115,0.115,0.02240731380973011
750,875,125,0.125,0.022648093613795935
822,911,89,0.089,0.019814325808547438
728,864,136,0.136,0.021637548802420498
804,902,98,0.098,0.018858036511577667
774,887,113,0.113,0.019627390161156655
872,936,64,0.064,0.016078799195587634
752,876,124,0.124,0.02062345200125128
732,866,134,0.134,0.022913665439933537
730,865,135,0.135,0.02226541999913752
774,887,113,0.113,0.02620475238934159
714,857,143,0.143,0.03279921130370349
780,890,110,0.11,0.030816545438952743
752,876,124,0.124,0.029986734928563238
808,904,96,0.096,0.025055128703825175
744,872,128,0.128,0.023507658574730157
772,886,114,0.114,0.02117475120257586
774,887,113,0.113,0.021867475840263068
794,897,103,0.103,0.01887179926224053
764,882,118,0.118,0.021731890072114766
740,870,130,0.13,0.02171811621263623
800,900,100,0.1,0.021068237226456402
792,896,104,0.104,0.020327830128371714
714,857,143,0.143,0.020916293462738395
762,881,119,0.119,0.02012590359337628
754,877,123,0.123,0.020564087549224497
778,889,111,0.111,0.021511306683067232
804,902,98,0.098,0.021184337940998374
826,913,87,0.087,0.020655806650407612
752,876,124,0.124,0.021854032687842848
820,910,90,0.09,0.01766583890048787
776,888,112,0.112,0.016770459001883866
754,877,123,0.123,0.016449434496928008
736,868,132,0.132,0.017245832818560302
676,838,162,0.162,0.022890384197235106
790,895,105,0.105,0.02626894114445895
768,884,116,0.116,0.026332054830156267
840,920,80,0.08,0.024994807312265038
766,883,117,0.117,0.025612195312976836
796,898,102,0.102,0.0213215761333704
744,872,128,0.128,0.022870088888332248
704,852,148,0.148,0.023708547306247055
772,886,114,0.114,0.0229204465970397
768,884,116,0.116,0.025566362936981023
828,914,86,0.086,0.02529343790374696
754,877,123,0.123,0.027949712133966385
770,885,115,0.115,0.027494656764902176
814,907,93,0.093,0.023530969279818237
766,883,117,0.117,0.024164677060209215
834,917,83,0.083,0.02289458189718425
730,865,135,0.135,0.02542414388153702
744,872,128,0.128,0.02599074954725802
816,908,92,0.092,0.024378099504858256
816,908,92,0.092,0.024907439019531012
740,870,130,0.13,0.028756855151616037
760,880,120,0.12,0.0284498925274238
776,888,112,0.112,0.028695122474804522
806,903,97,0.097,0.023892981415614484
746,873,127,0.127,0.024152764610014855
784,892,108,0.108,0.0246881870245561
762,881,119,0.119,0.026764915011823178
738,869,131,0.131,0.028449834254570306
764,882,118,0.118,0.03184465903975069
738,869,131,0.131,0.03361680577602238
774,887,113,0.113,0.0317134440112859
766,883,117,0.117,0.03204272372368723
736,868,132,0.132,0.03198224145919085
746,873,127,0.127,0.030000446198508144
840,920,80,0.08,0.025527238328009842
732,866,134,0.134,0.024421013209037484
792,896,104,0.104,0.018861301703378557
816,908,92,0.092,0.0186969149177894
744,872,128,0.128,0.020242498970590533
752,876,124,0.124,0.022655494866892695
746,873,127,0.127,0.028278682050295174
778,889,111,0.111,0.02905849997512996
790,895,105,0.105,0.030677931413054468
742,871,129,0.129,0.033049047401174904
734,867,133,0.133,0.03263811017107218
832,916,84,0.084,0.025889462794177233
732,866,134,0.134,0.02912197668943554
762,881,119,0.119,0.02630527436360717
720,860,140,0.14,0.026312629045918585
778,889,111,0.111,0.025735492393374443
744,872,128,0.128,0.02927985443826765
778,889,111,0.111,0.029773305151611567
772,886,114,0.114,0.03179905625525862
738,869,131,0.131,0.030526434103026988
698,849,151,0.151,0.03332868114486337
776,888,112,0.112,0.02739470144826919
766,883,117,0.117,0.025309873471967875
788,894,106,0.106,0.023433939966373146
744,872,128,0.128,0.024086842364631593
712,856,144,0.144,0.02328752770088613
778,889,111,0.111,0.02236815139465034
762,881,119,0.119,0.024773305447772145
748,874,126,0.126,0.025742178154177963
776,888,112,0.112,0.02761175414826721
732,866,134,0.134,0.028495168006047608
764,882,118,0.118,0.02792808697465807
754,877,123,0.123,0.028861430968157947
762,881,119,0.119,0.028973412402905525
740,870,130,0.13,0.030055237566120923
746,873,127,0.127,0.031127951155416667
756,878,122,0.122,0.031258599372580645
774,887,113,0.113,0.027695431312546134
756,878,122,0.122,0.027832160123623908
750,875,125,0.125,0.02724029286298901
754,877,123,0.123,0.027059306103736164
744,872,128,0.128,0.029180401002056898
756,878,122,0.122,0.03131263622362167
736,868,132,0.132,0.03535831168293953
696,848,152,0.152,0.03726701472140849
786,893,107,0.107,0.03229121916834265
748,874,126,0.126,0.0346619886122644
730,865,135,0.135,0.030685073331929744
722,861,139,0.139,0.030620812990702687
762,881,119,0.119,0.025777560043148698
706,853,147,0.147,0.026274458948522806
810,905,95,0.095,0.024247995542362333
752,876,124,0.124,0.025853925184346736
696,848,152,0.152,0.02855693839862943
764,882,118,0.118,0.02653905588295311
774,887,113,0.113,0.027419535336084665
712,856,144,0.144,0.029944053918123246
770,885,115,0.115,0.027745497316122057
762,881,119,0.119,0.027768695598468184
710,855,145,0.145,0.02972341234702617
724,862,138,0.138,0.028737582419067622
734,867,133,0.133,0.03144354184158146
814,907,93,0.093,0.02878001046553254
798,899,101,0.101,0.029116903200745583
790,895,105,0.105,0.028656827460974456
804,902,98,0.098,0.02556132265832275
804,902,98,0.098,0.024873641300946474
764,882,118,0.118,0.025825311570428312
774,887,113,0.113,0.025960077868774533
714,857,143,0.143,0.03496618315950036
780,890,110,0.11,0.03686964461579919
726,863,137,0.137,0.04620465597975999
734,867,133,0.133,0.045589334545657036
790,895,105,0.105,0.052942204348742965
774,887,113,0.113,0.04794919575564563
730,865,135,0.135,0.04848027225583792
750,875,125,0.125,0.04521328562870622
768,884,116,0.116,0.032299109334126115
812,906,94,0.094,0.02933839715924114
734,867,133,0.133,0.029896949601359666
764,882,118,0.118,0.03032358800340444
808,904,96,0.096,0.03440820333454758
730,865,135,0.135,0.04023595833592117
772,886,114,0.114,0.039481048788875345
770,885,115,0.115,0.037818058358505366
782,891,109,0.109,0.03048400856461376
686,843,157,0.157,0.02891061836387962
770,885,115,0.115,0.026740156695246698
774,887,113,0.113,0.02497890256717801
800,900,100,0.1,0.023539020797237752
802,901,99,0.099,0.024077146084047853
814,907,93,0.093,0.023875677352771164
728,864,136,0.136,0.025170234272256495
746,873,127,0.127,0.02797891144361347
766,883,117,0.117,0.029778199145570398
810,905,95,0.095,0.030161888248287142
750,875,125,0.125,0.033429662510752675
780,890,110,0.11,0.033599508548155424
820,910,90,0.09,0.030743437851779163
808,904,96,0.096,0.03014534328877926
824,912,88,0.088,0.029620584261603654
820,910,90,0.09,0.024691268815658987
764,882,118,0.118,0.02927625586744398
766,883,117,0.117,0.028072453720495105
734,867,133,0.133,0.0352390124052763
726,863,137,0.137,0.0435888973493129
690,845,155,0.155,0.0541846864297986
796,898,102,0.102,0.05101357932575047
768,884,116,0.116,0.051895378196612
760,880,120,0.12,0.05155905167944729
738,869,131,0.131,0.0464419164955616
772,886,114,0.114,0.04183599852398038
756,878,122,0.122,0.039827828789129854
812,906,94,0.094,0.036391746416687965
808,904,96,0.096,0.03766922131925821
792,896,104,0.104,0.038294960538856684
840,920,80,0.08,0.03540867153275758
712,856,144,0.144,0.03965280822105706
754,877,123,0.123,0.03760690838284791
788,894,106,0.106,0.03588265396282077
788,894,106,0.106,0.036409225406125185
786,893,107,0.107,0.034636483849957586
782,891,109,0.109,0.032988568344153466
778,889,111,0.111,0.032676342373248186
764,882,118,0.118,0.0289787764204666
758,879,121,0.121,0.028370438697747885
770,885,115,0.115,0.026614073661156
756,878,122,0.122,0.0274192889649421
720,860,140,0.14,0.02964493786357343
770,885,115,0.115,0.030578071583993734
800,900,100,0.1,0.03618230132199824
736,868,132,0.132,0.03799208371061832
750,875,125,0.125,0.03776375715993345
788,894,106,0.106,0.03678466908819973
720,860,140,0.14,0.040355286059901116
722,861,139,0.139,0.04137607977539301
726,863,137,0.137,0.04023059505037963
774,887,113,0.113,0.038137275854125616
766,883,117,0.117,0.03680815503373742
774,887,113,0.113,0.033177880055271086
770,885,115,0.115,0.03302151109091937
736,868,132,0.132,0.03277763939090073
752,876,124,0.124,0.03147460200637579
796,898,102,0.102,0.032052119908854364
760,880,120,0.12,0.03368266733177006
706,853,147,0.147,0.03509096673689783
772,886,114,0.114,0.02722346098255366
750,875,125,0.125,0.02616397406440228
756,878,122,0.122,0.026354615746997295
748,874,126,0.126,0.02672114986553788
778,889,111,0.111,0.02946231282968074
780,890,110,0.11,0.03109597859252244
812,906,94,0.094,0.030109189718030394
796,898,102,0.102,0.02973835257254541
764,882,118,0.118,0.02377278401469812
788,894,106,0.106,0.019351682875771076
746,873,127,0.127,0.020991929536219686
804,902,98,0.098,0.01935353654017672
784,892,108,0.108,0.023019071430899204
740,870,130,0.13,0.03302815489005297
778,889,111,0.111,0.03228740358445793
744,872,128,0.128,0.03535476649366319
710,855,145,0.145,0.04656191961281002
748,874,126,0.126,0.04593269664235413
716,858,142,0.142,0.04721272658370435
788,894,106,0.106,0.04359886169992387
772,886,114,0.114,0.03607723407633603
780,890,110,0.11,0.02853274360578507
790,895,105,0.105,0.02764461272954941
786,893,107,0.107,0.026841197003610432
776,888,112,0.112,0.023908089237753304
776,888,112,0.112,0.027678310809191316
812,906,94,0.094,0.027846975749824195
720,860,140,0.14,0.03182568477652967
754,877,123,0.123,0.04134991395659745
768,884,116,0.116,0.04385917841084302
768,884,116,0.116,0.04393341983668506
788,894,106,0.106,0.0441436861101538
758,879,121,0.121,0.04254170709475875
724,862,138,0.138,0.04037398244999349
734,867,133,0.133,0.040091156087815764
782,891,109,0.109,0.03827200559712946
812,906,94,0.094,0.03737248677015305
800,900,100,0.1,0.036924753781408075
754,877,123,0.123,0.038524363355711105
830,915,85,0.085,0.036674643930047754
790,895,105,0.105,0.03513726359605789
724,862,138,0.138,0.03689521219395101
768,884,116,0.116,0.03727972942218184
826,913,87,0.087,0.033887505715712904
734,867,133,0.133,0.03834417856857181
746,873,127,0.127,0.039941566850990054
762,881,119,0.119,0.042450206389650705
804,902,98,0.098,0.03904327318258584
826,913,87,0.087,0.040946326022967695
788,894,106,0.106,0.04612159607000649
766,883,117,0.117,0.05013168909028173
738,869,131,0.131,0.05262397631071508
790,895,105,0.105,0.05327012101002038
682,841,159,0.159,0.06237862756848335
762,881,119,0.119,0.05887096076458693
802,901,99,0.099,0.05642058330588043
814,907,93,0.093,0.05381745594367385
756,878,122,0.122,0.05008719951100647
734,867,133,0.133,0.04745488080382347
758,879,121,0.121,0.04770440107397735
728,864,136,0.136,0.050511565750464796
790,895,105,0.105,0.049155435452237724
776,888,112,0.112,0.05165981553681195
684,842,158,0.158,0.05428637593239546
712,856,144,0.144,0.05493192607909441
768,884,116,0.116,0.048833316762000326
754,877,123,0.123,0.047534083366394045
750,875,125,0.125,0.04928553155809641
746,873,127,0.127,0.05049476114101708
764,882,118,0.118,0.0468001741822809
748,874,126,0.126,0.049449788926169275
728,864,136,0.136,0.050990893304347994
810,905,95,0.095,0.046985975462943315
770,885,115,0.115,0.04772971205972135
778,889,111,0.111,0.04752200661227107
748,874,126,0.126,0.053651270635426046
788,894,106,0.106,0.053161950789391996
762,881,119,0.119,0.052898393481969834
808,904,96,0.096,0.04749379634857178
770,885,115,0.115,0.04457399273850024
774,887,113,0.113,0.045642821103334424
746,873,127,0.127,0.04162177591212094
792,896,104,0.104,0.04122530978918076
722,861,139,0.139,0.047496697023510934
798,899,101,0.101,0.046273938396945595
800,900,100,0.1,0.05222140654921532
760,880,120,0.12,0.05165727491490543
726,863,137,0.137,0.04926886451616883
802,901,99,0.099,0.04517663680203259
748,874,126,0.126,0.040119782412424684
690,845,155,0.155,0.034930934506468475
806,903,97,0.097,0.029934052241966127
780,890,110,0.11,0.02981246139947325
786,893,107,0.107,0.028765495907515287
764,882,118,0.118,0.028591440433636307
756,878,122,0.122,0.027499544304795565
738,869,131,0.131,0.028350716232322156
802,901,99,0.099,0.022985411456786096
812,906,94,0.094,0.019115387689322232
748,874,126,0.126,0.021267549911513924
810,905,95,0.095,0.019518540972378106
816,908,92,0.092,0.018160498668439686
704,852,148,0.148,0.02391143610049039
794,897,103,0.103,0.02118966427166015
750,875,125,0.125,0.023714947020635008
786,893,107,0.107,0.02520266048517078
750,875,125,0.125,0.026342633930034935
750,875,125,0.125,0.026103871354833247
760,880,120,0.12,0.023304370371624826
778,889,111,0.111,0.021605370958335698
804,902,98,0.098,0.01994152660947293
766,883,117,0.117,0.020805751743726432
766,883,117,0.117,0.02082415293622762
762,881,119,0.119,0.020636881737038492
816,908,92,0.092,0.01970461281388998
836,918,82,0.082,0.019235747067257763
726,863,137,0.137,0.021768305682577194
760,880,120,0.12,0.0229430277235806
774,887,113,0.113,0.02217238780017942
788,894,106,0.106,0.02206686475593597
726,863,137,0.137,0.024779675245285033
786,893,107,0.107,0.023122168708592652
832,916,84,0.084,0.02071064541582018
762,881,119,0.119,0.0210598220564425
754,877,123,0.123,0.021599585314281286
726,863,137,0.137,0.022433853392489253
720,860,140,0.14,0.03017746932990849
742,871,129,0.129,0.03148899209685624
710,855,145,0.145,0.035705732068046926
740,870,130,0.13,0.035530323578044774
780,890,110,0.11,0.034102110510692
700,850,150,0.15,0.03468598349764943
692,846,154,0.154,0.03429891668912023
786,893,107,0.107,0.03162343289982528
750,875,125,0.125,0.028207439295947552
764,882,118,0.118,0.02652083475328982
768,884,116,0.116,0.025486209309659898
768,884,116,0.116,0.022876101485453545
812,906,94,0.094,0.019629428152460604
760,880,120,0.12,0.02251945869717747
714,857,143,0.143,0.02347979920078069
804,902,98,0.098,0.02192024723161012
784,892,108,0.108,0.02498529410455376
740,870,130,0.13,0.026968767043203116
798,899,101,0.101,0.025130947468802334
788,894,106,0.106,0.025916016405448317
764,882,118,0.118,0.024849151228554547
786,893,107,0.107,0.0231905153375119
684,842,158,0.158,0.027696549179032446
782,891,109,0.109,0.023981985034421085
776,888,112,0.112,0.026281667995266617
676,838,162,0.162,0.03182890610489994
762,881,119,0.119,0.028896535280160607
740,870,130,0.13,0.02977644587121904
788,894,106,0.106,0.027005483880639076
816,908,92,0.092,0.026031115937046708
776,888,112,0.112,0.026578867921605707
720,860,140,0.14,0.026868940771557392
772,886,114,0.114,0.02420397525560111
694,847,153,0.153,0.025540927595458923
780,890,110,0.11,0.023960201743990182
824,912,88,0.088,0.021927289029583335
796,898,102,0.102,0.0221981731262058
730,865,135,0.135,0.02407207990065217
720,860,140,0.14,0.025036377750337124
790,895,105,0.105,0.022323878820985556
758,879,121,0.121,0.025005221694707872
752,876,124,0.124,0.026978807319886982
816,908,92,0.092,0.02466678794287145
698,849,151,0.151,0.026902123442851006
746,873,127,0.127,0.028176910484209658
734,867,133,0.133,0.0301505057066679
742,871,129,0.129,0.030777323334477844
666,833,167,0.167,0.03316651048883796
760,880,120,0.12,0.030970041206106545
788,894,106,0.106,0.02606744691124186
768,884,116,0.116,0.02612880734167993
808,904,96,0.096,0.02454258647747338
726,863,137,0.137,0.023343883359804748
746,873,127,0.127,0.025592894789762795
746,873,127,0.127,0.025890492704231292
714,857,143,0.143,0.027888694073073567
748,874,126,0.126,0.03203256732225418
802,901,99,0.099,0.031373308000154795
814,907,93,0.093,0.02941595508996397
780,890,110,0.11,0.031672858740203085
714,857,143,0.143,0.02801278308685869
788,894,106,0.106,0.024884588085114956
788,894,106,0.106,0.02516946359537542
754,877,123,0.123,0.025353898431174457
774,887,113,0.113,0.025683577390387655
724,862,138,0.138,0.027927092202939093
816,908,92,0.092,0.02482702469918877
814,907,93,0.093,0.02435285339690745
740,870,130,0.13,0.027086360924877227
742,871,129,0.129,0.025797740185633303
742,871,129,0.129,0.02693318181298673
752,876,124,0.124,0.02667686957772821
794,897,103,0.103,0.024892882355488838
750,875,125,0.125,0.025369788629934192
828,914,86,0.086,0.021802462883293627
762,881,119,0.119,0.022743607896380125
798,899,101,0.101,0.01951220505358651
814,907,93,0.093,0.018820069970097393
750,875,125,0.125,0.02104046505410224
730,865,135,0.135,0.021323651830665768
830,915,85,0.085,0.01943778314255178
782,891,109,0.109,0.023101793978363275
772,886,114,0.114,0.022906379226595164
760,880,120,0.12,0.022840170062147083
776,888,112,0.112,0.021490815711207686
842,921,79,0.079,0.01902807964896783
800,900,100,0.1,0.018391036791261285
760,880,120,0.12,0.01828546419646591
760,880,120,0.12,0.01747394455457106
776,888,112,0.112,0.015794475162401796
770,885,115,0.115,0.016927768751978874
766,883,117,0.117,0.017742143047507854
764,882,118,0.118,0.017513243135996164
734,867,133,0.133,0.02033570590429008
780,890,110,0.11,0.018656581750139595
776,888,112,0.112,0.01822015745472163
738,869,131,0.131,0.01882866596803069
746,873,127,0.127,0.01809765647072345
822,911,89,0.089,0.016286109387874604
768,884,116,0.116,0.017419356925413014
766,883,117,0.117,0.016985432086512445
808,904,96,0.096,0.01425280913291499
808,904,96,0.096,0.012636233703233302
726,863,137,0.137,0.014039595841430127
746,873,127,0.127,0.014621602158527822
792,896,104,0.104,0.014264560886193068
726,863,137,0.137,0.01592905099503696
798,899,101,0.101,0.014607087578158826
744,872,128,0.128,0.015929328312631698
784,892,108,0.108,0.01575278374645859
726,863,137,0.137,0.018902528833597897
728,864,136,0.136,0.019994449912570416
740,870,130,0.13,0.019778667828068138
744,872,128,0.128,0.023120055655948817
740,870,130,0.13,0.025118029011413454
822,911,89,0.089,0.021488558570854365
736,868,132,0.132,0.023011895053088666
740,870,130,0.13,0.019533960973843932
794,897,103,0.103,0.015659658365417273
772,886,114,0.114,0.016270707195159047
742,871,129,0.129,0.015841271893121303
740,870,130,0.13,0.016435462834779174
740,870,130,0.13,0.018595022140070794
772,886,114,0.114,0.017672992050182076
740,870,130,0.13,0.020141720321495086
790,895,105,0.105,0.019835505092516543
762,881,119,0.119,0.019849419143050908
712,856,144,0.144,0.020817401675507427
740,870,130,0.13,0.019889898368157445
780,890,110,0.11,0.017875562106259166
782,891,109,0.109,0.016572280519176273
748,874,126,0.126,0.016729951397981495
744,872,128,0.128,0.016588123581837862
798,899,101,0.101,0.01531661132303998
766,883,117,0.117,0.015643297091592102
780,890,110,0.11,0.01607541320566088
732,866,134,0.134,0.01966957985702902
668,834,166,0.166,0.022569265452213584
736,868,132,0.132,0.024947019685059788
754,877,123,0.123,0.025977841520681978
816,908,92,0.092,0.02404023044463247
810,905,95,0.095,0.022961136771366
682,841,159,0.159,0.019183741255663335
808,904,96,0.096,0.016373288832604884
730,865,135,0.135,0.01441870703175664
816,908,92,0.092,0.012852523422800004
736,868,132,0.132,0.015126745903864503
732,866,134,0.134,0.016107753979042173
784,892,108,0.108,0.017807268056087195
758,879,121,0.121,0.0182664186549373
798,899,101,0.101,0.021899613575078546
792,896,104,0.104,0.022082280424423516
732,866,134,0.134,0.022256516032852232
802,901,99,0.099,0.020364107915200293
760,880,120,0.12,0.01654264076706022
774,887,113,0.113,0.016186293915845452
792,896,104,0.104,0.015176432750653475
786,893,107,0.107,0.015858328628353773
778,889,111,0.111,0.019196114516817034
754,877,123,0.123,0.019195964164100587
752,876,124,0.124,0.023384639527648687
774,887,113,0.113,0.0230970911225304
754,877,123,0.123,0.029113495187833904
762,881,119,0.119,0.02834379702154547
774,887,113,0.113,0.027332616735249757
728,864,136,0.136,0.02762687525060028
764,882,118,0.118,0.023644219478592278
766,883,117,0.117,0.02146801126934588
768,884,116,0.116,0.021236608574166895
780,890,110,0.11,0.01934300428908318
794,897,103,0.103,0.02001592311821878
816,908,92,0.092,0.01993435946106911
810,905,95,0.095,0.02324532106425613
742,871,129,0.129,0.026944084734655916
768,884,116,0.116,0.03026901899650693
742,871,129,0.129,0.030012435131706296
774,887,113,0.113,0.02878159122634679
746,873,127,0.127,0.02727598979510367
852,926,74,0.074,0.022809258637949824
756,878,122,0.122,0.02438320477725938
794,897,103,0.103,0.022367389062419533
698,849,151,0.151,0.02495695542730391
822,911,89,0.089,0.023900246881879868
696,848,152,0.152,0.02949521172977984
742,871,129,0.129,0.02840755686443299
750,875,125,0.125,0.031820711033418776
818,909,91,0.091,0.0270045711658895
790,895,105,0.105,0.028059982405044138
720,860,140,0.14,0.030504885889589786
796,898,102,0.102,0.024783632383681833
804,902,98,0.098,0.021460770710371436
734,867,133,0.133,0.02203845358174294
778,889,111,0.111,0.02115269373264164
768,884,116,0.116,0.02127239310229197
760,880,120,0.12,0.02605584947578609
746,873,127,0.127,0.028298194718547165
728,864,136,0.136,0.02987887721415609
824,912,88,0.088,0.030023333314806222
770,885,115,0.115,0.03188724655844271
816,908,92,0.092,0.029771382625214754
710,855,145,0.145,0.03312342094257474
754,877,123,0.123,0.02894339422043413
746,873,127,0.127,0.02653872366528958
782,891,109,0.109,0.026221749511547387
790,895,105,0.105,0.02616982601955533
736,868,132,0.132,0.03014206376299262
726,863,137,0.137,0.03332479105237871
758,879,121,0.121,0.03378921120427549
812,906,94,0.094,0.03233981470763683
684,842,158,0.158,0.03837859482318163
752,876,124,0.124,0.03546741615608334
770,885,115,0.115,0.03407746880501509
784,892,108,0.108,0.03353930092789233
786,893,107,0.107,0.033753356548026206
768,884,116,0.116,0.032885523179545996
744,872,128,0.128,0.03361742145940661
744,872,128,0.128,0.035703989582136275
800,900,100,0.1,0.03653088299743831
730,865,135,0.135,0.04042975406907499
740,870,130,0.13,0.0392554368134588
736,868,132,0.132,0.03863008030876517
718,859,141,0.141,0.033321396089158954
782,891,109,0.109,0.029992087022401394
794,897,103,0.103,0.027835324478335678
756,878,122,0.122,0.02780179474875331
762,881,119,0.119,0.028161951416172087
714,857,143,0.143,0.02830066842213273
790,895,105,0.105,0.0258742070812732
792,896,104,0.104,0.025745522506535053
760,880,120,0.12,0.030388429367914797
726,863,137,0.137,0.031196556326001882
798,899,101,0.101,0.02967945008724928
704,852,148,0.148,0.0337328202528879
802,901,99,0.099,0.03088020611181855
692,846,154,0.154,0.03394425711873919
736,868,132,0.132,0.030140076451003552
812,906,94,0.094,0.02784188279416412
826,913,87,0.087,0.02301735531259328
696,848,152,0.152,0.02768135967385024
766,883,117,0.117,0.024996537785977126
734,867,133,0.133,0.025868286616168915
774,887,113,0.113,0.027325153141282497
782,891,109,0.109,0.028733846151269973
760,880,120,0.12,0.028169804398901762
772,886,114,0.114,0.02906705160625279
788,894,106,0.106,0.024342612012289464
776,888,112,0.112,0.022941698202863337
806,903,97,0.097,0.02217846724204719
722,861,139,0.139,0.027761293860152365
770,885,115,0.115,0.029504972092807294
648,824,176,0.176,0.0308737423857674
704,852,148,0.148,0.0337828769851476
778,889,111,0.111,0.04575828450918198
762,881,119,0.119,0.045977452766150236
766,883,117,0.117,0.04459366850554943
702,851,149,0.149,0.047385381376370786
788,894,106,0.106,0.03145820291899144
768,884,116,0.116,0.030347748327068984
766,883,117,0.117,0.030624369715340435
786,893,107,0.107,0.030043941093608736
790,895,105,0.105,0.03719745773728937
686,843,157,0.157,0.04370859511103481
686,843,157,0.157,0.04477169755101204
732,866,134,0.134,0.054651147341355684
800,900,100,0.1,0.06103063714504242
750,875,125,0.125,0.06727594279870391
788,894,106,0.106,0.06432262936607003
730,865,135,0.135,0.0658409959115088
672,836,164,0.164,0.057131266528740524
758,879,121,0.121,0.05359179147146642
802,901,99,0.099,0.05382243446819484
712,856,144,0.144,0.06701602580025792
746,873,127,0.127,0.08890577627345919
780,890,110,0.11,0.08646567802131176
708,854,146,0.146,0.09357559429481625
756,878,122,0.122,0.09182575111091137
760,880,120,0.12,0.08096529303118587
800,900,100,0.1,0.07456633455306291
756,878,122,0.122,0.07077755781263113
758,879,121,0.121,0.07589983605965972
758,879,121,0.121,0.06895821851864457
718,859,141,0.141,0.07377419902384282
776,888,112,0.112,0.07431650790944695
796,898,102,0.102,0.07684669054299594
766,883,117,0.117,0.07935698010027409
818,909,91,0.091,0.07500560255348683
798,899,101,0.101,0.07613218757882714
724,862,138,0.138,0.07973372913897038
726,863,137,0.137,0.08011449083313346
702,851,149,0.149,0.08610003434494137
778,889,111,0.111,0.08882872739061713
772,886,114,0.114,0.08892647989094257
776,888,112,0.112,0.0945224220007658
774,887,113,0.113,0.08002098013833166
788,894,106,0.106,0.06487559772841632
774,887,113,0.113,0.049293227223679424
804,902,98,0.098,0.048726805854588745
748,874,126,0.126,0.04554908354207873
752,876,124,0.124,0.04326671329140663
758,879,121,0.121,0.05032709875330329
758,879,121,0.121,0.05125577804259956
798,899,101,0.101,0.053624223049730066
746,873,127,0.127,0.05777371708489955
798,899,101,0.101,0.05473127641156316
718,859,141,0.141,0.05722756687551737
770,885,115,0.115,0.05056244975142181
706,853,147,0.147,0.05221669419668615
808,904,96,0.096,0.04141153828427196
766,883,117,0.117,0.04408851540274918
816,908,92,0.092,0.04079653129540384
804,902,98,0.098,0.03949927723407745
722,861,139,0.139,0.04298950403556228
754,877,123,0.123,0.040762206653133036
738,869,131,0.131,0.045281709695234894
760,880,120,0.12,0.04820232431776822
730,865,135,0.135,0.061276618642732504
706,853,147,0.147,0.05969115008227527
736,868,132,0.132,0.06867339907586574
734,867,133,0.133,0.07063894250616432
684,842,158,0.158,0.07404553062841296
732,866,134,0.134,0.07069613973423838
742,871,129,0.129,0.06820289023593068
772,886,114,0.114,0.06454298076964915
766,883,117,0.117,0.06342151247523725
718,859,141,0.141,0.06718170039355754
704,852,148,0.148,0.06800049684755505
790,895,105,0.105,0.06546381692960858
814,907,93,0.093,0.06498413177207113
750,875,125,0.125,0.06811120699346065
768,884,116,0.116,0.06802914582565427
688,844,156,0.156,0.06984794467315078
810,905,95,0.095,0.06451411998271941
770,885,115,0.115,0.0686962969917804
844,922,78,0.078,0.0712082978747785
752,876,124,0.124,0.08041041922569275
740,870,130,0.13,0.08550989876687527
718,859,141,0.141,0.08871299108490348
760,880,120,0.12,0.09380868355929851
760,880,120,0.12,0.10048912470042705
778,889,111,0.111,0.10439701642096043
762,881,119,0.119,0.10410141993314027
758,879,121,0.121,0.11955660178512335
774,887,113,0.113,0.12435013511031866
760,880,120,0.12,0.12986596570909023
786,893,107,0.107,0.12999296011775732
744,872,128,0.128,0.14921638038009405
748,874,126,0.126,0.15532473780214787
776,888,112,0.112,0.16091985526680946
780,890,110,0.11,0.16454735062271356
758,879,121,0.121,0.17998357744514942
760,880,120,0.12,0.1788832612261176
792,896,104,0.104,0.17614199913293124
718,859,141,0.141,0.18477577152103186
782,891,109,0.109,0.1783882164657116
794,897,103,0.103,0.1750306066274643
742,871,129,0.129,0.17903370547294617
788,894,106,0.106,0.17192231005430222
728,864,136,0.136,0.19644451280683278
696,848,152,0.152,0.19433724738657474
746,873,127,0.127,0.19642052644491195
758,879,121,0.121,0.19978561015427113
802,901,99,0.099,0.2295212297141552
778,889,111,0.111,0.2244139027148485
732,866,134,0.134,0.23465103337168694
806,903,97,0.097,0.22900082805752756
742,871,129,0.129,0.19248411250859498
678,839,161,0.161,0.18969332209974527
736,868,132,0.132,0.1803665937408805
738,869,131,0.131,0.1715311760827899
660,830,170,0.17,0.1693232892975211
752,876,124,0.124,0.16550381084531546
776,888,112,0.112,0.15773464214801788
738,869,131,0.131,0.16064063980430365
778,889,111,0.111,0.14174585250765084
754,877,123,0.123,0.13800311578065158
800,900,100,0.1,0.10649032198637724
786,893,107,0.107,0.10791881267353892
732,866,134,0.134,0.0833660555370152
792,896,104,0.104,0.0845012045763433
712,856,144,0.144,0.08838746689073741
742,871,129,0.129,0.09093184472620487
810,905,95,0.095,0.08963689959049224
826,913,87,0.087,0.07521205838769675
854,927,73,0.073,0.07308802829496562
780,890,110,0.11,0.06340960788354277
742,871,129,0.129,0.06469494035840034
782,891,109,0.109,0.060221114836633206
798,899,101,0.101,0.06883102287724614
812,906,94,0.094,0.06774751585349441
800,900,100,0.1,0.07446350503340364
766,883,117,0.117,0.07927562661468983
794,897,103,0.103,0.07643528191745282
748,874,126,0.126,0.08036901605129242
792,896,104,0.104,0.07660543815046549
768,884,116,0.116,0.07833286715298891
742,871,129,0.129,0.07954550080746413
768,884,116,0.116,0.07975055009126664
760,880,120,0.12,0.08167691189795732
750,875,125,0.125,0.09189522092416882
766,883,117,0.117,0.09529150731861591
832,916,84,0.084,0.09399030586704611
788,894,106,0.106,0.10424973816424608
740,870,130,0.13,0.11123000570759177
768,884,116,0.116,0.11333861421793699
780,890,110,0.11,0.10998807524889707
710,855,145,0.145,0.12298649985343219
734,867,133,0.133,0.12305745189636946
736,868,132,0.132,0.13095309818536044
730,865,135,0.135,0.13263767345249652
726,863,137,0.137,0.12011763771623372
764,882,118,0.118,0.11358144242316484
752,876,124,0.124,0.0967586640380323
736,868,132,0.132,0.09122050774842501
744,872,128,0.128,0.08082985354214907
744,872,128,0.128,0.08199369509890675
730,865,135,0.135,0.08489395493268967
692,846,154,0.154,0.08702747880667448
736,868,132,0.132,0.09433790527284146
742,871,129,0.129,0.09753657988086342
764,882,118,0.118,0.1000858249552548
750,875,125,0.125,0.09664130020886659
762,881,119,0.119,0.0880929452367127
808,904,96,0.096,0.07876250961795449
744,872,128,0.128,0.06791191416792572
756,878,122,0.122,0.06609200836718082
786,893,107,0.107,0.059335839621722695
788,894,106,0.106,0.05857465631887317
784,892,108,0.108,0.06323511945828796
732,866,134,0.134,0.06714520357176662
820,910,90,0.09,0.05922645220160484
776,888,112,0.112,0.06257206216454506
792,896,104,0.104,0.053936679853126404
726,863,137,0.137,0.054639144945889714
802,901,99,0.099,0.043865679260343314
746,873,127,0.127,0.04621955594606698
756,878,122,0.122,0.047526092898100614
772,886,114,0.114,0.04920205912925303
798,899,101,0.101,0.04890298786200583
694,847,153,0.153,0.054705815764144065
780,890,110,0.11,0.04884174675494433
730,865,135,0.135,0.05111207206174731
754,877,123,0.123,0.05035759085789323
750,875,125,0.125,0.05300396119616926
738,869,131,0.131,0.054770591279491784
800,900,100,0.1,0.051467367358505725
782,891,109,0.109,0.0475832660831511
792,896,104,0.104,0.045118261596187946
772,886,114,0.114,0.03492715435102582
806,903,97,0.097,0.0318008011393249
784,892,108,0.108,0.030715943972580134
756,878,122,0.122,0.031098091823980212
762,881,119,0.119,0.03443536083772779
760,880,120,0.12,0.0367141323890537
780,890,110,0.11,0.03975556520745158
774,887,113,0.113,0.03914960374124348
780,890,110,0.11,0.03980668390356004
738,869,131,0.131,0.041076388090848924
736,868,132,0.132,0.04103523356467485
772,886,114,0.114,0.040767817752435806
738,869,131,0.131,0.04427978050149977
758,879,121,0.121,0.04333112489432096
782,891,109,0.109,0.046099357979372146
734,867,133,0.133,0.04982609180547297
648,824,176,0.176,0.06238043475523591
744,872,128,0.128,0.05706445385701955
846,923,77,0.077,0.055697883646935224
752,876,124,0.124,0.062183360174298284
792,896,104,0.104,0.054031625198200345
768,884,116,0.116,0.053101680187508465
756,878,122,0.122,0.05151435120776296
776,888,112,0.112,0.0517592466250062
764,882,118,0.118,0.05859814035333693
750,875,125,0.125,0.06327091479860246
786,893,107,0.107,0.060526978066191076
788,894,106,0.106,0.05892607863247395
798,899,101,0.101,0.0554550212174654
722,861,139,0.139,0.059924568470567464
796,898,102,0.102,0.057395936751738194
756,878,122,0.122,0.05812298471108079
778,889,111,0.111,0.059632442217320204
768,884,116,0.116,0.06322331496328115
756,878,122,0.122,0.06311734773591161
762,881,119,0.119,0.0643178974315524
678,839,161,0.161,0.07342759599350393
740,870,130,0.13,0.07150686909258365
770,885,115,0.115,0.0820702006444335
722,861,139,0.139,0.08872167256847024
758,879,121,0.121,0.10217922240495682
686,843,157,0.157,0.10520386832207441
776,888,112,0.112,0.10213650161772966
728,864,136,0.136,0.10387071058526635
770,885,115,0.115,0.09269182846695184
694,847,153,0.153,0.09901990089192987
790,895,105,0.105,0.08761897430196404
750,875,125,0.125,0.09063295122981072
820,910,90,0.09,0.08346506648510695
762,881,119,0.119,0.08949557127058506
844,922,78,0.078,0.07932983095571398
758,879,121,0.121,0.08337269645184278
812,906,94,0.094,0.07269675889238715
764,882,118,0.118,0.07519192877039313
722,861,139,0.139,0.07068657946027815
748,874,126,0.126,0.06923186250403524
764,882,118,0.118,0.06589923821389675
882,941,59,0.059,0.06252995634824038
724,862,138,0.138,0.07604931923747063
776,888,112,0.112,0.07683372871950268
726,863,137,0.137,0.07897075882181526
742,871,129,0.129,0.07377020782232284
782,891,109,0.109,0.07367718563973903
744,872,128,0.128,0.07693986921012401
760,880,120,0.12,0.06855978306010366
832,916,84,0.084,0.06345038406178355
680,840,160,0.16,0.06990673589706421
756,878,122,0.122,0.06617027232050895
780,890,110,0.11,0.06466329904273152
740,870,130,0.13,0.06849583813920618
734,867,133,0.133,0.07185650189593434
784,892,108,0.108,0.07087176752090454
756,878,122,0.122,0.07066113703884185
698,849,151,0.151,0.0733041555583477
762,881,119,0.119,0.06507569811493158
762,881,119,0.119,0.0640949637889862
758,879,121,0.121,0.062176910871639846
774,887,113,0.113,0.06316667012125253
780,890,110,0.11,0.06553083669766784
838,919,81,0.081,0.05740566638857126
780,890,110,0.11,0.05444568723253906
758,879,121,0.121,0.051296227993443605
816,908,92,0.092,0.047360180124640466
774,887,113,0.113,0.0435496154371649
794,897,103,0.103,0.04872488199174404
728,864,136,0.136,0.05350232320278883
794,897,103,0.103,0.050262028854340314
772,886,114,0.114,0.05608593591302633
734,867,133,0.133,0.0547244108710438
764,882,118,0.118,0.05257704523764551
676,838,162,0.162,0.055848486846312884
770,885,115,0.115,0.05185765459015965
776,888,112,0.112,0.05108362833037972
790,895,105,0.105,0.0505439337734133
818,909,91,0.091,0.04978840029425919
712,856,144,0.144,0.047917445726692674
738,869,131,0.131,0.04864115683734417
780,890,110,0.11,0.04628540887869895
738,869,131,0.131,0.04865745294466615
760,880,120,0.12,0.05342546688765287
814,907,93,0.093,0.048090173786506055
794,897,103,0.103,0.048805408446118234
788,894,106,0.106,0.047669872703030705
786,893,107,0.107,0.042817284455522894
718,859,141,0.141,0.041454643378034235
796,898,102,0.102,0.03844876727089286
752,876,124,0.124,0.04038759840466082
774,887,113,0.113,0.04202547279931605
794,897,103,0.103,0.04407628452964127
762,881,119,0.119,0.045126253705471756
712,856,144,0.144,0.04592747891508043
766,883,117,0.117,0.04711086038872599
810,905,95,0.095,0.053753944749012586
810,905,95,0.095,0.0523510780017823
698,849,151,0.151,0.06182376254722476
778,889,111,0.111,0.056410245329141614
742,871,129,0.129,0.05528008848614991
862,931,69,0.069,0.049424341481178996
822,911,89,0.089,0.05224720087461174
716,858,142,0.142,0.05710838490352035
708,854,146,0.146,0.07469719466380775
790,895,105,0.105,0.07121845899149776
804,902,98,0.098,0.07905233724415302
738,869,131,0.131,0.09336281345784664
696,848,152,0.152,0.09849820298328996
794,897,103,0.103,0.08981862507015467
758,879,121,0.121,0.09297557030245662
714,857,143,0.143,0.0969318601116538
688,844,156,0.156,0.08906208109483123
732,866,134,0.134,0.08246598952636122
758,879,121,0.121,0.07946029532700777
746,873,127,0.127,0.07873336502537132
758,879,121,0.121,0.07520322854816913
760,880,120,0.12,0.07448576329275966
782,891,109,0.109,0.06975441475212574
804,902,98,0.098,0.06576030273735524
696,848,152,0.152,0.06276055078208446
804,902,98,0.098,0.05700072804279625
736,868,132,0.132,0.05631438805535436
742,871,129,0.129,0.05517098968848586
764,882,118,0.118,0.060949316792190074
810,905,95,0.095,0.059755371861159805
814,907,93,0.093,0.06421526086702943
724,862,138,0.138,0.06853097372874617
692,846,154,0.154,0.07258362623676658
790,895,105,0.105,0.06652924478054047
708,854,146,0.146,0.0697233614884317
660,830,170,0.17,0.07278240112215281
764,882,118,0.118,0.06801747241616249
800,900,100,0.1,0.06343273723125457
770,885,115,0.115,0.06673709308728576
804,902,98,0.098,0.06500214038789272
808,904,96,0.096,0.05571705686673522
830,915,85,0.085,0.04831840014271438
766,883,117,0.117,0.04952280997671187
762,881,119,0.119,0.04865075354464352
814,907,93,0.093,0.04909834094531834
804,902,98,0.098,0.05890715401805937
784,892,108,0.108,0.06896731711551547
762,881,119,0.119,0.06843683213368058
732,866,134,0.134,0.08256465634331107
744,872,128,0.128,0.08365513753518462
758,879,121,0.121,0.07937904501333833
736,868,132,0.132,0.08195536385849118
750,875,125,0.125,0.07777965912595391
778,889,111,0.111,0.07074254603683948
808,904,96,0.096,0.0668398555777967
814,907,93,0.093,0.06560685455054045
764,882,118,0.118,0.06442254340648651
770,885,115,0.115,0.059327032860368493
830,915,85,0.085,0.05749053654819727
760,880,120,0.12,0.05916052356176078
696,848,152,0.152,0.068206439640373
832,916,84,0.084,0.06601154063269496
730,865,135,0.135,0.07569978823885322
844,922,78,0.078,0.06988150934875012
782,891,109,0.109,0.07840298163890838
798,899,101,0.101,0.08259623074531555
796,898,102,0.102,0.08571187372878195
828,914,86,0.086,0.08084580976516008
716,858,142,0.142,0.0948715740069747
762,881,119,0.119,0.09853662403672933
688,844,156,0.156,0.1184145527817309
800,900,100,0.1,0.10716192672401667
764,882,118,0.118,0.12051088476181031
836,918,82,0.082,0.11647849028557539
776,888,112,0.112,0.11143510743230581
772,886,114,0.114,0.1097981814108789
828,914,86,0.086,0.09610524141415953
828,914,86,0.086,0.09395172768458725
796,898,102,0.102,0.09476091139391064
700,850,150,0.15,0.10199232388660312
744,872,128,0.128,0.10706200045719742
754,877,123,0.123,0.12800006251409649
752,876,124,0.124,0.15126529704034328
748,874,126,0.126,0.1513883728981018
786,893,107,0.107,0.15539424641430377
792,896,104,0.104,0.14594227652996777
766,883,117,0.117,0.1269188094213605
752,876,124,0.124,0.12926173247396947
770,885,115,0.115,0.1068875242806971
794,897,103,0.103,0.08495441819727421
772,886,114,0.114,0.07743074920028448
810,905,95,0.095,0.07476941161975265
780,890,110,0.11,0.07177750320360064
762,881,119,0.119,0.06788593050837517
836,918,82,0.082,0.05867508852668107
784,892,108,0.108,0.06140559870377183
726,863,137,0.137,0.06111010851338506
712,856,144,0.144,0.05524357389658689
742,871,129,0.129,0.05163936447352171
762,881,119,0.119,0.05188443648070097
754,877,123,0.123,0.05102708771824837
788,894,106,0.106,0.048164620233699676
776,888,112,0.112,0.04597385808266699
766,883,117,0.117,0.04864071737229824
778,889,111,0.111,0.04403734205104411
766,883,117,0.117,0.03945697281509638
758,879,121,0.121,0.036595553098246456
754,877,123,0.123,0.038496395958587525
788,894,106,0.106,0.03952503460086882
764,882,118,0.118,0.04606948206759989
802,901,99,0.099,0.045938327608630064
744,872,128,0.128,0.047059551171958446
744,872,128,0.128,0.046772304965183135
778,889,111,0.111,0.042748086078092454
796,898,102,0.102,0.035333926908671855
724,862,138,0.138,0.03952105647232383
718,859,141,0.141,0.039789791505783795
798,899,101,0.101,0.037143438862636685
724,862,138,0.138,0.04416869680956006
740,870,130,0.13,0.04505707019008696
768,884,116,0.116,0.046063318785279986
774,887,113,0.113,0.04486829085089266
780,890,110,0.11,0.0422118603810668
746,873,127,0.127,0.04401101572625339
730,865,135,0.135,0.04089594841748476
864,932,68,0.068,0.0329070886792615
754,877,123,0.123,0.03324087938666344
722,861,139,0.139,0.033749448699876665
734,867,133,0.133,0.031895038465969264
790,895,105,0.105,0.030812774126417936
798,899,101,0.101,0.03121758841816336
696,848,152,0.152,0.03570736529678106
778,889,111,0.111,0.032363339276984336
790,895,105,0.105,0.028493800529278815
774,887,113,0.113,0.023834878026973455
742,871,129,0.129,0.024547284468077125
720,860,140,0.14,0.02340229263994843
774,887,113,0.113,0.02078390235081315
750,875,125,0.125,0.024055667009204626
796,898,102,0.102,0.023573796093463897
764,882,118,0.118,0.024792864356189968
770,885,115,0.115,0.025268015968613326
764,882,118,0.118,0.02621947646327317
746,873,127,0.127,0.026930537205189467
754,877,123,0.123,0.025452116368338464
826,913,87,0.087,0.02438518603052944
760,880,120,0.12,0.024788766667246817
754,877,123,0.123,0.02565680276695639
766,883,117,0.117,0.024480854339897634
760,880,120,0.12,0.02326594136096537
698,849,151,0.151,0.026996353945694863
748,874,126,0.126,0.026714883416891096
754,877,123,0.123,0.026712618788704276
780,890,110,0.11,0.029613633133471012
784,892,108,0.108,0.0311448827739805
656,828,172,0.172,0.03353015754185617
736,868,132,0.132,0.03189303942583501
786,893,107,0.107,0.024092057725414635
766,883,117,0.117,0.02036132439225912
794,897,103,0.103,0.020360660725738854
742,871,129,0.129,0.022022583430632948
826,913,87,0.087,0.018390240187291056
784,892,108,0.108,0.022982214353978635
770,885,115,0.115,0.024496952612884343
714,857,143,0.143,0.027380247859284283
764,882,118,0.118,0.03013045840524137
730,865,135,0.135,0.032238361769355836
764,882,118,0.118,0.031879969470202926
774,887,113,0.113,0.031579953618347645
758,879,121,0.121,0.025519747375976294
754,877,123,0.123,0.022492311622947455
774,887,113,0.113,0.021329617724753915
688,844,156,0.156,0.022748439262621104
820,910,90,0.09,0.022526697928085922
700,850,150,0.15,0.02706729045137763
750,875,125,0.125,0.02696863103751093
792,896,104,0.104,0.02665520378574729
802,901,99,0.099,0.024304472510702908
774,887,113,0.113,0.023724684979766607
772,886,114,0.114,0.022910922557581218
714,857,143,0.143,0.023073486831504852
762,881,119,0.119,0.021014048936776816
786,893,107,0.107,0.02263512230059132
786,893,107,0.107,0.02278952866839245
766,883,117,0.117,0.02713801693636924
738,869,131,0.131,0.03263411895744502
780,890,110,0.11,0.031942704455927014
772,886,114,0.114,0.032766218116506936
744,872,128,0.128,0.03000264647975564
754,877,123,0.123,0.02562193769495934
704,852,148,0.148,0.02692735529318452
746,873,127,0.127,0.025369363497942686
736,868,132,0.132,0.02734371937904507
794,897,103,0.103,0.031239128557965158
744,872,128,0.128,0.03439675859455019
742,871,129,0.129,0.03567380805127323
666,833,167,0.167,0.036234610529616476
794,897,103,0.103,0.02523167435079813
772,886,114,0.114,0.02602995489910245
744,872,128,0.128,0.026041065538302065
730,865,135,0.135,0.02580384206958115
748,874,126,0.126,0.022365701070986687
756,878,122,0.122,0.022205043853260577
794,897,103,0.103,0.02093659094814211
770,885,115,0.115,0.021035017715301366
740,870,130,0.13,0.021600081018172203
796,898,102,0.102,0.01999066497758031
750,875,125,0.125,0.02099514108058065
782,891,109,0.109,0.021498825763352214
780,890,110,0.11,0.021306412534788252
748,874,126,0.126,0.02222869264520705
768,884,116,0.116,0.021802335696294903
724,862,138,0.138,0.02244680389482528
754,877,123,0.123,0.021735697363503278
784,892,108,0.108,0.021276155374012888
740,870,130,0.13,0.023014664023183286
802,901,99,0.099,0.021639467052184044
696,848,152,0.152,0.02541449409723282
796,898,102,0.102,0.02220311503764242
722,861,139,0.139,0.024074953195638956
770,885,115,0.115,0.024117483851499855
816,908,92,0.092,0.022904360656626523
840,920,80,0.08,0.022003951797261834
756,878,122,0.122,0.02393291499000043
806,903,97,0.097,0.01845599511358887
756,878,122,0.122,0.01746145032532513
792,896,104,0.104,0.01707288920786232
806,903,97,0.097,0.017362478233873845
746,873,127,0.127,0.02379351975303143
744,872,128,0.128,0.03141803198028356
692,846,154,0.154,0.033690827017650006
752,876,124,0.124,0.03292689369525761
768,884,116,0.116,0.03710644227452576
760,880,120,0.12,0.03386061027925462
740,870,130,0.13,0.032850316152907906
750,875,125,0.125,0.03111262384336442
750,875,125,0.125,0.026666582956910132
768,884,116,0.116,0.024053895555436612
740,870,130,0.13,0.026716043905355036
796,898,102,0.102,0.023946978461928666
780,890,110,0.11,0.025240016227588057
740,870,130,0.13,0.0271105097848922
690,845,155,0.155,0.029982290717773138
696,848,152,0.152,0.030051849086768924
748,874,126,0.126,0.03351304964534938
740,870,130,0.13,0.033197823936119676
778,889,111,0.111,0.03285870381072164
784,892,108,0.108,0.03144575187284499
800,900,100,0.1,0.020292690014466642
766,883,117,0.117,0.01829665063228458
750,875,125,0.125,0.01635399274667725
810,905,95,0.095,0.013416629408020526
822,911,89,0.089,0.011918648660881445
752,876,124,0.124,0.015465709425974637
782,891,109,0.109,0.01601568706193939
756,878,122,0.122,0.018536409351509065
762,881,119,0.119,0.02176815609075129
756,878,122,0.122,0.021825645415112376
746,873,127,0.127,0.022300034807994962
784,892,108,0.108,0.020716976206749678
778,889,111,0.111,0.016516313563100994
742,871,129,0.129,0.017025540105532855
766,883,117,0.117,0.01540120855625719
798,899,101,0.101,0.014307590459473432
774,887,113,0.113,0.015095758003531955
784,892,108,0.108,0.01533255805959925
762,881,119,0.119,0.01809779866412282
776,888,112,0.112,0.01857988661294803
726,863,137,0.137,0.022164428928866983
754,877,123,0.123,0.021210483878850935
742,871,129,0.129,0.02189492893591523
678,839,161,0.161,0.024318772966973483
726,863,137,0.137,0.027028242751955985
750,875,125,0.125,0.025435289938002825
716,858,142,0.142,0.02748430643044412
782,891,109,0.109,0.025691844640299676
762,881,119,0.119,0.024499731454998255
770,885,115,0.115,0.023326457818970085
816,908,92,0.092,0.021218273481819778
730,865,135,0.135,0.02331046953238547
714,857,143,0.143,0.02539263705536723
772,886,114,0.114,0.024521754804067313
738,869,131,0.131,0.02590030702203512
722,861,139,0.139,0.028230763665400446
716,858,142,0.142,0.027210045437328516
764,882,118,0.118,0.02636215868871659
818,909,91,0.091,0.02410038979537785
708,854,146,0.146,0.025248836518265306
710,855,145,0.145,0.02418173721153289
818,909,91,0.091,0.021591329865157605
710,855,145,0.145,0.023917619498446584
850,925,75,0.075,0.02128685232065618
786,893,107,0.107,0.020157855017110704
804,902,98,0.098,0.01941425092285499
754,877,123,0.123,0.020701146558858453
766,883,117,0.117,0.017500416177790613
774,887,113,0.113,0.018972369154915212
746,873,127,0.127,0.02077137691900134
738,869,131,0.131,0.020035594383254647
788,894,106,0.106,0.023052933380007745
766,883,117,0.117,0.023279262193478645
712,856,144,0.144,0.026261950962245463
752,876,124,0.124,0.02330422570556402
760,880,120,0.12,0.021356802912428974
796,898,102,0.102,0.019216676359064877
718,859,141,0.141,0.021426065623760225
780,890,110,0.11,0.019026595674920828
744,872,128,0.128,0.018203608511481433
744,872,128,0.128,0.0191201779441908
738,869,131,0.131,0.018960721974261106
780,890,110,0.11,0.018340367190539837
792,896,104,0.104,0.018504750635009257
788,894,106,0.106,0.01797689366899431
752,876,124,0.124,0.01839405596163124
812,906,94,0.094,0.016205031818710268
714,857,143,0.143,0.015323987579438836
766,883,117,0.117,0.013278243316803127
796,898,102,0.102,0.013857323351548984
800,900,100,0.1,0.014301956046838314
834,917,83,0.083,0.017042334184981883
758,879,121,0.121,0.01991314214002341
770,885,115,0.115,0.019218757103197277
750,875,125,0.125,0.017816614929120986
786,893,107,0.107,0.01344825625931844
770,885,115,0.115,0.014446271168533713
790,895,105,0.105,0.012879044264089316
776,888,112,0.112,0.013427272825269029
772,886,114,0.114,0.016199671169277282
820,910,90,0.09,0.01465016885008663
776,888,112,0.112,0.01705401011928916
762,881,119,0.119,0.018149867749772966
796,898,102,0.102,0.016838532315567135
754,877,123,0.123,0.017746978742070495
782,891,109,0.109,0.017074475405737758
748,874,126,0.126,0.017089582746848464
738,869,131,0.131,0.021098899859469385
766,883,117,0.117,0.020153900983277708
722,861,139,0.139,0.02220680278725922
770,885,115,0.115,0.0258284490192309
738,869,131,0.131,0.0255218653883785
770,885,115,0.115,0.024457338489592074
798,899,101,0.101,0.023690888152457772
776,888,112,0.112,0.01984275737311691
782,891,109,0.109,0.0181310292808339
818,909,91,0.091,0.017061683122534303
774,887,113,0.113,0.01797598323551938
744,872,128,0.128,0.022003121931105853
810,905,95,0.095,0.022367594982497394
800,900,100,0.1,0.021988212228752673
782,891,109,0.109,0.02291862768260762
808,904,96,0.096,0.021773410581052303
776,888,112,0.112,0.0221713837813586
748,874,126,0.126,0.023186322453431784
798,899,101,0.101,0.02262611459661275
734,867,133,0.133,0.02816502012591809
784,892,108,0.108,0.029927104939706625
732,866,134,0.134,0.03226648743078113
824,912,88,0.088,0.03012576083932072
