log_avg_ept_score,log_avg_succ_req,log_avg_blk_req,log_avg_BP_req,log_avg_entropy
68,534,466,0.466,2.301563401937485
100,550,450,0.45,2.301573583841324
18,509,491,0.491,2.3015698573589325
44,522,478,0.478,2.3015655822753907
62,531,469,0.469,2.3015558359622954
98,549,451,0.451,2.301557030916214
82,541,459,0.459,2.3015733597278594
46,523,477,0.477,2.30156809258461
46,523,477,0.477,2.30155517745018
66,533,467,0.467,2.3015531494617463
86,543,457,0.457,2.301551332473755
34,517,483,0.483,2.301557337999344
36,518,482,0.482,2.3015558922290804
36,518,482,0.482,2.3015491700172426
54,527,473,0.473,2.301547821044922
80,540,460,0.46,2.3015485241413116
76,538,462,0.462,2.301558389186859
16,508,492,0.492,2.301540534734726
34,517,483,0.483,2.3015420999526977
52,526,474,0.474,2.3015429120063784
-20,490,510,0.51,2.301549889087677
28,514,486,0.486,2.301544460773468
76,538,462,0.462,2.301551706790924
86,543,457,0.457,2.3015531895160675
82,541,459,0.459,2.3015425345897675
62,531,469,0.469,2.301544741630554
24,512,488,0.488,2.30156151676178
80,540,460,0.46,2.301559539794922
26,513,487,0.487,2.3015692381858828
40,520,480,0.48,2.3015572605133054
58,529,471,0.471,2.3015554053783416
54,527,473,0.473,2.301557119607925
6,503,497,0.497,2.301571750640869
-16,492,508,0.508,2.3015673542022705
4,502,498,0.498,2.3015647165775297
-2,499,501,0.501,2.301556704044342
54,527,473,0.473,2.301553531885147
30,515,485,0.485,2.3015524265766145
54,527,473,0.473,2.301563278198242
48,524,476,0.476,2.3015632662773133
34,517,483,0.483,2.301565908670425
82,541,459,0.459,2.3015658731460573
52,526,474,0.474,2.3015605189800263
62,531,469,0.469,2.301550503492355
68,534,466,0.466,2.3015538854599
148,574,426,0.426,2.3015574810504913
58,529,471,0.471,2.301558567762375
-10,495,505,0.505,2.301554344177246
-2,499,501,0.501,2.301545726299286
42,521,479,0.479,2.301556497812271
60,530,470,0.47,2.3015391466617583
32,516,484,0.484,2.3015362689495085
68,534,466,0.466,2.3015512499809265
44,522,478,0.478,2.3015556313991548
44,522,478,0.478,2.3015477385520935
-2,499,501,0.501,2.301536897182465
76,538,462,0.462,2.301532897233963
96,548,452,0.452,2.301534417629242
104,552,448,0.448,2.3015248024463655
32,516,484,0.484,2.3015170319080354
114,557,443,0.443,2.30151486492157
100,550,450,0.45,2.3015161559581756
40,520,480,0.48,2.301496751308441
12,506,494,0.494,2.3014936017990113
8,504,496,0.496,2.301502013206482
18,509,491,0.491,2.301501948595047
76,538,462,0.462,2.3015002851486206
44,522,478,0.478,2.3015028619766236
48,524,476,0.476,2.3014857034683227
-16,492,508,0.508,2.3014870600700377
36,518,482,0.482,2.301482431650162
32,516,484,0.484,2.3014784379005433
106,553,447,0.447,2.301461792230606
32,516,484,0.484,2.301466047525406
76,538,462,0.462,2.3014472148418426
96,548,452,0.452,2.301451793193817
42,521,479,0.479,2.30145613026619
72,536,464,0.464,2.301439444065094
70,535,465,0.465,2.3013983199596404
58,529,471,0.471,2.3014147698879244
74,537,463,0.463,2.301418874025345
44,522,478,0.478,2.301390779256821
46,523,477,0.477,2.301368185758591
88,544,456,0.456,2.301364006280899
86,543,457,0.457,2.301365666627884
70,535,465,0.465,2.301353555440903
96,548,452,0.452,2.301313090085983
106,553,447,0.447,2.301306787967682
94,547,453,0.453,2.301301261425018
26,513,487,0.487,2.3012408068180084
8,504,496,0.496,2.301230614185333
30,515,485,0.485,2.301245305299759
96,548,452,0.452,2.3012376039028166
72,536,464,0.464,2.301212319850922
116,558,442,0.442,2.301192519426346
54,527,473,0.473,2.3011687350273133
-26,487,513,0.513,2.301162397861481
64,532,468,0.468,2.301138152599335
34,517,483,0.483,2.3011212193965913
12,506,494,0.494,2.3011014933586122
76,538,462,0.462,2.3010937399864195
78,539,461,0.461,2.3010680363178255
-8,496,504,0.504,2.301047661304474
108,554,446,0.446,2.3010413739681246
70,535,465,0.465,2.3010170142650606
-6,497,503,0.503,2.3009854111671446
74,537,463,0.463,2.300943072319031
64,532,468,0.468,2.3009307551383973
54,527,473,0.473,2.3008808002471923
34,517,483,0.483,2.3008700466156005
58,529,471,0.471,2.3008774740695954
68,534,466,0.466,2.300881084918976
104,552,448,0.448,2.300804959535599
34,517,483,0.483,2.3007706291675567
10,505,495,0.495,2.3007596209049224
-2,499,501,0.501,2.3007367300987243
-14,493,507,0.507,2.300664155960083
100,550,450,0.45,2.300676802158356
4,502,498,0.498,2.300652110338211
40,520,480,0.48,2.300647113323212
54,527,473,0.473,2.300564364671707
24,512,488,0.488,2.3005271174907684
40,520,480,0.48,2.3005437383651732
80,540,460,0.46,2.3005586998462677
42,521,479,0.479,2.3004335057735443
138,569,431,0.431,2.300439950942993
34,517,483,0.483,2.3004047455787657
146,573,427,0.427,2.3003826286792757
32,516,484,0.484,2.3002291638851164
46,523,477,0.477,2.3002424461841584
42,521,479,0.479,2.300242312669754
128,564,436,0.436,2.3001745221614835
70,535,465,0.465,2.3000551755428313
80,540,460,0.46,2.300043279647827
88,544,456,0.456,2.300012199163437
134,567,433,0.433,2.299951779603958
84,542,458,0.458,2.299787056207657
10,505,495,0.495,2.299783329248428
48,524,476,0.476,2.299717614650726
74,537,463,0.463,2.29964835524559
88,544,456,0.456,2.2995083105564116
30,515,485,0.485,2.2994915516376495
116,558,442,0.442,2.2994458911418914
108,554,446,0.446,2.299395642757416
134,567,433,0.433,2.299254560470581
84,542,458,0.458,2.2992011609077454
106,553,447,0.447,2.299089489221573
114,557,443,0.443,2.2989764120578764
76,538,462,0.462,2.298754726886749
52,526,474,0.474,2.298725588798523
42,521,479,0.479,2.2985253500938416
44,522,478,0.478,2.2984471213817597
90,545,455,0.455,2.298256762981415
54,527,473,0.473,2.2982452404499054
38,519,481,0.481,2.2980387349128724
70,535,465,0.465,2.2978574149608613
130,565,435,0.435,2.2977114000320435
88,544,456,0.456,2.297692420244217
134,567,433,0.433,2.297371468067169
106,553,447,0.447,2.297143133163452
46,523,477,0.477,2.2970201835632325
88,544,456,0.456,2.297020983219147
90,545,455,0.455,2.296498707294464
96,548,452,0.452,2.296255532026291
80,540,460,0.46,2.2962048032283784
100,550,450,0.45,2.296162743330002
88,544,456,0.456,2.2953873450756075
130,565,435,0.435,2.294906305074692
142,571,429,0.429,2.294820533275604
98,549,451,0.451,2.2948205857276918
74,537,463,0.463,2.2938708901405334
46,523,477,0.477,2.2934405629634855
66,533,467,0.467,2.293371787548065
66,533,467,0.467,2.2932860572338103
166,583,417,0.417,2.291969307899475
114,557,443,0.443,2.29165961098671
134,567,433,0.433,2.2916269657611847
70,535,465,0.465,2.2913213963508605
94,547,453,0.453,2.2891463153362275
158,579,421,0.421,2.2891409311294555
184,592,408,0.408,2.2889454851150512
116,558,442,0.442,2.288338618516922
72,536,464,0.464,2.2859949185848234
74,537,463,0.463,2.2857856147289275
84,542,458,0.458,2.2857096440792084
96,548,452,0.452,2.2846441185474395
156,578,422,0.422,2.281824682474136
90,545,455,0.455,2.281755516290665
146,573,427,0.427,2.2818295748233797
130,565,435,0.435,2.280120651245117
166,583,417,0.417,2.276760524749756
160,580,420,0.42,2.276628450155258
206,603,397,0.397,2.275586718082428
212,606,394,0.394,2.2730072062015534
96,548,452,0.452,2.2684427740573883
210,605,395,0.395,2.2682076256275177
162,581,419,0.419,2.2662139992713928
144,572,428,0.428,2.2632883517742157
178,589,411,0.411,2.258407160758972
190,595,405,0.405,2.25838312292099
120,560,440,0.44,2.253619822025299
146,573,427,0.427,2.2512002000808717
198,599,401,0.401,2.2456236140728
180,590,410,0.41,2.2453364658355714
142,571,429,0.429,2.239132434606552
238,619,381,0.381,2.2357155480384825
176,588,412,0.412,2.228549911737442
228,614,386,0.386,2.228244435787201
248,624,376,0.376,2.2156839730739595
222,611,389,0.389,2.208983385324478
240,620,380,0.38,2.2036863996982574
228,614,386,0.386,2.202657102108002
244,622,378,0.378,2.1795120251178743
254,627,373,0.373,2.1715661482810975
200,600,400,0.4,2.1689184193611144
212,606,394,0.394,2.1681295714378357
252,626,374,0.374,2.132328259706497
290,645,355,0.355,2.126555773973465
298,649,351,0.351,2.1233250415325164
270,635,365,0.365,2.12418586063385
370,685,315,0.315,2.0677320452928543
298,649,351,0.351,2.064595685839653
362,681,319,0.319,2.0625173207521437
310,655,345,0.345,2.0559433405399323
396,698,302,0.302,1.9760297770500184
388,694,306,0.306,1.9731265565156937
368,684,316,0.316,1.9683167980909348
346,673,327,0.327,1.9498689076900482
454,727,273,0.273,1.858289001941681
398,699,301,0.301,1.8540383833646774
460,730,270,0.27,1.8370124650001527
444,722,278,0.278,1.8041060894727707
550,775,225,0.225,1.6954898060560226
486,743,257,0.257,1.687807584285736
524,762,238,0.238,1.655213133096695
546,773,227,0.227,1.615314285993576
512,756,244,0.244,1.509534357190132
602,801,199,0.199,1.501112712264061
584,792,208,0.208,1.4473923109769822
576,788,212,0.212,1.4113707438707352
604,802,198,0.198,1.3181331145763397
634,817,183,0.183,1.316379026532173
702,851,149,0.149,1.252425730586052
666,833,167,0.167,1.2109984200000763
684,842,158,0.158,1.1430906123518945
684,842,158,0.158,1.1339295367598534
670,835,165,0.165,1.073079732954502
650,825,175,0.175,1.0369546819329263
692,846,154,0.154,0.9981737735867501
766,883,117,0.117,0.9923956788182259
688,844,156,0.156,0.9141037102937698
664,832,168,0.168,0.8930712664723396
712,856,144,0.144,0.8815253648757935
710,855,145,0.145,0.87760954028368
702,851,149,0.149,0.812452887058258
750,875,125,0.125,0.8030132225751877
688,844,156,0.156,0.8049901577830315
706,853,147,0.147,0.805916917026043
764,882,118,0.118,0.7650180705189705
758,879,121,0.121,0.757226352751255
774,887,113,0.113,0.7620349646806717
734,867,133,0.133,0.7538339999318123
728,864,136,0.136,0.7244034240245819
770,885,115,0.115,0.7244836210608482
750,875,125,0.125,0.7227152550816536
696,848,152,0.152,0.7163309409618378
742,871,129,0.129,0.7090241218805313
738,869,131,0.131,0.7102581018805504
734,867,133,0.133,0.7083477908968926
720,860,140,0.14,0.7145959805846215
708,854,146,0.146,0.7107227839827538
734,867,133,0.133,0.7118469744324684
754,877,123,0.123,0.7052625327706337
712,856,144,0.144,0.7054303487539292
720,860,140,0.14,0.6964067054986953
770,885,115,0.115,0.7017090624570846
696,848,152,0.152,0.6992877860069275
806,903,97,0.097,0.6955677314400673
690,845,155,0.155,0.6941722981333732
702,851,149,0.149,0.6942705489993095
764,882,118,0.118,0.6938342368006706
764,882,118,0.118,0.6859057232141494
766,883,117,0.117,0.6838098092079162
776,888,112,0.112,0.6831791936159134
686,843,157,0.157,0.6690085346102714
724,862,138,0.138,0.6675286604166031
684,842,158,0.158,0.6681351897716522
686,843,157,0.157,0.6693434315919876
754,877,123,0.123,0.6646216324567795
774,887,113,0.113,0.6687319097518921
728,864,136,0.136,0.6655580843091011
706,853,147,0.147,0.6607031221985817
740,870,130,0.13,0.6578846907615662
694,847,153,0.153,0.6552676162123681
714,857,143,0.143,0.650818653702736
802,901,99,0.099,0.6509278192520142
732,866,134,0.134,0.6402288656234741
734,867,133,0.133,0.6404671446681023
708,854,146,0.146,0.634555340886116
764,882,118,0.118,0.6401736047863961
756,878,122,0.122,0.6259947770237922
720,860,140,0.14,0.6289650840759278
722,861,139,0.139,0.6275173647999763
770,885,115,0.115,0.6257947999238967
708,854,146,0.146,0.6162116740942001
772,886,114,0.114,0.6134389634728432
706,853,147,0.147,0.6163840423226357
712,856,144,0.144,0.6158308835625649
756,878,122,0.122,0.5971154619455338
708,854,146,0.146,0.5957155835032463
744,872,128,0.128,0.5948795505166053
782,891,109,0.109,0.5959290157258511
808,904,96,0.096,0.5712387617230416
772,886,114,0.114,0.568643219023943
682,841,159,0.159,0.5693711390197277
736,868,132,0.132,0.5675983167588711
726,863,137,0.137,0.5425431873798371
754,877,123,0.123,0.5407646761834621
826,913,87,0.087,0.5363765963315964
690,845,155,0.155,0.5382871971428395
784,892,108,0.108,0.5188893020153046
772,886,114,0.114,0.5148368319272995
722,861,139,0.139,0.5130022977888584
736,868,132,0.132,0.5144020898938179
758,879,121,0.121,0.501390018671751
800,900,100,0.1,0.5041314827799797
738,869,131,0.131,0.4996013305783272
780,890,110,0.11,0.4966691348850727
702,851,149,0.149,0.4946819770336151
754,877,123,0.123,0.4936180213391781
680,840,160,0.16,0.500117998212576
712,856,144,0.144,0.49590852710604666
738,869,131,0.131,0.5047658540606499
742,871,129,0.129,0.5030521112978459
724,862,138,0.138,0.5093764502704143
746,873,127,0.127,0.5081211259961128
750,875,125,0.125,0.5110415279865265
806,903,97,0.097,0.5107360877990723
766,883,117,0.117,0.5104848930239677
740,870,130,0.13,0.5110119105279446
766,883,117,0.117,0.5024512099325656
768,884,116,0.116,0.5032889493405819
744,872,128,0.128,0.49717653357982633
764,882,118,0.118,0.4983445545434952
744,872,128,0.128,0.48796431645751
766,883,117,0.117,0.48976731970906257
776,888,112,0.112,0.4848600412607193
724,862,138,0.138,0.4864287883341312
704,852,148,0.148,0.48669954082369804
752,876,124,0.124,0.4804778344631195
786,893,107,0.107,0.4789764967262745
740,870,130,0.13,0.47905766397714616
768,884,116,0.116,0.47652686819434165
782,891,109,0.109,0.4783089841604233
750,875,125,0.125,0.4731708396077156
724,862,138,0.138,0.4739510896205902
750,875,125,0.125,0.4702200211584568
752,876,124,0.124,0.46423041832447054
762,881,119,0.119,0.46587711733579634
788,894,106,0.106,0.46770614379644393
730,865,135,0.135,0.4645124129354954
730,865,135,0.135,0.4628611839711666
740,870,130,0.13,0.4646218170523643
726,863,137,0.137,0.4623901865780354
784,892,108,0.108,0.4672513124346733
772,886,114,0.114,0.46251336637139323
732,866,134,0.134,0.45884506356716154
784,892,108,0.108,0.45476652628183367
720,860,140,0.14,0.4572303932309151
744,872,128,0.128,0.44943113085627556
742,871,129,0.129,0.44508700832724574
736,868,132,0.132,0.44632085025310514
740,870,130,0.13,0.4432554598748684
748,874,126,0.126,0.44802830976247787
748,874,126,0.126,0.44250460287928584
782,891,109,0.109,0.4451180095672607
786,893,107,0.107,0.4443436525762081
684,842,158,0.158,0.44459628194570544
746,873,127,0.127,0.4410403256416321
752,876,124,0.124,0.4430326887667179
746,873,127,0.127,0.4442573135495186
792,896,104,0.104,0.44357462239265444
804,902,98,0.098,0.43986763671040535
782,891,109,0.109,0.43657757541537284
746,873,127,0.127,0.43586934128403665
770,885,115,0.115,0.435806457221508
754,877,123,0.123,0.42844174748659136
712,856,144,0.144,0.4259222626686096
744,872,128,0.128,0.42137219363451006
678,839,161,0.161,0.4220186619758606
752,876,124,0.124,0.42133695623278616
702,851,149,0.149,0.4235513379275799
814,907,93,0.093,0.41948998430371287
796,898,102,0.102,0.4199711147546768
780,890,110,0.11,0.4165352195203304
768,884,116,0.116,0.41759289243817327
716,858,142,0.142,0.40956615114212036
720,860,140,0.14,0.4092943187057972
734,867,133,0.133,0.4112681436836719
734,867,133,0.133,0.4080496716499329
778,889,111,0.111,0.40743886280059816
740,870,130,0.13,0.40962076154351235
736,868,132,0.132,0.40544790944457054
802,901,99,0.099,0.4006363941133022
720,860,140,0.14,0.39678090515732767
702,851,149,0.149,0.39835720998048785
792,896,104,0.104,0.3993247637748718
742,871,129,0.129,0.39664499643445017
706,853,147,0.147,0.39540135219693184
792,896,104,0.104,0.39472903695702555
834,917,83,0.083,0.389454961925745
738,869,131,0.131,0.38952549728751185
730,865,135,0.135,0.3850337390303612
740,870,130,0.13,0.3846136199235916
732,866,134,0.134,0.3841765657663345
764,882,118,0.118,0.38075871509313586
746,873,127,0.127,0.38036101719737053
748,874,126,0.126,0.3822774977982044
708,854,146,0.146,0.38273478603363037
738,869,131,0.131,0.3835746504366398
766,883,117,0.117,0.37746812829375265
752,876,124,0.124,0.3739557445347309
770,885,115,0.115,0.3762108994722366
792,896,104,0.104,0.3815709812939167
730,865,135,0.135,0.3733659080266952
786,893,107,0.107,0.37714301761984825
734,867,133,0.133,0.37229791256785394
672,836,164,0.164,0.3738346575200558
782,891,109,0.109,0.3705817061960697
798,899,101,0.101,0.3731170872747898
778,889,111,0.111,0.3700137875974178
674,837,163,0.163,0.36937051805853843
770,885,115,0.115,0.3641129886209965
718,859,141,0.141,0.3606331307888031
790,895,105,0.105,0.36427952837944033
780,890,110,0.11,0.3573779079914093
746,873,127,0.127,0.3547080315947533
764,882,118,0.118,0.3545748505890369
742,871,129,0.129,0.3569751899540424
774,887,113,0.113,0.35810823473334313
802,901,99,0.099,0.35422021001577375
702,851,149,0.149,0.35055413183569906
756,878,122,0.122,0.3519890364408493
740,870,130,0.13,0.35172910821437836
790,895,105,0.105,0.34982238018512724
774,887,113,0.113,0.348174957126379
800,900,100,0.1,0.3466015415489674
758,879,121,0.121,0.34680534851551054
772,886,114,0.114,0.345749115973711
816,908,92,0.092,0.3462126866877079
786,893,107,0.107,0.34425218039751054
816,908,92,0.092,0.34034488841891286
724,862,138,0.138,0.3422829596400261
732,866,134,0.134,0.336894330561161
758,879,121,0.121,0.3362597305774689
700,850,150,0.15,0.33803873831033704
740,870,130,0.13,0.33645046192407607
808,904,96,0.096,0.336283264875412
752,876,124,0.124,0.33588000378012656
722,861,139,0.139,0.3352091888487339
696,848,152,0.152,0.3348145730793476
778,889,111,0.111,0.3321532686948776
724,862,138,0.138,0.3423293303847313
796,898,102,0.102,0.3396450752913952
756,878,122,0.122,0.34151636478304864
760,880,120,0.12,0.34317944318056104
748,874,126,0.126,0.3434821211695671
752,876,124,0.124,0.3442221112251282
766,883,117,0.117,0.34172574865818023
792,896,104,0.104,0.3442892809212208
758,879,121,0.121,0.34721408975124357
722,861,139,0.139,0.34216123801469805
724,862,138,0.138,0.340634533315897
760,880,120,0.12,0.3405049462020397
794,897,103,0.103,0.34063761699199674
728,864,136,0.136,0.34143558686971665
674,837,163,0.163,0.34247117468714716
768,884,116,0.116,0.342465307533741
746,873,127,0.127,0.33921325087547305
770,885,115,0.115,0.33916469939053057
758,879,121,0.121,0.34263401478528976
718,859,141,0.141,0.3408004039525986
692,846,154,0.154,0.3301509819030762
772,886,114,0.114,0.33390118554234505
740,870,130,0.13,0.33520016944408415
696,848,152,0.152,0.3316576015949249
722,861,139,0.139,0.3293240485489368
790,895,105,0.105,0.3261520059406757
736,868,132,0.132,0.3287360896468163
828,914,86,0.086,0.32959641063213346
784,892,108,0.108,0.3239101851582527
784,892,108,0.108,0.32114784440398214
734,867,133,0.133,0.3242607129216194
752,876,124,0.124,0.3229800415933132
812,906,94,0.094,0.3144774384796619
708,854,146,0.146,0.3141915217936039
774,887,113,0.113,0.31481568691134454
776,888,112,0.112,0.31658951070904734
772,886,114,0.114,0.31403934785723686
708,854,146,0.146,0.31512830486893656
762,881,119,0.119,0.3168775450885296
724,862,138,0.138,0.31437723767757414
756,878,122,0.122,0.3198594515621662
734,867,133,0.133,0.3219701674878597
788,894,106,0.106,0.3243386377096176
784,892,108,0.108,0.3230979855954647
756,878,122,0.122,0.32575581973791123
750,875,125,0.125,0.3215459384024143
810,905,95,0.095,0.32280802831053734
776,888,112,0.112,0.3235067794919014
754,877,123,0.123,0.32105740055441856
762,881,119,0.119,0.3219389114975929
760,880,120,0.12,0.32007099157571794
714,857,143,0.143,0.31713010486960413
760,880,120,0.12,0.31811767280101777
740,870,130,0.13,0.31612850069999693
720,860,140,0.14,0.3142622392773628
810,905,95,0.095,0.3152857858389616
732,866,134,0.134,0.31272992135584354
780,890,110,0.11,0.3145142894387245
754,877,123,0.123,0.31433673115074634
810,905,95,0.095,0.3096297010779381
760,880,120,0.12,0.3110883277654648
742,871,129,0.129,0.31215499427914617
822,911,89,0.089,0.302907884940505
774,887,113,0.113,0.30003917093575
746,873,127,0.127,0.30028873358666897
804,902,98,0.098,0.2981082684993744
690,845,155,0.155,0.2946820797622204
812,906,94,0.094,0.29441070127487184
710,855,145,0.145,0.2908527401983738
754,877,123,0.123,0.2932157893925905
760,880,120,0.12,0.2927535292208195
788,894,106,0.106,0.29337654691934584
796,898,102,0.102,0.293939843326807
776,888,112,0.112,0.2918085780739784
748,874,126,0.126,0.291345096424222
764,882,118,0.118,0.2892298414558172
754,877,123,0.123,0.2893306591063738
748,874,126,0.126,0.2858097157925367
724,862,138,0.138,0.2867677227407694
718,859,141,0.141,0.2857520649135113
746,873,127,0.127,0.2857084095031023
786,893,107,0.107,0.2846088060587645
766,883,117,0.117,0.2866478066146374
780,890,110,0.11,0.2842448237091303
614,807,193,0.193,0.28396703451871874
768,884,116,0.116,0.2831250100880861
762,881,119,0.119,0.28713644917309283
720,860,140,0.14,0.2841700778007507
732,866,134,0.134,0.2896132075488567
750,875,125,0.125,0.2868402500003576
850,925,75,0.075,0.2853526159524918
746,873,127,0.127,0.2851623629182577
802,901,99,0.099,0.2845612141340971
830,915,85,0.085,0.2817565723955631
772,886,114,0.114,0.2744414452314377
754,877,123,0.123,0.27712609015405176
766,883,117,0.117,0.26920805889368055
778,889,111,0.111,0.27192957094311715
746,873,127,0.127,0.2680141310095787
754,877,123,0.123,0.2690075305849314
772,886,114,0.114,0.26927026627957823
748,874,126,0.126,0.2677475273609161
800,900,100,0.1,0.2617057253718376
744,872,128,0.128,0.2634859438836575
774,887,113,0.113,0.263816820576787
772,886,114,0.114,0.26167837449908254
766,883,117,0.117,0.25932201935350896
750,875,125,0.125,0.26528425954282286
732,866,134,0.134,0.26249983240664004
682,841,159,0.159,0.26422539554536345
736,868,132,0.132,0.2676825378239155
716,858,142,0.142,0.268748527020216
758,879,121,0.121,0.2699978024661541
766,883,117,0.117,0.26807413618266585
766,883,117,0.117,0.27209469524025914
782,891,109,0.109,0.2702225603610277
778,889,111,0.111,0.26981926408410073
812,906,94,0.094,0.2672579562962055
710,855,145,0.145,0.2718378824740648
792,896,104,0.104,0.27232891504466533
756,878,122,0.122,0.26950941871106626
712,856,144,0.144,0.2701579786092043
744,872,128,0.128,0.2676836236566305
754,877,123,0.123,0.26825240355730057
746,873,127,0.127,0.2662440695464611
738,869,131,0.131,0.26888667926192283
776,888,112,0.112,0.26951092346012595
780,890,110,0.11,0.2664310243576765
794,897,103,0.103,0.2650868151187897
826,913,87,0.087,0.26482301254570484
750,875,125,0.125,0.2644845599234104
702,851,149,0.149,0.26289302183687685
768,884,116,0.116,0.2605795274972916
778,889,111,0.111,0.2565292755067348
798,899,101,0.101,0.2584848013967276
778,889,111,0.111,0.25956995178759096
760,880,120,0.12,0.252574131950736
764,882,118,0.118,0.25013100220263007
760,880,120,0.12,0.2466665477603674
770,885,115,0.115,0.24691293750703336
744,872,128,0.128,0.2425127791762352
838,919,81,0.081,0.24289181099832058
730,865,135,0.135,0.24464404881000518
764,882,118,0.118,0.24030737014114856
730,865,135,0.135,0.2400352142304182
808,904,96,0.096,0.24068276460468768
720,860,140,0.14,0.2384277066886425
806,903,97,0.097,0.23979389606416227
756,878,122,0.122,0.23993258057534694
752,876,124,0.124,0.23691663381457329
760,880,120,0.12,0.23552108839154243
728,864,136,0.136,0.2369558943361044
780,890,110,0.11,0.23708425153791904
774,887,113,0.113,0.23705364468693732
778,889,111,0.111,0.23815599171817303
772,886,114,0.114,0.23777637599408627
764,882,118,0.118,0.2390297857671976
778,889,111,0.111,0.2358862970471382
766,883,117,0.117,0.23849833038449286
768,884,116,0.116,0.23965887479484083
758,879,121,0.121,0.2378538342565298
782,891,109,0.109,0.23473524484038352
824,912,88,0.088,0.23388888093829155
784,892,108,0.108,0.23184576615691185
744,872,128,0.128,0.23385602617263793
708,854,146,0.146,0.23179654391109944
788,894,106,0.106,0.2332965773642063
786,893,107,0.107,0.2305668170005083
770,885,115,0.115,0.23593912106752396
762,881,119,0.119,0.23289702129364015
738,869,131,0.131,0.23242683939635753
784,892,108,0.108,0.2340834930986166
764,882,118,0.118,0.2350486360192299
788,894,106,0.106,0.2343123821169138
764,882,118,0.118,0.23290930722653866
702,851,149,0.149,0.22990886795520782
728,864,136,0.136,0.2304010409861803
780,890,110,0.11,0.23090993615984917
784,892,108,0.108,0.2287655584514141
778,889,111,0.111,0.23046126978099346
824,912,88,0.088,0.23371144746243955
766,883,117,0.117,0.23216151736676693
814,907,93,0.093,0.22771976475417613
758,879,121,0.121,0.22796141290664673
774,887,113,0.113,0.22672033993899823
712,856,144,0.144,0.22561833548545837
758,879,121,0.121,0.22446826492249966
770,885,115,0.115,0.22624763290584088
756,878,122,0.122,0.22799671970307828
806,903,97,0.097,0.2260926166921854
756,878,122,0.122,0.22655673490464687
796,898,102,0.102,0.2239641077518463
790,895,105,0.105,0.2244294171333313
744,872,128,0.128,0.22264631855487824
742,871,129,0.129,0.22263131642341613
718,859,141,0.141,0.22109487721323967
822,911,89,0.089,0.2201604337990284
740,870,130,0.13,0.2195640429854393
738,869,131,0.131,0.2235626218020916
766,883,117,0.117,0.2191948579996824
800,900,100,0.1,0.22160551258921624
808,904,96,0.096,0.22016386210918426
796,898,102,0.102,0.2184177681952715
774,887,113,0.113,0.2187638732045889
696,848,152,0.152,0.21799975004792213
852,926,74,0.074,0.21897825156152248
792,896,104,0.104,0.22029851761460303
786,893,107,0.107,0.2177842843681574
750,875,125,0.125,0.22013729207217694
770,885,115,0.115,0.21442344295978547
752,876,124,0.124,0.21421403159201144
712,856,144,0.144,0.21108510407805442
722,861,139,0.139,0.2127190828472376
816,908,92,0.092,0.21184388647973537
724,862,138,0.138,0.21179932636022566
760,880,120,0.12,0.20962343737483025
712,856,144,0.144,0.21197926266491413
708,854,146,0.146,0.21289113701879978
788,894,106,0.106,0.2120924266576767
714,857,143,0.143,0.21486597944796085
692,846,154,0.154,0.2151064143925905
830,915,85,0.085,0.21189161798357964
774,887,113,0.113,0.21246594105660915
746,873,127,0.127,0.2125517800450325
750,875,125,0.125,0.20804755637049674
758,879,121,0.121,0.2090879185795784
764,882,118,0.118,0.21090748795866968
748,874,126,0.126,0.2089015683978796
740,870,130,0.13,0.20170989912748336
742,871,129,0.129,0.20324417102336884
726,863,137,0.137,0.2044555461704731
790,895,105,0.105,0.203548993781209
762,881,119,0.119,0.20027066326141357
810,905,95,0.095,0.20079887111485004
730,865,135,0.135,0.2018113967180252
808,904,96,0.096,0.2034331075847149
764,882,118,0.118,0.19725871069729328
736,868,132,0.132,0.1985191167294979
736,868,132,0.132,0.19680853107571603
726,863,137,0.137,0.1988739156126976
702,851,149,0.149,0.19715613806247712
750,875,125,0.125,0.1981264397352934
728,864,136,0.136,0.1985330854356289
704,852,148,0.148,0.19839624014496804
752,876,124,0.124,0.20602366580069065
728,864,136,0.136,0.20554136355221272
734,867,133,0.133,0.20640351103246213
710,855,145,0.145,0.2070630228817463
752,876,124,0.124,0.20962332911789416
772,886,114,0.114,0.20924419796466828
786,893,107,0.107,0.20938890239596367
750,875,125,0.125,0.20613100484013558
748,874,126,0.126,0.20358326265215873
782,891,109,0.109,0.20574891082942487
788,894,106,0.106,0.20768988662958146
774,887,113,0.113,0.2027404963672161
816,908,92,0.092,0.2018554603010416
748,874,126,0.126,0.20150978241860867
808,904,96,0.096,0.20068841403722762
698,849,151,0.151,0.19780095541477202
774,887,113,0.113,0.19730158369243145
788,894,106,0.106,0.19643760104477406
796,898,102,0.102,0.19656451681256296
796,898,102,0.102,0.19779109697043895
730,865,135,0.135,0.19682388673722745
780,890,110,0.11,0.19570894445478917
790,895,105,0.105,0.19599904319643974
766,883,117,0.117,0.19620875415205954
722,861,139,0.139,0.19362201005220414
788,894,106,0.106,0.19280073022842406
756,878,122,0.122,0.19583012329041957
742,871,129,0.129,0.19535251900553705
788,894,106,0.106,0.19262430976331235
646,823,177,0.177,0.19364337712526322
786,893,107,0.107,0.19451706086099146
744,872,128,0.128,0.19594780987501145
740,870,130,0.13,0.19613699486851693
782,891,109,0.109,0.19529927000403405
794,897,103,0.103,0.19634658880531788
798,899,101,0.101,0.19608544731140137
700,850,150,0.15,0.1979634394645691
806,903,97,0.097,0.195586118966341
770,885,115,0.115,0.19575753369927407
830,915,85,0.085,0.1969677437245846
776,888,112,0.112,0.1965340702086687
792,896,104,0.104,0.1940284706801176
816,908,92,0.092,0.1929156190752983
774,887,113,0.113,0.1907113068252802
740,870,130,0.13,0.19127829414606096
786,893,107,0.107,0.19084985487163067
718,859,141,0.141,0.19047278904914855
800,900,100,0.1,0.19028872515261172
742,871,129,0.129,0.19252624641358854
744,872,128,0.128,0.1909381113499403
764,882,118,0.118,0.19325450313091277
692,846,154,0.154,0.19384771022200584
842,921,79,0.079,0.19270077461004256
792,896,104,0.104,0.19379629142582416
702,851,149,0.149,0.195362605959177
748,874,126,0.126,0.1982198488712311
762,881,119,0.119,0.19536180599033834
774,887,113,0.113,0.19697138454020025
800,900,100,0.1,0.1960765778273344
772,886,114,0.114,0.19486824691295623
780,890,110,0.11,0.19507912054657936
836,918,82,0.082,0.19557873295247555
742,871,129,0.129,0.19060792073607444
698,849,151,0.151,0.19247834485769272
784,892,108,0.108,0.19550438514351845
712,856,144,0.144,0.19016652902960776
752,876,124,0.124,0.19191373635828496
740,870,130,0.13,0.19197679176926613
778,889,111,0.111,0.1913423239737749
816,908,92,0.092,0.19188562336564063
732,866,134,0.134,0.19253180764615535
760,880,120,0.12,0.1914706057906151
768,884,116,0.116,0.19155842719972133
822,911,89,0.089,0.19048711948096753
780,890,110,0.11,0.1898697451353073
732,866,134,0.134,0.19054518008232116
770,885,115,0.115,0.18922955483198167
746,873,127,0.127,0.18905186586081982
784,892,108,0.108,0.1851044267565012
758,879,121,0.121,0.1881304067373276
728,864,136,0.136,0.18686394701898099
792,896,104,0.104,0.1854092557877302
796,898,102,0.102,0.18381753635406495
768,884,116,0.116,0.18464647722244262
798,899,101,0.101,0.18170157827436925
786,893,107,0.107,0.1782066171914339
768,884,116,0.116,0.17919981499016285
708,854,146,0.146,0.1793107254207134
792,896,104,0.104,0.18170410397648812
770,885,115,0.115,0.18258700607717038
806,903,97,0.097,0.18100936055183411
692,846,154,0.154,0.1822720034122467
684,842,158,0.158,0.18772268836200237
744,872,128,0.128,0.18804228192567826
732,866,134,0.134,0.18816045093536377
754,877,123,0.123,0.18765889339148997
776,888,112,0.112,0.19004090347886085
722,861,139,0.139,0.19230074775218964
748,874,126,0.126,0.19394407990574836
750,875,125,0.125,0.19426416766643523
784,892,108,0.108,0.1938360343426466
728,864,136,0.136,0.19277811309695245
710,855,145,0.145,0.19494725205004215
738,869,131,0.131,0.19403961822390556
720,860,140,0.14,0.19428881731629372
788,894,106,0.106,0.187182837292552
746,873,127,0.127,0.1881289926767349
778,889,111,0.111,0.18923025304079055
732,866,134,0.134,0.19049007084965705
758,879,121,0.121,0.189443661570549
774,887,113,0.113,0.1888526334911585
746,873,127,0.127,0.18740338717401028
782,891,109,0.109,0.1880814924836159
758,879,121,0.121,0.18823298062384128
762,881,119,0.119,0.18550821322202682
800,900,100,0.1,0.18654110552370548
716,858,142,0.142,0.18737596033513546
800,900,100,0.1,0.18271830101311207
770,885,115,0.115,0.18157250443100928
700,850,150,0.15,0.18227295999228954
790,895,105,0.105,0.17832156094908713
746,873,127,0.127,0.18132372584939002
798,899,101,0.101,0.1802639878243208
786,893,107,0.107,0.17880898417532445
768,884,116,0.116,0.17769250530004502
752,876,124,0.124,0.17826894694566728
816,908,92,0.092,0.17913635516166687
782,891,109,0.109,0.17790697081387044
740,870,130,0.13,0.17843472512066363
784,892,108,0.108,0.17532801952958108
770,885,115,0.115,0.17424771936237812
754,877,123,0.123,0.17479869982600213
800,900,100,0.1,0.17366010604798793
768,884,116,0.116,0.1731218678355217
792,896,104,0.104,0.1729807312041521
700,850,150,0.15,0.1714510163515806
716,858,142,0.142,0.17263912895321845
684,842,158,0.158,0.17192846699059008
738,869,131,0.131,0.17418244343996048
756,878,122,0.122,0.17522376896440983
706,853,147,0.147,0.17545152182877063
748,874,126,0.126,0.17719482792913913
766,883,117,0.117,0.17758320665359498
712,856,144,0.144,0.17820905303955079
734,867,133,0.133,0.17757630954682826
794,897,103,0.103,0.17939052571356295
778,889,111,0.111,0.17890393993258477
746,873,127,0.127,0.1815482252240181
714,857,143,0.143,0.1792970075458288
742,871,129,0.129,0.18279191982746124
764,882,118,0.118,0.18189140939712525
702,851,149,0.149,0.18131303288042544
746,873,127,0.127,0.17958845110237598
776,888,112,0.112,0.17945168052613736
798,899,101,0.101,0.17873649914562703
726,863,137,0.137,0.17819119492173194
804,902,98,0.098,0.17655507051944733
718,859,141,0.141,0.17403959384560586
774,887,113,0.113,0.17488042952120303
806,903,97,0.097,0.17417969204485417
772,886,114,0.114,0.17333893257379532
706,853,147,0.147,0.17276432230323552
784,892,108,0.108,0.17528709200024606
718,859,141,0.141,0.17133840151131152
746,873,127,0.127,0.17158042038977145
766,883,117,0.117,0.1689197152107954
764,882,118,0.118,0.16888812389969826
756,878,122,0.122,0.1702920777350664
756,878,122,0.122,0.16854903081804515
746,873,127,0.127,0.16953527867794038
770,885,115,0.115,0.16848067945986986
752,876,124,0.124,0.16820923753082753
784,892,108,0.108,0.1692059692516923
822,911,89,0.089,0.169994953840971
814,907,93,0.093,0.17307901141047477
742,871,129,0.129,0.1724694414883852
804,902,98,0.098,0.16844573105871677
768,884,116,0.116,0.1679348222091794
740,870,130,0.13,0.16775431735813617
732,866,134,0.134,0.16749045103788376
776,888,112,0.112,0.16372833175212145
754,877,123,0.123,0.16568773524463176
746,873,127,0.127,0.16386516319215297
704,852,148,0.148,0.16507294397056102
776,888,112,0.112,0.16292426536977292
778,889,111,0.111,0.1638727920949459
818,909,91,0.091,0.16559363324940204
726,863,137,0.137,0.16849965366721154
762,881,119,0.119,0.1658898201584816
832,916,84,0.084,0.16572160203754902
814,907,93,0.093,0.16590207627415657
734,867,133,0.133,0.16594924120604992
788,894,106,0.106,0.1625763693973422
776,888,112,0.112,0.16212338697910308
716,858,142,0.142,0.1649066298455
776,888,112,0.112,0.16367480584979058
744,872,128,0.128,0.16356420417129994
780,890,110,0.11,0.16487797600775958
798,899,101,0.101,0.16643019500374795
756,878,122,0.122,0.16498598746210336
684,842,158,0.158,0.1663424751907587
768,884,116,0.116,0.16401421152800322
810,905,95,0.095,0.16586434702575206
768,884,116,0.116,0.16704683769494294
784,892,108,0.108,0.16515949384868145
724,862,138,0.138,0.1660155820995569
740,870,130,0.13,0.1677654607370496
740,870,130,0.13,0.16636270277202128
734,867,133,0.133,0.1649957222342491
798,899,101,0.101,0.16450783699005841
758,879,121,0.121,0.164880338460207
716,858,142,0.142,0.1661661366969347
718,859,141,0.141,0.1688675619214773
736,868,132,0.132,0.16941538259387015
720,860,140,0.14,0.17020959317684173
780,890,110,0.11,0.171145849019289
700,850,150,0.15,0.1730480726957321
708,854,146,0.146,0.1722921625226736
796,898,102,0.102,0.17128636085987092
804,902,98,0.098,0.17001407738029956
748,874,126,0.126,0.17278389497101307
746,873,127,0.127,0.17074148248136042
688,844,156,0.156,0.17607448273897172
702,851,149,0.149,0.1715000379383564
734,867,133,0.133,0.17200105930864812
768,884,116,0.116,0.16948972876369953
720,860,140,0.14,0.17443974781036378
726,863,137,0.137,0.17326339507102967
820,910,90,0.09,0.170841256916523
786,893,107,0.107,0.171538976714015
696,848,152,0.152,0.17263769318163394
708,854,146,0.146,0.17118908423185347
774,887,113,0.113,0.17203671872615814
732,866,134,0.134,0.17008392848074436
730,865,135,0.135,0.1687684744298458
738,869,131,0.131,0.17265331134200096
718,859,141,0.141,0.17217830799520015
770,885,115,0.115,0.17058916099369525
822,911,89,0.089,0.17134765127301216
746,873,127,0.127,0.17388207621872426
796,898,102,0.102,0.17112585085630416
746,873,127,0.127,0.17143235924839972
810,905,95,0.095,0.17029753066599368
772,886,114,0.114,0.17041947555541992
806,903,97,0.097,0.16934000127017498
766,883,117,0.117,0.16910808616876602
754,877,123,0.123,0.16431594154983759
726,863,137,0.137,0.16322845074534417
836,918,82,0.082,0.16434041550755502
764,882,118,0.118,0.16469872958213091
708,854,146,0.146,0.16031434711813927
756,878,122,0.122,0.16240175050497055
754,877,123,0.123,0.16421386308968067
732,866,134,0.134,0.16247918462753297
772,886,114,0.114,0.16371198304742574
784,892,108,0.108,0.16366478005051613
770,885,115,0.115,0.16885346588492395
680,840,160,0.16,0.1637481730505824
720,860,140,0.14,0.16755360616743564
722,861,139,0.139,0.16699663592875003
762,881,119,0.119,0.16715903098881243
740,870,130,0.13,0.1691540242433548
722,861,139,0.139,0.1714458039700985
788,894,106,0.106,0.17011415544152259
764,882,118,0.118,0.1718157775849104
762,881,119,0.119,0.1715646666586399
794,897,103,0.103,0.1713253032192588
776,888,112,0.112,0.16880146361887455
750,875,125,0.125,0.17290062327682973
740,870,130,0.13,0.1720210412889719
724,862,138,0.138,0.16963049459457397
768,884,116,0.116,0.16957296685874462
706,853,147,0.147,0.1683534742742777
738,869,131,0.131,0.16986244602501394
742,871,129,0.129,0.17015626352280377
768,884,116,0.116,0.1702339449003339
760,880,120,0.12,0.1726515342593193
738,869,131,0.131,0.17267337515950204
750,875,125,0.125,0.17203301736712456
736,868,132,0.132,0.1705911847651005
806,903,97,0.097,0.17078060041368007
722,861,139,0.139,0.1687475335896015
802,901,99,0.099,0.16817112556099892
760,880,120,0.12,0.17285622982680798
734,867,133,0.133,0.17108969359099865
804,902,98,0.098,0.1695761895775795
784,892,108,0.108,0.17099104535579682
786,893,107,0.107,0.1720701079815626
772,886,114,0.114,0.17143611358851193
710,855,145,0.145,0.16771722356975077
720,860,140,0.14,0.17025218670070172
810,905,95,0.095,0.1668477612733841
730,865,135,0.135,0.16947514356672763
758,879,121,0.121,0.16848490785062314
810,905,95,0.095,0.16538186667859553
770,885,115,0.115,0.1664378446340561
818,909,91,0.091,0.16741828705370426
764,882,118,0.118,0.16773472045361995
752,876,124,0.124,0.16929411575198172
774,887,113,0.113,0.16700751290470361
736,868,132,0.132,0.1654644382894039
774,887,113,0.113,0.16505147061496972
730,865,135,0.135,0.16579597230255605
782,891,109,0.109,0.1651939333230257
758,879,121,0.121,0.16676800698786973
822,911,89,0.089,0.1691781840324402
794,897,103,0.103,0.1684913347363472
766,883,117,0.117,0.16946235203742982
768,884,116,0.116,0.1702196564078331
760,880,120,0.12,0.16813250502943994
714,857,143,0.143,0.1689605792760849
724,862,138,0.138,0.167916245020926
742,871,129,0.129,0.16974040903896093
816,908,92,0.092,0.17181621101498604
736,868,132,0.132,0.17210678577423097
788,894,106,0.106,0.16940986476838588
788,894,106,0.106,0.1722169131487608
748,874,126,0.126,0.1702338818460703
744,872,128,0.128,0.17078181134909393
776,888,112,0.112,0.17032235242426397
840,920,80,0.08,0.17005243517458438
784,892,108,0.108,0.16943275809288025
768,884,116,0.116,0.1685588165819645
720,860,140,0.14,0.16985302099585534
800,900,100,0.1,0.16618339765071868
772,886,114,0.114,0.1664678897410631
760,880,120,0.12,0.1670086108595133
694,847,153,0.153,0.16737473484128715
720,860,140,0.14,0.1657436966598034
670,835,165,0.165,0.16817476798593997
792,896,104,0.104,0.16795882980525495
834,917,83,0.083,0.16883346751332284
778,889,111,0.111,0.16774187223613263
754,877,123,0.123,0.17067179818451406
822,911,89,0.089,0.16759051303565503
774,887,113,0.113,0.1677770288363099
782,891,109,0.109,0.16642337401211263
772,886,114,0.114,0.16460081230849027
780,890,110,0.11,0.16478546223789453
804,902,98,0.098,0.16229951190948486
746,873,127,0.127,0.16392483442276717
746,873,127,0.127,0.1621767550557852
696,848,152,0.152,0.1651726251989603
718,859,141,0.141,0.16482986176013947
804,902,98,0.098,0.16271539118140935
780,890,110,0.11,0.16419551812112332
756,878,122,0.122,0.16351107962429523
708,854,146,0.146,0.16423914395272732
708,854,146,0.146,0.1648313046991825
712,856,144,0.144,0.1655734021961689
780,890,110,0.11,0.16535654233396052
824,912,88,0.088,0.1692264965325594
732,866,134,0.134,0.16924403995275497
752,876,124,0.124,0.17079953135550022
718,859,141,0.141,0.17106815613806248
712,856,144,0.144,0.17191411060094833
758,879,121,0.121,0.16930286777764558
764,882,118,0.118,0.1723417298644781
748,874,126,0.126,0.1713942866027355
700,850,150,0.15,0.1685898971632123
816,908,92,0.092,0.1694762070477009
794,897,103,0.103,0.1677711078375578
738,869,131,0.131,0.16849397984147071
772,886,114,0.114,0.16989859680831432
706,853,147,0.147,0.16947147384285927
726,863,137,0.137,0.16839886838197707
752,876,124,0.124,0.16969160963594915
740,870,130,0.13,0.17047879569232463
726,863,137,0.137,0.17305809679627418
736,868,132,0.132,0.1733311297148466
780,890,110,0.11,0.17239779545366765
776,888,112,0.112,0.1769757338911295
762,881,119,0.119,0.17649849221110345
788,894,106,0.106,0.17453677988052368
772,886,114,0.114,0.17262084002792835
722,861,139,0.139,0.17208689354360104
804,902,98,0.098,0.17184015357494353
776,888,112,0.112,0.17288583374023436
734,867,133,0.133,0.17139562902599573
714,857,143,0.143,0.16798351189494132
760,880,120,0.12,0.1701505242586136
740,870,130,0.13,0.16890379254519938
790,895,105,0.105,0.1681602703034878
774,887,113,0.113,0.16842680194973947
788,894,106,0.106,0.16548924089968203
788,894,106,0.106,0.16656296406686305
744,872,128,0.128,0.16481830924004318
706,853,147,0.147,0.16385107411444186
812,906,94,0.094,0.1601035733819008
812,906,94,0.094,0.15956511116027833
700,850,150,0.15,0.16151984549313783
740,870,130,0.13,0.1584772714972496
710,855,145,0.145,0.15653746628016232
746,873,127,0.127,0.1597425722628832
706,853,147,0.147,0.16346079210191966
740,870,130,0.13,0.16162948834896088
736,868,132,0.132,0.16156006391346456
794,897,103,0.103,0.16216314446926117
766,883,117,0.117,0.16252559649944306
732,866,134,0.134,0.16178786167502404
764,882,118,0.118,0.16319026878476142
748,874,126,0.126,0.1627863729298115
764,882,118,0.118,0.1628429317250848
792,896,104,0.104,0.16039363933354617
682,841,159,0.159,0.16300667963176965
826,913,87,0.087,0.15960382803529502
748,874,126,0.126,0.1588567727729678
782,891,109,0.109,0.16213973785936833
712,856,144,0.144,0.15809333005547524
776,888,112,0.112,0.15698846201598643
824,912,88,0.088,0.15442388693988324
780,890,110,0.11,0.15739665104448794
750,875,125,0.125,0.15360618886351585
734,867,133,0.133,0.1515964406207204
796,898,102,0.102,0.15264293864369394
726,863,137,0.137,0.15022318752110003
734,867,133,0.133,0.1525261010080576
738,869,131,0.131,0.15116068597882987
790,895,105,0.105,0.15341595759242774
766,883,117,0.117,0.15185655749589205
750,875,125,0.125,0.15555874990671872
748,874,126,0.126,0.15527659656852483
774,887,113,0.113,0.15290578384697437
774,887,113,0.113,0.153407844632864
804,902,98,0.098,0.1559256221652031
726,863,137,0.137,0.15417685148864985
788,894,106,0.106,0.15017636041343213
810,905,95,0.095,0.15420405416190625
766,883,117,0.117,0.15305393192917108
746,873,127,0.127,0.15302511909604072
730,865,135,0.135,0.15040962772816419
760,880,120,0.12,0.15282284983992578
778,889,111,0.111,0.1492532868385315
772,886,114,0.114,0.15043313805758954
702,851,149,0.149,0.1516198243945837
764,882,118,0.118,0.1519377514719963
744,872,128,0.128,0.1547174430117011
670,835,165,0.165,0.15423217732459307
696,848,152,0.152,0.1554017987921834
706,853,147,0.147,0.15479477934539318
812,906,94,0.094,0.15640290823578834
778,889,111,0.111,0.15793492247909308
720,860,140,0.14,0.16052856314182282
812,906,94,0.094,0.15980199739336967
752,876,124,0.124,0.1574524304047227
762,881,119,0.119,0.1561202123314142
678,839,161,0.161,0.15738058595359325
794,897,103,0.103,0.15419370958954096
758,879,121,0.121,0.15474153605103494
760,880,120,0.12,0.15587975363433362
798,899,101,0.101,0.15512558186799288
786,893,107,0.107,0.15156272358447315
740,870,130,0.13,0.15155783290416003
804,902,98,0.098,0.1514661875218153
774,887,113,0.113,0.14974572658538818
784,892,108,0.108,0.15002142444252967
718,859,141,0.141,0.14820001554489134
802,901,99,0.099,0.14732300800830125
766,883,117,0.117,0.14743562438338995
748,874,126,0.126,0.14782325709611177
750,875,125,0.125,0.14643426247686148
778,889,111,0.111,0.1465912706181407
790,895,105,0.105,0.14679055373370647
782,891,109,0.109,0.14530139692872762
796,898,102,0.102,0.1454631142243743
792,896,104,0.104,0.1447666023001075
776,888,112,0.112,0.14454236678779125
768,884,116,0.116,0.14306271374225615
734,867,133,0.133,0.14411155907809733
748,874,126,0.126,0.14457925280928613
830,915,85,0.085,0.14356905983388424
786,893,107,0.107,0.1440514556914568
826,913,87,0.087,0.14454874697327613
750,875,125,0.125,0.14266632228344678
762,881,119,0.119,0.14409011787176132
696,848,152,0.152,0.14434514842182397
766,883,117,0.117,0.14363791378587484
738,869,131,0.131,0.14197424335777759
700,850,150,0.15,0.144480702213943
758,879,121,0.121,0.14705144246667623
736,868,132,0.132,0.14674770597368478
716,858,142,0.142,0.14501478613168
770,885,115,0.115,0.15114969608932732
692,846,154,0.154,0.151799500875175
810,905,95,0.095,0.15231096079945564
776,888,112,0.112,0.1522472673729062
758,879,121,0.121,0.15388882870972156
754,877,123,0.123,0.15070909659564496
808,904,96,0.096,0.1525932454019785
710,855,145,0.145,0.1508836825042963
772,886,114,0.114,0.1493007615432143
764,882,118,0.118,0.14945422598719596
772,886,114,0.114,0.14883425329625607
748,874,126,0.126,0.14592330796271563
716,858,142,0.142,0.14594388841092587
694,847,153,0.153,0.1439950825572014
770,885,115,0.115,0.14590920375287533
804,902,98,0.098,0.1439126052558422
754,877,123,0.123,0.1430916142910719
752,876,124,0.124,0.14319483602046967
794,897,103,0.103,0.14371429500728847
780,890,110,0.11,0.13934377290308475
724,862,138,0.138,0.13814576141536236
754,877,123,0.123,0.1415121433660388
748,874,126,0.126,0.1389015998020768
768,884,116,0.116,0.1407697207480669
742,871,129,0.129,0.13938210462033748
720,860,140,0.14,0.14045969723910093
812,906,94,0.094,0.1394710392355919
770,885,115,0.115,0.13735518826544285
832,916,84,0.084,0.13663062120974065
766,883,117,0.117,0.139082953594625
798,899,101,0.101,0.13712113866209985
714,857,143,0.143,0.1382592092305422
772,886,114,0.114,0.13424198441207408
788,894,106,0.106,0.13486278864741325
746,873,127,0.127,0.13473421013355255
788,894,106,0.106,0.13260816210508347
804,902,98,0.098,0.13323335501551628
738,869,131,0.131,0.1331441444605589
804,902,98,0.098,0.1349411249086261
734,867,133,0.133,0.13116492095589638
772,886,114,0.114,0.13008617606014014
800,900,100,0.1,0.1302597344368696
748,874,126,0.126,0.12966916782408952
730,865,135,0.135,0.13071784964948893
728,864,136,0.136,0.13107315167039632
796,898,102,0.102,0.12999746418744326
776,888,112,0.112,0.13171320877224207
720,860,140,0.14,0.13243891709297895
678,839,161,0.161,0.13155265718698503
754,877,123,0.123,0.13237680301070212
770,885,115,0.115,0.13499638524651528
730,865,135,0.135,0.13603807193785905
754,877,123,0.123,0.13622670841962098
720,860,140,0.14,0.13540745402127505
768,884,116,0.116,0.13868809857219458
792,896,104,0.104,0.13972061648219825
692,846,154,0.154,0.14092873657494784
740,870,130,0.13,0.14108269392699002
774,887,113,0.113,0.14277652778476477
754,877,123,0.123,0.14302798596024513
724,862,138,0.138,0.14345134919881822
730,865,135,0.135,0.1418669775798917
694,847,153,0.153,0.13918751394003628
842,921,79,0.079,0.13878756546974183
784,892,108,0.108,0.1428649072572589
678,839,161,0.161,0.14063714081048964
750,875,125,0.125,0.1412628780156374
786,893,107,0.107,0.1391682910323143
822,911,89,0.089,0.1417425742149353
780,890,110,0.11,0.13919235181063414
710,855,145,0.145,0.13514443057775496
780,890,110,0.11,0.13378227750211955
742,871,129,0.129,0.1327189619243145
830,915,85,0.085,0.13178055410087108
800,900,100,0.1,0.1288455341681838
808,904,96,0.096,0.13090522636473179
748,874,126,0.126,0.13127678257226943
774,887,113,0.113,0.12708023412525654
754,877,123,0.123,0.12729304979741574
712,856,144,0.144,0.12644098345935345
810,905,95,0.095,0.12751126878708602
790,895,105,0.105,0.1277926335632801
788,894,106,0.106,0.12973619337379932
796,898,102,0.102,0.12651948907226324
776,888,112,0.112,0.12538812214881181
734,867,133,0.133,0.126537509419024
744,872,128,0.128,0.12557967356592417
776,888,112,0.112,0.12464866241812705
806,903,97,0.097,0.12715483203530312
820,910,90,0.09,0.12349653336405754
752,876,124,0.124,0.12382227309048176
750,875,125,0.125,0.12247013089805842
758,879,121,0.121,0.12265199903398752
798,899,101,0.101,0.12199042508006096
834,917,83,0.083,0.12165034601837396
852,926,74,0.074,0.12176093798130751
682,841,159,0.159,0.1195791454538703
766,883,117,0.117,0.1195442203655839
750,875,125,0.125,0.11812261376529933
768,884,116,0.116,0.12055308447033167
758,879,121,0.121,0.12189238872379064
758,879,121,0.121,0.12250484944134951
752,876,124,0.124,0.12102311307191849
742,871,129,0.129,0.12450636599957943
798,899,101,0.101,0.1258076463341713
744,872,128,0.128,0.12469995205849409
734,867,133,0.133,0.12489512801915408
820,910,90,0.09,0.12391660997271538
736,868,132,0.132,0.12392095890641212
802,901,99,0.099,0.12435046288371086
780,890,110,0.11,0.12134277786314487
690,845,155,0.155,0.12294935457408428
732,866,134,0.134,0.12380745038390159
810,905,95,0.095,0.12349073047190905
740,870,130,0.13,0.12214784297347069
682,841,159,0.159,0.1272333693727851
812,906,94,0.094,0.12399119568616151
756,878,122,0.122,0.12587966427952052
754,877,123,0.123,0.1273027752265334
716,858,142,0.142,0.1293682969138026
762,881,119,0.119,0.12656444635987282
764,882,118,0.118,0.12593771922588348
794,897,103,0.103,0.1275609254539013
738,869,131,0.131,0.12508476340025662
750,875,125,0.125,0.1243621681034565
706,853,147,0.147,0.12620472279191017
816,908,92,0.092,0.1241890157982707
720,860,140,0.14,0.12353992027789354
770,885,115,0.115,0.12152153088152409
774,887,113,0.113,0.12151579073816537
766,883,117,0.117,0.12131614286452531
716,858,142,0.142,0.12244197663664817
790,895,105,0.105,0.12057712930440903
776,888,112,0.112,0.12136263823509216
768,884,116,0.116,0.11849019657075405
712,856,144,0.144,0.12130984698235989
738,869,131,0.131,0.12095099587738514
674,837,163,0.163,0.12247359566390514
740,870,130,0.13,0.12249281748384237
726,863,137,0.137,0.12454861691594124
784,892,108,0.108,0.12628814332187177
762,881,119,0.119,0.12628754445910453
762,881,119,0.119,0.1255731611251831
758,879,121,0.121,0.1266367613300681
778,889,111,0.111,0.12552356370538473
748,874,126,0.126,0.1268741776123643
788,894,106,0.106,0.12626521919667721
808,904,96,0.096,0.12578101363033056
744,872,128,0.128,0.12531712560355662
766,883,117,0.117,0.12295334852486849
710,855,145,0.145,0.12117657358944416
798,899,101,0.101,0.12280965775251389
764,882,118,0.118,0.12015124547481537
804,902,98,0.098,0.1211986282914877
822,911,89,0.089,0.1216774779483676
702,851,149,0.149,0.12101902630180121
732,866,134,0.134,0.11836626317352056
788,894,106,0.106,0.1192193773239851
746,873,127,0.127,0.11997717688977719
794,897,103,0.103,0.12054380533099175
740,870,130,0.13,0.11895321127027274
726,863,137,0.137,0.1209930910691619
728,864,136,0.136,0.11911372669041156
750,875,125,0.125,0.12027700346708298
790,895,105,0.105,0.12184838512539864
724,862,138,0.138,0.12168833252042532
722,861,139,0.139,0.12219012743234635
746,873,127,0.127,0.12370922103524208
832,916,84,0.084,0.12114761128276587
820,910,90,0.09,0.12092610173672437
772,886,114,0.114,0.11949934547394514
818,909,91,0.091,0.11926855697482824
706,853,147,0.147,0.11750725173205137
826,913,87,0.087,0.11556768325716257
762,881,119,0.119,0.11617816999554634
660,830,170,0.17,0.1184677414894104
758,879,121,0.121,0.11622254138439894
788,894,106,0.106,0.11390929426252842
738,869,131,0.131,0.1184365183338523
732,866,134,0.134,0.11899121303856373
778,889,111,0.111,0.11856820113956928
754,877,123,0.123,0.11891453643143177
724,862,138,0.138,0.12003461995720863
742,871,129,0.129,0.11987691548466682
792,896,104,0.104,0.12169933998584748
800,900,100,0.1,0.1214679344817996
754,877,123,0.123,0.12028404963761569
768,884,116,0.116,0.12216200070083141
676,838,162,0.162,0.12145222722738981
814,907,93,0.093,0.11835048009455204
820,910,90,0.09,0.12078243295848369
788,894,106,0.106,0.11902525859326124
772,886,114,0.114,0.11635611240565777
772,886,114,0.114,0.11690294241905212
722,861,139,0.139,0.11579911247640848
750,875,125,0.125,0.11616604838520289
732,866,134,0.134,0.11351430232077837
684,842,158,0.158,0.11687650582194328
762,881,119,0.119,0.11496658137440681
742,871,129,0.129,0.1174133411794901
734,867,133,0.133,0.11699863151460886
754,877,123,0.123,0.11622455532103777
832,916,84,0.084,0.11697640962898731
736,868,132,0.132,0.11798556522279978
766,883,117,0.117,0.11935083450376988
772,886,114,0.114,0.11894477698206901
772,886,114,0.114,0.1177908896356821
784,892,108,0.108,0.11514327870309353
780,890,110,0.11,0.1176563838198781
804,902,98,0.098,0.11677894694358111
772,886,114,0.114,0.11669563736766576
814,907,93,0.093,0.11435209974646568
740,870,130,0.13,0.11409654802829026
722,861,139,0.139,0.11775153441727161
828,914,86,0.086,0.11408507367223501
790,895,105,0.105,0.11344604004919528
766,883,117,0.117,0.11423927731812
834,917,83,0.083,0.11244180153310299
766,883,117,0.117,0.11249874720722437
782,891,109,0.109,0.11178345638513565
768,884,116,0.116,0.10913944604247808
768,884,116,0.116,0.10889140801876783
742,871,129,0.129,0.11014072010666132
776,888,112,0.112,0.1129596028700471
810,905,95,0.095,0.11058269038796426
696,848,152,0.152,0.1107341092377901
816,908,92,0.092,0.11098872204124928
804,902,98,0.098,0.11266888645291329
754,877,123,0.123,0.11163507480919362
726,863,137,0.137,0.11271816454827785
720,860,140,0.14,0.11399623664468526
758,879,121,0.121,0.11172305712848901
754,877,123,0.123,0.1128807572349906
832,916,84,0.084,0.11423354925215244
814,907,93,0.093,0.11382695877552032
754,877,123,0.123,0.11267978962510825
816,908,92,0.092,0.1132770658954978
774,887,113,0.113,0.11376927162706851
758,879,121,0.121,0.11180337521433831
726,863,137,0.137,0.11144555780291557
760,880,120,0.12,0.1113079686909914
754,877,123,0.123,0.11156847736984492
708,854,146,0.146,0.11223090641200542
822,911,89,0.089,0.11201323065906763
862,931,69,0.069,0.11290368094295264
810,905,95,0.095,0.11064617981761694
774,887,113,0.113,0.11080544796586037
730,865,135,0.135,0.11008416473120451
738,869,131,0.131,0.10892339584976435
746,873,127,0.127,0.1075786927640438
776,888,112,0.112,0.11092219322174787
796,898,102,0.102,0.11134809626638889
758,879,121,0.121,0.11156876915693283
716,858,142,0.142,0.11272323883324861
774,887,113,0.113,0.10969125228375197
736,868,132,0.132,0.1118179371356964
796,898,102,0.102,0.1142316876873374
798,899,101,0.101,0.11203908018767833
692,846,154,0.154,0.11248342399299145
802,901,99,0.099,0.11307774133980274
778,889,111,0.111,0.11250808382034302
782,891,109,0.109,0.11216022268682718
794,897,103,0.103,0.11083380506187678
726,863,137,0.137,0.11299618481844663
776,888,112,0.112,0.11101856138557195
788,894,106,0.106,0.11051034332811832
752,876,124,0.124,0.11095028910040855
792,896,104,0.104,0.11017943546175957
710,855,145,0.145,0.11108208816498517
770,885,115,0.115,0.11022709798812866
728,864,136,0.136,0.11145097947120666
750,875,125,0.125,0.10963418525457382
770,885,115,0.115,0.11203239980340005
770,885,115,0.115,0.1142102700099349
742,871,129,0.129,0.11267046082019806
758,879,121,0.121,0.11355234055966139
772,886,114,0.114,0.11357118978351355
744,872,128,0.128,0.11429554291069507
708,854,146,0.146,0.11713573458045722
768,884,116,0.116,0.11506464958935976
730,865,135,0.135,0.11912202160060406
760,880,120,0.12,0.11992124954611064
764,882,118,0.118,0.11896394132077694
748,874,126,0.126,0.11848971258848906
736,868,132,0.132,0.12178884252160788
720,860,140,0.14,0.1225570869371295
700,850,150,0.15,0.12250840198248625
762,881,119,0.119,0.12236720495671034
780,890,110,0.11,0.12259003248810768
794,897,103,0.103,0.12320058085024357
812,906,94,0.094,0.12195023395121098
746,873,127,0.127,0.12094233872741461
800,900,100,0.1,0.12128039121627808
736,868,132,0.132,0.12254266732931138
766,883,117,0.117,0.12290524043142796
770,885,115,0.115,0.11997274911403656
776,888,112,0.112,0.11841716378182172
714,857,143,0.143,0.1181147519722581
774,887,113,0.113,0.12022529582679271
786,893,107,0.107,0.11867690614610911
788,894,106,0.106,0.11835849873721599
726,863,137,0.137,0.12014502995461225
742,871,129,0.129,0.12003817792981863
782,891,109,0.109,0.11999022943526506
712,856,144,0.144,0.1196725067421794
750,875,125,0.125,0.12080325367301703
766,883,117,0.117,0.11965743485838175
786,893,107,0.107,0.1196438907906413
740,870,130,0.13,0.1202616240978241
682,841,159,0.159,0.1219280532002449
792,896,104,0.104,0.12242982283979655
782,891,109,0.109,0.12332627122849225
826,913,87,0.087,0.12155826887488365
778,889,111,0.111,0.12288856215029954
736,868,132,0.132,0.12289755483716726
798,899,101,0.101,0.12142742461711169
772,886,114,0.114,0.12415627331286669
752,876,124,0.124,0.12130158746987581
732,866,134,0.134,0.12215773165225982
716,858,142,0.142,0.11923549527674913
746,873,127,0.127,0.11856827029585838
704,852,148,0.148,0.12200161281973124
786,893,107,0.107,0.11776690200716257
766,883,117,0.117,0.1179369855299592
776,888,112,0.112,0.1162481200993061
778,889,111,0.111,0.11608122837543487
740,870,130,0.13,0.11494742027670145
756,878,122,0.122,0.11456970887631178
786,893,107,0.107,0.11526598703861236
760,880,120,0.12,0.11448605114966631
750,875,125,0.125,0.11463922817260026
784,892,108,0.108,0.11256592795997858
806,903,97,0.097,0.11271267065405846
790,895,105,0.105,0.11285486319661141
706,853,147,0.147,0.11129133579134941
754,877,123,0.123,0.11367288073152304
764,882,118,0.118,0.11103539041429758
766,883,117,0.117,0.11256782896071672
718,859,141,0.141,0.11365585798770189
778,889,111,0.111,0.116278513841331
802,901,99,0.099,0.11530864977836609
776,888,112,0.112,0.11712944964319467
766,883,117,0.117,0.1172371633052826
782,891,109,0.109,0.11604711136221886
818,909,91,0.091,0.1176579819098115
730,865,135,0.135,0.12023769406974316
778,889,111,0.111,0.1183530308753252
768,884,116,0.116,0.11687857891619205
754,877,123,0.123,0.11838095489889383
698,849,151,0.151,0.12133761842548847
766,883,117,0.117,0.12029344229400157
798,899,101,0.101,0.12078861966729164
688,844,156,0.156,0.12125430979579688
746,873,127,0.127,0.12247599528729916
728,864,136,0.136,0.1250665980949998
730,865,135,0.135,0.12347848396003246
772,886,114,0.114,0.12588280399888754
764,882,118,0.118,0.12778013618290424
776,888,112,0.112,0.12860515435039996
682,841,159,0.159,0.13083286796510218
762,881,119,0.119,0.12997776252776386
738,869,131,0.131,0.13146319423615932
772,886,114,0.114,0.13061771230399608
704,852,148,0.148,0.133944963760674
788,894,106,0.106,0.13232687774300575
762,881,119,0.119,0.13309421250969172
720,860,140,0.14,0.1309985492900014
796,898,102,0.102,0.12978233513981105
796,898,102,0.102,0.1308747317045927
774,887,113,0.113,0.1305385332852602
780,890,110,0.11,0.12866075506806374
730,865,135,0.135,0.12861751022189855
790,895,105,0.105,0.1279253414720297
848,924,76,0.076,0.12507000218331815
758,879,121,0.121,0.12419676525890827
786,893,107,0.107,0.12261488975584507
790,895,105,0.105,0.12310063384473324
754,877,123,0.123,0.11976973035186529
724,862,138,0.138,0.12114826157689094
734,867,133,0.133,0.12104170744121075
784,892,108,0.108,0.12260025415569543
764,882,118,0.118,0.12201516132801771
736,868,132,0.132,0.12157532220333815
730,865,135,0.135,0.12210617750883103
766,883,117,0.117,0.12239494843035936
732,866,134,0.134,0.12562253464013337
776,888,112,0.112,0.12543989442288875
786,893,107,0.107,0.12497751241177321
804,902,98,0.098,0.12582436340302228
748,874,126,0.126,0.12537971314042806
788,894,106,0.106,0.12579146771132946
774,887,113,0.113,0.1267016177996993
704,852,148,0.148,0.12570138029754163
774,887,113,0.113,0.12443169784545899
786,893,107,0.107,0.1264252360314131
744,872,128,0.128,0.1259494744539261
752,876,124,0.124,0.12485450315475465
786,893,107,0.107,0.12547564896941185
754,877,123,0.123,0.12674256911873819
748,874,126,0.126,0.12561957163363696
760,880,120,0.12,0.12426339769363404
794,897,103,0.103,0.1293717299848795
734,867,133,0.133,0.12622184663265942
706,853,147,0.147,0.12762750831246375
734,867,133,0.133,0.12712436286360027
736,868,132,0.132,0.12637325992435217
796,898,102,0.102,0.1273507996723056
806,903,97,0.097,0.12866359132528304
764,882,118,0.118,0.1268877721503377
768,884,116,0.116,0.12753945279121398
858,929,71,0.071,0.12431443967670203
744,872,128,0.128,0.12636896749585866
768,884,116,0.116,0.12577276539057494
776,888,112,0.112,0.12449381829053163
764,882,118,0.118,0.12403447346389293
766,883,117,0.117,0.1251187807843089
786,893,107,0.107,0.12504579173028468
768,884,116,0.116,0.1218041274473071
746,873,127,0.127,0.12346625350415706
712,856,144,0.144,0.12543578796833754
840,920,80,0.08,0.12176522888988256
794,897,103,0.103,0.12429296632111073
754,877,123,0.123,0.12410507081449032
856,928,72,0.072,0.12489534758776426
766,883,117,0.117,0.12429870416224002
782,891,109,0.109,0.12427857999503612
756,878,122,0.122,0.12343618900328875
772,886,114,0.114,0.12150464262068271
774,887,113,0.113,0.1213373642936349
762,881,119,0.119,0.12194205280393362
752,876,124,0.124,0.12048739056289196
752,876,124,0.124,0.12249880714714527
764,882,118,0.118,0.12293180811405181
770,885,115,0.115,0.12453371488302946
730,865,135,0.135,0.12298468371480703
740,870,130,0.13,0.1242999417707324
788,894,106,0.106,0.12351469098031521
728,864,136,0.136,0.12479946274310351
782,891,109,0.109,0.12324637186527253
840,920,80,0.08,0.12497920050472021
800,900,100,0.1,0.12094935745745897
706,853,147,0.147,0.1250236864313483
802,901,99,0.099,0.12450862743705511
754,877,123,0.123,0.12161260644346475
752,876,124,0.124,0.12171986019611358
780,890,110,0.11,0.11980517617613078
694,847,153,0.153,0.12128744823485613
762,881,119,0.119,0.123605947047472
770,885,115,0.115,0.12443972598016262
798,899,101,0.101,0.12287018220126629
682,841,159,0.159,0.12414975932240487
748,874,126,0.126,0.12258026469498873
752,876,124,0.124,0.12345954704284667
810,905,95,0.095,0.12373982276022434
762,881,119,0.119,0.12215716294199229
796,898,102,0.102,0.12347820989042521
778,889,111,0.111,0.12306430223584175
730,865,135,0.135,0.12085843446850776
750,875,125,0.125,0.12222294453531504
748,874,126,0.126,0.11936035478115081
804,902,98,0.098,0.12062411123514176
734,867,133,0.133,0.12000849013030529
754,877,123,0.123,0.12262168931216001
708,854,146,0.146,0.12254287245124579
800,900,100,0.1,0.1209014899134636
734,867,133,0.133,0.11981152147054672
730,865,135,0.135,0.12358137502521277
776,888,112,0.112,0.12124394311755896
792,896,104,0.104,0.1224968758970499
746,873,127,0.127,0.12468306390196085
784,892,108,0.108,0.12603752529621123
818,909,91,0.091,0.12598016665130854
764,882,118,0.118,0.12595674055814743
742,871,129,0.129,0.12429520029574632
808,904,96,0.096,0.12382115771621466
784,892,108,0.108,0.12293141415715217
764,882,118,0.118,0.12451609664410353
814,907,93,0.093,0.120681868866086
778,889,111,0.111,0.12081260368227958
786,893,107,0.107,0.12092619587481022
752,876,124,0.124,0.1190502771064639
716,858,142,0.142,0.12154007539153099
790,895,105,0.105,0.11934281063824892
720,860,140,0.14,0.12147474410384894
752,876,124,0.124,0.11877300512045622
812,906,94,0.094,0.12240370643138886
792,896,104,0.104,0.1217286259457469
754,877,123,0.123,0.12253738713264466
758,879,121,0.121,0.12228626311570406
744,872,128,0.128,0.12279270130395889
828,914,86,0.086,0.12204270628094673
788,894,106,0.106,0.12177670702338218
720,860,140,0.14,0.12216271351277828
770,885,115,0.115,0.12212846894562245
716,858,142,0.142,0.12302032196521759
728,864,136,0.136,0.12207572647929192
784,892,108,0.108,0.1235853819400072
746,873,127,0.127,0.12300579795986413
746,873,127,0.127,0.12396185475587845
750,875,125,0.125,0.12364601769298315
744,872,128,0.128,0.12383656580001116
738,869,131,0.131,0.12508688794821501
766,883,117,0.117,0.12556236804276705
808,904,96,0.096,0.12232226983457804
782,891,109,0.109,0.12320721334964037
738,869,131,0.131,0.12373323094844818
698,849,151,0.151,0.12258152909576893
760,880,120,0.12,0.12261769212782384
682,841,159,0.159,0.12398516546189785
754,877,123,0.123,0.12483650456368924
778,889,111,0.111,0.12720999560505153
732,866,134,0.134,0.12713878520578145
748,874,126,0.126,0.129464405156672
750,875,125,0.125,0.1274709331318736
736,868,132,0.132,0.129959612198174
708,854,146,0.146,0.1300857554525137
740,870,130,0.13,0.13159394150227308
740,870,130,0.13,0.13154254638403653
716,858,142,0.142,0.13269570991396903
754,877,123,0.123,0.13359410885721446
812,906,94,0.094,0.13356640470772982
774,887,113,0.113,0.1330501707792282
726,863,137,0.137,0.13257262428849936
796,898,102,0.102,0.13305748809874057
744,872,128,0.128,0.1311405417099595
798,899,101,0.101,0.130194873906672
740,870,130,0.13,0.12914208292216062
758,879,121,0.121,0.13076986277103425
678,839,161,0.161,0.12987944272905588
754,877,123,0.123,0.12551317192614078
740,870,130,0.13,0.12463418646901846
774,887,113,0.113,0.12343063519895077
756,878,122,0.122,0.12385996621102095
784,892,108,0.108,0.1218739974424243
784,892,108,0.108,0.12362314877659082
720,860,140,0.14,0.12307762552052737
750,875,125,0.125,0.12300933825969695
784,892,108,0.108,0.12208843829482793
730,865,135,0.135,0.12040467020124197
798,899,101,0.101,0.11931032615154982
782,891,109,0.109,0.12138055025786161
726,863,137,0.137,0.12054929304122924
742,871,129,0.129,0.11950915672630072
766,883,117,0.117,0.12054631148278713
736,868,132,0.132,0.1200105072259903
722,861,139,0.139,0.11920109616965055
752,876,124,0.124,0.12002863296866417
786,893,107,0.107,0.1215064408108592
716,858,142,0.142,0.12195155023783445
752,876,124,0.124,0.122821404337883
714,857,143,0.143,0.12113534489274025
772,886,114,0.114,0.12362877614796161
760,880,120,0.12,0.12327733206748963
770,885,115,0.115,0.12326302360743284
808,904,96,0.096,0.1231449525281787
804,902,98,0.098,0.12374138758331538
682,841,159,0.159,0.12521976385265587
798,899,101,0.101,0.12411369024217128
760,880,120,0.12,0.125256898291409
792,896,104,0.104,0.12229641561210156
776,888,112,0.112,0.12112810322642327
790,895,105,0.105,0.1219646555557847
790,895,105,0.105,0.1201106476560235
798,899,101,0.101,0.11940900056064128
812,906,94,0.094,0.11718908070772886
770,885,115,0.115,0.11678448240458965
752,876,124,0.124,0.11567497993260623
708,854,146,0.146,0.11472336710989475
748,874,126,0.126,0.11528892678022384
680,840,160,0.16,0.11527384954690933
786,893,107,0.107,0.11572402789443731
752,876,124,0.124,0.11620179799199104
726,863,137,0.137,0.11674322308599949
686,843,157,0.157,0.1196036361977458
724,862,138,0.138,0.12025404161959886
770,885,115,0.115,0.12373028303682804
760,880,120,0.12,0.12264817477762699
768,884,116,0.116,0.12537858366966248
802,901,99,0.099,0.1243584719374776
700,850,150,0.15,0.1233562005981803
740,870,130,0.13,0.12229898329079152
768,884,116,0.116,0.12205410595238209
794,897,103,0.103,0.1227879260033369
790,895,105,0.105,0.12012139881402253
720,860,140,0.14,0.12257771564275026
734,867,133,0.133,0.12085271011292935
806,903,97,0.097,0.12042318298667669
744,872,128,0.128,0.11695304708182812
812,906,94,0.094,0.11695533344894647
738,869,131,0.131,0.1152037758231163
762,881,119,0.119,0.11646331644058228
770,885,115,0.115,0.11448466066271067
816,908,92,0.092,0.11357926239818335
670,835,165,0.165,0.11204646041989326
758,879,121,0.121,0.10830728509277106
772,886,114,0.114,0.10997770085185767
772,886,114,0.114,0.11183154136687518
784,892,108,0.108,0.11080578289926052
776,888,112,0.112,0.11103082555532455
734,867,133,0.133,0.1089078265428543
736,868,132,0.132,0.11281285572052002
708,854,146,0.146,0.11388643174618483
772,886,114,0.114,0.109576850309968
692,846,154,0.154,0.11207307598739863
758,879,121,0.121,0.1132011177316308
798,899,101,0.101,0.11404352570325137
718,859,141,0.141,0.11381981395184994
752,876,124,0.124,0.11418772503733635
764,882,118,0.118,0.1142710770368576
754,877,123,0.123,0.11582446170598268
782,891,109,0.109,0.11606547018140555
786,893,107,0.107,0.11656209536641836
736,868,132,0.132,0.11607184667885304
710,855,145,0.145,0.11447561302036047
792,896,104,0.104,0.1132085698619485
762,881,119,0.119,0.11325532975047826
804,902,98,0.098,0.11351555075496435
746,873,127,0.127,0.1160439183935523
726,863,137,0.137,0.1156032014787197
722,861,139,0.139,0.11578668820112943
748,874,126,0.126,0.11681344508379697
736,868,132,0.132,0.11684194409102201
782,891,109,0.109,0.11485912707448005
748,874,126,0.126,0.11358933204412461
746,873,127,0.127,0.11433549307286739
756,878,122,0.122,0.11428233604878187
730,865,135,0.135,0.11336066903173923
744,872,128,0.128,0.11611897540092468
808,904,96,0.096,0.11358742459118366
768,884,116,0.116,0.1153749994188547
776,888,112,0.112,0.11682902573794127
780,890,110,0.11,0.11384055829793215
754,877,123,0.123,0.11406503995507955
758,879,121,0.121,0.11436333494633436
726,863,137,0.137,0.1141385517641902
734,867,133,0.133,0.11377325708419085
776,888,112,0.112,0.11205839804559946
800,900,100,0.1,0.11179450909048319
740,870,130,0.13,0.11292345228046179
732,866,134,0.134,0.11247892878949642
746,873,127,0.127,0.11084980185329914
810,905,95,0.095,0.1111968520730734
804,902,98,0.098,0.1106377599388361
802,901,99,0.099,0.109652527756989
742,871,129,0.129,0.10611135173588991
790,895,105,0.105,0.1060925964936614
812,906,94,0.094,0.10407692281156779
818,909,91,0.091,0.10264549811184406
750,875,125,0.125,0.10228135088831186
852,926,74,0.074,0.10231999482959508
756,878,122,0.122,0.10115312147140502
752,876,124,0.124,0.09892336582392454
684,842,158,0.158,0.09911087204515934
748,874,126,0.126,0.0988918367549777
822,911,89,0.089,0.09696344357728959
786,893,107,0.107,0.09720170438289642
804,902,98,0.098,0.09704921388626099
748,874,126,0.126,0.09773981641232968
832,916,84,0.084,0.09397428330034018
756,878,122,0.122,0.09385690657794475
842,921,79,0.079,0.09386396902799607
802,901,99,0.099,0.09292318250983954
786,893,107,0.107,0.09243805046752095
724,862,138,0.138,0.09158473579213024
812,906,94,0.094,0.09074094974249601
782,891,109,0.109,0.09144905448704958
754,877,123,0.123,0.09174639362096787
758,879,121,0.121,0.09122481276094914
776,888,112,0.112,0.09303560821712017
726,863,137,0.137,0.09316868968307972
732,866,134,0.134,0.09611132400482893
776,888,112,0.112,0.0952540754750371
796,898,102,0.102,0.09520029972493649
772,886,114,0.114,0.09712786527723075
852,926,74,0.074,0.09825276187807322
802,901,99,0.099,0.09875967609882355
794,897,103,0.103,0.09758304289728403
778,889,111,0.111,0.09583921773731709
788,894,106,0.106,0.09728087312728166
790,895,105,0.105,0.09399706593155861
748,874,126,0.126,0.09792230658233166
762,881,119,0.119,0.09535878062993287
832,916,84,0.084,0.09253574703633785
826,913,87,0.087,0.09270263563096523
778,889,111,0.111,0.09272565031051636
750,875,125,0.125,0.09279396761208773
760,880,120,0.12,0.09194834753125906
758,879,121,0.121,0.09021526146680117
814,907,93,0.093,0.09268330925703049
746,873,127,0.127,0.0934315582588315
746,873,127,0.127,0.09318776927888393
790,895,105,0.105,0.09225651200115681
726,863,137,0.137,0.09288206976652146
768,884,116,0.116,0.09590293845534324
782,891,109,0.109,0.09373333924263716
760,880,120,0.12,0.0956943310201168
810,905,95,0.095,0.09503691327571868
714,857,143,0.143,0.09674705389142037
740,870,130,0.13,0.09668045464903116
686,843,157,0.157,0.09724942356348037
774,887,113,0.113,0.09649031066894531
758,879,121,0.121,0.09879747233539819
760,880,120,0.12,0.09671885214745998
792,896,104,0.104,0.09673618349432946
744,872,128,0.128,0.09836475475132465
774,887,113,0.113,0.09908973534405231
778,889,111,0.111,0.09663641312718392
744,872,128,0.128,0.09871084539592266
776,888,112,0.112,0.09900493346899748
780,890,110,0.11,0.09873822547495364
770,885,115,0.115,0.09663998821377755
760,880,120,0.12,0.09686376305669546
718,859,141,0.141,0.0965065976753831
770,885,115,0.115,0.09608908382803202
740,870,130,0.13,0.09618860946595668
770,885,115,0.115,0.09648540715128183
804,902,98,0.098,0.09382969713211059
786,893,107,0.107,0.09565184791386128
768,884,116,0.116,0.09618513927608728
726,863,137,0.137,0.09755556293576956
808,904,96,0.096,0.09608981560915708
724,862,138,0.138,0.09576339917629957
746,873,127,0.127,0.09687642143666744
704,852,148,0.148,0.09721449360251427
732,866,134,0.134,0.0992922163978219
788,894,106,0.106,0.09801321431994438
738,869,131,0.131,0.09920290212333202
788,894,106,0.106,0.09874052818864584
778,889,111,0.111,0.09829821932315827
788,894,106,0.106,0.09881194879859687
778,889,111,0.111,0.09900522468984127
704,852,148,0.148,0.1017740347981453
770,885,115,0.115,0.10130899543315172
780,890,110,0.11,0.09950065778940916
794,897,103,0.103,0.09941739509999752
864,932,68,0.068,0.09826281652599574
756,878,122,0.122,0.09961504668742419
696,848,152,0.152,0.10151609123498201
724,862,138,0.138,0.1007121173813939
788,894,106,0.106,0.09848761121183634
758,879,121,0.121,0.09866206278651952
758,879,121,0.121,0.09905885803699493
776,888,112,0.112,0.0981065610125661
748,874,126,0.126,0.0981508154720068
812,906,94,0.094,0.09952173974364996
774,887,113,0.113,0.0976043586730957
742,871,129,0.129,0.09858202984184027
716,858,142,0.142,0.09846833148598672
800,900,100,0.1,0.0983910748064518
700,850,150,0.15,0.09908165429532528
798,899,101,0.101,0.09694979448616504
756,878,122,0.122,0.09907415902614594
722,861,139,0.139,0.10008464653789997
788,894,106,0.106,0.09719931439310313
758,879,121,0.121,0.09714551651477814
792,896,104,0.104,0.097920037843287
776,888,112,0.112,0.0960584446042776
780,890,110,0.11,0.09920063445717096
752,876,124,0.124,0.09742221166938543
748,874,126,0.126,0.0965316468924284
814,907,93,0.093,0.09868303578346968
780,890,110,0.11,0.09595923704653979
756,878,122,0.122,0.09762017484754323
714,857,143,0.143,0.09678022302687168
822,911,89,0.089,0.09500767801702023
780,890,110,0.11,0.09600288031995297
816,908,92,0.092,0.09586967580765486
784,892,108,0.108,0.09831170488148927
736,868,132,0.132,0.09653743213415146
768,884,116,0.116,0.09680564069747925
776,888,112,0.112,0.09648363633453846
796,898,102,0.102,0.0962946697846055
746,873,127,0.127,0.09668030524253846
756,878,122,0.122,0.09567868795990944
768,884,116,0.116,0.09591551406681538
776,888,112,0.112,0.09499127257615328
738,869,131,0.131,0.09510612718760968
738,869,131,0.131,0.09310985508561134
772,886,114,0.114,0.09347261660546065
778,889,111,0.111,0.0960659486874938
736,868,132,0.132,0.09467927773296833
742,871,129,0.129,0.09709770473837852
800,900,100,0.1,0.09578249451518059
750,875,125,0.125,0.09626910451054572
786,893,107,0.107,0.09485956853628158
770,885,115,0.115,0.09791142082214356
814,907,93,0.093,0.09554913181066513
694,847,153,0.153,0.09742078831791878
822,911,89,0.089,0.09549502100795508
766,883,117,0.117,0.09518627266585827
772,886,114,0.114,0.09629306147992611
798,899,101,0.101,0.09695501171052456
738,869,131,0.131,0.09684396932274103
746,873,127,0.127,0.09783464520424605
752,876,124,0.124,0.09708382519334555
812,906,94,0.094,0.09664740023761988
720,860,140,0.14,0.09731878156960011
738,869,131,0.131,0.09917801394313573
842,921,79,0.079,0.0988687073290348
844,922,78,0.078,0.09741778340190649
760,880,120,0.12,0.09730392154306174
772,886,114,0.114,0.0943556322529912
824,912,88,0.088,0.09501386074721813
788,894,106,0.106,0.09294779400527477
752,876,124,0.124,0.09447143784165382
744,872,128,0.128,0.0944718020260334
808,904,96,0.096,0.09439210690557957
734,867,133,0.133,0.0933378122150898
700,850,150,0.15,0.09565845489501953
754,877,123,0.123,0.09583074823766947
736,868,132,0.132,0.09795245864987373
782,891,109,0.109,0.09568609341233969
794,897,103,0.103,0.09747505528479815
808,904,96,0.096,0.09701751490682363
698,849,151,0.151,0.09836006855219602
814,907,93,0.093,0.09748592641949654
742,871,129,0.129,0.0990882890149951
732,866,134,0.134,0.09644915071874857
764,882,118,0.118,0.09832513251155615
806,903,97,0.097,0.09842333706468344
742,871,129,0.129,0.09859255696088076
770,885,115,0.115,0.09768361675739289
772,886,114,0.114,0.10088520620763301
768,884,116,0.116,0.09888940554857253
756,878,122,0.122,0.0989176985770464
792,896,104,0.104,0.09956721088290214
772,886,114,0.114,0.10027527838200331
756,878,122,0.122,0.0988938809260726
746,873,127,0.127,0.09815838596224785
760,880,120,0.12,0.09945082253217698
778,889,111,0.111,0.09782966135442257
742,871,129,0.129,0.09708113296329975
802,901,99,0.099,0.09802864567935467
762,881,119,0.119,0.09518682170659304
696,848,152,0.152,0.0974701761752367
716,858,142,0.142,0.09754294581711292
766,883,117,0.117,0.09880537643283606
790,895,105,0.105,0.09843336950242519
748,874,126,0.126,0.0991254738867283
800,900,100,0.1,0.09711788646876812
742,871,129,0.129,0.10075343929976224
726,863,137,0.137,0.09930670523643494
762,881,119,0.119,0.09851389275491237
826,913,87,0.087,0.10028354998677969
834,917,83,0.083,0.09868213327229022
724,862,138,0.138,0.09984772104024887
826,913,87,0.087,0.09723338071256876
766,883,117,0.117,0.09693908903747797
698,849,151,0.151,0.09718415919691324
736,868,132,0.132,0.09713551310449839
812,906,94,0.094,0.09501178099215031
800,900,100,0.1,0.09372436409443617
682,841,159,0.159,0.09473037109524012
754,877,123,0.123,0.09485839184373618
740,870,130,0.13,0.09600350284576416
742,871,129,0.129,0.09542232722789049
770,885,115,0.115,0.09767785322666168
772,886,114,0.114,0.09609719344228507
724,862,138,0.138,0.09574812480062246
800,900,100,0.1,0.09614213169366122
762,881,119,0.119,0.09577688811719418
754,877,123,0.123,0.09590628671646118
768,884,116,0.116,0.09381026163697243
718,859,141,0.141,0.09623544714599848
724,862,138,0.138,0.09546563498675824
748,874,126,0.126,0.09636393508315086
830,915,85,0.085,0.09485346936434508
714,857,143,0.143,0.09713236436992884
820,910,90,0.09,0.09496248130500316
802,901,99,0.099,0.09640582296252251
744,872,128,0.128,0.09321906743198634
762,881,119,0.119,0.09453430837392807
710,855,145,0.145,0.09252285109460354
814,907,93,0.093,0.09300012075155974
718,859,141,0.141,0.09443942064046859
776,888,112,0.112,0.09330633451789618
784,892,108,0.108,0.09385514063388109
710,855,145,0.145,0.09256030131876469
774,887,113,0.113,0.0910599436238408
788,894,106,0.106,0.09352614257484675
782,891,109,0.109,0.0938897944688797
780,890,110,0.11,0.09166236197575926
720,860,140,0.14,0.09224112592637539
804,902,98,0.098,0.09056413015723229
776,888,112,0.112,0.09133628513664008
748,874,126,0.126,0.0900605999454856
746,873,127,0.127,0.0893669430539012
758,879,121,0.121,0.08999195139110089
766,883,117,0.117,0.08758488518372178
748,874,126,0.126,0.09049521720409394
824,912,88,0.088,0.08965549152344465
834,917,83,0.083,0.08928942969441414
732,866,134,0.134,0.08987007842957974
804,902,98,0.098,0.0890419659242034
788,894,106,0.106,0.0882078327126801
732,866,134,0.134,0.08990643614903092
770,885,115,0.115,0.08857766973972321
750,875,125,0.125,0.08822414573654533
808,904,96,0.096,0.0881902548149228
754,877,123,0.123,0.08664007106795907
802,901,99,0.099,0.08469203515350819
724,862,138,0.138,0.08694171975553036
836,918,82,0.082,0.08765731800720096
796,898,102,0.102,0.08660619616508484
714,857,143,0.143,0.08459475541487337
800,900,100,0.1,0.08624091744422913
664,832,168,0.168,0.08698943996801972
758,879,121,0.121,0.08635054107382893
758,879,121,0.121,0.0877291664108634
748,874,126,0.126,0.08805032223463058
736,868,132,0.132,0.08916051238030195
764,882,118,0.118,0.08865666548162698
822,911,89,0.089,0.08983017568290233
734,867,133,0.133,0.09075811225175857
782,891,109,0.109,0.08947431998699903
740,870,130,0.13,0.09053905554115772
764,882,118,0.118,0.09027432450652123
786,893,107,0.107,0.09066485726088286
766,883,117,0.117,0.09071990268677473
814,907,93,0.093,0.08967283175513148
770,885,115,0.115,0.09014530052244664
782,891,109,0.109,0.0890417203605175
790,895,105,0.105,0.08782704356312752
806,903,97,0.097,0.08918265274167061
772,886,114,0.114,0.08838491255044938
790,895,105,0.105,0.08920291364938021
790,895,105,0.105,0.0869475659057498
780,890,110,0.11,0.0865272626504302
734,867,133,0.133,0.0855089869275689
802,901,99,0.099,0.08519731247797609
730,865,135,0.135,0.08662216357141733
766,883,117,0.117,0.08832241132110358
740,870,130,0.13,0.08807730766013265
756,878,122,0.122,0.08633398872241378
736,868,132,0.132,0.08883186171948909
806,903,97,0.097,0.0879953523054719
782,891,109,0.109,0.0902020956799388
748,874,126,0.126,0.08861622282490134
810,905,95,0.095,0.09049438566341997
740,870,130,0.13,0.09050296892225743
782,891,109,0.109,0.0912751774340868
754,877,123,0.123,0.09088941352814436
758,879,121,0.121,0.09061304807662963
714,857,143,0.143,0.09192452076822519
794,897,103,0.103,0.09069729714095592
788,894,106,0.106,0.09023323513567448
768,884,116,0.116,0.08971691754460334
854,927,73,0.073,0.08841670661792159
792,896,104,0.104,0.08860772381722927
722,861,139,0.139,0.09047173228859902
776,888,112,0.112,0.08686965259909629
764,882,118,0.118,0.08723687911778688
750,875,125,0.125,0.08783095787093044
782,891,109,0.109,0.08909557298570871
768,884,116,0.116,0.08808882044255734
792,896,104,0.104,0.08997794526070356
714,857,143,0.143,0.09047448546439409
744,872,128,0.128,0.08786853025108576
782,891,109,0.109,0.0905183545872569
764,882,118,0.118,0.09231064550578594
754,877,123,0.123,0.09283973542600871
742,871,129,0.129,0.09227340323105454
770,885,115,0.115,0.09322876615822315
754,877,123,0.123,0.09385045997053384
770,885,115,0.115,0.09367286894470453
708,854,146,0.146,0.0918771317601204
812,906,94,0.094,0.09273962017893791
758,879,121,0.121,0.09346974284946918
788,894,106,0.106,0.09376496603339911
770,885,115,0.115,0.09288099978864194
762,881,119,0.119,0.09279081126302481
746,873,127,0.127,0.09080589523911477
756,878,122,0.122,0.09272632651776075
728,864,136,0.136,0.09088782043009996
806,903,97,0.097,0.09164931234717369
794,897,103,0.103,0.09085498804599047
760,880,120,0.12,0.09103458189964295
744,872,128,0.128,0.08991429264843463
788,894,106,0.106,0.09202978671342134
752,876,124,0.124,0.09157822541892528
712,856,144,0.144,0.09173694148659706
780,890,110,0.11,0.09154777552187443
808,904,96,0.096,0.08907426743209362
734,867,133,0.133,0.09172651797533035
762,881,119,0.119,0.09285464728623628
748,874,126,0.126,0.09168977742642165
768,884,116,0.116,0.0910328649431467
764,882,118,0.118,0.0912797034829855
748,874,126,0.126,0.0928875174894929
748,874,126,0.126,0.09140580305457115
742,871,129,0.129,0.09201327146217227
724,862,138,0.138,0.09206441219896078
698,849,151,0.151,0.09115559287369251
816,908,92,0.092,0.09243697797507047
794,897,103,0.103,0.09174094393104315
766,883,117,0.117,0.0914705989509821
730,865,135,0.135,0.09413483622670174
742,871,129,0.129,0.09205699990689754
770,885,115,0.115,0.09279272868484259
760,880,120,0.12,0.09246854432672262
762,881,119,0.119,0.09230822251737118
796,898,102,0.102,0.09158934112638235
730,865,135,0.135,0.09324034197628497
744,872,128,0.128,0.09171419192105532
732,866,134,0.134,0.09301621093600988
782,891,109,0.109,0.09218297385424376
770,885,115,0.115,0.09266200838238
782,891,109,0.109,0.09070018681883812
754,877,123,0.123,0.09109395118802786
778,889,111,0.111,0.08799628912657499
792,896,104,0.104,0.08722800252586603
766,883,117,0.117,0.08780908187478781
820,910,90,0.09,0.08524577072635293
754,877,123,0.123,0.08485922026261687
776,888,112,0.112,0.08551073411852121
766,883,117,0.117,0.08607861893624068
728,864,136,0.136,0.08677692350000143
746,873,127,0.127,0.08603265145421028
714,857,143,0.143,0.08454936940222979
748,874,126,0.126,0.08753317215666175
762,881,119,0.119,0.08550420158356428
778,889,111,0.111,0.08904897668212652
826,913,87,0.087,0.08832644958049059
722,861,139,0.139,0.09043165411055087
772,886,114,0.114,0.0896159959435463
736,868,132,0.132,0.09091980769485235
752,876,124,0.124,0.09261013638228179
732,866,134,0.134,0.0915246168486774
736,868,132,0.132,0.09312365064024926
770,885,115,0.115,0.09146213122457265
790,895,105,0.105,0.09227106731384993
758,879,121,0.121,0.09192764083296061
830,915,85,0.085,0.08968842516094447
864,932,68,0.068,0.09009789375215768
822,911,89,0.089,0.09063146010041237
834,917,83,0.083,0.08815042636916041
742,871,129,0.129,0.0868211308978498
766,883,117,0.117,0.0864689765498042
776,888,112,0.112,0.08408167305961252
780,890,110,0.11,0.08521964628621936
782,891,109,0.109,0.08463750349730254
726,863,137,0.137,0.08376761968806386
810,905,95,0.095,0.08531309952959418
744,872,128,0.128,0.0845906220600009
748,874,126,0.126,0.08408668585494161
792,896,104,0.104,0.08735534197837114
724,862,138,0.138,0.08713137391582132
816,908,92,0.092,0.08700866331905127
822,911,89,0.089,0.08648953887820243
806,903,97,0.097,0.08593548239395023
784,892,108,0.108,0.08661321911215782
836,918,82,0.082,0.08416177937388421
788,894,106,0.106,0.08563667581230403
748,874,126,0.126,0.08483355808630585
744,872,128,0.128,0.08447065825015307
740,870,130,0.13,0.08291088127717376
802,901,99,0.099,0.08044045538455248
816,908,92,0.092,0.08158861950039864
748,874,126,0.126,0.08071910918876529
794,897,103,0.103,0.08182326723262667
724,862,138,0.138,0.08137601304054261
724,862,138,0.138,0.08232501476258039
770,885,115,0.115,0.08191473945975304
726,863,137,0.137,0.084107836086303
780,890,110,0.11,0.08347488976269961
720,860,140,0.14,0.08451176157221198
720,860,140,0.14,0.08530530533567071
750,875,125,0.125,0.08917484208941459
820,910,90,0.09,0.08906840612739325
770,885,115,0.115,0.0877570976689458
782,891,109,0.109,0.09025627089291811
744,872,128,0.128,0.0885832050666213
724,862,138,0.138,0.09115291000157595
770,885,115,0.115,0.08838814216852188
782,891,109,0.109,0.08897450069338084
802,901,99,0.099,0.08803199827671052
796,898,102,0.102,0.08899320339784027
734,867,133,0.133,0.08947756262868643
698,849,151,0.151,0.08815652314573526
732,866,134,0.134,0.08815245119482279
798,899,101,0.101,0.08743572639673948
786,893,107,0.107,0.08804226039722562
854,927,73,0.073,0.08583953771740198
756,878,122,0.122,0.0851370997056365
736,868,132,0.132,0.08385525971651077
742,871,129,0.129,0.08404552812874318
788,894,106,0.106,0.08383303659781814
700,850,150,0.15,0.08406323959678412
794,897,103,0.103,0.08321493204683066
776,888,112,0.112,0.0839996255710721
752,876,124,0.124,0.08428033006563783
824,912,88,0.088,0.08330696733668447
734,867,133,0.133,0.08394354630634189
752,876,124,0.124,0.08482695406675339
784,892,108,0.108,0.08180203031003475
798,899,101,0.101,0.08279213923215865
796,898,102,0.102,0.08189140405878424
732,866,134,0.134,0.0804284738637507
766,883,117,0.117,0.07975113522261382
756,878,122,0.122,0.0817835044413805
776,888,112,0.112,0.07970816823840142
782,891,109,0.109,0.08049544737115502
752,876,124,0.124,0.08145928927510977
796,898,102,0.102,0.08071544877067208
748,874,126,0.126,0.07993691067397594
746,873,127,0.127,0.0791211256943643
798,899,101,0.101,0.07951520793512463
780,890,110,0.11,0.07979178655147552
768,884,116,0.116,0.08118976570293307
730,865,135,0.135,0.0799495788924396
770,885,115,0.115,0.07958243130519986
698,849,151,0.151,0.07977912800759077
784,892,108,0.108,0.08050809100270272
742,871,129,0.129,0.08185973703488708
740,870,130,0.13,0.08267579702287912
718,859,141,0.141,0.0830254218056798
754,877,123,0.123,0.08144313164055347
736,868,132,0.132,0.0848419359177351
738,869,131,0.131,0.0846423797942698
772,886,114,0.114,0.08496071785315872
746,873,127,0.127,0.08565371995791793
806,903,97,0.097,0.08510313472896815
744,872,128,0.128,0.08704829862341285
740,870,130,0.13,0.08469097400829197
736,868,132,0.132,0.08655544001236558
742,871,129,0.129,0.08682276919111609
810,905,95,0.095,0.08628133456036448
728,864,136,0.136,0.08631820743903518
776,888,112,0.112,0.08689772730320693
786,893,107,0.107,0.08377241060882806
762,881,119,0.119,0.08489759399369359
700,850,150,0.15,0.0852207394503057
744,872,128,0.128,0.08397276445478201
796,898,102,0.102,0.08225129150226712
722,861,139,0.139,0.08174593080207705
804,902,98,0.098,0.0831326782591641
794,897,103,0.103,0.08112541656568646
802,901,99,0.099,0.08049772276729346
790,895,105,0.105,0.0802789004035294
778,889,111,0.111,0.0805706028342247
684,842,158,0.158,0.08107578958570957
756,878,122,0.122,0.07880579740181565
710,855,145,0.145,0.08054291384667159
786,893,107,0.107,0.07847257933020592
686,843,157,0.157,0.08069509828090668
772,886,114,0.114,0.07980725152045488
786,893,107,0.107,0.08112262098491192
786,893,107,0.107,0.08065714927390218
764,882,118,0.118,0.08040264109894633
778,889,111,0.111,0.08011879406869411
708,854,146,0.146,0.0810961129181087
784,892,108,0.108,0.07942317888513208
766,883,117,0.117,0.08028545914962888
734,867,133,0.133,0.08156532886996866
798,899,101,0.101,0.08073295183852315
730,865,135,0.135,0.0793927560672164
792,896,104,0.104,0.07771085074916483
754,877,123,0.123,0.07919843684881926
772,886,114,0.114,0.07871753834933043
796,898,102,0.102,0.07853945430368185
686,843,157,0.157,0.08047803765907884
766,883,117,0.117,0.08034288115799428
784,892,108,0.108,0.07999749936908483
716,858,142,0.142,0.08291350828483701
788,894,106,0.106,0.08033221485838295
736,868,132,0.132,0.08181162292137742
770,885,115,0.115,0.08330702627450227
770,885,115,0.115,0.08396379533782601
788,894,106,0.106,0.08277457642182708
714,857,143,0.143,0.08400993895158172
766,883,117,0.117,0.084743567597121
778,889,111,0.111,0.08407096085697413
764,882,118,0.118,0.0852599830031395
700,850,150,0.15,0.08542326482385397
752,876,124,0.124,0.0818809627853334
734,867,133,0.133,0.08454105308651924
770,885,115,0.115,0.082741898778826
722,861,139,0.139,0.08384486575052143
772,886,114,0.114,0.08285304878279567
744,872,128,0.128,0.08389579605683685
738,869,131,0.131,0.08419112671911716
776,888,112,0.112,0.08427486542984844
730,865,135,0.135,0.083717355620116
772,886,114,0.114,0.08274858020991087
710,855,145,0.145,0.08376465766504407
786,893,107,0.107,0.08296916604414582
750,875,125,0.125,0.08441760422289371
804,902,98,0.098,0.08223090192303062
728,864,136,0.136,0.08351373248919845
778,889,111,0.111,0.081768828548491
788,894,106,0.106,0.08000481171533465
746,873,127,0.127,0.08014562000334263
754,877,123,0.123,0.08052920196205378
800,900,100,0.1,0.07957437008991837
764,882,118,0.118,0.07806411889567971
758,879,121,0.121,0.07761131715774536
764,882,118,0.118,0.07956954483315348
754,877,123,0.123,0.07856094771251082
752,876,124,0.124,0.07835619618743658
766,883,117,0.117,0.07981959741935134
796,898,102,0.102,0.0776452017724514
736,868,132,0.132,0.07908701359853149
742,871,129,0.129,0.0797532131485641
698,849,151,0.151,0.08073482803255319
740,870,130,0.13,0.08006161347031593
780,890,110,0.11,0.08057922751829028
818,909,91,0.091,0.07903721531853079
786,893,107,0.107,0.08077188654616475
796,898,102,0.102,0.07833101516962052
802,901,99,0.099,0.0783663082793355
818,909,91,0.091,0.07786628374829889
816,908,92,0.092,0.07571770725026726
752,876,124,0.124,0.07609868047386407
728,864,136,0.136,0.07697214812412859
770,885,115,0.115,0.07576123299449682
760,880,120,0.12,0.07488587783277034
730,865,135,0.135,0.07541461687162518
774,887,113,0.113,0.07348630164936185
822,911,89,0.089,0.07246488258242607
760,880,120,0.12,0.07276230001077055
766,883,117,0.117,0.07181294359639287
806,903,97,0.097,0.07173691621795297
770,885,115,0.115,0.07155347185209393
784,892,108,0.108,0.07223500938713551
786,893,107,0.107,0.07327194276824593
792,896,104,0.104,0.0728524699024856
790,895,105,0.105,0.07336272705346346
752,876,124,0.124,0.0730706226080656
746,873,127,0.127,0.0752119108363986
634,817,183,0.183,0.0756757390126586
696,848,152,0.152,0.07787457964941859
740,870,130,0.13,0.07747438617050648
766,883,117,0.117,0.08097484009712934
742,871,129,0.129,0.08012196417897939
818,909,91,0.091,0.08124903757125139
688,844,156,0.156,0.08437505615875125
838,919,81,0.081,0.08114552342146635
780,890,110,0.11,0.08481690869107843
752,876,124,0.124,0.08280929237231613
752,876,124,0.124,0.08662444743141531
794,897,103,0.103,0.08207811440154911
758,879,121,0.121,0.08453364776074887
756,878,122,0.122,0.08324221279099583
758,879,121,0.121,0.08402649115398526
800,900,100,0.1,0.08357910626381636
800,900,100,0.1,0.08344637018442154
726,863,137,0.137,0.0825565946623683
798,899,101,0.101,0.0813376081995666
790,895,105,0.105,0.08209540973976255
716,858,142,0.142,0.08118291521817446
752,876,124,0.124,0.07978614215180278
732,866,134,0.134,0.08051689777895808
754,877,123,0.123,0.08089780923351646
758,879,121,0.121,0.08219724902883171
718,859,141,0.141,0.08215475266054273
740,870,130,0.13,0.08213113442063331
790,895,105,0.105,0.08250228166952729
788,894,106,0.106,0.0823590101338923
780,890,110,0.11,0.08136583083122968
790,895,105,0.105,0.08202221102640032
748,874,126,0.126,0.08145204622671008
704,852,148,0.148,0.08060850266739726
728,864,136,0.136,0.08322928274050355
770,885,115,0.115,0.08162470961362124
758,879,121,0.121,0.08368270023539662
782,891,109,0.109,0.08264619215205311
740,870,130,0.13,0.08448635026812554
798,899,101,0.101,0.08286321384832263
744,872,128,0.128,0.08233872216939926
748,874,126,0.126,0.08454890950024128
866,933,67,0.067,0.08095451529324055
800,900,100,0.1,0.08108984168991447
814,907,93,0.093,0.08189617509022355
746,873,127,0.127,0.08112570343166589
722,861,139,0.139,0.07993753520026803
748,874,126,0.126,0.07758567041158676
788,894,106,0.106,0.07710597778856754
786,893,107,0.107,0.07791012086346745
778,889,111,0.111,0.07733114779740571
778,889,111,0.111,0.07833708076924085
748,874,126,0.126,0.07848136811330915
778,889,111,0.111,0.07927983941510319
738,869,131,0.131,0.07818120677396655
774,887,113,0.113,0.08047323985397815
744,872,128,0.128,0.07837508957833052
798,899,101,0.101,0.07874886487051845
768,884,116,0.116,0.07849353689327836
744,872,128,0.128,0.07729162190109491
752,876,124,0.124,0.07714082546904683
784,892,108,0.108,0.07723173013702035
800,900,100,0.1,0.07793429571390152
814,907,93,0.093,0.07899168398976326
768,884,116,0.116,0.07771259298920631
788,894,106,0.106,0.077784991748631
688,844,156,0.156,0.0770691799595952
804,902,98,0.098,0.0755199304036796
744,872,128,0.128,0.07605173037201166
796,898,102,0.102,0.07523261651396751
796,898,102,0.102,0.07432194209471345
764,882,118,0.118,0.07571426803246141
730,865,135,0.135,0.0753290619328618
760,880,120,0.12,0.07453102112188935
756,878,122,0.122,0.07503946784883737
776,888,112,0.112,0.07461070873215794
750,875,125,0.125,0.07522150037437678
766,883,117,0.117,0.07596831542253495
734,867,133,0.133,0.07566968630254269
730,865,135,0.135,0.07538028977811337
718,859,141,0.141,0.07579410723224282
808,904,96,0.096,0.0759726459234953
820,910,90,0.09,0.07670120701566338
726,863,137,0.137,0.07669267991930247
780,890,110,0.11,0.07801705511659383
764,882,118,0.118,0.0770338584780693
716,858,142,0.142,0.07764827076345682
722,861,139,0.139,0.0771756158657372
768,884,116,0.116,0.0767235294021666
784,892,108,0.108,0.07766471162438393
744,872,128,0.128,0.07707338947802782
802,901,99,0.099,0.07650910906121135
840,920,80,0.08,0.07493851809203625
778,889,111,0.111,0.07309490690007805
772,886,114,0.114,0.0759017626605928
822,911,89,0.089,0.0724994774311781
728,864,136,0.136,0.07211931223422288
798,899,101,0.101,0.06993385243788361
764,882,118,0.118,0.07001428455114364
728,864,136,0.136,0.0708580128736794
704,852,148,0.148,0.07111460027471185
812,906,94,0.094,0.07176041570678353
794,897,103,0.103,0.07008698370680214
780,890,110,0.11,0.07077177419513464
756,878,122,0.122,0.06997940249368548
762,881,119,0.119,0.07129475588351489
790,895,105,0.105,0.07073208181187511
808,904,96,0.096,0.06926954957097768
794,897,103,0.103,0.06844065962731838
760,880,120,0.12,0.0690158497840166
714,857,143,0.143,0.07054213260486722
750,875,125,0.125,0.0706964961104095
764,882,118,0.118,0.0705843939781189
702,851,149,0.149,0.07145671473070979
762,881,119,0.119,0.07123455527797341
806,903,97,0.097,0.06929933494329453
778,889,111,0.111,0.07171251461654901
850,925,75,0.075,0.07151405107602476
768,884,116,0.116,0.0714622167609632
786,893,107,0.107,0.07130253510549664
756,878,122,0.122,0.07036462623998523
786,893,107,0.107,0.06979017952084542
746,873,127,0.127,0.06936583399027586
824,912,88,0.088,0.06968080295994877
824,912,88,0.088,0.06934212419763207
770,885,115,0.115,0.06903447703272104
756,878,122,0.122,0.06972361396625638
818,909,91,0.091,0.06736469081789255
772,886,114,0.114,0.06792966202273965
776,888,112,0.112,0.06843051091209054
702,851,149,0.149,0.06802137136086822
804,902,98,0.098,0.06812441290542483
740,870,130,0.13,0.06787304789945484
778,889,111,0.111,0.0686590133830905
764,882,118,0.118,0.07108462719619274
782,891,109,0.109,0.06894372982159257
752,876,124,0.124,0.06942502738907934
730,865,135,0.135,0.07004780966416001
784,892,108,0.108,0.06965695108100772
796,898,102,0.102,0.06975542638450861
744,872,128,0.128,0.06921448910608888
744,872,128,0.128,0.06955495653301477
774,887,113,0.113,0.07040740789845586
762,881,119,0.119,0.07158878465741873
748,874,126,0.126,0.07094329020008444
718,859,141,0.141,0.07154091879725456
752,876,124,0.124,0.07158961587771773
756,878,122,0.122,0.07085840341076255
832,916,84,0.084,0.07148139378428459
812,906,94,0.094,0.07160763193666934
770,885,115,0.115,0.06899825866520405
792,896,104,0.104,0.0700024428293109
746,873,127,0.127,0.07022862962633371
782,891,109,0.109,0.0701434625722468
830,915,85,0.085,0.06834044706076384
756,878,122,0.122,0.06729706032201647
726,863,137,0.137,0.06871678349003196
818,909,91,0.091,0.0661150081679225
754,877,123,0.123,0.06640276064351201
764,882,118,0.118,0.06615622372925281
744,872,128,0.128,0.06615013835206628
826,913,87,0.087,0.06417912885174155
792,896,104,0.104,0.06389807040244341
720,860,140,0.14,0.06425391953438521
758,879,121,0.121,0.06596225801855325
744,872,128,0.128,0.06449543421715498
764,882,118,0.118,0.06602272275090218
758,879,121,0.121,0.06604876728728414
748,874,126,0.126,0.06597364334389567
738,869,131,0.131,0.06716089190542698
764,882,118,0.118,0.06826006533578038
746,873,127,0.127,0.0688187661729753
748,874,126,0.126,0.07007294662296772
750,875,125,0.125,0.07233644256740808
794,897,103,0.103,0.07068040857836604
734,867,133,0.133,0.07248783227428794
752,876,124,0.124,0.07235850616171956
794,897,103,0.103,0.0721879646256566
776,888,112,0.112,0.07218226918578148
778,889,111,0.111,0.07303343677520752
756,878,122,0.122,0.07292579500004649
774,887,113,0.113,0.07126842529699207
778,889,111,0.111,0.07157999755069613
772,886,114,0.114,0.07223500796034932
790,895,105,0.105,0.07144958459213376
750,875,125,0.125,0.07120237904042005
758,879,121,0.121,0.07261558631062508
788,894,106,0.106,0.07009754066169262
732,866,134,0.134,0.07141666395589709
768,884,116,0.116,0.07137079913541675
784,892,108,0.108,0.07116124957427382
776,888,112,0.112,0.0697425180375576
812,906,94,0.094,0.07045070514455437
748,874,126,0.126,0.07139974923431873
690,845,155,0.155,0.07112981093302369
758,879,121,0.121,0.07112932212650776
766,883,117,0.117,0.0697925964742899
748,874,126,0.126,0.07040987027809024
788,894,106,0.106,0.06927904225885868
812,906,94,0.094,0.06969461117684841
792,896,104,0.104,0.07146603965386748
742,871,129,0.129,0.07272145527973771
720,860,140,0.14,0.07119804488494992
738,869,131,0.131,0.07139256257191301
792,896,104,0.104,0.07140290633961559
760,880,120,0.12,0.07278730845451355
780,890,110,0.11,0.073302714638412
740,870,130,0.13,0.07213400733098388
746,873,127,0.127,0.07374318334832787
762,881,119,0.119,0.07335681835189461
778,889,111,0.111,0.07370129543542862
792,896,104,0.104,0.07284111405909062
788,894,106,0.106,0.07285378551110626
786,893,107,0.107,0.07287779410928488
750,875,125,0.125,0.0724806962274015
768,884,116,0.116,0.07232075967639685
740,870,130,0.13,0.07271457236632704
828,914,86,0.086,0.07216143603250384
744,872,128,0.128,0.07178476458787918
776,888,112,0.112,0.07190327365323901
790,895,105,0.105,0.07231868916004897
796,898,102,0.102,0.07089394160360098
752,876,124,0.124,0.07090946911647916
698,849,151,0.151,0.07282985885441304
780,890,110,0.11,0.0707520423680544
772,886,114,0.114,0.07219120067358017
764,882,118,0.118,0.07123867912590504
758,879,121,0.121,0.07149885559827089
792,896,104,0.104,0.07205345990881323
724,862,138,0.138,0.07344644903764129
800,900,100,0.1,0.07153150486573577
786,893,107,0.107,0.07131847467273474
736,868,132,0.132,0.07280227406695484
678,839,161,0.161,0.07336600225791336
764,882,118,0.118,0.07403787574544549
728,864,136,0.136,0.07399915411695838
806,903,97,0.097,0.07374223696067929
732,866,134,0.134,0.07605433539301157
702,851,149,0.149,0.07595656643807888
744,872,128,0.128,0.0758178509324789
782,891,109,0.109,0.0759229360036552
730,865,135,0.135,0.07608940405026078
756,878,122,0.122,0.07730999309569597
790,895,105,0.105,0.07820124978199601
816,908,92,0.092,0.07986965917050838
798,899,101,0.101,0.07879051421955229
770,885,115,0.115,0.07599936028569937
852,926,74,0.074,0.07593564014136792
674,837,163,0.163,0.07785295405238866
726,863,137,0.137,0.0773769207559526
804,902,98,0.098,0.07548082138225436
740,870,130,0.13,0.07615088007971645
768,884,116,0.116,0.07547481793165207
772,886,114,0.114,0.07577992366999388
754,877,123,0.123,0.07403933635354042
700,850,150,0.15,0.0746256257109344
764,882,118,0.118,0.07409420031309127
816,908,92,0.092,0.07334167211130262
740,870,130,0.13,0.07637942716479301
768,884,116,0.116,0.07432651159539819
796,898,102,0.102,0.0744221060834825
730,865,135,0.135,0.07461559192463756
786,893,107,0.107,0.07365538708865643
758,879,121,0.121,0.07492676221206784
804,902,98,0.098,0.0726933964304626
752,876,124,0.124,0.07274349449947476
826,913,87,0.087,0.07322941648960113
790,895,105,0.105,0.07133966882154345
718,859,141,0.141,0.07226779270917177
784,892,108,0.108,0.07340835166350007
792,896,104,0.104,0.07184174920991063
746,873,127,0.127,0.0717937652207911
744,872,128,0.128,0.07182035680860281
806,903,97,0.097,0.07021875056251883
748,874,126,0.126,0.07288436694070696
714,857,143,0.143,0.0719519120529294
772,886,114,0.114,0.07115735659003258
726,863,137,0.137,0.07288382378593088
772,886,114,0.114,0.07289272591099143
726,863,137,0.137,0.07243054072186351
758,879,121,0.121,0.07339470090344548
720,860,140,0.14,0.07298143078386783
812,906,94,0.094,0.07329839023575187
768,884,116,0.116,0.07253551219776273
750,875,125,0.125,0.07599297525733709
744,872,128,0.128,0.07424994927272201
790,895,105,0.105,0.07502474035322666
780,890,110,0.11,0.07643791508674622
806,903,97,0.097,0.07548580526560544
766,883,117,0.117,0.07411245311796665
764,882,118,0.118,0.07495948035642505
796,898,102,0.102,0.07452042002230883
694,847,153,0.153,0.0733003865480423
790,895,105,0.105,0.07333173908665776
756,878,122,0.122,0.072720469776541
760,880,120,0.12,0.07351674958691001
726,863,137,0.137,0.0755420154966414
764,882,118,0.118,0.07455168232694268
708,854,146,0.146,0.0762016849257052
768,884,116,0.116,0.0747711486145854
772,886,114,0.114,0.07399716448783875
824,912,88,0.088,0.07311607267707586
814,907,93,0.093,0.07337572459876537
816,908,92,0.092,0.07381110151857137
782,891,109,0.109,0.07314997041970492
792,896,104,0.104,0.07240342582762241
782,891,109,0.109,0.07333427370339632
724,862,138,0.138,0.07359711598232388
732,866,134,0.134,0.07328976664692163
752,876,124,0.124,0.07381977776810526
770,885,115,0.115,0.07210046284273267
826,913,87,0.087,0.07190425727516413
726,863,137,0.137,0.07351502873376012
760,880,120,0.12,0.07186545641347766
812,906,94,0.094,0.07189151820540428
734,867,133,0.133,0.07399347823113203
734,867,133,0.133,0.07515546265989542
754,877,123,0.123,0.07391448891162872
774,887,113,0.113,0.076656155269593
724,862,138,0.138,0.07606452464312315
770,885,115,0.115,0.07705151305347681
788,894,106,0.106,0.07732755294069647
780,890,110,0.11,0.07877791645750404
706,853,147,0.147,0.07928126382455229
784,892,108,0.108,0.07730307838320732
732,866,134,0.134,0.07716589402407407
742,871,129,0.129,0.07643267461284996
834,917,83,0.083,0.07786618113517761
750,875,125,0.125,0.07713870313763618
752,876,124,0.124,0.07737096766754985
754,877,123,0.123,0.07757890426740051
800,900,100,0.1,0.07782542361691594
784,892,108,0.108,0.07684274428710341
792,896,104,0.104,0.07709727609530091
784,892,108,0.108,0.07736243523657321
758,879,121,0.121,0.07738691707700492
782,891,109,0.109,0.07686217559874058
710,855,145,0.145,0.07673620910197497
782,891,109,0.109,0.07599186141416431
722,861,139,0.139,0.07544266582280397
770,885,115,0.115,0.07542034899070858
752,876,124,0.124,0.07443266845867037
750,875,125,0.125,0.07677303416281939
780,890,110,0.11,0.07615276706963778
786,893,107,0.107,0.07619232264906169
752,876,124,0.124,0.0752453361339867
788,894,106,0.106,0.07659388705343008
764,882,118,0.118,0.07674655007198453
730,865,135,0.135,0.07655931827425956
778,889,111,0.111,0.07716427451372146
752,876,124,0.124,0.07715718951821328
764,882,118,0.118,0.07765520657226443
706,853,147,0.147,0.08035387338325381
796,898,102,0.102,0.07818444332107902
860,930,70,0.07,0.07950759828463197
722,861,139,0.139,0.08221714280173183
664,832,168,0.168,0.08059554026275874
758,879,121,0.121,0.08028639676421881
770,885,115,0.115,0.08247222962230444
804,902,98,0.098,0.08058053458109499
710,855,145,0.145,0.0812237165234983
758,879,121,0.121,0.08078818529844284
812,906,94,0.094,0.07985127336159349
752,876,124,0.124,0.08011018102988601
822,911,89,0.089,0.07860051965340972
818,909,91,0.091,0.07886291291192174
744,872,128,0.128,0.07835879864916205
760,880,120,0.12,0.07731150643154978
762,881,119,0.119,0.07794816533476115
768,884,116,0.116,0.07588109690323472
776,888,112,0.112,0.07545831941068172
792,896,104,0.104,0.07591433483362198
748,874,126,0.126,0.07607152521237731
766,883,117,0.117,0.07560694554075599
754,877,123,0.123,0.07497783076763154
790,895,105,0.105,0.07460541634261608
806,903,97,0.097,0.07586337227374315
774,887,113,0.113,0.07506030442938208
762,881,119,0.119,0.07485471440851689
812,906,94,0.094,0.07403060529381036
758,879,121,0.121,0.07476058490201831
756,878,122,0.122,0.07386322738975286
788,894,106,0.106,0.07519618667662144
818,909,91,0.091,0.07322286204621196
836,918,82,0.082,0.07275926679000258
756,878,122,0.122,0.07448135414347053
736,868,132,0.132,0.07335217759758234
742,871,129,0.129,0.07421849685907364
766,883,117,0.117,0.07447405071929097
762,881,119,0.119,0.0736279736943543
786,893,107,0.107,0.0733597094193101
778,889,111,0.111,0.07202771239355206
722,861,139,0.139,0.07503233505040408
686,843,157,0.157,0.0764673780426383
826,913,87,0.087,0.07412900595366954
720,860,140,0.14,0.07530393527820706
742,871,129,0.129,0.07684336403757333
702,851,149,0.149,0.07637950573861599
732,866,134,0.134,0.07736689394712448
744,872,128,0.128,0.07630744022876024
688,844,156,0.156,0.07968282781541347
784,892,108,0.108,0.07894911694899201
750,875,125,0.125,0.0800091925561428
806,903,97,0.097,0.07892270658165217
662,831,169,0.169,0.08260818130895495
746,873,127,0.127,0.08293109421059489
710,855,145,0.145,0.08146774837002158
786,893,107,0.107,0.08219135826826096
822,911,89,0.089,0.08219934713840485
828,914,86,0.086,0.08121820500865579
712,856,144,0.144,0.08190982016548515
778,889,111,0.111,0.08374540224298835
738,869,131,0.131,0.08286630404368044
744,872,128,0.128,0.08208986887335777
724,862,138,0.138,0.08281427313759923
746,873,127,0.127,0.08399359287694097
816,908,92,0.092,0.0831080519631505
776,888,112,0.112,0.08153827420994639
764,882,118,0.118,0.08336706634610891
792,896,104,0.104,0.08329775666445494
778,889,111,0.111,0.08064277172461153
824,912,88,0.088,0.0796879688501358
798,899,101,0.101,0.07900401915609837
780,890,110,0.11,0.08066837065666914
758,879,121,0.121,0.07704144457727671
770,885,115,0.115,0.07762993495911359
748,874,126,0.126,0.07699371291697026
772,886,114,0.114,0.0761010184623301
726,863,137,0.137,0.07507788391783833
766,883,117,0.117,0.07724965776875616
800,900,100,0.1,0.07396070438995958
768,884,116,0.116,0.07493498259410263
704,852,148,0.148,0.07834909076616169
728,864,136,0.136,0.07862651282921433
780,890,110,0.11,0.07870812356844545
778,889,111,0.111,0.07854837447032333
794,897,103,0.103,0.08079089277610182
764,882,118,0.118,0.07989671354368329
828,914,86,0.086,0.07793947441130876
782,891,109,0.109,0.07919149529933929
720,860,140,0.14,0.07870173222199082
768,884,116,0.116,0.07755212821811437
796,898,102,0.102,0.07798284341022373
792,896,104,0.104,0.07955256840214134
742,871,129,0.129,0.07983350376412272
758,879,121,0.121,0.07894489436224103
776,888,112,0.112,0.07875231962651014
818,909,91,0.091,0.07882541347667575
810,905,95,0.095,0.07973157496005297
776,888,112,0.112,0.07975487658753991
766,883,117,0.117,0.07776040704548359
750,875,125,0.125,0.07901256985217332
766,883,117,0.117,0.07762621685862542
680,840,160,0.16,0.07944103300198913
742,871,129,0.129,0.07778645687177778
740,870,130,0.13,0.07988202625513077
764,882,118,0.118,0.07975318287685514
768,884,116,0.116,0.08000020124018192
744,872,128,0.128,0.08085318858921528
782,891,109,0.109,0.0808412359841168
804,902,98,0.098,0.08056252384185791
698,849,151,0.151,0.08139205531030894
794,897,103,0.103,0.07963931415975094
736,868,132,0.132,0.08209065498039127
674,837,163,0.163,0.08139784583449364
740,870,130,0.13,0.08177064336836339
826,913,87,0.087,0.0847521595954895
806,903,97,0.097,0.0829482134617865
680,840,160,0.16,0.083911462277174
770,885,115,0.115,0.0839627696685493
766,883,117,0.117,0.08353428149968385
770,885,115,0.115,0.08198246057331562
802,901,99,0.099,0.0839408949688077
722,861,139,0.139,0.08415179289504886
756,878,122,0.122,0.08133036536723376
728,864,136,0.136,0.08439430713653565
770,885,115,0.115,0.08386963002383709
770,885,115,0.115,0.08377964255586266
764,882,118,0.118,0.08289333083108068
794,897,103,0.103,0.08445080809667707
792,896,104,0.104,0.08219498758018016
704,852,148,0.148,0.08388985461369157
764,882,118,0.118,0.08446132595837116
760,880,120,0.12,0.0821710750758648
708,854,146,0.146,0.08407037475705147
842,921,79,0.079,0.08101560176163912
736,868,132,0.132,0.08251219504326582
720,860,140,0.14,0.08348988500982522
726,863,137,0.137,0.08387103815749287
730,865,135,0.135,0.08367655770108104
812,906,94,0.094,0.08340149363130331
772,886,114,0.114,0.08647872367873788
766,883,117,0.117,0.084543402928859
802,901,99,0.099,0.08531248678639532
746,873,127,0.127,0.08522202333435416
752,876,124,0.124,0.0859781858921051
808,904,96,0.096,0.08361988221481442
834,917,83,0.083,0.08232826833054423
748,874,126,0.126,0.08418856247141958
800,900,100,0.1,0.08313775477930903
782,891,109,0.109,0.08319495943933726
792,896,104,0.104,0.08217702141404151
726,863,137,0.137,0.08298097977042199
778,889,111,0.111,0.08127734799683094
762,881,119,0.119,0.08172660011053086
756,878,122,0.122,0.07948396594077349
784,892,108,0.108,0.08041675550863146
800,900,100,0.1,0.07881687906384469
812,906,94,0.094,0.07950732115283608
724,862,138,0.138,0.07896228236332535
780,890,110,0.11,0.08122202476114035
744,872,128,0.128,0.07860651936382056
800,900,100,0.1,0.07877030094340444
728,864,136,0.136,0.08091340690106154
716,858,142,0.142,0.08163246501609683
782,891,109,0.109,0.08099887891113758
784,892,108,0.108,0.08094221641868353
754,877,123,0.123,0.08035937243327498
774,887,113,0.113,0.08276096222177148
772,886,114,0.114,0.08167030303552747
788,894,106,0.106,0.08411528585106134
736,868,132,0.132,0.08290634720772505
730,865,135,0.135,0.08282415115833283
752,876,124,0.124,0.08346088965982199
760,880,120,0.12,0.0835761760622263
774,887,113,0.113,0.08446392450481653
780,890,110,0.11,0.08374520826339722
806,903,97,0.097,0.08325705673545598
786,893,107,0.107,0.08566187936812639
752,876,124,0.124,0.08515966444835067
686,843,157,0.157,0.08746239457651973
722,861,139,0.139,0.08548115206882358
714,857,143,0.143,0.08599298538640142
724,862,138,0.138,0.08481055585667491
770,885,115,0.115,0.08467819403856992
818,909,91,0.091,0.08547242255881429
756,878,122,0.122,0.08493106444925069
810,905,95,0.095,0.08516497769579291
738,869,131,0.131,0.08650836904346942
742,871,129,0.129,0.0860632028952241
716,858,142,0.142,0.08366827852651477
696,848,152,0.152,0.08583772996813059
730,865,135,0.135,0.08597567243874073
830,915,85,0.085,0.0829626946747303
796,898,102,0.102,0.08199901042506098
808,904,96,0.096,0.08272666010260582
836,918,82,0.082,0.08181745051965117
794,897,103,0.103,0.08322131052613259
802,901,99,0.099,0.07936146811768413
740,870,130,0.13,0.07978919837623835
736,868,132,0.132,0.08005747447535395
778,889,111,0.111,0.07858166231960058
734,867,133,0.133,0.0797934115640819
760,880,120,0.12,0.07946248901635408
710,855,145,0.145,0.08000674115866423
770,885,115,0.115,0.08076051671057939
798,899,101,0.101,0.08126980362087488
764,882,118,0.118,0.08222469920665025
786,893,107,0.107,0.08256709717586637
804,902,98,0.098,0.0811497047804296
770,885,115,0.115,0.08298420687392354
750,875,125,0.125,0.08350332271680236
770,885,115,0.115,0.0825446978546679
752,876,124,0.124,0.08454140368103981
722,861,139,0.139,0.08362874050810933
756,878,122,0.122,0.0839479322694242
756,878,122,0.122,0.08335890566557645
800,900,100,0.1,0.08223459956794978
714,857,143,0.143,0.08281650808081031
748,874,126,0.126,0.08213324781507253
786,893,107,0.107,0.0818589900918305
744,872,128,0.128,0.08178929991275072
796,898,102,0.102,0.07987011485546827
848,924,76,0.076,0.07988003374636174
732,866,134,0.134,0.08160658131167292
750,875,125,0.125,0.08222505183890462
706,853,147,0.147,0.08119072959199548
742,871,129,0.129,0.08110630802065134
754,877,123,0.123,0.08182058606669307
754,877,123,0.123,0.08271187417209148
780,890,110,0.11,0.08204115273430944
780,890,110,0.11,0.08206132850050926
724,862,138,0.138,0.08437268630415201
794,897,103,0.103,0.08247296631336212
800,900,100,0.1,0.08176900935918092
764,882,118,0.118,0.08346010634675621
754,877,123,0.123,0.08299583710357547
790,895,105,0.105,0.08226398369669914
802,901,99,0.099,0.08339213317632675
764,882,118,0.118,0.08164499659463763
784,892,108,0.108,0.0792507644444704
746,873,127,0.127,0.08054428315907716
778,889,111,0.111,0.07941361831501126
754,877,123,0.123,0.08072856129333376
754,877,123,0.123,0.08071228562295436
758,879,121,0.121,0.08153712537139654
794,897,103,0.103,0.08022393066808581
800,900,100,0.1,0.08070008245110512
736,868,132,0.132,0.08133925173431635
742,871,129,0.129,0.08381994106620551
808,904,96,0.096,0.08347499023005367
802,901,99,0.099,0.08222771909087896
786,893,107,0.107,0.08141216414049268
784,892,108,0.108,0.08031297249346972
730,865,135,0.135,0.08339985992014408
776,888,112,0.112,0.0810982942096889
792,896,104,0.104,0.08311112749949098
744,872,128,0.128,0.08288191239535808
814,907,93,0.093,0.08148281288146973
776,888,112,0.112,0.08055137334018946
756,878,122,0.122,0.08027557634934783
798,899,101,0.101,0.08196638074144721
794,897,103,0.103,0.08064539382606745
702,851,149,0.149,0.08209552333503961
776,888,112,0.112,0.08283062456548214
800,900,100,0.1,0.08242586028948426
718,859,141,0.141,0.08421217534318566
776,888,112,0.112,0.08275902947038412
746,873,127,0.127,0.08525795421004295
754,877,123,0.123,0.08599680154025555
796,898,102,0.102,0.08447590529918671
814,907,93,0.093,0.08597678468376398
764,882,118,0.118,0.0862660151720047
700,850,150,0.15,0.08875197968631983
766,883,117,0.117,0.08750982167199255
784,892,108,0.108,0.08725662608072161
764,882,118,0.118,0.0880276620015502
782,891,109,0.109,0.08839929147809744
700,850,150,0.15,0.08828647036850452
770,885,115,0.115,0.08560326596349478
808,904,96,0.096,0.08703157041966915
734,867,133,0.133,0.08661784705892205
790,895,105,0.105,0.08610781444609165
762,881,119,0.119,0.0847139562703669
772,886,114,0.114,0.08466541701927781
844,922,78,0.078,0.08472503167390823
798,899,101,0.101,0.08208548004925251
728,864,136,0.136,0.0831764799542725
792,896,104,0.104,0.08196610071137547
762,881,119,0.119,0.08204314288496971
750,875,125,0.125,0.08236936499923468
800,900,100,0.1,0.0817215186394751
806,903,97,0.097,0.08183236234262585
764,882,118,0.118,0.08134285547584295
814,907,93,0.093,0.08056692774221301
784,892,108,0.108,0.07941024241223932
802,901,99,0.099,0.07975911255180836
738,869,131,0.131,0.08089024078845977
774,887,113,0.113,0.08085667447745801
766,883,117,0.117,0.07862210273370147
766,883,117,0.117,0.08087110950052738
746,873,127,0.127,0.08128090492263436
714,857,143,0.143,0.08274069889634848
750,875,125,0.125,0.08424757746979594
766,883,117,0.117,0.08403803253918886
802,901,99,0.099,0.08306336946040392
766,883,117,0.117,0.0863566005975008
732,866,134,0.134,0.08722928784415127
762,881,119,0.119,0.08705608573555947
748,874,126,0.126,0.08727036498114467
796,898,102,0.102,0.08749132304638624
780,890,110,0.11,0.08892232146114111
760,880,120,0.12,0.09097616031765937
820,910,90,0.09,0.08753819380700588
800,900,100,0.1,0.08778059417754412
738,869,131,0.131,0.08934579083323478
718,859,141,0.141,0.08811477266997099
766,883,117,0.117,0.08778248003125191
774,887,113,0.113,0.08850834539532662
772,886,114,0.114,0.08887273585796356
844,922,78,0.078,0.08852493216097355
760,880,120,0.12,0.0882912027835846
810,905,95,0.095,0.08666998981684447
730,865,135,0.135,0.08713780232146383
810,905,95,0.095,0.08514667582511902
742,871,129,0.129,0.08617537920549512
818,909,91,0.091,0.08627951560914517
776,888,112,0.112,0.0832958975918591
782,891,109,0.109,0.08477027312293649
782,891,109,0.109,0.08481434525176883
702,851,149,0.149,0.08490872054547072
758,879,121,0.121,0.08258438730239868
790,895,105,0.105,0.08469737245514988
802,901,99,0.099,0.08508354535326362
778,889,111,0.111,0.08434999588131904
744,872,128,0.128,0.08408147643133998
738,869,131,0.131,0.08317756771668791
792,896,104,0.104,0.08334843529760838
744,872,128,0.128,0.08323239213600754
738,869,131,0.131,0.08477660683915018
712,856,144,0.144,0.08677178110927343
716,858,142,0.142,0.08834409023821353
770,885,115,0.115,0.08702369660139084
810,905,95,0.095,0.0862368742749095
800,900,100,0.1,0.08882063583284616
706,853,147,0.147,0.08824457770586014
852,926,74,0.074,0.08585781493037939
772,886,114,0.114,0.08824287709593773
766,883,117,0.117,0.08646055572479963
864,932,68,0.068,0.08480106368660927
742,871,129,0.129,0.08784452048316597
728,864,136,0.136,0.08537502606585622
794,897,103,0.103,0.08376887580007315
722,861,139,0.139,0.08486981120333076
722,861,139,0.139,0.08470458629727363
746,873,127,0.127,0.0866098865121603
774,887,113,0.113,0.08677075468376279
776,888,112,0.112,0.08645099053531885
760,880,120,0.12,0.08799834830313921
794,897,103,0.103,0.08810780074447394
726,863,137,0.137,0.09004777067899704
812,906,94,0.094,0.09050952870026231
770,885,115,0.115,0.09030278281494974
752,876,124,0.124,0.08929039685428143
784,892,108,0.108,0.08966746681928635
710,855,145,0.145,0.09097840540856122
750,875,125,0.125,0.09114366315305233
832,916,84,0.084,0.09046815001964569
808,904,96,0.096,0.09088823025673629
698,849,151,0.151,0.0919094498604536
766,883,117,0.117,0.0921188613846898
746,873,127,0.127,0.09051121041178703
800,900,100,0.1,0.09061449230462312
790,895,105,0.105,0.09007997920364141
764,882,118,0.118,0.09093414894491435
738,869,131,0.131,0.08917578522115946
824,912,88,0.088,0.0883957130163908
778,889,111,0.111,0.08883362946286798
706,853,147,0.147,0.09056245609000325
804,902,98,0.098,0.08775886037200689
766,883,117,0.117,0.08937705083191395
738,869,131,0.131,0.08736067959666252
760,880,120,0.12,0.08829130360856652
772,886,114,0.114,0.08973758924007416
762,881,119,0.119,0.08941629260405898
744,872,128,0.128,0.08897027901932597
818,909,91,0.091,0.08946858106553554
810,905,95,0.095,0.09077036017924547
770,885,115,0.115,0.0895286046564579
714,857,143,0.143,0.09027388501912355
756,878,122,0.122,0.08860370162129402
770,885,115,0.115,0.09116105347871781
826,913,87,0.087,0.08869459358602762
706,853,147,0.147,0.0907079290151596
774,887,113,0.113,0.0904084009230137
666,833,167,0.167,0.09355794057250023
746,873,127,0.127,0.09011113146692515
770,885,115,0.115,0.09238670607656241
774,887,113,0.113,0.0939735515639186
786,893,107,0.107,0.09417094829678535
748,874,126,0.126,0.09277048642188311
780,890,110,0.11,0.09241606975346804
786,893,107,0.107,0.09473693545907735
758,879,121,0.121,0.09634637005627156
770,885,115,0.115,0.09562188283354044
732,866,134,0.134,0.09457691373676061
786,893,107,0.107,0.09436318722367287
770,885,115,0.115,0.09378415796905756
696,848,152,0.152,0.09564013807475567
792,896,104,0.104,0.09369946838915348
796,898,102,0.102,0.09265543285757304
746,873,127,0.127,0.09232532054930925
776,888,112,0.112,0.09384827671945095
784,892,108,0.108,0.09155538683384656
774,887,113,0.113,0.09271049934625626
764,882,118,0.118,0.09239698439836502
764,882,118,0.118,0.09253724890947342
734,867,133,0.133,0.09273528495430947
748,874,126,0.126,0.09276515287905931
736,868,132,0.132,0.09290858239680529
728,864,136,0.136,0.09268752852827311
772,886,114,0.114,0.09242437316477299
758,879,121,0.121,0.09311484855785966
708,854,146,0.146,0.09500811734795571
722,861,139,0.139,0.0931880285665393
718,859,141,0.141,0.09461591117084027
782,891,109,0.109,0.09530161052942276
828,914,86,0.086,0.09431178686022758
790,895,105,0.105,0.09386459521949292
758,879,121,0.121,0.0933206021040678
780,890,110,0.11,0.0935457108169794
794,897,103,0.103,0.09322836812585593
742,871,129,0.129,0.09280752482637764
744,872,128,0.128,0.09172705752402543
788,894,106,0.106,0.08973866505175829
752,876,124,0.124,0.0915060147792101
788,894,106,0.106,0.09003137058764696
780,890,110,0.11,0.08945208384096623
762,881,119,0.119,0.09053095430880785
788,894,106,0.106,0.08873259855806828
780,890,110,0.11,0.08988115325197578
736,868,132,0.132,0.08938962046802044
810,905,95,0.095,0.08825334631651639
722,861,139,0.139,0.08996912852674722
758,879,121,0.121,0.0870824653506279
764,882,118,0.118,0.08792365428060293
778,889,111,0.111,0.08698618483915925
788,894,106,0.106,0.09013149091601372
760,880,120,0.12,0.09129238568246364
722,861,139,0.139,0.09007561318576336
848,924,76,0.076,0.08864045879244804
742,871,129,0.129,0.08899748466163873
764,882,118,0.118,0.08823949199169874
726,863,137,0.137,0.08951947284117341
830,915,85,0.085,0.08760550383478403
802,901,99,0.099,0.08668677071481944
748,874,126,0.126,0.08844271692633629
730,865,135,0.135,0.0870482786335051
748,874,126,0.126,0.08674257180839777
780,890,110,0.11,0.08723521720618009
728,864,136,0.136,0.0885227776095271
800,900,100,0.1,0.08895620976388455
816,908,92,0.092,0.08748212563619018
746,873,127,0.127,0.08977098586410284
762,881,119,0.119,0.08968258673325182
726,863,137,0.137,0.08908602584898472
782,891,109,0.109,0.08899858674407005
786,893,107,0.107,0.08894113244116306
764,882,118,0.118,0.09017890864610673
804,902,98,0.098,0.08883410170301795
798,899,101,0.101,0.08905697698146105
740,870,130,0.13,0.09113781245797872
756,878,122,0.122,0.0886460038870573
730,865,135,0.135,0.08795217791199685
796,898,102,0.102,0.0872730022445321
682,841,159,0.159,0.08976375843212009
730,865,135,0.135,0.09058074566721916
748,874,126,0.126,0.08929517609253526
768,884,116,0.116,0.09094988057017327
756,878,122,0.122,0.09145897574722767
756,878,122,0.122,0.09085809267312288
748,874,126,0.126,0.09270833469182253
738,869,131,0.131,0.09176964683830738
748,874,126,0.126,0.09376863877475261
768,884,116,0.116,0.09169565250724554
798,899,101,0.101,0.09096664566546679
808,904,96,0.096,0.09168610279262066
728,864,136,0.136,0.09330624286085368
726,863,137,0.137,0.09353492763638496
822,911,89,0.089,0.09075092802196741
778,889,111,0.111,0.09107933207601308
776,888,112,0.112,0.09148842249065638
708,854,146,0.146,0.09143521488457919
786,893,107,0.107,0.0901176264770329
738,869,131,0.131,0.09025729241967201
720,860,140,0.14,0.09103006936982275
788,894,106,0.106,0.08827452002093196
812,906,94,0.094,0.08607022773846984
724,862,138,0.138,0.0898133608661592
754,877,123,0.123,0.08845301308110357
718,859,141,0.141,0.08705610959231853
708,854,146,0.146,0.0885769010335207
794,897,103,0.103,0.08967342059314251
790,895,105,0.105,0.09070938152074814
774,887,113,0.113,0.08921407160907983
702,851,149,0.149,0.09126346005871892
766,883,117,0.117,0.09202512215822935
668,834,166,0.166,0.09270767804235219
812,906,94,0.094,0.0895314728692174
750,875,125,0.125,0.09216644383966922
726,863,137,0.137,0.09111446242034435
804,902,98,0.098,0.09055348616093398
776,888,112,0.112,0.09156059618294239
816,908,92,0.092,0.09062140925228596
856,928,72,0.072,0.08735872171074152
774,887,113,0.113,0.08996314952895046
790,895,105,0.105,0.08751213824748993
800,900,100,0.1,0.08775908305495977
730,865,135,0.135,0.08512226176261901
748,874,126,0.126,0.0852574333511293
760,880,120,0.12,0.08475541468337178
752,876,124,0.124,0.08631841306388378
774,887,113,0.113,0.08554067376628519
766,883,117,0.117,0.08544484302029014
770,885,115,0.115,0.08571668806672096
772,886,114,0.114,0.08351134889572859
800,900,100,0.1,0.0852750556319952
754,877,123,0.123,0.08520400843769312
704,852,148,0.148,0.08659951116517187
722,861,139,0.139,0.08619385018199682
792,896,104,0.104,0.08459097348153591
794,897,103,0.103,0.08757637018710375
840,920,80,0.08,0.08422447046637535
704,852,148,0.148,0.08773117247223854
780,890,110,0.11,0.08452795753255486
744,872,128,0.128,0.08629894349724054
796,898,102,0.102,0.08794120029360056
778,889,111,0.111,0.08547926305234432
780,890,110,0.11,0.08286957177519798
754,877,123,0.123,0.08397798205539585
742,871,129,0.129,0.0837753655910492
806,903,97,0.097,0.08252915635704994
760,880,120,0.12,0.0832793575450778
732,866,134,0.134,0.08375786573067308
760,880,120,0.12,0.08429634883627296
776,888,112,0.112,0.08351729254052043
806,903,97,0.097,0.08372493756562471
812,906,94,0.094,0.08272521694004535
778,889,111,0.111,0.08152877617254853
820,910,90,0.09,0.08142378500849008
776,888,112,0.112,0.08149036468565464
764,882,118,0.118,0.08246324885636568
772,886,114,0.114,0.08155297292768955
838,919,81,0.081,0.07935307784751057
832,916,84,0.084,0.07955475004389882
790,895,105,0.105,0.07850423483178019
792,896,104,0.104,0.07788604208827019
772,886,114,0.114,0.07707215244695544
714,857,143,0.143,0.07761549093946815
694,847,153,0.153,0.07946444360911846
758,879,121,0.121,0.077592848084867
832,916,84,0.084,0.07666504135355354
758,879,121,0.121,0.07820214615762233
794,897,103,0.103,0.07779487542062997
772,886,114,0.114,0.07986026369407773
794,897,103,0.103,0.07863505312427878
736,868,132,0.132,0.0793674710765481
778,889,111,0.111,0.08036025461554527
776,888,112,0.112,0.07982746834307909
780,890,110,0.11,0.07996888874843716
768,884,116,0.116,0.0803644198961556
764,882,118,0.118,0.0801899631358683
826,913,87,0.087,0.07796425425633788
714,857,143,0.143,0.07950748962163925
768,884,116,0.116,0.07680367155373097
768,884,116,0.116,0.0793458422794938
756,878,122,0.122,0.07721290397271514
752,876,124,0.124,0.07909415801614524
746,873,127,0.127,0.07808871971070766
818,909,91,0.091,0.0779083327166736
766,883,117,0.117,0.07742341269925236
822,911,89,0.089,0.07687812673300505
772,886,114,0.114,0.07754256819933653
810,905,95,0.095,0.07700005580484867
774,887,113,0.113,0.07553794595971704
778,889,111,0.111,0.07505134205520153
758,879,121,0.121,0.0774283104389906
754,877,123,0.123,0.07721546510979534
704,852,148,0.148,0.07751238572224975
768,884,116,0.116,0.07651324346661567
764,882,118,0.118,0.07783655289933085
744,872,128,0.128,0.07799309406429529
788,894,106,0.106,0.07943125846982002
758,879,121,0.121,0.07962769054993987
810,905,95,0.095,0.08139400186017155
784,892,108,0.108,0.08090710843354464
762,881,119,0.119,0.08113319857418537
798,899,101,0.101,0.08047401389479637
756,878,122,0.122,0.08158070101588964
756,878,122,0.122,0.0812133555561304
710,855,145,0.145,0.08269310136884452
724,862,138,0.138,0.08069873380288482
790,895,105,0.105,0.08121657017990946
798,899,101,0.101,0.08218910166621209
698,849,151,0.151,0.08078284040465951
724,862,138,0.138,0.08364849343523383
754,877,123,0.123,0.08251411797106266
762,881,119,0.119,0.0812065089903772
762,881,119,0.119,0.08155057517811656
824,912,88,0.088,0.08249086062610149
748,874,126,0.126,0.08076262307167054
796,898,102,0.102,0.07970578192546963
754,877,123,0.123,0.07879603468254208
804,902,98,0.098,0.0787677909731865
792,896,104,0.104,0.07790334483608603
752,876,124,0.124,0.07818142838031053
754,877,123,0.123,0.08033120587468147
784,892,108,0.108,0.07923902777209878
796,898,102,0.102,0.07768711629509926
752,876,124,0.124,0.08086233095452189
816,908,92,0.092,0.07787492628023028
814,907,93,0.093,0.07796740311384201
732,866,134,0.134,0.07788264070451259
786,893,107,0.107,0.07569669730588793
788,894,106,0.106,0.07621082800254225
756,878,122,0.122,0.0775377925261855
772,886,114,0.114,0.07901371976733208
814,907,93,0.093,0.07745028453320264
742,871,129,0.129,0.07738606027513742
746,873,127,0.127,0.07868190798535943
764,882,118,0.118,0.07681687769293785
766,883,117,0.117,0.07737051261216402
814,907,93,0.093,0.07650485352799297
738,869,131,0.131,0.07762415242940188
790,895,105,0.105,0.07739266844466329
802,901,99,0.099,0.07624400628358126
808,904,96,0.096,0.07726968014240265
746,873,127,0.127,0.07784634858742356
786,893,107,0.107,0.07618012726679445
758,879,121,0.121,0.0778222452737391
748,874,126,0.126,0.07861148237809538
776,888,112,0.112,0.07692975822091103
764,882,118,0.118,0.07896709794551134
798,899,101,0.101,0.07622601368650794
766,883,117,0.117,0.07812877271324396
714,857,143,0.143,0.07803017444908619
732,866,134,0.134,0.07799342068657279
784,892,108,0.108,0.07861034240573644
836,918,82,0.082,0.07936552792042494
762,881,119,0.119,0.07906875250115991
744,872,128,0.128,0.07983077783882618
806,903,97,0.097,0.0782672992348671
770,885,115,0.115,0.0774358908906579
786,893,107,0.107,0.07713505143299698
702,851,149,0.149,0.07899242549389601
796,898,102,0.102,0.08025052825361491
754,877,123,0.123,0.07847655910253525
764,882,118,0.118,0.07958875659108162
704,852,148,0.148,0.08123376748710871
728,864,136,0.136,0.08064145262911916
758,879,121,0.121,0.08056922833621502
746,873,127,0.127,0.08149763607606292
796,898,102,0.102,0.08146454464644194
782,891,109,0.109,0.08010677580162882
778,889,111,0.111,0.08008510131016373
738,869,131,0.131,0.08157158739864827
726,863,137,0.137,0.08122141544148326
700,850,150,0.15,0.08071771677955986
730,865,135,0.135,0.08144611108675599
770,885,115,0.115,0.08107072471454739
710,855,145,0.145,0.08259055200219155
750,875,125,0.125,0.08402394952625036
774,887,113,0.113,0.08347221617773175
778,889,111,0.111,0.08298750684410333
766,883,117,0.117,0.08373329616710544
828,914,86,0.086,0.08182204503193498
820,910,90,0.09,0.08110431041568518
784,892,108,0.108,0.08365933931618928
700,850,150,0.15,0.08161977080255747
798,899,101,0.101,0.08151494939252735
762,881,119,0.119,0.08041076746210456
748,874,126,0.126,0.07994519245997071
824,912,88,0.088,0.07764570574834943
742,871,129,0.129,0.07823858645930887
778,889,111,0.111,0.07693886680155992
690,845,155,0.155,0.07824791446328164
808,904,96,0.096,0.07684862789139152
764,882,118,0.118,0.07797251961380243
838,919,81,0.081,0.07722617036849261
788,894,106,0.106,0.07759783459827303
796,898,102,0.102,0.07792675417289138
822,911,89,0.089,0.07611511114612221
806,903,97,0.097,0.07667934470623732
788,894,106,0.106,0.07557296874001622
734,867,133,0.133,0.07559222286939621
772,886,114,0.114,0.0757861899510026
766,883,117,0.117,0.07444646782428026
814,907,93,0.093,0.07256858902797103
776,888,112,0.112,0.0731558402106166
720,860,140,0.14,0.07495285165682435
750,875,125,0.125,0.07322504783421754
776,888,112,0.112,0.07438024851679802
706,853,147,0.147,0.07572913748770953
720,860,140,0.14,0.0745883147791028
766,883,117,0.117,0.07705810207501054
790,895,105,0.105,0.07765359625592828
818,909,91,0.091,0.07653095437586308
776,888,112,0.112,0.07838038815185427
678,839,161,0.161,0.0779565110579133
756,878,122,0.122,0.07726551407203078
708,854,146,0.146,0.07895618815347552
756,878,122,0.122,0.0789424647539854
762,881,119,0.119,0.07848801486939191
806,903,97,0.097,0.07917247436195612
734,867,133,0.133,0.08014895854890347
774,887,113,0.113,0.08101654955744743
808,904,96,0.096,0.08044215711578727
758,879,121,0.121,0.08006917014718055
768,884,116,0.116,0.08004881677031517
778,889,111,0.111,0.08049231826514006
736,868,132,0.132,0.0809455291442573
754,877,123,0.123,0.08002038546279072
776,888,112,0.112,0.07913131080567837
782,891,109,0.109,0.07784698328375816
758,879,121,0.121,0.08065607466548681
756,878,122,0.122,0.07921273267269134
736,868,132,0.132,0.07804457699134947
758,879,121,0.121,0.07713203679770231
798,899,101,0.101,0.07735840107128024
732,866,134,0.134,0.07679902947321535
780,890,110,0.11,0.07629275249689818
804,902,98,0.098,0.07548851177841424
740,870,130,0.13,0.07515803568437696
750,875,125,0.125,0.07563518363237381
796,898,102,0.102,0.07413782792910933
778,889,111,0.111,0.07493861018121242
698,849,151,0.151,0.0753699693121016
746,873,127,0.127,0.07400866991654038
734,867,133,0.133,0.07517006785422564
724,862,138,0.138,0.07707287229970097
754,877,123,0.123,0.07525224554911256
710,855,145,0.145,0.07733041488751768
814,907,93,0.093,0.07601346623152494
682,841,159,0.159,0.07856656703352928
774,887,113,0.113,0.07717786117643118
744,872,128,0.128,0.0775040129609406
762,881,119,0.119,0.07746947049349547
750,875,125,0.125,0.07647462543472648
780,890,110,0.11,0.07835977651178837
762,881,119,0.119,0.07862211896106601
756,878,122,0.122,0.07840320962294936
712,856,144,0.144,0.07800744088739156
716,858,142,0.142,0.07865656588226556
738,869,131,0.131,0.07763890337571502
746,873,127,0.127,0.07718692331016064
790,895,105,0.105,0.07602302551269531
744,872,128,0.128,0.07686994629353285
780,890,110,0.11,0.07634710352122784
746,873,127,0.127,0.07573180348053575
740,870,130,0.13,0.07583010670915245
734,867,133,0.133,0.07538480003178119
736,868,132,0.132,0.07504308326169848
740,870,130,0.13,0.07395712429285049
766,883,117,0.117,0.07321434489637613
764,882,118,0.118,0.0745606930218637
732,866,134,0.134,0.07581959449127317
782,891,109,0.109,0.07420290152356028
690,845,155,0.155,0.07753902296349406
714,857,143,0.143,0.07561492320895195
782,891,109,0.109,0.07635695339739322
748,874,126,0.126,0.07601527688279748
704,852,148,0.148,0.07713903355970979
732,866,134,0.134,0.0755793486982584
782,891,109,0.109,0.07595984309911728
764,882,118,0.118,0.07531502076238394
742,871,129,0.129,0.07497382239624859
770,885,115,0.115,0.07374518689513207
796,898,102,0.102,0.07449630717560649
778,889,111,0.111,0.07400528005883097
758,879,121,0.121,0.0717412879280746
726,863,137,0.137,0.07173311492800713
698,849,151,0.151,0.07056118465587496
862,931,69,0.069,0.06868179919570684
798,899,101,0.101,0.06783962092921138
748,874,126,0.126,0.06815476088225841
722,861,139,0.139,0.06876459610834718
756,878,122,0.122,0.06756729116290808
786,893,107,0.107,0.06464676842838525
814,907,93,0.093,0.06610298830643296
800,900,100,0.1,0.06646599524468183
794,897,103,0.103,0.06554393596202135
806,903,97,0.097,0.06332650281116367
728,864,136,0.136,0.06333038444072008
724,862,138,0.138,0.06399490462616086
804,902,98,0.098,0.06309239045530558
802,901,99,0.099,0.06186594841256738
800,900,100,0.1,0.06231434901058674
772,886,114,0.114,0.061541964448988434
802,901,99,0.099,0.06138496246561408
722,861,139,0.139,0.061222920566797255
750,875,125,0.125,0.06115372297540307
834,917,83,0.083,0.05940188884735107
806,903,97,0.097,0.06010071358457208
780,890,110,0.11,0.05899624742567539
784,892,108,0.108,0.05869815326109529
786,893,107,0.107,0.059517084665596486
730,865,135,0.135,0.06033826777711511
766,883,117,0.117,0.05814436266943812
776,888,112,0.112,0.060007307529449466
782,891,109,0.109,0.05974112974852323
764,882,118,0.118,0.059844268437474965
750,875,125,0.125,0.06200234882906079
762,881,119,0.119,0.061507099125534294
754,877,123,0.123,0.06114648858830333
764,882,118,0.118,0.06317671350389718
766,883,117,0.117,0.06433612748607993
786,893,107,0.107,0.061998565528541806
816,908,92,0.092,0.0625142243988812
736,868,132,0.132,0.0631354253962636
800,900,100,0.1,0.06303689639270306
772,886,114,0.114,0.06326070101931691
724,862,138,0.138,0.06214320318028331
768,884,116,0.116,0.061152001705020664
774,887,113,0.113,0.06316940444335341
734,867,133,0.133,0.06215455516800284
750,875,125,0.125,0.06258523817360401
756,878,122,0.122,0.06339057455211877
722,861,139,0.139,0.06314783188328146
750,875,125,0.125,0.06320199866965413
750,875,125,0.125,0.06516391450539231
748,874,126,0.126,0.0639501322619617
742,871,129,0.129,0.06506309257820249
836,918,82,0.082,0.062418580431491136
770,885,115,0.115,0.06367132395878435
768,884,116,0.116,0.0644286731146276
758,879,121,0.121,0.06389224826171994
768,884,116,0.116,0.0647281225770712
796,898,102,0.102,0.06099404664710164
736,868,132,0.132,0.062366023059934377
752,876,124,0.124,0.06394816400483251
740,870,130,0.13,0.06290205138549208
750,875,125,0.125,0.06303702595829963
744,872,128,0.128,0.06392290904372931
696,848,152,0.152,0.06312420568987727
742,871,129,0.129,0.06263363311439753
758,879,121,0.121,0.06265350500121712
672,836,164,0.164,0.06522446853667498
792,896,104,0.104,0.06397282812744379
762,881,119,0.119,0.06545932640135288
670,835,165,0.165,0.06888709732890129
756,878,122,0.122,0.0664511650018394
684,842,158,0.158,0.0686939382404089
824,912,88,0.088,0.06740859367325902
776,888,112,0.112,0.06832684954628349
820,910,90,0.09,0.06679189528152346
738,869,131,0.131,0.06883750047534704
722,861,139,0.139,0.0681583788394928
708,854,146,0.146,0.06820444272086024
758,879,121,0.121,0.06623179084062576
762,881,119,0.119,0.06739052365720272
716,858,142,0.142,0.0671467846184969
792,896,104,0.104,0.06692767405509949
730,865,135,0.135,0.06732490270584822
764,882,118,0.118,0.06788055622205139
862,931,69,0.069,0.06503404981270433
852,926,74,0.074,0.0651736444234848
728,864,136,0.136,0.06518992223963141
824,912,88,0.088,0.06599609375745058
736,868,132,0.132,0.06482189276441931
704,852,148,0.148,0.062380968354642394
772,886,114,0.114,0.06305177846550941
804,902,98,0.098,0.06283410735055804
792,896,104,0.104,0.061003657277673484
768,884,116,0.116,0.06090936858206988
760,880,120,0.12,0.06073974493891001
804,902,98,0.098,0.05923631936684251
758,879,121,0.121,0.060051647309213876
730,865,135,0.135,0.059555530905723575
748,874,126,0.126,0.06146008267253637
758,879,121,0.121,0.059437519408762456
766,883,117,0.117,0.05823698430508375
762,881,119,0.119,0.05889048958197236
774,887,113,0.113,0.0596670345030725
720,860,140,0.14,0.06056194270029664
738,869,131,0.131,0.06046729289367795
778,889,111,0.111,0.05966460610181093
782,891,109,0.109,0.05943580286577344
816,908,92,0.092,0.05879794536903501
800,900,100,0.1,0.060492867562919855
782,891,109,0.109,0.05952650391310453
754,877,123,0.123,0.059255755871534345
766,883,117,0.117,0.05889127937331796
714,857,143,0.143,0.05930334880203009
712,856,144,0.144,0.05809232458472252
768,884,116,0.116,0.058101173132658
742,871,129,0.129,0.060115784138441083
696,848,152,0.152,0.059670331846922636
820,910,90,0.09,0.05913459741696715
780,890,110,0.11,0.05899467728286981
772,886,114,0.114,0.06071151489019394
776,888,112,0.112,0.06020539175346494
726,863,137,0.137,0.060329500634223224
790,895,105,0.105,0.05916841231659055
736,868,132,0.132,0.05937934430316091
746,873,127,0.127,0.058796779487282035
792,896,104,0.104,0.058776944275945424
768,884,116,0.116,0.05938363093137741
726,863,137,0.137,0.05833112279325724
734,867,133,0.133,0.05725440623983741
780,890,110,0.11,0.05732753389328718
734,867,133,0.133,0.05909344686940313
742,871,129,0.129,0.058924949221313
726,863,137,0.137,0.05950840049609542
780,890,110,0.11,0.05984652526676655
810,905,95,0.095,0.0591957178786397
798,899,101,0.101,0.05927122092247009
782,891,109,0.109,0.05922143225371838
722,861,139,0.139,0.06042412282153964
766,883,117,0.117,0.05898696947842837
740,870,130,0.13,0.058480032961815594
746,873,127,0.127,0.05898090738430619
832,916,84,0.084,0.05711721353977919
744,872,128,0.128,0.058311815582215785
780,890,110,0.11,0.057097903706133366
826,913,87,0.087,0.05618252469971776
768,884,116,0.116,0.05843597979471087
746,873,127,0.127,0.05707051897421479
766,883,117,0.117,0.05849567044526339
770,885,115,0.115,0.05875633916631341
784,892,108,0.108,0.057302276454865936
774,887,113,0.113,0.0575768919326365
756,878,122,0.122,0.05735855903103947
782,891,109,0.109,0.0576570362970233
818,909,91,0.091,0.05645914449170232
784,892,108,0.108,0.05667167997732758
792,896,104,0.104,0.057792836762964726
784,892,108,0.108,0.05678695285692811
740,870,130,0.13,0.05796938144415617
768,884,116,0.116,0.05724435268715024
806,903,97,0.097,0.056515894308686254
738,869,131,0.131,0.05827173223346472
782,891,109,0.109,0.05591974262520671
730,865,135,0.135,0.057584119115024805
758,879,121,0.121,0.05821242787316441
736,868,132,0.132,0.058307773675769566
786,893,107,0.107,0.05832062104344368
766,883,117,0.117,0.058069053087383506
760,880,120,0.12,0.05886584897711873
856,928,72,0.072,0.05687374535948038
798,899,101,0.101,0.058736585643142464
790,895,105,0.105,0.05811187247931957
746,873,127,0.127,0.05903166262432933
730,865,135,0.135,0.058018615037202834
784,892,108,0.108,0.058560593359172346
712,856,144,0.144,0.05915194457769394
760,880,120,0.12,0.05936827762052417
794,897,103,0.103,0.059747424505651
688,844,156,0.156,0.06180867454782128
726,863,137,0.137,0.06166826204955578
844,922,78,0.078,0.06154831613972783
802,901,99,0.099,0.06250703103467822
726,863,137,0.137,0.06415224571153522
756,878,122,0.122,0.06357019038498402
664,832,168,0.168,0.06418746300041675
746,873,127,0.127,0.06541420481726527
822,911,89,0.089,0.06332328202202916
768,884,116,0.116,0.06328704564273357
758,879,121,0.121,0.06332033383846283
752,876,124,0.124,0.06362102228030563
840,920,80,0.08,0.06127228813990951
788,894,106,0.106,0.06200701178982854
816,908,92,0.092,0.06241249511763453
742,871,129,0.129,0.06004595282673836
778,889,111,0.111,0.05981571528315544
804,902,98,0.098,0.0595728004835546
760,880,120,0.12,0.059363684259355065
744,872,128,0.128,0.05843654250353575
770,885,115,0.115,0.05768382771685719
794,897,103,0.103,0.05752549520134926
802,901,99,0.099,0.05756251541525125
814,907,93,0.093,0.056785533122718335
800,900,100,0.1,0.057328106109052895
756,878,122,0.122,0.05678429080545902
768,884,116,0.116,0.057876310836523774
804,902,98,0.098,0.05735239265114069
772,886,114,0.114,0.05765343433246017
724,862,138,0.138,0.05731949730962515
726,863,137,0.137,0.058185673836618663
814,907,93,0.093,0.05661030519008636
746,873,127,0.127,0.059515863984823225
776,888,112,0.112,0.05834230794012547
796,898,102,0.102,0.058841726180166004
632,816,184,0.184,0.06061106279492378
814,907,93,0.093,0.05997485047578811
834,917,83,0.083,0.05957920152321458
756,878,122,0.122,0.05944800722599029
740,870,130,0.13,0.06054825841635465
750,875,125,0.125,0.06055257111042738
770,885,115,0.115,0.06006371391564608
744,872,128,0.128,0.06002290112525225
690,845,155,0.155,0.061924566730856896
798,899,101,0.101,0.059925977490842344
770,885,115,0.115,0.06195880511775613
780,890,110,0.11,0.06021165916696191
824,912,88,0.088,0.06174126180633903
774,887,113,0.113,0.061433006830513476
756,878,122,0.122,0.06150843008235097
730,865,135,0.135,0.06021743507683277
760,880,120,0.12,0.06189550805091858
814,907,93,0.093,0.05996841648221016
834,917,83,0.083,0.05970589154586196
798,899,101,0.101,0.06049798184633255
774,887,113,0.113,0.06094000133126974
798,899,101,0.101,0.059026864875108005
756,878,122,0.122,0.05826593567803502
818,909,91,0.091,0.05725909150764346
728,864,136,0.136,0.0576705876365304
804,902,98,0.098,0.058391948461532596
778,889,111,0.111,0.05673032423853874
734,867,133,0.133,0.05714987700432539
730,865,135,0.135,0.0580710201561451
780,890,110,0.11,0.05727054007351398
788,894,106,0.106,0.05701191970705986
778,889,111,0.111,0.058416038561612364
782,891,109,0.109,0.05758823997154832
762,881,119,0.119,0.059400749113410714
768,884,116,0.116,0.05967228949815035
678,839,161,0.161,0.06135070874541998
746,873,127,0.127,0.06002695996314287
784,892,108,0.108,0.05975042906403542
754,877,123,0.123,0.060117733180522916
740,870,130,0.13,0.06157872136309743
778,889,111,0.111,0.06030057889223099
810,905,95,0.095,0.060347158543765544
802,901,99,0.099,0.06059492200613022
768,884,116,0.116,0.06122201839089394
754,877,123,0.123,0.05960857732221484
816,908,92,0.092,0.05981767227128148
800,900,100,0.1,0.05867897797748446
738,869,131,0.131,0.05910362547263503
774,887,113,0.113,0.058426829807460307
780,890,110,0.11,0.05767910632863641
690,845,155,0.155,0.05835776049643755
758,879,121,0.121,0.058019846308976414
798,899,101,0.101,0.05850808755680919
720,860,140,0.14,0.05910109328106046
816,908,92,0.092,0.05885600455477834
756,878,122,0.122,0.05958833829313517
728,864,136,0.136,0.059978782542049885
790,895,105,0.105,0.058384659606963395
758,879,121,0.121,0.059225602362304924
812,906,94,0.094,0.0589789023026824
804,902,98,0.098,0.058286560874432326
770,885,115,0.115,0.058742617703974244
840,920,80,0.08,0.057669246345758436
802,901,99,0.099,0.057548474695533515
810,905,95,0.095,0.057328848216682673
788,894,106,0.106,0.05690061074122787
764,882,118,0.118,0.05703723091632128
788,894,106,0.106,0.056129247140139345
726,863,137,0.137,0.05525973453372717
720,860,140,0.14,0.05631324529275298
764,882,118,0.118,0.05676710307970643
766,883,117,0.117,0.05767650962620974
678,839,161,0.161,0.05817516835033894
792,896,104,0.104,0.05683122503012419
832,916,84,0.084,0.058855857241898776
764,882,118,0.118,0.06154011668637395
784,892,108,0.108,0.05961049200221896
806,903,97,0.097,0.060225007567554716
748,874,126,0.126,0.0586797020919621
772,886,114,0.114,0.060661248568445444
760,880,120,0.12,0.05968313048407435
824,912,88,0.088,0.05928988417610526
744,872,128,0.128,0.05945386109501123
754,877,123,0.123,0.05946350533142686
754,877,123,0.123,0.06088925961777568
772,886,114,0.114,0.06135115895792842
802,901,99,0.099,0.059441475357860325
762,881,119,0.119,0.06029553857445717
758,879,121,0.121,0.0587975431419909
836,918,82,0.082,0.05708832158520818
816,908,92,0.092,0.05823272666707635
710,855,145,0.145,0.05981261997669935
802,901,99,0.099,0.05682034014165401
772,886,114,0.114,0.056864098858088255
764,882,118,0.118,0.057137877948582175
784,892,108,0.108,0.05719100935012102
742,871,129,0.129,0.058081296645104884
750,875,125,0.125,0.057367384996265175
740,870,130,0.13,0.05669651378318667
732,866,134,0.134,0.059769452802836895
744,872,128,0.128,0.06030288190022111
734,867,133,0.133,0.06123625012487173
746,873,127,0.127,0.061070239905267956
792,896,104,0.104,0.060271818470209834
758,879,121,0.121,0.06057960981875658
706,853,147,0.147,0.06238116485998035
766,883,117,0.117,0.06130786695703864
690,845,155,0.155,0.06391040472313762
776,888,112,0.112,0.06334785632416606
760,880,120,0.12,0.06445284547656774
816,908,92,0.092,0.06263088994100689
700,850,150,0.15,0.06410297478362918
762,881,119,0.119,0.06540257866308093
718,859,141,0.141,0.06586206721886992
748,874,126,0.126,0.06544032021611929
740,870,130,0.13,0.06603867082670331
736,868,132,0.132,0.06759024875983596
756,878,122,0.122,0.0670223812609911
780,890,110,0.11,0.06790721891075373
756,878,122,0.122,0.06691825775057078
664,832,168,0.168,0.06722825434058904
778,889,111,0.111,0.06745496128872037
764,882,118,0.118,0.06611355698481203
752,876,124,0.124,0.06696524897962809
752,876,124,0.124,0.06950933928415179
704,852,148,0.148,0.06875528840348125
746,873,127,0.127,0.06904334588721395
762,881,119,0.119,0.06920421719178557
758,879,121,0.121,0.0697822405397892
760,880,120,0.12,0.06864589497074484
774,887,113,0.113,0.06897940745949745
692,846,154,0.154,0.06944065599516035
782,891,109,0.109,0.06830317299440503
756,878,122,0.122,0.0705252323448658
752,876,124,0.124,0.07041307133436203
700,850,150,0.15,0.07012692310288549
802,901,99,0.099,0.06688472052291036
794,897,103,0.103,0.06704959793761373
760,880,120,0.12,0.06657104702293873
774,887,113,0.113,0.06357463015243411
716,858,142,0.142,0.06674690875411034
780,890,110,0.11,0.06408127696439624
774,887,113,0.113,0.06524298796057701
770,885,115,0.115,0.06436289513483644
764,882,118,0.118,0.06337405222281814
768,884,116,0.116,0.06143895998224616
742,871,129,0.129,0.06187088567763567
804,902,98,0.098,0.06049092780798673
736,868,132,0.132,0.06113517570123077
720,860,140,0.14,0.06050721026211977
780,890,110,0.11,0.060634443163871767
810,905,95,0.095,0.05975648743286729
698,849,151,0.151,0.061859720531851056
758,879,121,0.121,0.060850058104842904
720,860,140,0.14,0.06252525996044278
772,886,114,0.114,0.06179243928194046
664,832,168,0.168,0.06324250892549753
768,884,116,0.116,0.06214767468720674
776,888,112,0.112,0.06292125426605344
742,871,129,0.129,0.06415333554893732
758,879,121,0.121,0.06446567296609282
746,873,127,0.127,0.06533537356182934
742,871,129,0.129,0.06356432212516666
770,885,115,0.115,0.06427769377455116
788,894,106,0.106,0.06426263733208179
806,903,97,0.097,0.06344602973014116
776,888,112,0.112,0.0629396245777607
714,857,143,0.143,0.06305098368227482
820,910,90,0.09,0.06083362032100558
742,871,129,0.129,0.0631328606903553
792,896,104,0.104,0.0592753620184958
760,880,120,0.12,0.06254476465284825
742,871,129,0.129,0.06101965573430061
778,889,111,0.111,0.06110217334702611
822,911,89,0.089,0.05963841158151627
784,892,108,0.108,0.06095814063772559
762,881,119,0.119,0.059654123548418286
722,861,139,0.139,0.05968782402202487
728,864,136,0.136,0.05908831987529993
798,899,101,0.101,0.058831909593194724
780,890,110,0.11,0.05813118251040578
736,868,132,0.132,0.05972417990863323
796,898,102,0.102,0.058459400802850725
748,874,126,0.126,0.059388826854526997
732,866,134,0.134,0.0597524740472436
774,887,113,0.113,0.059600075528025626
848,924,76,0.076,0.05891661750525236
760,880,120,0.12,0.061190121781080964
756,878,122,0.122,0.06088286045566201
724,862,138,0.138,0.060895862322300674
784,892,108,0.108,0.05918544349819422
726,863,137,0.137,0.06204584322869778
708,854,146,0.146,0.06206472978368401
742,871,129,0.129,0.06159390939772129
724,862,138,0.138,0.06209505522251129
784,892,108,0.108,0.061000872880220415
738,869,131,0.131,0.06277759717032314
748,874,126,0.126,0.06249048883840442
760,880,120,0.12,0.06218686056882143
772,886,114,0.114,0.06346377310156823
714,857,143,0.143,0.06257531565800309
800,900,100,0.1,0.0627531646154821
786,893,107,0.107,0.0635977651514113
790,895,105,0.105,0.062440099895000455
726,863,137,0.137,0.06180497559159994
738,869,131,0.131,0.06165567096322775
750,875,125,0.125,0.06260552367568016
710,855,145,0.145,0.06350014429539443
772,886,114,0.114,0.062082876548171045
784,892,108,0.108,0.060877477061003445
746,873,127,0.127,0.06280312206968665
752,876,124,0.124,0.06221010880172253
792,896,104,0.104,0.06192233419418335
732,866,134,0.134,0.06167638301476836
686,843,157,0.157,0.06306175311654806
822,911,89,0.089,0.062177974410355094
772,886,114,0.114,0.0634563207179308
768,884,116,0.116,0.06190570613741875
810,905,95,0.095,0.06326221900805831
802,901,99,0.099,0.062247369714081284
768,884,116,0.116,0.06361075907200575
786,893,107,0.107,0.0619545496031642
724,862,138,0.138,0.06246928033977747
812,906,94,0.094,0.060834997557103636
806,903,97,0.097,0.06121122842654586
814,907,93,0.093,0.05966648976877332
760,880,120,0.12,0.060918563839048145
788,894,106,0.106,0.05974971053376794
734,867,133,0.133,0.06083348281309008
744,872,128,0.128,0.05830072259157896
744,872,128,0.128,0.05938417005166412
736,868,132,0.132,0.06001161644235253
798,899,101,0.101,0.058589164141565564
772,886,114,0.114,0.060069129548966885
798,899,101,0.101,0.06025384420156479
692,846,154,0.154,0.06134605892002583
776,888,112,0.112,0.06142357699945569
764,882,118,0.118,0.061527056213468316
744,872,128,0.128,0.062051869239658115
822,911,89,0.089,0.06172426331788301
776,888,112,0.112,0.06265835550799966
796,898,102,0.102,0.06175700395554304
780,890,110,0.11,0.0626649651825428
766,883,117,0.117,0.06299931677803397
728,864,136,0.136,0.06259126565232873
778,889,111,0.111,0.06243170755729079
748,874,126,0.126,0.06180742877349257
776,888,112,0.112,0.06232131773233414
824,912,88,0.088,0.060470038902014495
742,871,129,0.129,0.062289766509085895
712,856,144,0.144,0.060748556546866894
786,893,107,0.107,0.061087266143411395
794,897,103,0.103,0.060881723463535306
778,889,111,0.111,0.05838622891157866
738,869,131,0.131,0.06122433096915483
820,910,90,0.09,0.059383141845464706
768,884,116,0.116,0.059505101419985294
738,869,131,0.131,0.061030944768339396
690,845,155,0.155,0.05898650263622403
750,875,125,0.125,0.05875789789110422
786,893,107,0.107,0.058032739613205195
768,884,116,0.116,0.05804943595826626
782,891,109,0.109,0.05746281610801816
752,876,124,0.124,0.05860212578997016
792,896,104,0.104,0.05896566951274872
780,890,110,0.11,0.05856784865260124
786,893,107,0.107,0.05840166678279638
792,896,104,0.104,0.05711539033427834
726,863,137,0.137,0.05844369615241885
706,853,147,0.147,0.05819595634564757
752,876,124,0.124,0.057261527098715306
772,886,114,0.114,0.05824378033727407
758,879,121,0.121,0.05847595087811351
728,864,136,0.136,0.059552523478865624
758,879,121,0.121,0.05820262910425663
806,903,97,0.097,0.0580629092566669
794,897,103,0.103,0.0591029805354774
758,879,121,0.121,0.05920672238245606
782,891,109,0.109,0.05886330498754978
754,877,123,0.123,0.058568560115993026
744,872,128,0.128,0.05913516269251704
708,854,146,0.146,0.06114047222584486
734,867,133,0.133,0.06020071978494525
784,892,108,0.108,0.059316157035529615
726,863,137,0.137,0.060941406480968
744,872,128,0.128,0.060278386928141116
766,883,117,0.117,0.06101111196726561
750,875,125,0.125,0.061062195278704164
790,895,105,0.105,0.059771905437111854
762,881,119,0.119,0.06045330419391394
826,913,87,0.087,0.05911713232845068
766,883,117,0.117,0.05903443428128958
766,883,117,0.117,0.059910172291100024
742,871,129,0.129,0.05917628059908748
796,898,102,0.102,0.058834629155695435
806,903,97,0.097,0.05690697239339352
746,873,127,0.127,0.058496144633740185
820,910,90,0.09,0.05745652708411217
830,915,85,0.085,0.05594505137205124
692,846,154,0.154,0.05698168424889445
770,885,115,0.115,0.056177862726151946
710,855,145,0.145,0.056360463351011275
756,878,122,0.122,0.05678575002402067
746,873,127,0.127,0.056876436274498704
744,872,128,0.128,0.05872451439127326
768,884,116,0.116,0.05765687533468008
772,886,114,0.114,0.059405981503427026
788,894,106,0.106,0.059196273032575845
776,888,112,0.112,0.06029253980517387
768,884,116,0.116,0.06045750766992569
718,859,141,0.141,0.0615315483994782
812,906,94,0.094,0.05902101562172175
730,865,135,0.135,0.061624087497591976
756,878,122,0.122,0.06115767728537321
802,901,99,0.099,0.06050704256817698
800,900,100,0.1,0.05980310966819525
732,866,134,0.134,0.06186856380477548
736,868,132,0.132,0.06166505454853177
716,858,142,0.142,0.06212852402031422
754,877,123,0.123,0.06202223174646497
780,890,110,0.11,0.06311840941384435
758,879,121,0.121,0.06435319431498647
764,882,118,0.118,0.06317148813977838
760,880,120,0.12,0.06380590612068772
762,881,119,0.119,0.06311695734784008
792,896,104,0.104,0.0638640498444438
766,883,117,0.117,0.06398119329288601
776,888,112,0.112,0.06406109540909528
826,913,87,0.087,0.06429637429863215
760,880,120,0.12,0.06297906531766057
744,872,128,0.128,0.06378683060035109
776,888,112,0.112,0.06367132983356714
710,855,145,0.145,0.06424313774704933
772,886,114,0.114,0.06485639470815659
772,886,114,0.114,0.06399468346312642
702,851,149,0.149,0.06474774194508791
802,901,99,0.099,0.06400408839806915
746,873,127,0.127,0.06481396487355232
710,855,145,0.145,0.06479499284923076
754,877,123,0.123,0.06667299408093094
842,921,79,0.079,0.06545371298491955
742,871,129,0.129,0.06697857889905572
732,866,134,0.134,0.06595670030638576
752,876,124,0.124,0.06481625214964151
722,861,139,0.139,0.06571870255470276
756,878,122,0.122,0.0671363704316318
826,913,87,0.087,0.06472203585505486
778,889,111,0.111,0.06552023622021079
742,871,129,0.129,0.06611002707481384
770,885,115,0.115,0.06399408640339971
806,903,97,0.097,0.06394084456935525
740,870,130,0.13,0.06419774409756064
776,888,112,0.112,0.06582849386334419
758,879,121,0.121,0.06320047288760543
746,873,127,0.127,0.0623448906429112
762,881,119,0.119,0.06369772712886333
752,876,124,0.124,0.061825926918536424
794,897,103,0.103,0.06228116229921579
770,885,115,0.115,0.06224705749005079
740,870,130,0.13,0.06253932785242795
780,890,110,0.11,0.061663779694586994
720,860,140,0.14,0.06103490709513426
788,894,106,0.106,0.06263239427655935
714,857,143,0.143,0.06395947916433214
784,892,108,0.108,0.06322436507046222
662,831,169,0.169,0.06503791720792651
754,877,123,0.123,0.06532877724990249
770,885,115,0.115,0.06462682393193245
754,877,123,0.123,0.06590974669158459
742,871,129,0.129,0.06714692824706435
768,884,116,0.116,0.06543787767365575
824,912,88,0.088,0.06508300041407347
742,871,129,0.129,0.06700940028950572
808,904,96,0.096,0.06397366256266833
772,886,114,0.114,0.06469529649242758
838,919,81,0.081,0.06084274175018072
800,900,100,0.1,0.06251142394915223
810,905,95,0.095,0.0605571419224143
824,912,88,0.088,0.059377601243555546
774,887,113,0.113,0.058144708424806596
790,895,105,0.105,0.057105090476572515
792,896,104,0.104,0.05656623232737184
746,873,127,0.127,0.056622769065201285
690,845,155,0.155,0.05583533817902207
766,883,117,0.117,0.056196892119944095
788,894,106,0.106,0.05607514805346727
732,866,134,0.134,0.0565193385258317
748,874,126,0.126,0.05635062458738685
724,862,138,0.138,0.05710586294159293
762,881,119,0.119,0.056621900912374255
798,899,101,0.101,0.05673698503896594
772,886,114,0.114,0.057699370581656695
764,882,118,0.118,0.05706794069334865
798,899,101,0.101,0.05550927272439003
752,876,124,0.124,0.05650815682113171
750,875,125,0.125,0.05820932823047042
682,841,159,0.159,0.05977100923657417
762,881,119,0.119,0.05887799194082618
840,920,80,0.08,0.05780482405424118
730,865,135,0.135,0.0581364087164402
780,890,110,0.11,0.057740976225584745
772,886,114,0.114,0.057379487793892625
780,890,110,0.11,0.056588035043329
758,879,121,0.121,0.05788735681399703
740,870,130,0.13,0.057544412277638915
810,905,95,0.095,0.05532286230102181
788,894,106,0.106,0.057254930220544335
686,843,157,0.157,0.05552152382954955
792,896,104,0.104,0.056707218162715435
778,889,111,0.111,0.05666879555583
866,933,67,0.067,0.05377379475161433
754,877,123,0.123,0.056518331084400415
742,871,129,0.129,0.05668528662249446
732,866,134,0.134,0.05710940725356341
784,892,108,0.108,0.056154272351413966
838,919,81,0.081,0.055814918406307694
774,887,113,0.113,0.05548936263471842
812,906,94,0.094,0.055191901687532664
744,872,128,0.128,0.054255134284496305
752,876,124,0.124,0.055910636723041536
792,896,104,0.104,0.05322279940918088
690,845,155,0.155,0.056396658688783644
768,884,116,0.116,0.054243373058736326
776,888,112,0.112,0.05299217187613249
802,901,99,0.099,0.05571643700450659
726,863,137,0.137,0.05580779743939638
806,903,97,0.097,0.053552876200526955
758,879,121,0.121,0.05549878481402993
720,860,140,0.14,0.05568932264298201
728,864,136,0.136,0.0560005335919559
770,885,115,0.115,0.05661490939930081
736,868,132,0.132,0.057112850364297627
752,876,124,0.124,0.0577287188321352
772,886,114,0.114,0.058752731386572124
760,880,120,0.12,0.05776887510344386
744,872,128,0.128,0.058021594643592835
772,886,114,0.114,0.05876836220547557
766,883,117,0.117,0.058102962546050546
716,858,142,0.142,0.059532363206148145
732,866,134,0.134,0.059423683103173974
820,910,90,0.09,0.05777237120270729
762,881,119,0.119,0.05982129397988319
812,906,94,0.094,0.059229279059916734
730,865,135,0.135,0.05922212890163064
756,878,122,0.122,0.05945125103369355
724,862,138,0.138,0.060777869030833244
782,891,109,0.109,0.06045462891086936
750,875,125,0.125,0.06052130388095975
798,899,101,0.101,0.05923628813028336
760,880,120,0.12,0.06136047475039959
768,884,116,0.116,0.059734061755239966
768,884,116,0.116,0.0605390657633543
756,878,122,0.122,0.06124803394079208
776,888,112,0.112,0.059426669906824825
788,894,106,0.106,0.06016584334522486
720,860,140,0.14,0.059968438260257245
816,908,92,0.092,0.05823304483294487
694,847,153,0.153,0.058619199804961684
696,848,152,0.152,0.05827172439917922
772,886,114,0.114,0.056868948940187694
822,911,89,0.089,0.05760375711321831
732,866,134,0.134,0.05940941228717565
796,898,102,0.102,0.05896510140225291
772,886,114,0.114,0.05746957613900304
728,864,136,0.136,0.05752089339494705
790,895,105,0.105,0.05671626660600305
754,877,123,0.123,0.05793357000872493
728,864,136,0.136,0.05899481990933418
732,866,134,0.134,0.06052206115052104
726,863,137,0.137,0.06071837536990642
764,882,118,0.118,0.059665880478918555
808,904,96,0.096,0.05982353291288018
762,881,119,0.119,0.06013093256577849
806,903,97,0.097,0.0595925084464252
820,910,90,0.09,0.05770148667320609
744,872,128,0.128,0.05851601488888264
800,900,100,0.1,0.05747162364050746
716,858,142,0.142,0.05878442988917232
704,852,148,0.148,0.05908591348305345
752,876,124,0.124,0.057677654676139355
754,877,123,0.123,0.05918466598540544
780,890,110,0.11,0.05981854010373354
786,893,107,0.107,0.0596285873837769
800,900,100,0.1,0.05971513561159372
780,890,110,0.11,0.05792994801327586
788,894,106,0.106,0.05730799212679267
776,888,112,0.112,0.05737660129368305
734,867,133,0.133,0.05634190374240279
750,875,125,0.125,0.055849252101033926
788,894,106,0.106,0.055887876622378825
788,894,106,0.106,0.05658934346213937
784,892,108,0.108,0.054971933875232935
738,869,131,0.131,0.05514344722405076
714,857,143,0.143,0.05666854282096028
774,887,113,0.113,0.05675001024082303
744,872,128,0.128,0.05707111737504601
782,891,109,0.109,0.05647184862568975
778,889,111,0.111,0.05734566542506218
786,893,107,0.107,0.05643950677663088
760,880,120,0.12,0.058919844899326564
770,885,115,0.115,0.056183435566723346
766,883,117,0.117,0.05610225140303373
770,885,115,0.115,0.05809395306184888
776,888,112,0.112,0.05704054130613804
772,886,114,0.114,0.05660157861933112
834,917,83,0.083,0.055373894456773994
766,883,117,0.117,0.05737183228135109
760,880,120,0.12,0.05607871866971254
718,859,141,0.141,0.05539173181727529
806,903,97,0.097,0.05393403731659055
732,866,134,0.134,0.055251667957752944
724,862,138,0.138,0.05487296545878053
790,895,105,0.105,0.05674006690457463
832,916,84,0.084,0.055214191939681766
728,864,136,0.136,0.055388838969171045
772,886,114,0.114,0.056151997338980436
776,888,112,0.112,0.0557863056063652
788,894,106,0.106,0.05542178515717387
752,876,124,0.124,0.055968246627599
818,909,91,0.091,0.055146767064929006
782,891,109,0.109,0.05461462397128344
770,885,115,0.115,0.0551546546407044
736,868,132,0.132,0.054788404803723094
758,879,121,0.121,0.05361194873973727
762,881,119,0.119,0.05398007445037365
742,871,129,0.129,0.05489381267875433
720,860,140,0.14,0.0567865873426199
738,869,131,0.131,0.05701806698739529
768,884,116,0.116,0.05638391152769327
756,878,122,0.122,0.05818670584633946
704,852,148,0.148,0.05753160711377859
760,880,120,0.12,0.05860728273168206
756,878,122,0.122,0.05869448247179389
732,866,134,0.134,0.058840658705681566
784,892,108,0.108,0.058537317711859944
768,884,116,0.116,0.0587733270637691
770,885,115,0.115,0.057048936825245616
726,863,137,0.137,0.05822569671273232
766,883,117,0.117,0.05773648952692747
794,897,103,0.103,0.055942956753075125
716,858,142,0.142,0.05663286828622222
740,870,130,0.13,0.055998920012265446
734,867,133,0.133,0.056974011082202194
708,854,146,0.146,0.057555364847183224
770,885,115,0.115,0.05706947949156165
826,913,87,0.087,0.05739847324416041
742,871,129,0.129,0.05874699841439724
746,873,127,0.127,0.05783155411854386
784,892,108,0.108,0.059230135414749384
682,841,159,0.159,0.059448039762675764
824,912,88,0.088,0.05748375926166773
724,862,138,0.138,0.05853371515497565
768,884,116,0.116,0.05944038070365786
732,866,134,0.134,0.05988833935186267
776,888,112,0.112,0.058772737942636016
806,903,97,0.097,0.06005990211293101
798,899,101,0.101,0.0579084600135684
736,868,132,0.132,0.05970052483677864
758,879,121,0.121,0.058130042918026446
746,873,127,0.127,0.057394763082265855
808,904,96,0.096,0.0577762023806572
708,854,146,0.146,0.05816565896943211
766,883,117,0.117,0.05776271325349808
794,897,103,0.103,0.05692213610559702
754,877,123,0.123,0.05670363988354802
768,884,116,0.116,0.056564046557992693
842,921,79,0.079,0.05703709078580141
748,874,126,0.126,0.05784310038760304
774,887,113,0.113,0.05698571602255106
830,915,85,0.085,0.05588915260508656
772,886,114,0.114,0.05512637186795473
798,899,101,0.101,0.054438588779419664
790,895,105,0.105,0.05517898361757398
776,888,112,0.112,0.05478606244921684
812,906,94,0.094,0.05137567071989178
780,890,110,0.11,0.05263714758679271
768,884,116,0.116,0.05383711133524775
794,897,103,0.103,0.05226330879703164
710,855,145,0.145,0.05239965284243226
798,899,101,0.101,0.05148435436189175
768,884,116,0.116,0.052930701725184916
790,895,105,0.105,0.05150722260773182
752,876,124,0.124,0.052151618488132954
748,874,126,0.126,0.05161074683815241
710,855,145,0.145,0.053025240514427426
800,900,100,0.1,0.051962653022259477
782,891,109,0.109,0.05510507364943624
788,894,106,0.106,0.054830672562122346
738,869,131,0.131,0.054039736568927764
748,874,126,0.126,0.05578873785585165
808,904,96,0.096,0.055962937816977504
770,885,115,0.115,0.05466465306282044
776,888,112,0.112,0.05452697740867734
776,888,112,0.112,0.054782259702682495
746,873,127,0.127,0.05479934974759817
772,886,114,0.114,0.05429820242524147
706,853,147,0.147,0.055965658638626334
794,897,103,0.103,0.0549696547575295
696,848,152,0.152,0.0553642417602241
782,891,109,0.109,0.055753570154309276
744,872,128,0.128,0.05682665667310357
722,861,139,0.139,0.05727143775299191
756,878,122,0.122,0.05592808773741126
756,878,122,0.122,0.057072201687842605
726,863,137,0.137,0.057422383435070515
804,902,98,0.098,0.05637836341559887
738,869,131,0.131,0.056258845247328285
804,902,98,0.098,0.05646547842025757
782,891,109,0.109,0.056340229518711565
782,891,109,0.109,0.056022677034139635
752,876,124,0.124,0.05626850750669837
722,861,139,0.139,0.05582640754058957
738,869,131,0.131,0.05395853449031711
736,868,132,0.132,0.05494299426302314
782,891,109,0.109,0.05426684568822384
756,878,122,0.122,0.053983582258224486
788,894,106,0.106,0.054564392752945425
802,901,99,0.099,0.05482047145441175
730,865,135,0.135,0.05506976225972176
794,897,103,0.103,0.05524705582112074
784,892,108,0.108,0.05323880377411842
752,876,124,0.124,0.054004571318626404
770,885,115,0.115,0.05425042214244604
762,881,119,0.119,0.05553990579396486
786,893,107,0.107,0.053602337419986726
782,891,109,0.109,0.05431772568076849
776,888,112,0.112,0.05401135957986116
740,870,130,0.13,0.054256547417491675
818,909,91,0.091,0.05329431206732988
818,909,91,0.091,0.053258691556751725
764,882,118,0.118,0.05308221034705639
762,881,119,0.119,0.053831118289381266
816,908,92,0.092,0.051292200189083814
836,918,82,0.082,0.05085410464182496
696,848,152,0.152,0.0531516987234354
838,919,81,0.081,0.050212402120232584
770,885,115,0.115,0.05206100193411112
718,859,141,0.141,0.051657810740172866
774,887,113,0.113,0.051253334790468216
736,868,132,0.132,0.05247088421136141
722,861,139,0.139,0.052376358810812235
722,861,139,0.139,0.05263383075222373
678,839,161,0.161,0.05437756898254156
752,876,124,0.124,0.053780168257653714
778,889,111,0.111,0.05375336457788944
778,889,111,0.111,0.05592951215058565
786,893,107,0.107,0.05541994025185704
772,886,114,0.114,0.055070339594036344
782,891,109,0.109,0.056369605671614406
704,852,148,0.148,0.05688091620057821
754,877,123,0.123,0.05630443315580487
734,867,133,0.133,0.05842105296254158
776,888,112,0.112,0.05664632625132799
722,861,139,0.139,0.05818450670316815
744,872,128,0.128,0.05934754052385688
850,925,75,0.075,0.058277084190398454
866,933,67,0.067,0.057645732291042806
732,866,134,0.134,0.057159707307815555
798,899,101,0.101,0.05586466582491994
746,873,127,0.127,0.05655972301959991
766,883,117,0.117,0.05477775392308831
752,876,124,0.124,0.05460112765803933
814,907,93,0.093,0.05263915680348873
744,872,128,0.128,0.052911793805658816
728,864,136,0.136,0.05389069209620356
792,896,104,0.104,0.05213380998745561
742,871,129,0.129,0.05390461664274335
770,885,115,0.115,0.05347987373918295
768,884,116,0.116,0.053498382806777954
756,878,122,0.122,0.05319491504505277
816,908,92,0.092,0.05398997842147946
784,892,108,0.108,0.05374659060314298
812,906,94,0.094,0.05264099870249629
772,886,114,0.114,0.05276932305470109
750,875,125,0.125,0.052974909465759994
770,885,115,0.115,0.05208990304544568
742,871,129,0.129,0.052398641031235454
774,887,113,0.113,0.05268524421006441
732,866,134,0.134,0.051917341738939284
802,901,99,0.099,0.05271769574284554
774,887,113,0.113,0.05345512608811259
734,867,133,0.133,0.05398961731791496
760,880,120,0.12,0.05343914860114455
788,894,106,0.106,0.05234029023721814
774,887,113,0.113,0.052750395324081184
746,873,127,0.127,0.053146080765873197
760,880,120,0.12,0.052946245681494475
794,897,103,0.103,0.053975812759250404
744,872,128,0.128,0.05324209727346897
792,896,104,0.104,0.05338548494502902
728,864,136,0.136,0.05464997608959675
768,884,116,0.116,0.054074232164770364
782,891,109,0.109,0.05427925284206867
738,869,131,0.131,0.05384499099478125
778,889,111,0.111,0.05479724028706551
806,903,97,0.097,0.05239917307347059
752,876,124,0.124,0.05350199770182371
800,900,100,0.1,0.051500587873160836
786,893,107,0.107,0.0524054310284555
766,883,117,0.117,0.0515485680103302
728,864,136,0.136,0.05106477177515626
760,880,120,0.12,0.050370410423725843
758,879,121,0.121,0.050899334020912644
730,865,135,0.135,0.05172172959521413
824,912,88,0.088,0.05045998902618885
736,868,132,0.132,0.052938610915094615
772,886,114,0.114,0.051225477684289214
770,885,115,0.115,0.05222379732504487
732,866,134,0.134,0.05299425102770328
768,884,116,0.116,0.05207328485324979
806,903,97,0.097,0.05224437285587192
826,913,87,0.087,0.048990636184811594
782,891,109,0.109,0.050258110776543616
760,880,120,0.12,0.05014393620565533
704,852,148,0.148,0.05014860381931067
848,924,76,0.076,0.04882831161096692
756,878,122,0.122,0.04931902798637748
868,934,66,0.066,0.04832186786085367
780,890,110,0.11,0.04807931507751346
744,872,128,0.128,0.04791011431440711
800,900,100,0.1,0.04627590040490031
816,908,92,0.092,0.04587549957819283
766,883,117,0.117,0.04581288998760283
810,905,95,0.095,0.04625565615296364
746,873,127,0.127,0.047926115395501255
716,858,142,0.142,0.04792649747245014
746,873,127,0.127,0.04882152000442147
720,860,140,0.14,0.04900892254337669
750,875,125,0.125,0.04982705226168036
802,901,99,0.099,0.04906411090120673
754,877,123,0.123,0.05213925591669977
734,867,133,0.133,0.05070552982762456
760,880,120,0.12,0.05225491850823164
774,887,113,0.113,0.053237419173121456
766,883,117,0.117,0.0541670357324183
742,871,129,0.129,0.05468895668908954
784,892,108,0.108,0.05379198050498962
776,888,112,0.112,0.054620237205177544
774,887,113,0.113,0.054531108859926465
784,892,108,0.108,0.05461564945802093
782,891,109,0.109,0.05397043860703707
754,877,123,0.123,0.05397293872758746
814,907,93,0.093,0.051679824352264404
706,853,147,0.147,0.05376110195741057
776,888,112,0.112,0.05224778451770544
778,889,111,0.111,0.051313063818961384
728,864,136,0.136,0.052386059299111366
814,907,93,0.093,0.04980268007144332
720,860,140,0.14,0.05034523731470108
762,881,119,0.119,0.050495794512331486
814,907,93,0.093,0.04907832475751638
766,883,117,0.117,0.04953053982555866
786,893,107,0.107,0.0503542638681829
748,874,126,0.126,0.04891715433821082
750,875,125,0.125,0.049838225666433575
774,887,113,0.113,0.04901001174002886
774,887,113,0.113,0.04909455668926239
738,869,131,0.131,0.050351567558944224
752,876,124,0.124,0.05012156761810183
750,875,125,0.125,0.05119360579177737
752,876,124,0.124,0.0505741179138422
744,872,128,0.128,0.05292458200454712
712,856,144,0.144,0.05241961120441556
776,888,112,0.112,0.05319263638556004
804,902,98,0.098,0.051225487522780895
774,887,113,0.113,0.05477225392684341
776,888,112,0.112,0.05403131709620357
692,846,154,0.154,0.0558333892300725
792,896,104,0.104,0.0538724360242486
722,861,139,0.139,0.05535402503609657
734,867,133,0.133,0.054688709374517204
784,892,108,0.108,0.05329470562934875
786,893,107,0.107,0.05305828344076872
792,896,104,0.104,0.05298112379387021
768,884,116,0.116,0.052870460011065004
736,868,132,0.132,0.052138077527284624
746,873,127,0.127,0.05206281387805939
758,879,121,0.121,0.05241450107842684
792,896,104,0.104,0.05148999027535319
734,867,133,0.133,0.05328266527503729
746,873,127,0.127,0.05194759273529053
742,871,129,0.129,0.05349092982709408
788,894,106,0.106,0.05221682918816805
820,910,90,0.09,0.051563320569694045
726,863,137,0.137,0.052208949029445645
792,896,104,0.104,0.051471355304121974
740,870,130,0.13,0.05115333042480052
794,897,103,0.103,0.04980658558383584
780,890,110,0.11,0.04956905375048518
768,884,116,0.116,0.049062482234090564
818,909,91,0.091,0.04841566912829876
712,856,144,0.144,0.04943812667950988
826,913,87,0.087,0.04805450189486146
762,881,119,0.119,0.04868526344746351
828,914,86,0.086,0.04848855502530933
766,883,117,0.117,0.04785145964846015
766,883,117,0.117,0.04832844515144825
824,912,88,0.088,0.047265405042096975
762,881,119,0.119,0.0470294768679887
738,869,131,0.131,0.047535573722794655
810,905,95,0.095,0.046489367563277484
766,883,117,0.117,0.04765986429899931
758,879,121,0.121,0.04661838931962848
726,863,137,0.137,0.04795404631458223
756,878,122,0.122,0.04729002563282848
678,839,161,0.161,0.049667256243526935
812,906,94,0.094,0.04732571485638618
776,888,112,0.112,0.050012058101594446
770,885,115,0.115,0.05018613720685244
752,876,124,0.124,0.05008593866229057
744,872,128,0.128,0.05125581258162856
748,874,126,0.126,0.05168295501172543
710,855,145,0.145,0.05177020626887679
748,874,126,0.126,0.051758991841226815
796,898,102,0.102,0.05032112058997154
776,888,112,0.112,0.051905714582651856
742,871,129,0.129,0.05169601538777351
722,861,139,0.139,0.05224625025689602
804,902,98,0.098,0.051367273837327955
760,880,120,0.12,0.05285287760570646
756,878,122,0.122,0.054396609615534545
692,846,154,0.154,0.054854945447295904
756,878,122,0.122,0.05385540021955967
778,889,111,0.111,0.053794014804065225
716,858,142,0.142,0.055650523487478495
818,909,91,0.091,0.05382835331559181
754,877,123,0.123,0.05521004478633404
764,882,118,0.118,0.05346142677590251
816,908,92,0.092,0.053387662284076216
812,906,94,0.094,0.052736053835600614
776,888,112,0.112,0.05270961458981037
750,875,125,0.125,0.0532625620290637
786,893,107,0.107,0.05102212541550398
794,897,103,0.103,0.05020328279957175
770,885,115,0.115,0.05099140698090196
722,861,139,0.139,0.05074482376128435
722,861,139,0.139,0.05130319400876761
806,903,97,0.097,0.050683311134576796
772,886,114,0.114,0.04938130627945066
816,908,92,0.092,0.049762026205658914
756,878,122,0.122,0.05000279586017132
800,900,100,0.1,0.05012494413182139
762,881,119,0.119,0.04984400678798556
850,925,75,0.075,0.04960089385509491
786,893,107,0.107,0.04838700463995337
774,887,113,0.113,0.04982994558289647
702,851,149,0.149,0.05008803799375892
750,875,125,0.125,0.050416952360421416
754,877,123,0.123,0.05041277606412768
746,873,127,0.127,0.0505417950488627
828,914,86,0.086,0.0506327912658453
720,860,140,0.14,0.05133535272441805
764,882,118,0.118,0.051515436731278896
766,883,117,0.117,0.050631987269967794
816,908,92,0.092,0.050927628315985206
810,905,95,0.095,0.05094682465866208
762,881,119,0.119,0.05180395032465458
746,873,127,0.127,0.05246039890497923
800,900,100,0.1,0.05050857850536704
780,890,110,0.11,0.05016366256773472
830,915,85,0.085,0.04942033250257373
718,859,141,0.141,0.05160993622988463
790,895,105,0.105,0.0499241433031857
712,856,144,0.144,0.050888832192867994
754,877,123,0.123,0.049974117293953894
718,859,141,0.141,0.050934946432709696
770,885,115,0.115,0.051640347104519604
790,895,105,0.105,0.05195735058933496
804,902,98,0.098,0.05234466694295406
804,902,98,0.098,0.051493460696190596
734,867,133,0.133,0.05257596242055297
812,906,94,0.094,0.050742867469787595
804,902,98,0.098,0.05027676697447896
742,871,129,0.129,0.049624982051551345
746,873,127,0.127,0.04964843574538827
770,885,115,0.115,0.048401792427524924
762,881,119,0.119,0.048592834742739795
854,927,73,0.073,0.04791864239424467
730,865,135,0.135,0.048347137005999685
794,897,103,0.103,0.04711452687159181
796,898,102,0.102,0.04736908074840903
816,908,92,0.092,0.046401540433987976
736,868,132,0.132,0.04859387303888798
698,849,151,0.151,0.04889041623100639
736,868,132,0.132,0.04926784137636423
778,889,111,0.111,0.04768284786492586
748,874,126,0.126,0.04825107909180224
782,891,109,0.109,0.04971460047364235
732,866,134,0.134,0.05014268865436316
760,880,120,0.12,0.04928238607570529
734,867,133,0.133,0.050168714452534915
798,899,101,0.101,0.04998469777032733
746,873,127,0.127,0.051711213521659374
764,882,118,0.118,0.05127228643372655
690,845,155,0.155,0.05241248393058777
800,900,100,0.1,0.05133031152561307
756,878,122,0.122,0.05211632831767202
756,878,122,0.122,0.05352799186483025
740,870,130,0.13,0.05330047795921564
770,885,115,0.115,0.05323438312485814
756,878,122,0.122,0.05267325380071998
794,897,103,0.103,0.05287573990225792
784,892,108,0.108,0.052662845201790334
786,893,107,0.107,0.05099883326143027
764,882,118,0.118,0.05221281984075904
716,858,142,0.142,0.052034952498972414
724,862,138,0.138,0.05164797893166542
790,895,105,0.105,0.05226013103500009
714,857,143,0.143,0.05262086975574493
734,867,133,0.133,0.05202975499257445
776,888,112,0.112,0.051370001785457135
776,888,112,0.112,0.0505254079438746
690,845,155,0.155,0.05151710557565093
752,876,124,0.124,0.049845316905528306
760,880,120,0.12,0.051476213041692975
766,883,117,0.117,0.05083932701870799
742,871,129,0.129,0.052936757657676935
762,881,119,0.119,0.05125349352136254
756,878,122,0.122,0.05275943322479725
768,884,116,0.116,0.05168160637468099
770,885,115,0.115,0.053642862360924484
746,873,127,0.127,0.05313875887542963
730,865,135,0.135,0.05432920916005969
786,893,107,0.107,0.05074201356247068
758,879,121,0.121,0.052120388101786375
784,892,108,0.108,0.05110851223766804
750,875,125,0.125,0.0525741590410471
754,877,123,0.123,0.05121076407842338
732,866,134,0.134,0.052134272698313
788,894,106,0.106,0.051779878612607716
744,872,128,0.128,0.052334799919277426
790,895,105,0.105,0.04876176495105028
720,860,140,0.14,0.051156452674418686
762,881,119,0.119,0.0509105978384614
734,867,133,0.133,0.050438436511904
776,888,112,0.112,0.05006439519673586
780,890,110,0.11,0.0484137747772038
700,850,150,0.15,0.04989694157242775
734,867,133,0.133,0.051105961833149194
708,854,146,0.146,0.05214861052110791
782,891,109,0.109,0.0491558231189847
782,891,109,0.109,0.05056012802198529
830,915,85,0.085,0.05054070495069027
776,888,112,0.112,0.04956680271402002
782,891,109,0.109,0.049901082614436744
752,876,124,0.124,0.04963039249181747
730,865,135,0.135,0.05111417536437511
786,893,107,0.107,0.04821105460822582
820,910,90,0.09,0.047613895222544673
758,879,121,0.121,0.04871837961114943
830,915,85,0.085,0.04545001350715756
744,872,128,0.128,0.046448232799768445
788,894,106,0.106,0.04624422474578023
782,891,109,0.109,0.047422724913805725
752,876,124,0.124,0.04691242988780141
748,874,126,0.126,0.04755101383663714
788,894,106,0.106,0.046816195897758005
682,841,159,0.159,0.048615182058885695
800,900,100,0.1,0.04797932821698487
760,880,120,0.12,0.0487076369933784
778,889,111,0.111,0.0497440404035151
776,888,112,0.112,0.048800854502245784
816,908,92,0.092,0.0476133895739913
766,883,117,0.117,0.048677973292768004
676,838,162,0.162,0.04998319830000401
736,868,132,0.132,0.04835095774941146
690,845,155,0.155,0.05035374787822366
704,852,148,0.148,0.05023443186841905
760,880,120,0.12,0.05094490980170667
744,872,128,0.128,0.051563990604132415
732,866,134,0.134,0.0523697265163064
696,848,152,0.152,0.0540765628926456
750,875,125,0.125,0.052272475078701974
762,881,119,0.119,0.052605189219117165
792,896,104,0.104,0.05242414779216051
766,883,117,0.117,0.0540228210054338
758,879,121,0.121,0.05461894447356463
750,875,125,0.125,0.05318389543890953
816,908,92,0.092,0.05055485510081053
754,877,123,0.123,0.051794276490807534
758,879,121,0.121,0.05141611773148179
786,893,107,0.107,0.049750243695452806
756,878,122,0.122,0.05049546545371413
776,888,112,0.112,0.04885572909936309
756,878,122,0.122,0.04923503657430411
802,901,99,0.099,0.04822723859921098
814,907,93,0.093,0.04840635716915131
692,846,154,0.154,0.0493952729832381
770,885,115,0.115,0.04746389050036669
728,864,136,0.136,0.04964677942171693
760,880,120,0.12,0.04750187050178647
804,902,98,0.098,0.047268830550834535
734,867,133,0.133,0.049526115087792276
812,906,94,0.094,0.0479476973246783
786,893,107,0.107,0.04812457026727498
774,887,113,0.113,0.04668804485164583
772,886,114,0.114,0.04735627453960478
794,897,103,0.103,0.047233901565894486
770,885,115,0.115,0.04699764143303037
758,879,121,0.121,0.04647816128283739
812,906,94,0.094,0.04440483135916293
790,895,105,0.105,0.04592369627952576
780,890,110,0.11,0.04623182227090001
764,882,118,0.118,0.045550813453271985
704,852,148,0.148,0.04684413786232471
808,904,96,0.096,0.04616409322433174
762,881,119,0.119,0.04617736957408488
692,846,154,0.154,0.047613187788054345
758,879,121,0.121,0.047516750510782
738,869,131,0.131,0.04846752955205739
738,869,131,0.131,0.04952667302265763
744,872,128,0.128,0.04880030926503241
798,899,101,0.101,0.05058579460158944
742,871,129,0.129,0.04996682706847787
798,899,101,0.101,0.050189169846475125
742,871,129,0.129,0.05121705814450979
722,861,139,0.139,0.05097271927446127
772,886,114,0.114,0.05146094296872616
684,842,158,0.158,0.05217944135144353
836,918,82,0.082,0.050709633141756055
716,858,142,0.142,0.05330737538263202
764,882,118,0.118,0.05042167013883591
740,870,130,0.13,0.05239183755964041
766,883,117,0.117,0.051616670247167346
692,846,154,0.154,0.05274157261103392
744,872,128,0.128,0.05113008646294474
776,888,112,0.112,0.05179027374833822
746,873,127,0.127,0.05131911663338542
800,900,100,0.1,0.05159421906247735
748,874,126,0.126,0.052252550687640904
796,898,102,0.102,0.051570652656257154
774,887,113,0.113,0.051310240127146245
744,872,128,0.128,0.05237202838435769
794,897,103,0.103,0.05115226841345429
766,883,117,0.117,0.05109780784323811
722,861,139,0.139,0.05107041597738862
812,906,94,0.094,0.049033383704721926
770,885,115,0.115,0.05020228463038802
724,862,138,0.138,0.04992470591142774
724,862,138,0.138,0.04887449057027698
816,908,92,0.092,0.04745808360539377
768,884,116,0.116,0.04835455296933651
750,875,125,0.125,0.04883468593284488
736,868,132,0.132,0.04875546137429774
770,885,115,0.115,0.04850636220350862
736,868,132,0.132,0.048175277464091774
810,905,95,0.095,0.048986019615083934
718,859,141,0.141,0.04952722237072885
774,887,113,0.113,0.04926846841350198
756,878,122,0.122,0.04811714972555638
776,888,112,0.112,0.0479578110575676
742,871,129,0.129,0.04918559477292001
778,889,111,0.111,0.05030395070463419
776,888,112,0.112,0.048896762441843745
802,901,99,0.099,0.049398154135793446
780,890,110,0.11,0.049791869480162856
810,905,95,0.095,0.04916002397984266
746,873,127,0.127,0.04968496075645089
784,892,108,0.108,0.050449058540165424
738,869,131,0.131,0.04977154440060258
704,852,148,0.148,0.050230338461697104
740,870,130,0.13,0.04975509065575898
796,898,102,0.102,0.048448241136968134
806,903,97,0.097,0.04822409369237721
788,894,106,0.106,0.04866126162558794
714,857,143,0.143,0.049962129978463055
744,872,128,0.128,0.04899260440468788
712,856,144,0.144,0.04995534392818809
804,902,98,0.098,0.04851614537090063
754,877,123,0.123,0.050380480002611874
770,885,115,0.115,0.04996334570646286
764,882,118,0.118,0.04919524249434471
750,875,125,0.125,0.05072515969723463
804,902,98,0.098,0.05130191210284829
800,900,100,0.1,0.049080129535868766
772,886,114,0.114,0.049088468601927164
754,877,123,0.123,0.04873864082619548
810,905,95,0.095,0.04677071199007332
760,880,120,0.12,0.0468901376593858
764,882,118,0.118,0.046358196219429375
804,902,98,0.098,0.04590112046338618
784,892,108,0.108,0.045903668669983744
760,880,120,0.12,0.04402101208269596
758,879,121,0.121,0.04420375727489591
726,863,137,0.137,0.045070367004722355
804,902,98,0.098,0.04428104828298092
824,912,88,0.088,0.04291874001547694
716,858,142,0.142,0.04515011787973344
758,879,121,0.121,0.04403523364476859
778,889,111,0.111,0.045559986595064404
784,892,108,0.108,0.04403236072696745
764,882,118,0.118,0.0450153339356184
778,889,111,0.111,0.045011440940201285
718,859,141,0.141,0.04599127433076501
772,886,114,0.114,0.044525711081922055
756,878,122,0.122,0.044432156367227436
840,920,80,0.08,0.04407503620162606
744,872,128,0.128,0.044732544584199785
806,903,97,0.097,0.04349929194897413
740,870,130,0.13,0.045687677931040525
766,883,117,0.117,0.04564952679909766
844,922,78,0.078,0.04260708917863667
814,907,93,0.093,0.043322817346081136
786,893,107,0.107,0.042803421445190906
712,856,144,0.144,0.044292032750323417
754,877,123,0.123,0.043232463290914895
704,852,148,0.148,0.04364920354634523
814,907,93,0.093,0.043146010302007196
758,879,121,0.121,0.04207292406074703
756,878,122,0.122,0.043843837603926655
740,870,130,0.13,0.04508807412162423
772,886,114,0.114,0.043306788442656396
710,855,145,0.145,0.044943930925801394
808,904,96,0.096,0.04367105544917285
816,908,92,0.092,0.04563883504085243
748,874,126,0.126,0.04621107048727572
794,897,103,0.103,0.04612226963788271
766,883,117,0.117,0.04544535599090159
760,880,120,0.12,0.04620842345431447
792,896,104,0.104,0.045976667311042545
708,854,146,0.146,0.04715986103191972
756,878,122,0.122,0.04628357384726405
752,876,124,0.124,0.04556048727966845
714,857,143,0.143,0.04646325633116066
762,881,119,0.119,0.04609696806780994
788,894,106,0.106,0.04574425341747701
718,859,141,0.141,0.04653496531769633
790,895,105,0.105,0.04727570366859436
754,877,123,0.123,0.04817899135686457
762,881,119,0.119,0.04646335488185287
732,866,134,0.134,0.04679291401430964
766,883,117,0.117,0.04662781465053558
782,891,109,0.109,0.04762209073454142
828,914,86,0.086,0.046106901418417695
750,875,125,0.125,0.04653860911168158
768,884,116,0.116,0.04524015641584993
744,872,128,0.128,0.04547138113342226
762,881,119,0.119,0.045872395424172284
774,887,113,0.113,0.044508975852280856
736,868,132,0.132,0.04404142725281417
808,904,96,0.096,0.04355037167295814
776,888,112,0.112,0.045461478700861334
766,883,117,0.117,0.0452546441424638
842,921,79,0.079,0.043577722880989316
754,877,123,0.123,0.04400407915562391
754,877,123,0.123,0.04453771217167377
804,902,98,0.098,0.044535269467160105
780,890,110,0.11,0.04363146061822772
750,875,125,0.125,0.04400326443091035
760,880,120,0.12,0.04349059610255063
760,880,120,0.12,0.04319161080755293
730,865,135,0.135,0.044237958658486606
758,879,121,0.121,0.043408579109236595
696,848,152,0.152,0.04371276537515223
772,886,114,0.114,0.04331819049082696
756,878,122,0.122,0.04533974503725767
750,875,125,0.125,0.04417501702532172
754,877,123,0.123,0.044876352714374665
754,877,123,0.123,0.04592322850227356
760,880,120,0.12,0.04623219703137875
774,887,113,0.113,0.04571819663047791
762,881,119,0.119,0.04655676314793527
744,872,128,0.128,0.047177083818241955
782,891,109,0.109,0.04721985729970038
732,866,134,0.134,0.0484579827748239
780,890,110,0.11,0.04794831968843937
746,873,127,0.127,0.048776162315160035
764,882,118,0.118,0.04854313339665532
822,911,89,0.089,0.048392682887613774
806,903,97,0.097,0.04694251661561429
798,899,101,0.101,0.047150640008971095
680,840,160,0.16,0.04854402014799416
844,922,78,0.078,0.04642078373581171
760,880,120,0.12,0.046997833270579575
740,870,130,0.13,0.04780035415291786
754,877,123,0.123,0.047701283939182756
802,901,99,0.099,0.046572314616292715
802,901,99,0.099,0.04629963633045554
806,903,97,0.097,0.04646381030790508
742,871,129,0.129,0.046109012901782986
746,873,127,0.127,0.04533759112842381
756,878,122,0.122,0.045876703809946774
772,886,114,0.114,0.04431243583187461
754,877,123,0.123,0.04580174034461379
748,874,126,0.126,0.04525233374722302
792,896,104,0.104,0.046120025485754015
722,861,139,0.139,0.04660880115255713
832,916,84,0.084,0.04505669314414263
800,900,100,0.1,0.0461608664970845
756,878,122,0.122,0.04663436177000403
730,865,135,0.135,0.046873336303979156
834,917,83,0.083,0.0463816600907594
744,872,128,0.128,0.047082262301817536
790,895,105,0.105,0.04662349399738014
778,889,111,0.111,0.04531835452094674
752,876,124,0.124,0.04596062748320401
750,875,125,0.125,0.046153356919065115
770,885,115,0.115,0.04701395259425044
674,837,163,0.163,0.04761729403212667
778,889,111,0.111,0.047423854548484086
804,902,98,0.098,0.04650709996186197
756,878,122,0.122,0.04835046955570579
734,867,133,0.133,0.048635581571608785
766,883,117,0.117,0.04746859490126371
758,879,121,0.121,0.04901034868694842
746,873,127,0.127,0.04841225547529757
754,877,123,0.123,0.048825092336162924
760,880,120,0.12,0.04956644283235073
768,884,116,0.116,0.05020285445638001
774,887,113,0.113,0.05075382336974144
814,907,93,0.093,0.05000405022874475
758,879,121,0.121,0.0490905363894999
786,893,107,0.107,0.0491883787587285
760,880,120,0.12,0.04953158249333501
780,890,110,0.11,0.04955031868442893
782,891,109,0.109,0.04919404691644013
814,907,93,0.093,0.04772648135013878
740,870,130,0.13,0.04943338452652097
824,912,88,0.088,0.04777592457830906
786,893,107,0.107,0.04792966938950122
748,874,126,0.126,0.047461036581546066
796,898,102,0.102,0.04673276630602777
774,887,113,0.113,0.0462143722679466
770,885,115,0.115,0.04746509341709316
754,877,123,0.123,0.04726864295452833
740,870,130,0.13,0.0473626075219363
798,899,101,0.101,0.04812191929109395
760,880,120,0.12,0.04872784266993403
792,896,104,0.104,0.04877228951826692
750,875,125,0.125,0.049367347022518514
806,903,97,0.097,0.048131295461207625
758,879,121,0.121,0.04901124573126435
800,900,100,0.1,0.048862760018557314
734,867,133,0.133,0.04924880862049758
706,853,147,0.147,0.04941778717935085
768,884,116,0.116,0.048908838398754595
702,851,149,0.149,0.050109168477356435
742,871,129,0.129,0.05122699369117618
734,867,133,0.133,0.05226989202946424
762,881,119,0.119,0.05177758816257119
722,861,139,0.139,0.0534175530038774
800,900,100,0.1,0.05394943778216839
