log_avg_ept_score,log_avg_succ_req,log_avg_blk_req,log_avg_BP_req,log_avg_entropy
74,537,463,0.463,1.6078617293834687
78,539,461,0.461,1.6077225135564803
98,549,451,0.451,1.6077158097028732
104,552,448,0.448,1.607666045308113
134,567,433,0.433,1.6070361481904984
60,530,470,0.47,1.6068751373291015
80,540,460,0.46,1.6068290796279907
94,547,453,0.453,1.606721400618553
48,524,476,0.476,1.6059055666923523
164,582,418,0.418,1.605716616630554
116,558,442,0.442,1.6054231332540512
126,563,437,0.437,1.605344498872757
106,553,447,0.447,1.6042912629842758
128,564,436,0.436,1.6040624289512635
142,571,429,0.429,1.6038598227500915
98,549,451,0.451,1.6037861495018004
104,552,448,0.448,1.6023443291187287
82,541,459,0.459,1.60177099442482
96,548,452,0.452,1.6021328583955765
164,582,418,0.418,1.6018046236038208
110,555,445,0.445,1.6004008704423904
134,567,433,0.433,1.6001988415718078
40,520,480,0.48,1.599727699995041
180,590,410,0.41,1.5998057270050048
152,576,424,0.424,1.598340610742569
112,556,444,0.444,1.5976185429096221
148,574,426,0.426,1.5974169001579284
124,562,438,0.438,1.5966811975240707
166,583,417,0.417,1.5940500891208649
186,593,407,0.407,1.593403727054596
162,581,419,0.419,1.592480581641197
176,588,412,0.412,1.5916697843074799
170,585,415,0.415,1.5861885180473327
118,559,441,0.441,1.5841747363805772
164,582,418,0.418,1.5835499827861785
216,608,392,0.392,1.5809452683925629
196,598,402,0.402,1.5747779413461684
140,570,430,0.43,1.5708436040878295
168,584,416,0.416,1.5690559388399123
246,623,377,0.377,1.5671313445568085
258,629,371,0.371,1.5552424032688141
202,601,399,0.399,1.549662018418312
230,615,385,0.385,1.543961796283722
166,583,417,0.417,1.5357704803943635
234,617,383,0.383,1.5220669290423394
274,637,363,0.363,1.5161282945871353
258,629,371,0.371,1.5073136324882508
286,643,357,0.357,1.4945035348534583
324,662,338,0.338,1.4696688535213471
340,670,330,0.33,1.4566374778151512
354,677,323,0.323,1.4298979074954987
322,661,339,0.339,1.4107658076882363
330,665,335,0.335,1.3760194374024868
338,669,331,0.331,1.3574809716045857
442,721,279,0.279,1.3078036717176438
436,718,282,0.282,1.2839210044145584
470,735,265,0.265,1.214354914367199
458,729,271,0.271,1.171858770787716
498,749,251,0.251,1.0784932753033936
482,741,259,0.259,1.0225936683118344
526,763,237,0.237,0.9543832131810487
554,777,223,0.223,0.9193914490994066
564,782,218,0.218,0.7737819826263003
598,799,201,0.201,0.7215028488880489
612,806,194,0.194,0.6753102932223118
576,788,212,0.212,0.642942443452659
656,828,172,0.172,0.5608688812083564
662,831,169,0.169,0.47186991346316065
658,829,171,0.171,0.4727901127533987
688,844,156,0.156,0.409316432827778
696,848,152,0.152,0.3574907575650141
732,866,134,0.134,0.3146146940021572
726,863,137,0.137,0.3071184569759498
686,843,157,0.157,0.2937716128763641
742,871,129,0.129,0.23534323039491573
808,904,96,0.096,0.21331859708856973
708,854,146,0.146,0.20940605673022664
778,889,111,0.111,0.1956221917781895
726,863,137,0.137,0.17363294619501085
776,888,112,0.112,0.1567644150260653
780,890,110,0.11,0.1595800698666436
646,823,177,0.177,0.1635611208200027
770,885,115,0.115,0.16226624354447813
770,885,115,0.115,0.1476786503972737
754,877,123,0.123,0.13760843973630318
740,870,130,0.13,0.13093983852137786
724,862,138,0.138,0.15806870303443793
714,857,143,0.143,0.17210128156956125
802,901,99,0.099,0.16312437412906639
710,855,145,0.145,0.16691640446516978
730,865,135,0.135,0.15602182149245344
752,876,124,0.124,0.17483790615664474
734,867,133,0.133,0.1622945144103469
666,833,167,0.167,0.17365276271414565
788,894,106,0.106,0.14398283170122886
766,883,117,0.117,0.15565471632306185
740,870,130,0.13,0.1496377672738249
698,849,151,0.151,0.13298362598068705
752,876,124,0.124,0.14295099315109383
754,877,123,0.123,0.12865385399958995
740,870,130,0.13,0.1362635757055616
718,859,141,0.141,0.14154956776318522
670,835,165,0.165,0.13048061914978099
710,855,145,0.145,0.1411217632389771
754,877,123,0.123,0.1288215117757473
812,906,94,0.094,0.12608602563383828
744,872,128,0.128,0.11731317301403033
794,897,103,0.103,0.12473877665336568
752,876,124,0.124,0.11405678097896907
772,886,114,0.114,0.12361517637337784
722,861,139,0.139,0.10829039619985815
742,871,129,0.129,0.11775746916882655
750,875,125,0.125,0.10944235357959224
798,899,101,0.101,0.10402085654930306
712,856,144,0.144,0.10608946980745333
752,876,124,0.124,0.11481332354634032
704,852,148,0.148,0.12304839654398862
756,878,122,0.122,0.12395631036621069
734,867,133,0.133,0.10203434215820767
754,877,123,0.123,0.11712576513200111
744,872,128,0.128,0.11008278150694878
754,877,123,0.123,0.09016058870669803
754,877,123,0.123,0.10375167152266972
774,887,113,0.113,0.08763217660305926
714,857,143,0.143,0.0971393288754507
806,903,97,0.097,0.10450252151041059
728,864,136,0.136,0.09194275894203113
728,864,136,0.136,0.09717644709268607
788,894,106,0.106,0.09543555379180817
762,881,119,0.119,0.08659335806118122
732,866,134,0.134,0.10390607745922921
754,877,123,0.123,0.09776370379542589
732,866,134,0.134,0.1021717005709802
758,879,121,0.121,0.09411148582078203
758,879,121,0.121,0.08847169334517593
814,907,93,0.093,0.10063203666218346
736,868,132,0.132,0.10188669956275771
746,873,127,0.127,0.08361169529627113
744,872,128,0.128,0.09887881734099664
760,880,120,0.12,0.10977691124040939
768,884,116,0.116,0.08770584097803874
776,888,112,0.112,0.09702148383481107
718,859,141,0.141,0.08194270394882187
786,893,107,0.107,0.08791258939856743
744,872,128,0.128,0.0914474218497744
718,859,141,0.141,0.09066409452763764
746,873,127,0.127,0.0868043056385909
786,893,107,0.107,0.08587323206887232
760,880,120,0.12,0.07312502735787166
776,888,112,0.112,0.08997565670686163
766,883,117,0.117,0.09338724281313443
730,865,135,0.135,0.08704156753678217
726,863,137,0.137,0.09791757561560553
786,893,107,0.107,0.10286735373111174
726,863,137,0.137,0.11868266374188988
742,871,129,0.129,0.08817408718840125
770,885,115,0.115,0.09639291694670828
822,911,89,0.089,0.08933968714176627
820,910,90,0.09,0.08902418219778065
768,884,116,0.116,0.09728500643216831
742,871,129,0.129,0.10572296575669039
714,857,143,0.143,0.08265028149226054
664,832,168,0.168,0.10301090866682898
798,899,101,0.101,0.0795272315462139
720,860,140,0.14,0.09487589786114677
684,842,158,0.158,0.10601253590201667
702,851,149,0.149,0.09652501918384997
696,848,152,0.152,0.10152015403655469
688,844,156,0.156,0.10774011347466785
738,869,131,0.131,0.11791249888990933
802,901,99,0.099,0.08494322185888996
760,880,120,0.12,0.09750330729718622
744,872,128,0.128,0.08722682780831928
802,901,99,0.099,0.08048740837757577
808,904,96,0.096,0.08999838953422887
746,873,127,0.127,0.08221585883730045
686,843,157,0.157,0.09248777051661272
760,880,120,0.12,0.09789057807768359
704,852,148,0.148,0.07863429331004955
796,898,102,0.102,0.09146687940935953
692,846,154,0.154,0.09009332442629601
788,894,106,0.106,0.08959727947174179
732,866,134,0.134,0.07021319199087156
708,854,146,0.146,0.09069467230368128
742,871,129,0.129,0.08768678964916399
760,880,120,0.12,0.08300819149980862
780,890,110,0.11,0.07170698356652337
678,839,161,0.161,0.09693513343924497
712,856,144,0.144,0.08198966635508577
674,837,163,0.163,0.08711477300575962
758,879,121,0.121,0.07493325745077828
734,867,133,0.133,0.0759955753017839
804,902,98,0.098,0.075982712371336
746,873,127,0.127,0.07624508267443479
758,879,121,0.121,0.08028963871568817
674,837,163,0.163,0.08945751756689492
768,884,116,0.116,0.07864774148733886
746,873,127,0.127,0.08508951722736856
720,860,140,0.14,0.07099199271682301
762,881,119,0.119,0.06751730757883706
754,877,123,0.123,0.07400223268190348
790,895,105,0.105,0.07133914182806257
754,877,123,0.123,0.08266891919240879
750,875,125,0.125,0.059804572121338426
738,869,131,0.131,0.07196967404477118
768,884,116,0.116,0.06551191983243376
732,866,134,0.134,0.06911168605616698
728,864,136,0.136,0.07462342516778517
742,871,129,0.129,0.06941402131849464
772,886,114,0.114,0.05678698100732072
754,877,123,0.123,0.06867941160285568
714,857,143,0.143,0.06741657607057687
778,889,111,0.111,0.05433984766946378
758,879,121,0.121,0.062296428891599136
710,855,145,0.145,0.06880425618661758
774,887,113,0.113,0.07043387211286153
794,897,103,0.103,0.06182689554464787
798,899,101,0.101,0.061991787854888715
734,867,133,0.133,0.061663341025054254
812,906,94,0.094,0.0566123782018808
788,894,106,0.106,0.053332785843659296
764,882,118,0.118,0.05040587669317708
792,896,104,0.104,0.053315033479268095
766,883,117,0.117,0.0602223157352264
724,862,138,0.138,0.06358210973178302
780,890,110,0.11,0.05512011792644546
728,864,136,0.136,0.05604852251228317
830,915,85,0.085,0.03793809303584385
778,889,111,0.111,0.057552413489969693
730,865,135,0.135,0.0548705656242164
836,918,82,0.082,0.05941040210130723
742,871,129,0.129,0.0532007464415899
770,885,115,0.115,0.042360216051392174
786,893,107,0.107,0.06109159066748316
740,870,130,0.13,0.05497837516481468
738,869,131,0.131,0.060799779716080596
758,879,121,0.121,0.05288473840494601
758,879,121,0.121,0.05205070342539796
808,904,96,0.096,0.04509728685311082
812,906,94,0.094,0.0633844087374191
694,847,153,0.153,0.05957549354316689
738,869,131,0.131,0.04866972094170705
786,893,107,0.107,0.04887898958815254
824,912,88,0.088,0.058140219481189886
786,893,107,0.107,0.04781569110391183
794,897,103,0.103,0.0496527346393691
772,886,114,0.114,0.059911941433007085
748,874,126,0.126,0.058632297435166035
726,863,137,0.137,0.06305446909779858
754,877,123,0.123,0.05159567534876193
710,855,145,0.145,0.06024232655819289
726,863,137,0.137,0.06099540261391485
728,864,136,0.136,0.05857668256951274
772,886,114,0.114,0.03726133872041627
754,877,123,0.123,0.04473670659084292
804,902,98,0.098,0.05073503947187442
710,855,145,0.145,0.055724424090005414
774,887,113,0.113,0.06129400024864935
696,848,152,0.152,0.0599810317849487
800,900,100,0.1,0.05153155547571532
748,874,126,0.126,0.04743822183085047
802,901,99,0.099,0.04225877850593648
784,892,108,0.108,0.043158834605572335
756,878,122,0.122,0.043930283076588236
792,896,104,0.104,0.04655510428379515
734,867,133,0.133,0.03767492484461695
770,885,115,0.115,0.04916439706788782
800,900,100,0.1,0.044585492160500964
756,878,122,0.122,0.0504788283984285
770,885,115,0.115,0.04939811135964555
772,886,114,0.114,0.05385693469588909
800,900,100,0.1,0.03874521665931752
726,863,137,0.137,0.04958968153289061
752,876,124,0.124,0.05098229800977924
764,882,118,0.118,0.042372831871000355
706,853,147,0.147,0.05476029752641125
822,911,89,0.089,0.046769051205175854
728,864,136,0.136,0.05593018150620617
766,883,117,0.117,0.04528756524831533
708,854,146,0.146,0.044401326831604936
668,834,166,0.166,0.06425695761589316
714,857,143,0.143,0.05762589327153364
762,881,119,0.119,0.05940317527677553
800,900,100,0.1,0.052287858583535095
726,863,137,0.137,0.05646628862923399
732,866,134,0.134,0.04920613335342659
684,842,158,0.158,0.04662998047132351
744,872,128,0.128,0.05464395859773981
750,875,125,0.125,0.046679886124245056
770,885,115,0.115,0.05100353400713948
722,861,139,0.139,0.06464716310281983
776,888,112,0.112,0.042362344309274706
748,874,126,0.126,0.04961588521366366
702,851,149,0.149,0.06450652215736591
770,885,115,0.115,0.046851910248899
746,873,127,0.127,0.04818859734626949
770,885,115,0.115,0.05464660895288353
798,899,101,0.101,0.04414759949651989
734,867,133,0.133,0.05648682988788774
758,879,121,0.121,0.04618238136482864
754,877,123,0.123,0.05538124366932698
722,861,139,0.139,0.05214602634823359
738,869,131,0.131,0.04208864692471525
802,901,99,0.099,0.05028452173875894
762,881,119,0.119,0.04267954263983029
752,876,124,0.124,0.044739653782822644
788,894,106,0.106,0.03693440265880281
714,857,143,0.143,0.048547247210911505
722,861,139,0.139,0.05299141765499508
820,910,90,0.09,0.024970803830371098
750,875,125,0.125,0.042112138416454344
762,881,119,0.119,0.043978354285596655
778,889,111,0.111,0.046990324306147156
736,868,132,0.132,0.04656477902932369
786,893,107,0.107,0.044056916834165634
798,899,101,0.101,0.038968135268100695
738,869,131,0.131,0.041855611030431984
742,871,129,0.129,0.03895122012403544
776,888,112,0.112,0.03908971710923379
730,865,135,0.135,0.04278244830894317
714,857,143,0.143,0.04961484246899977
702,851,149,0.149,0.046216127222443275
816,908,92,0.092,0.0410706645998099
728,864,136,0.136,0.04711718519208378
758,879,121,0.121,0.04312607888389621
802,901,99,0.099,0.050431139418202944
790,895,105,0.105,0.03933608385296975
764,882,118,0.118,0.053256216738605415
738,869,131,0.131,0.04437851537331585
718,859,141,0.141,0.03850762096587004
674,837,163,0.163,0.0515427472384572
800,900,100,0.1,0.041670890749000135
784,892,108,0.108,0.05083250563103593
740,870,130,0.13,0.04058645508041991
754,877,123,0.123,0.05069043386480891
764,882,118,0.118,0.0454419887835611
732,866,134,0.134,0.04970772028072429
788,894,106,0.106,0.03266115973797764
720,860,140,0.14,0.0458809069735857
788,894,106,0.106,0.029289844572832863
824,912,88,0.088,0.03593771202696826
764,882,118,0.118,0.04144457971201291
756,878,122,0.122,0.059005207136231544
690,845,155,0.155,0.04501479946356358
756,878,122,0.122,0.041135093367653384
800,900,100,0.1,0.03846454182424804
796,898,102,0.102,0.048906939439586496
706,853,147,0.147,0.04292934441223542
726,863,137,0.137,0.041468218931935016
754,877,123,0.123,0.052866150151725376
764,882,118,0.118,0.04540820197565534
786,893,107,0.107,0.032707082740356726
754,877,123,0.123,0.04070089073968552
830,915,85,0.085,0.0262482953775102
778,889,111,0.111,0.036137416588243015
792,896,104,0.104,0.03132754270110127
788,894,106,0.106,0.04520034079865383
810,905,95,0.095,0.032924917282482966
800,900,100,0.1,0.032509261566231545
692,846,154,0.154,0.04381070359788839
770,885,115,0.115,0.0375866540068688
744,872,128,0.128,0.03901781555954085
748,874,126,0.126,0.05335277341079069
782,891,109,0.109,0.04839074652936142
802,901,99,0.099,0.039173358056024656
710,855,145,0.145,0.043356394734367996
728,864,136,0.136,0.04003710353267843
736,868,132,0.132,0.03946488181254432
756,878,122,0.122,0.04175171131981688
738,869,131,0.131,0.042564588818810534
800,900,100,0.1,0.038836358308051655
744,872,128,0.128,0.04280734531677763
798,899,101,0.101,0.04161587245713872
778,889,111,0.111,0.0427284055184009
698,849,151,0.151,0.04241257038416109
726,863,137,0.137,0.05010202639191516
806,903,97,0.097,0.03507369931438029
754,877,123,0.123,0.05311757859438785
780,890,110,0.11,0.0459701208091617
790,895,105,0.105,0.038671523953371374
738,869,131,0.131,0.042619356003202935
834,917,83,0.083,0.035146918813997216
748,874,126,0.126,0.035861611827954956
704,852,148,0.148,0.04208800150058957
730,865,135,0.135,0.042159981760670234
800,900,100,0.1,0.03457175603221344
752,876,124,0.124,0.04477519443266556
752,876,124,0.124,0.03754911668298868
842,921,79,0.079,0.04351401782488574
718,859,141,0.141,0.04115592640291595
754,877,123,0.123,0.03771166088469181
792,896,104,0.104,0.04066107356175053
774,887,113,0.113,0.028717127863552377
738,869,131,0.131,0.04068155599792044
772,886,114,0.114,0.03412356355520364
720,860,140,0.14,0.04192282937730647
846,923,77,0.077,0.03742957986048532
780,890,110,0.11,0.03281079339602081
716,858,142,0.142,0.04765263945715469
698,849,151,0.151,0.04709177215767977
722,861,139,0.139,0.04513224194303393
752,876,124,0.124,0.044791029283640454
724,862,138,0.138,0.0386663004608481
718,859,141,0.141,0.04156619709264237
794,897,103,0.103,0.03738065169590572
700,850,150,0.15,0.05217665716719625
726,863,137,0.137,0.04158403202653517
730,865,135,0.135,0.04591944925564121
776,888,112,0.112,0.041080441521715104
746,873,127,0.127,0.05015612505760873
782,891,109,0.109,0.03673417303760743
742,871,129,0.129,0.04204112353742948
712,856,144,0.144,0.03441149633783698
768,884,116,0.116,0.041530047437593566
786,893,107,0.107,0.03285261294466818
762,881,119,0.119,0.03526631599051325
730,865,135,0.135,0.045103558994377284
816,908,92,0.092,0.03992951650407167
738,869,131,0.131,0.04170737493772322
748,874,126,0.126,0.03686696029000924
778,889,111,0.111,0.03777428037151344
754,877,123,0.123,0.04498599699209603
736,868,132,0.132,0.042222439231960035
728,864,136,0.136,0.03816148295862223
730,865,135,0.135,0.04091587133454777
740,870,130,0.13,0.04467814467037988
738,869,131,0.131,0.044390875047933605
756,878,122,0.122,0.039034888668317766
752,876,124,0.124,0.03996591849387526
782,891,109,0.109,0.04305617067433832
762,881,119,0.119,0.031094052523745176
760,880,120,0.12,0.03548071345136259
744,872,128,0.128,0.04395465979861228
764,882,118,0.118,0.04768587088143255
788,894,106,0.106,0.030944804912996914
772,886,114,0.114,0.04710955554527271
758,879,121,0.121,0.02840821056740657
838,919,81,0.081,0.03454287662940965
758,879,121,0.121,0.03451251674598211
762,881,119,0.119,0.03755030114794454
760,880,120,0.12,0.03069037904193647
760,880,120,0.12,0.023771831744173626
718,859,141,0.141,0.04007175354577475
772,886,114,0.114,0.033234311531569805
756,878,122,0.122,0.03628411752883835
728,864,136,0.136,0.04646890706025522
742,871,129,0.129,0.044609955991402786
708,854,146,0.146,0.04279122187904613
778,889,111,0.111,0.047042725036176646
746,873,127,0.127,0.04135018630579179
730,865,135,0.135,0.0388976575681304
762,881,119,0.119,0.04197118701136452
794,897,103,0.103,0.03007081548440874
754,877,123,0.123,0.03547381248951638
736,868,132,0.132,0.03353828111432557
776,888,112,0.112,0.03194988863400294
738,869,131,0.131,0.03812537276309877
766,883,117,0.117,0.03558430842460893
726,863,137,0.137,0.029593711325956066
760,880,120,0.12,0.03221146431649072
732,866,134,0.134,0.040053343968791524
728,864,136,0.136,0.029216450744243956
730,865,135,0.135,0.04907199438108921
754,877,123,0.123,0.03752404585406657
730,865,135,0.135,0.04028655559262006
764,882,118,0.118,0.04095949896137381
792,896,104,0.104,0.037108279816735375
800,900,100,0.1,0.04042749376787833
726,863,137,0.137,0.041725552244020435
770,885,115,0.115,0.04238948018043447
738,869,131,0.131,0.03641984297191436
794,897,103,0.103,0.02577211849357923
720,860,140,0.14,0.03552509934660884
730,865,135,0.135,0.03869945113360836
780,890,110,0.11,0.03905435689206206
762,881,119,0.119,0.035347627792113145
772,886,114,0.114,0.030999204841752486
768,884,116,0.116,0.02593471492596804
734,867,133,0.133,0.03339501517442204
778,889,111,0.111,0.03687651056310233
774,887,113,0.113,0.03787778938417691
754,877,123,0.123,0.03283697294369256
776,888,112,0.112,0.027934483397307076
714,857,143,0.143,0.039894296008667195
798,899,101,0.101,0.04168227747499674
756,878,122,0.122,0.030412124677158318
766,883,117,0.117,0.035043380338624044
824,912,88,0.088,0.0280205035495419
720,860,140,0.14,0.035037387640442605
760,880,120,0.12,0.029413028426694382
772,886,114,0.114,0.03034156335285661
832,916,84,0.084,0.03135975655449215
768,884,116,0.116,0.03729098008340406
798,899,101,0.101,0.030684840583913683
784,892,108,0.108,0.024533680560469947
738,869,131,0.131,0.030602108274624812
708,854,146,0.146,0.025253960783529237
752,876,124,0.124,0.02889544960895364
754,877,123,0.123,0.03799546043621558
722,861,139,0.139,0.029405268083865507
760,880,120,0.12,0.026158091892056673
726,863,137,0.137,0.03614306606674549
778,889,111,0.111,0.03280650644584421
812,906,94,0.094,0.030771903492266574
776,888,112,0.112,0.03213663353614004
782,891,109,0.109,0.035720690041254784
808,904,96,0.096,0.029491989907600553
658,829,171,0.171,0.037587905020820614
776,888,112,0.112,0.03151815150967968
736,868,132,0.132,0.026288446138465416
788,894,106,0.106,0.03141604835245857
774,887,113,0.113,0.034948182312487
848,924,76,0.076,0.022315842584869187
776,888,112,0.112,0.026529401162208616
768,884,116,0.116,0.03313674901006152
726,863,137,0.137,0.027444633970386236
788,894,106,0.106,0.023805401403976644
808,904,96,0.096,0.024112623081067115
780,890,110,0.11,0.025489592109204522
744,872,128,0.128,0.030442465673397465
764,882,118,0.118,0.026387614864642757
714,857,143,0.143,0.03432024917791136
714,857,143,0.143,0.03790898143573566
768,884,116,0.116,0.02918328052015204
758,879,121,0.121,0.02668773554010488
758,879,121,0.121,0.029211551855674884
784,892,108,0.108,0.029598695581984885
772,886,114,0.114,0.03706643750319654
838,919,81,0.081,0.02473798745973727
714,857,143,0.143,0.03061333522017776
772,886,114,0.114,0.030397010089539166
748,874,126,0.126,0.026406462587578516
774,887,113,0.113,0.023059359007363583
722,861,139,0.139,0.03045552006717753
766,883,117,0.117,0.026458407732742217
748,874,126,0.126,0.02228189670795973
718,859,141,0.141,0.026299648179996894
770,885,115,0.115,0.02443616650760174
838,919,81,0.081,0.02236120726198351
754,877,123,0.123,0.027867901264023203
754,877,123,0.123,0.031023670986876823
726,863,137,0.137,0.03192615164573272
772,886,114,0.114,0.029583857300657202
756,878,122,0.122,0.020490785418247243
680,840,160,0.16,0.03603343844941503
718,859,141,0.141,0.03079784270130676
820,910,90,0.09,0.023616586649875673
790,895,105,0.105,0.024950430455565765
796,898,102,0.102,0.023333569897985854
782,891,109,0.109,0.027316606661362583
668,834,166,0.166,0.027416258194833672
770,885,115,0.115,0.0323870181902289
704,852,148,0.148,0.024250147857845378
798,899,101,0.101,0.021901526788050886
782,891,109,0.109,0.02302208332699378
748,874,126,0.126,0.028356068207182943
740,870,130,0.13,0.02240052797291304
720,860,140,0.14,0.031102619903957192
746,873,127,0.127,0.020240279969478706
710,855,145,0.145,0.03096275514903914
760,880,120,0.12,0.029815129275776144
762,881,119,0.119,0.02329555592236119
756,878,122,0.122,0.029106898750314487
734,867,133,0.133,0.024611200977942643
766,883,117,0.117,0.034474427326941975
746,873,127,0.127,0.0275288599614787
756,878,122,0.122,0.023807718574045792
778,889,111,0.111,0.02639366605239988
744,872,128,0.128,0.02333645482894508
784,892,108,0.108,0.026561928418844503
744,872,128,0.128,0.021083183704717613
794,897,103,0.103,0.018766446374638576
718,859,141,0.141,0.021448115737746805
820,910,90,0.09,0.023181102488839086
730,865,135,0.135,0.025640423396281562
734,867,133,0.133,0.031095635549832308
754,877,123,0.123,0.01858051673779599
736,868,132,0.132,0.025190672674083557
852,926,74,0.074,0.01603279717052817
750,875,125,0.125,0.028738225561447606
738,869,131,0.131,0.020694629443597706
764,882,118,0.118,0.022424808953766955
754,877,123,0.123,0.020815934914945145
758,879,121,0.121,0.019038039669216005
802,901,99,0.099,0.02071429962847013
782,891,109,0.109,0.02043448877470132
774,887,113,0.113,0.02450134216795263
786,893,107,0.107,0.026803648011496504
770,885,115,0.115,0.020889027465215804
772,886,114,0.114,0.018165384603274333
748,874,126,0.126,0.02940508962786248
760,880,120,0.12,0.031235619784056978
790,895,105,0.105,0.01831829515656352
740,870,130,0.13,0.01705811057440809
800,900,100,0.1,0.023518439209579925
770,885,115,0.115,0.018952183314529632
772,886,114,0.114,0.019791205176710947
774,887,113,0.113,0.022274817603448738
826,913,87,0.087,0.023381321730313175
736,868,132,0.132,0.023919654698092076
772,886,114,0.114,0.021332934381208275
740,870,130,0.13,0.023036403124054118
764,882,118,0.118,0.020066435079279587
790,895,105,0.105,0.02032496539573941
776,888,112,0.112,0.018282397575614822
754,877,123,0.123,0.023772253611402276
750,875,125,0.125,0.024395402802069952
792,896,104,0.104,0.026145760537265614
764,882,118,0.118,0.017535736472757562
762,881,119,0.119,0.030016338606659473
768,884,116,0.116,0.019449392940541658
796,898,102,0.102,0.020219769027401528
800,900,100,0.1,0.017258179562648707
744,872,128,0.128,0.02267601455202737
762,881,119,0.119,0.02255944283576423
784,892,108,0.108,0.020418214413717037
742,871,129,0.129,0.021483404451960553
754,877,123,0.123,0.018859249799281316
744,872,128,0.128,0.01996691174272975
748,874,126,0.126,0.022748198208811344
742,871,129,0.129,0.018748551443943596
756,878,122,0.122,0.022759124136322497
718,859,141,0.141,0.021072479449573023
830,915,85,0.085,0.016507288113391496
792,896,104,0.104,0.020701354753748204
718,859,141,0.141,0.02522074831557802
774,887,113,0.113,0.02711003062622797
710,855,145,0.145,0.02178399759213039
712,856,144,0.144,0.025092510845665744
750,875,125,0.125,0.025362485525527063
754,877,123,0.123,0.021137256475309188
816,908,92,0.092,0.02195435128297049
808,904,96,0.096,0.01682518717660963
768,884,116,0.116,0.02105552985133227
704,852,148,0.148,0.024831410421854855
698,849,151,0.151,0.024249504934007404
768,884,116,0.116,0.017068132747841445
736,868,132,0.132,0.02047041755948453
706,853,147,0.147,0.01738773062985905
768,884,116,0.116,0.0159293012137166
742,871,129,0.129,0.022202853105179374
716,858,142,0.142,0.02385187861916336
754,877,123,0.123,0.02328467965755135
760,880,120,0.12,0.02396173126514202
712,856,144,0.144,0.026301540945812177
806,903,97,0.097,0.015544120381223707
784,892,108,0.108,0.018140258801271073
788,894,106,0.106,0.019700388347744364
772,886,114,0.114,0.026867700541260205
800,900,100,0.1,0.020194192713495453
780,890,110,0.11,0.018444851079357248
780,890,110,0.11,0.022370726328508908
744,872,128,0.128,0.01852135839495645
728,864,136,0.136,0.02263798610664702
762,881,119,0.119,0.01878591160388663
812,906,94,0.094,0.01630892421120626
754,877,123,0.123,0.016466732643470493
788,894,106,0.106,0.022635358831192207
746,873,127,0.127,0.018544034550305923
764,882,118,0.118,0.016742660082970644
748,874,126,0.126,0.021716561926306895
788,894,106,0.106,0.017355490054386108
836,918,82,0.082,0.013930563645290533
734,867,133,0.133,0.021216693022233016
708,854,146,0.146,0.024750584050096437
752,876,124,0.124,0.01847150110928186
748,874,126,0.126,0.018021945740630145
740,870,130,0.13,0.023020672766762347
800,900,100,0.1,0.02528045654203322
792,896,104,0.104,0.017827602997429366
762,881,119,0.119,0.02062560055509121
784,892,108,0.108,0.022698252871697803
688,844,156,0.156,0.02243229344815347
710,855,145,0.145,0.0251607482949085
770,885,115,0.115,0.021790564638170737
730,865,135,0.135,0.026906751547018045
748,874,126,0.126,0.019677303051276795
796,898,102,0.102,0.01960964047071178
772,886,114,0.114,0.017687396236727635
750,875,125,0.125,0.02028056418904842
710,855,145,0.145,0.025045761319752273
814,907,93,0.093,0.017943509308788946
828,914,86,0.086,0.016351151800994473
766,883,117,0.117,0.021627200057754124
740,870,130,0.13,0.0187426366695866
798,899,101,0.101,0.014922532147282824
730,865,135,0.135,0.022388085467441216
714,857,143,0.143,0.02625247570501756
820,910,90,0.09,0.011317203928011594
758,879,121,0.121,0.017639185085447196
722,861,139,0.139,0.021281054607903114
798,899,101,0.101,0.01889426955381468
740,870,130,0.13,0.015483600106119596
784,892,108,0.108,0.017492162122141792
774,887,113,0.113,0.01895045464729992
742,871,129,0.129,0.02204901604302465
768,884,116,0.116,0.025475549831114094
786,893,107,0.107,0.026414931543649347
812,906,94,0.094,0.021084732855689823
728,864,136,0.136,0.021704805921907253
744,872,128,0.128,0.019093045341836045
700,850,150,0.15,0.023388223861648384
710,855,145,0.145,0.022785805441441424
780,890,110,0.11,0.028335797134652622
758,879,121,0.121,0.020141486070228608
740,870,130,0.13,0.023188743228650308
756,878,122,0.122,0.021927602461291825
774,887,113,0.113,0.024374980593314603
732,866,134,0.134,0.029539319335629897
756,878,122,0.122,0.02207763890994923
784,892,108,0.108,0.019064750980192457
784,892,108,0.108,0.0164419716061102
762,881,119,0.119,0.015644536041664468
754,877,123,0.123,0.02043480534665909
810,905,95,0.095,0.01791576254321376
680,840,160,0.16,0.020837747132498863
698,849,151,0.151,0.025790312465795752
796,898,102,0.102,0.017829632082137437
738,869,131,0.131,0.02132251227654888
788,894,106,0.106,0.022827327827938417
700,850,150,0.15,0.021028173826087255
770,885,115,0.115,0.02374965986419511
782,891,109,0.109,0.019682481492165622
730,865,135,0.135,0.02552546102278802
774,887,113,0.113,0.018805305614157674
790,895,105,0.105,0.01952520240843944
752,876,124,0.124,0.0215955494265433
834,917,83,0.083,0.016170375650659024
764,882,118,0.118,0.016695867046362424
768,884,116,0.116,0.013411396621534977
764,882,118,0.118,0.016237763579754472
796,898,102,0.102,0.01266683775013098
764,882,118,0.118,0.019410358032274984
760,880,120,0.12,0.01620823934008827
754,877,123,0.123,0.020960555145100358
732,866,134,0.134,0.021356820697198145
690,845,155,0.155,0.023707751469146388
744,872,128,0.128,0.021083061011689552
780,890,110,0.11,0.016066991803658424
790,895,105,0.105,0.019985081128555123
812,906,94,0.094,0.017272418039575087
714,857,143,0.143,0.025343959538226272
778,889,111,0.111,0.02236278856968238
748,874,126,0.126,0.017848892304313253
744,872,128,0.128,0.013101030560258351
728,864,136,0.136,0.020855319327131597
834,917,83,0.083,0.01415463327956229
740,870,130,0.13,0.013247364727389624
668,834,166,0.166,0.022466281173230827
704,852,148,0.148,0.02265503131731862
752,876,124,0.124,0.02317972162947774
762,881,119,0.119,0.021984372500557813
658,829,171,0.171,0.027898140626141356
760,880,120,0.12,0.025711058938137455
764,882,118,0.118,0.019285929076985668
760,880,120,0.12,0.022675925714492565
768,884,116,0.116,0.02264826712351737
736,868,132,0.132,0.018515758055818538
812,906,94,0.094,0.022366987100006553
756,878,122,0.122,0.02444355216122676
770,885,115,0.115,0.015554483559998288
766,883,117,0.117,0.02513185735564855
766,883,117,0.117,0.021955105655811196
736,868,132,0.132,0.02529630010534095
784,892,108,0.108,0.016383727204251783
790,895,105,0.105,0.018464170417450874
740,870,130,0.13,0.014432203048172056
744,872,128,0.128,0.019254426305228833
832,916,84,0.084,0.01603434702241651
734,867,133,0.133,0.018412691246424175
770,885,115,0.115,0.018613394436082727
778,889,111,0.111,0.014838173556604602
762,881,119,0.119,0.0177358527598401
742,871,129,0.129,0.01575323170289647
734,867,133,0.133,0.016287060020188107
772,886,114,0.114,0.016745188271511096
784,892,108,0.108,0.01437545534222096
760,880,120,0.12,0.017247924626796304
742,871,129,0.129,0.021663246216475956
736,868,132,0.132,0.018590519354710948
730,865,135,0.135,0.018218265029842428
722,861,139,0.139,0.01724001634703953
742,871,129,0.129,0.016856700165005803
762,881,119,0.119,0.019221439195306857
774,887,113,0.113,0.01663787143621454
750,875,125,0.125,0.020310631914074066
784,892,108,0.108,0.023734476500635423
810,905,95,0.095,0.016168457499088164
750,875,125,0.125,0.01435272144450846
810,905,95,0.095,0.0122052566207865
780,890,110,0.11,0.016631288300739015
724,862,138,0.138,0.021913649339838855
758,879,121,0.121,0.017949304739821856
742,871,129,0.129,0.01190503843756369
782,891,109,0.109,0.017825915410571328
692,846,154,0.154,0.020168676874633546
760,880,120,0.12,0.015802756778223282
782,891,109,0.109,0.01909672899205998
754,877,123,0.123,0.013640651966874542
774,887,113,0.113,0.018768894251229993
736,868,132,0.132,0.015234266541258422
762,881,119,0.119,0.017969951197295414
712,856,144,0.144,0.021063857462423514
734,867,133,0.133,0.01976119633610324
832,916,84,0.084,0.017574234119468513
740,870,130,0.13,0.02090960340045308
770,885,115,0.115,0.020284057611811363
808,904,96,0.096,0.016330910061139434
756,878,122,0.122,0.020731643419113426
836,918,82,0.082,0.012276410224374501
764,882,118,0.118,0.014535074956478525
752,876,124,0.124,0.01779641728300112
820,910,90,0.09,0.013456821253308021
682,841,159,0.159,0.017494668829020156
764,882,118,0.118,0.014157316783353621
754,877,123,0.123,0.012289939855467395
818,909,91,0.091,0.012038255944926902
708,854,146,0.146,0.022660561860806127
738,869,131,0.131,0.012955659994284588
710,855,145,0.145,0.01593823850866116
664,832,168,0.168,0.018537179717032358
720,860,140,0.14,0.017571297682186925
760,880,120,0.12,0.015873482503703597
670,835,165,0.165,0.021082307323879376
696,848,152,0.152,0.02238362456154755
764,882,118,0.118,0.018293747979283126
800,900,100,0.1,0.022807109678198684
704,852,148,0.148,0.020401245491278502
744,872,128,0.128,0.021937203371689976
792,896,104,0.104,0.016625278714555266
724,862,138,0.138,0.017044408621916377
758,879,121,0.121,0.01899099677508343
792,896,104,0.104,0.014123524077593175
758,879,121,0.121,0.01778562796070287
708,854,146,0.146,0.015787987659236478
676,838,162,0.162,0.013754373746946158
798,899,101,0.101,0.013246932182791398
700,850,150,0.15,0.01555660675660556
796,898,102,0.102,0.013452295610707382
790,895,105,0.105,0.01685605691686703
758,879,121,0.121,0.012412904075001166
724,862,138,0.138,0.017587544513302418
744,872,128,0.128,0.016434939719429394
710,855,145,0.145,0.015911024863579995
838,919,81,0.081,0.0112133277568267
744,872,128,0.128,0.020962674972200147
794,897,103,0.103,0.011364581365406821
762,881,119,0.119,0.020839363073113532
804,902,98,0.098,0.011966407500125115
788,894,106,0.106,0.014311560543656128
782,891,109,0.109,0.015635916599072062
798,899,101,0.101,0.012722147800138828
762,881,119,0.119,0.013719826486365036
798,899,101,0.101,0.010129981026919836
746,873,127,0.127,0.013956750684044493
780,890,110,0.11,0.018841120208657854
764,882,118,0.118,0.011329028912970017
808,904,96,0.096,0.012988460786120058
768,884,116,0.116,0.013802195832897383
750,875,125,0.125,0.016721462403296642
784,892,108,0.108,0.012169276416366757
746,873,127,0.127,0.015121856419902486
798,899,101,0.101,0.014166321383149579
708,854,146,0.146,0.01788210342214586
822,911,89,0.089,0.013675739425767006
792,896,104,0.104,0.020034422854952764
776,888,112,0.112,0.012887179625238332
772,886,114,0.114,0.012481928416700839
802,901,99,0.099,0.011746648957742906
728,864,136,0.136,0.015766250197033288
772,886,114,0.114,0.01217039068665099
812,906,94,0.094,0.013804696989030503
762,881,119,0.119,0.014589860441068764
752,876,124,0.124,0.013263398220443263
762,881,119,0.119,0.012570931120423894
846,923,77,0.077,0.013378762719323844
778,889,111,0.111,0.01299202639377063
828,914,86,0.086,0.009680593495836092
750,875,125,0.125,0.013773491031330081
756,878,122,0.122,0.012456221721922376
790,895,105,0.105,0.007364082855455649
714,857,143,0.143,0.010940346723310427
714,857,143,0.143,0.015270126692287193
816,908,92,0.092,0.010827090414079522
724,862,138,0.138,0.017649489400511784
750,875,125,0.125,0.015907520797440042
770,885,115,0.115,0.017471252008526336
792,896,104,0.104,0.009993642230645477
770,885,115,0.115,0.012338770214844771
720,860,140,0.14,0.015939148243302725
840,920,80,0.08,0.009914369321086866
748,874,126,0.126,0.013976410141373435
752,876,124,0.124,0.015068076205356192
766,883,117,0.117,0.01091019472882067
808,904,96,0.096,0.014167841675884774
882,941,59,0.059,0.010926386148767663
766,883,117,0.117,0.011424830954875915
792,896,104,0.104,0.013029674470919872
786,893,107,0.107,0.010410519007365096
746,873,127,0.127,0.01141730720938341
752,876,124,0.124,0.012978280053198432
756,878,122,0.122,0.01258085164871602
800,900,100,0.1,0.012808847543148857
782,891,109,0.109,0.013753403001372306
760,880,120,0.12,0.01567447658527476
776,888,112,0.112,0.010862135890225517
684,842,158,0.158,0.016014435971564666
766,883,117,0.117,0.01731681174443463
738,869,131,0.131,0.018672852805689928
794,897,103,0.103,0.013203466271848242
794,897,103,0.103,0.014646933556833119
776,888,112,0.112,0.012505306349493964
776,888,112,0.112,0.014760836452968476
736,868,132,0.132,0.01884581648169501
816,908,92,0.092,0.013461777246289473
770,885,115,0.115,0.0124243940940448
734,867,133,0.133,0.009747470492494017
786,893,107,0.107,0.010923697937361794
758,879,121,0.121,0.011206304742107476
788,894,106,0.106,0.009582725699041362
762,881,119,0.119,0.014727015027195763
780,890,110,0.11,0.012644427921883562
744,872,128,0.128,0.014317036769734243
718,859,141,0.141,0.014578151818872016
776,888,112,0.112,0.012715416520922077
770,885,115,0.115,0.013551531537417758
766,883,117,0.117,0.014348434473592533
712,856,144,0.144,0.014538167923477346
788,894,106,0.106,0.014230973834548877
744,872,128,0.128,0.011854082972102333
792,896,104,0.104,0.0140085236201015
778,889,111,0.111,0.015049669155819173
724,862,138,0.138,0.01682711967060163
704,852,148,0.148,0.01807217515715638
756,878,122,0.122,0.01884586338538486
780,890,110,0.11,0.011532604596018558
774,887,113,0.113,0.01474420131840759
820,910,90,0.09,0.011438857168474271
804,902,98,0.098,0.011072248429064643
754,877,123,0.123,0.012856820700939351
790,895,105,0.105,0.008869155410936158
786,893,107,0.107,0.01295937143891551
782,891,109,0.109,0.012001667104561648
718,859,141,0.141,0.009521243512029515
774,887,113,0.113,0.012350809309151514
776,888,112,0.112,0.010652617013601144
800,900,100,0.1,0.015422590068889306
682,841,159,0.159,0.016977150514559128
694,847,153,0.153,0.014587144669897896
734,867,133,0.133,0.01855109238023306
744,872,128,0.128,0.011473626046055643
708,854,146,0.146,0.01715615855306487
714,857,143,0.143,0.022252611802245838
752,876,124,0.124,0.014716893955191395
794,897,103,0.103,0.015704218158336516
762,881,119,0.119,0.01705658788849513
826,913,87,0.087,0.015386037049082915
736,868,132,0.132,0.021523456265061667
826,913,87,0.087,0.012360216288928073
736,868,132,0.132,0.016638494644018835
742,871,129,0.129,0.011232943450861925
826,913,87,0.087,0.014820315319583301
788,894,106,0.106,0.010636686411855707
800,900,100,0.1,0.011481318885903192
778,889,111,0.111,0.006656992962334158
726,863,137,0.137,0.013317115877974402
762,881,119,0.119,0.01128314113940604
718,859,141,0.141,0.012974330951789398
772,886,114,0.114,0.013700113398335361
756,878,122,0.122,0.013202811628673601
802,901,99,0.099,0.011735861129151886
706,853,147,0.147,0.016952155473575658
702,851,149,0.149,0.013599251025346348
720,860,140,0.14,0.018695929010745887
818,909,91,0.091,0.00929701846805503
790,895,105,0.105,0.013109249141618762
716,858,142,0.142,0.015134202877060375
786,893,107,0.107,0.014086896017284288
752,876,124,0.124,0.011025754076120933
738,869,131,0.131,0.01682781172923569
796,898,102,0.102,0.014811806552053781
770,885,115,0.115,0.011602452252214164
730,865,135,0.135,0.015064757831263478
788,894,106,0.106,0.01137162709146412
738,869,131,0.131,0.010926745942556266
770,885,115,0.115,0.011565204238016349
786,893,107,0.107,0.011104818993710295
800,900,100,0.1,0.016276296613710314
778,889,111,0.111,0.013678784735303453
744,872,128,0.128,0.01287761583727422
796,898,102,0.102,0.008014843312327442
814,907,93,0.093,0.0072017458439548815
736,868,132,0.132,0.013281668213568536
760,880,120,0.12,0.01207772015752397
694,847,153,0.153,0.014257814081883225
782,891,109,0.109,0.010236567731786862
758,879,121,0.121,0.010805660661654996
768,884,116,0.116,0.011720890349602995
702,851,149,0.149,0.0181309757019003
796,898,102,0.102,0.011217729324454922
796,898,102,0.102,0.012359852896931443
714,857,143,0.143,0.01699341120005681
782,891,109,0.109,0.014399312544073041
818,909,91,0.091,0.00918638425244626
756,878,122,0.122,0.011773563631650177
798,899,101,0.101,0.012871811809370342
764,882,118,0.118,0.01154687451625182
806,903,97,0.097,0.012041532602933842
754,877,123,0.123,0.011222842085815131
750,875,125,0.125,0.013470518969120576
766,883,117,0.117,0.015034690609810468
706,853,147,0.147,0.01301534072777612
746,873,127,0.127,0.012745939068439157
748,874,126,0.126,0.012506928916774313
794,897,103,0.103,0.011456024735100073
766,883,117,0.117,0.013121732640210439
820,910,90,0.09,0.013251197587264755
728,864,136,0.136,0.012666967745851366
794,897,103,0.103,0.014035436013632762
782,891,109,0.109,0.013322311154355702
778,889,111,0.111,0.010062507712410025
732,866,134,0.134,0.01058433359502692
794,897,103,0.103,0.012189672714371567
754,877,123,0.123,0.01232762311222035
706,853,147,0.147,0.013518511379653063
756,878,122,0.122,0.012079858570803481
766,883,117,0.117,0.007332677070433192
766,883,117,0.117,0.009197597505222291
808,904,96,0.096,0.012997952653960965
782,891,109,0.109,0.00818493728272324
762,881,119,0.119,0.013187548243895435
760,880,120,0.12,0.014114974088498457
792,896,104,0.104,0.009689805436423286
784,892,108,0.108,0.015537527980789036
800,900,100,0.1,0.014805457784310874
726,863,137,0.137,0.01396561242649085
802,901,99,0.099,0.01302991243895849
772,886,114,0.114,0.010468650292454924
784,892,108,0.108,0.009154826140389474
732,866,134,0.134,0.011580737089362175
828,914,86,0.086,0.008309580437390366
762,881,119,0.119,0.014060392484011117
760,880,120,0.12,0.011830899943340228
796,898,102,0.102,0.009367496144879795
814,907,93,0.093,0.010403081416750084
684,842,158,0.158,0.01583394958167014
740,870,130,0.13,0.01151974842354329
810,905,95,0.095,0.011027097868826104
776,888,112,0.112,0.0112311141635264
756,878,122,0.122,0.011263346751439259
776,888,112,0.112,0.010680634490132774
816,908,92,0.092,0.009258774536240707
762,881,119,0.119,0.016782149755523734
750,875,125,0.125,0.013107140480753742
742,871,129,0.129,0.01123780679144761
750,875,125,0.125,0.012181479300841118
712,856,144,0.144,0.013910951665515994
742,871,129,0.129,0.014098602496314328
754,877,123,0.123,0.013214866551490673
800,900,100,0.1,0.01175483148779557
690,845,155,0.155,0.015436944145809775
776,888,112,0.112,0.009706332263133844
800,900,100,0.1,0.010866633903390835
770,885,115,0.115,0.01266996860411757
696,848,152,0.152,0.011803454330969543
722,861,139,0.139,0.017125624890352013
814,907,93,0.093,0.010464358761146287
812,906,94,0.094,0.01383019403281071
846,923,77,0.077,0.009983427077017267
810,905,95,0.095,0.012467172701921981
742,871,129,0.129,0.012337491537882243
748,874,126,0.126,0.010306247947632984
778,889,111,0.111,0.011392247630207294
716,858,142,0.142,0.009814992857711275
756,878,122,0.122,0.009650823093832969
740,870,130,0.13,0.012549931518813538
784,892,108,0.108,0.009717680617825863
788,894,106,0.106,0.011784025288947078
726,863,137,0.137,0.013068412315672276
788,894,106,0.106,0.01692284114780614
790,895,105,0.105,0.01179058765715763
770,885,115,0.115,0.01194352195743295
760,880,120,0.12,0.014195220156113464
798,899,101,0.101,0.011053926460335333
754,877,123,0.123,0.011776006010798937
786,893,107,0.107,0.0113178723193342
786,893,107,0.107,0.008979118527199488
852,926,74,0.074,0.007121229705621658
806,903,97,0.097,0.009373063486216325
766,883,117,0.117,0.010025079215109258
776,888,112,0.112,0.00772520789899221
700,850,150,0.15,0.011561933166012069
788,894,106,0.106,0.009477933331005318
782,891,109,0.109,0.008023220804316224
816,908,92,0.092,0.008307322224377004
714,857,143,0.143,0.013235646366751098
804,902,98,0.098,0.010525104695977689
744,872,128,0.128,0.013389577155175346
760,880,120,0.12,0.013293223426614986
790,895,105,0.105,0.014457472206526802
732,866,134,0.134,0.016948783852485577
756,878,122,0.122,0.013060253652347115
718,859,141,0.141,0.017074209647426185
772,886,114,0.114,0.0110767766346859
772,886,114,0.114,0.015605692080779705
800,900,100,0.1,0.010383128835069328
764,882,118,0.118,0.015211249904002841
760,880,120,0.12,0.009386740081880361
738,869,131,0.131,0.012811457788017833
770,885,115,0.115,0.012504773515890065
758,879,121,0.121,0.013315011225407944
802,901,99,0.099,0.009800083805430062
838,919,81,0.081,0.011503350722599066
804,902,98,0.098,0.0073007997984968825
798,899,101,0.101,0.011303186027949665
758,879,121,0.121,0.009550329016235879
748,874,126,0.126,0.010194485037160347
856,928,72,0.072,0.008624215484371233
756,878,122,0.122,0.009521265441643294
750,875,125,0.125,0.013022342655443709
792,896,104,0.104,0.011542837569012974
836,918,82,0.082,0.008399294196445226
780,890,110,0.11,0.008190483707359534
740,870,130,0.13,0.01152822472500634
742,871,129,0.129,0.014373781744648113
770,885,115,0.115,0.01026681749798172
752,876,124,0.124,0.013103947447958716
728,864,136,0.136,0.012580844128770877
756,878,122,0.122,0.013681008714873827
770,885,115,0.115,0.014896482017734343
776,888,112,0.112,0.011202192834035316
800,900,100,0.1,0.011553325323291801
752,876,124,0.124,0.013592238524340246
702,851,149,0.149,0.013318787737614458
842,921,79,0.079,0.010954672108169689
764,882,118,0.118,0.013407851492789405
760,880,120,0.12,0.010892618587564244
768,884,116,0.116,0.012731704829340999
758,879,121,0.121,0.009101329710684013
750,875,125,0.125,0.014377515308060324
776,888,112,0.112,0.010539241092749648
790,895,105,0.105,0.008597927778017947
726,863,137,0.137,0.012549249494906461
736,868,132,0.132,0.01613440563718086
744,872,128,0.128,0.010826456114192752
698,849,151,0.151,0.013957612196364608
774,887,113,0.113,0.015893999384924428
740,870,130,0.13,0.016170606713366398
752,876,124,0.124,0.0157320766718492
822,911,89,0.089,0.011675517018284268
676,838,162,0.162,0.012063600936426383
802,901,99,0.099,0.012396136518218555
734,867,133,0.133,0.013780372172955822
820,910,90,0.09,0.00845627377203391
724,862,138,0.138,0.010541660033085463
754,877,123,0.123,0.011768471288160982
738,869,131,0.131,0.015167814442838221
790,895,105,0.105,0.011112121381003022
780,890,110,0.11,0.011376731391978524
776,888,112,0.112,0.012077506989961108
702,851,149,0.149,0.011092049961837802
796,898,102,0.102,0.012517232532056369
796,898,102,0.102,0.011770754205486355
732,866,134,0.134,0.015444014769814657
792,896,104,0.104,0.010998963428413163
798,899,101,0.101,0.00991539956477149
818,909,91,0.091,0.01184141122726396
728,864,136,0.136,0.010579535535304559
826,913,87,0.087,0.007864761007134406
702,851,149,0.149,0.012196645297644408
736,868,132,0.132,0.010220986882141915
816,908,92,0.092,0.010671140644371918
790,895,105,0.105,0.013813056979485736
720,860,140,0.14,0.01772374508084431
796,898,102,0.102,0.015080286638441066
806,903,97,0.097,0.01032226737626479
740,870,130,0.13,0.00890282412268789
770,885,115,0.115,0.012945008538484216
710,855,145,0.145,0.012707609779649147
790,895,105,0.105,0.009799909087082313
744,872,128,0.128,0.014022156409730088
772,886,114,0.114,0.01144099976940106
750,875,125,0.125,0.014800677003222518
810,905,95,0.095,0.012996870873023482
762,881,119,0.119,0.01500103488955179
768,884,116,0.116,0.01080865171748826
790,895,105,0.105,0.012679765278455761
772,886,114,0.114,0.01067747909638365
716,858,142,0.142,0.010777485230474894
796,898,102,0.102,0.010961631179250163
796,898,102,0.102,0.009562133096499566
750,875,125,0.125,0.012514232156339858
800,900,100,0.1,0.010629029056613035
762,881,119,0.119,0.010660138015650049
746,873,127,0.127,0.011999226908333412
822,911,89,0.089,0.0153905531364162
788,894,106,0.106,0.011308360232292671
822,911,89,0.089,0.009041465108211924
792,896,104,0.104,0.009131511216951594
734,867,133,0.133,0.011166538430290529
776,888,112,0.112,0.011333368447828434
746,873,127,0.127,0.013187572960734884
786,893,107,0.107,0.01264919819869283
742,871,129,0.129,0.010543318198860107
794,897,103,0.103,0.01151026831755189
798,899,101,0.101,0.011962140487505622
796,898,102,0.102,0.007187865656135273
728,864,136,0.136,0.013321276565387962
814,907,93,0.093,0.010988463241809313
762,881,119,0.119,0.009296959090181417
798,899,101,0.101,0.009343858894751065
776,888,112,0.112,0.014212235281204244
738,869,131,0.131,0.012872579104559464
764,882,118,0.118,0.016054865671856534
744,872,128,0.128,0.01462028882206505
766,883,117,0.117,0.011849227104410602
788,894,106,0.106,0.011815773811367763
746,873,127,0.127,0.013295944295268782
786,893,107,0.107,0.00984256774613516
798,899,101,0.101,0.010707687141963107
762,881,119,0.119,0.010594169155740019
740,870,130,0.13,0.008897730662290798
786,893,107,0.107,0.009895342738534737
728,864,136,0.136,0.011071909565346004
820,910,90,0.09,0.00731697416946713
796,898,102,0.102,0.010052513202759997
718,859,141,0.141,0.010366697509280811
764,882,118,0.118,0.008206494679330717
710,855,145,0.145,0.010790599546009616
750,875,125,0.125,0.013590254884073148
776,888,112,0.112,0.010707103795572038
764,882,118,0.118,0.011399569250221248
776,888,112,0.112,0.012846093938485865
780,890,110,0.11,0.01187237879434133
754,877,123,0.123,0.012327279555595823
766,883,117,0.117,0.013142115755819759
768,884,116,0.116,0.01326178755988485
796,898,102,0.102,0.00949262204334218
810,905,95,0.095,0.009165230473886255
746,873,127,0.127,0.008469892552843703
746,873,127,0.127,0.00934398454964915
800,900,100,0.1,0.0065682289598646545
824,912,88,0.088,0.007660117701885042
744,872,128,0.128,0.00804286095093596
768,884,116,0.116,0.01062868580040231
794,897,103,0.103,0.008174450176591507
770,885,115,0.115,0.01142286423755013
760,880,120,0.12,0.013909102733015289
746,873,127,0.127,0.007961798762779608
782,891,109,0.109,0.011466602476127264
774,887,113,0.113,0.010073769324939577
738,869,131,0.131,0.0115634947179326
762,881,119,0.119,0.008779672139063678
792,896,104,0.104,0.012483561259020804
816,908,92,0.092,0.008189505007989624
722,861,139,0.139,0.00945818891096485
680,840,160,0.16,0.008987578674787755
774,887,113,0.113,0.008977050742651045
756,878,122,0.122,0.011883512190261172
734,867,133,0.133,0.015025829854134372
788,894,106,0.106,0.01320099519776727
744,872,128,0.128,0.011602867871712079
786,893,107,0.107,0.01298948691398391
734,867,133,0.133,0.012762966150919965
788,894,106,0.106,0.009995193620784904
766,883,117,0.117,0.01267585697094546
774,887,113,0.113,0.009832463484692654
742,871,129,0.129,0.009217109665783482
834,917,83,0.083,0.009738079534616645
740,870,130,0.13,0.008710815267415455
758,879,121,0.121,0.010179670625022709
786,893,107,0.107,0.008254208342591482
792,896,104,0.104,0.009569114190916024
782,891,109,0.109,0.010300863238139186
734,867,133,0.133,0.011959523308824828
762,881,119,0.119,0.010992922879158868
794,897,103,0.103,0.011063723651844612
764,882,118,0.118,0.007112388021178959
812,906,94,0.094,0.01268942891049528
756,878,122,0.122,0.009836322273331461
746,873,127,0.127,0.010549288147926404
786,893,107,0.107,0.008305376984983098
774,887,113,0.113,0.00955475910068708
798,899,101,0.101,0.00975103274508713
756,878,122,0.122,0.010128845083254873
764,882,118,0.118,0.00930960258812729
746,873,127,0.127,0.010872367084808389
736,868,132,0.132,0.011529396073891803
720,860,140,0.14,0.011241625601340274
742,871,129,0.129,0.01040498382016267
746,873,127,0.127,0.011445980243952818
780,890,110,0.11,0.013882630677799625
704,852,148,0.148,0.013386036430579453
736,868,132,0.132,0.01636939293445812
788,894,106,0.106,0.015124728952513579
690,845,155,0.155,0.015294642144859722
802,901,99,0.099,0.010614010808676539
812,906,94,0.094,0.0081249325249064
776,888,112,0.112,0.00913271971861468
788,894,106,0.106,0.009098004993334144
760,880,120,0.12,0.009484045610415706
762,881,119,0.119,0.010270142359271177
736,868,132,0.132,0.010698790329939926
756,878,122,0.122,0.008106322372482638
742,871,129,0.129,0.011656974350011296
834,917,83,0.083,0.010551595791388537
678,839,161,0.161,0.009784601350059347
778,889,111,0.111,0.009874951530180625
744,872,128,0.128,0.009829254267566966
768,884,116,0.116,0.009229046639808076
756,878,122,0.122,0.013061503138591434
714,857,143,0.143,0.01477380481463706
776,888,112,0.112,0.01007022799394099
754,877,123,0.123,0.011105606618716592
772,886,114,0.114,0.01122580584586285
804,902,98,0.098,0.010804014863310386
744,872,128,0.128,0.011828864199726468
752,876,124,0.124,0.011401584339529564
754,877,123,0.123,0.009807974113564
758,879,121,0.121,0.010643844769833549
820,910,90,0.09,0.008874373939689576
696,848,152,0.152,0.010998124296522293
802,901,99,0.099,0.010106585713033838
750,875,125,0.125,0.011885915765149064
784,892,108,0.108,0.009742491111557897
760,880,120,0.12,0.010738060224565743
716,858,142,0.142,0.010482377839058416
712,856,144,0.144,0.010339290473547407
774,887,113,0.113,0.01115878105147749
758,879,121,0.121,0.012133201771218865
742,871,129,0.129,0.011736534434726309
770,885,115,0.115,0.010999766533532239
760,880,120,0.12,0.009513587514214123
800,900,100,0.1,0.011009707707757116
750,875,125,0.125,0.012381527376062877
740,870,130,0.13,0.01054547554669989
790,895,105,0.105,0.010579173891260325
796,898,102,0.102,0.008211535370316369
758,879,121,0.121,0.007340366830816265
784,892,108,0.108,0.009442131188061182
812,906,94,0.094,0.010918033496317548
742,871,129,0.129,0.01015185878246166
786,893,107,0.107,0.010751535769726615
754,877,123,0.123,0.010811196849138468
754,877,123,0.123,0.010679012918736361
798,899,101,0.101,0.011081725385225581
708,854,146,0.146,0.009593519171474555
742,871,129,0.129,0.008512291043220103
834,917,83,0.083,0.009493136056886925
754,877,123,0.123,0.014100841534489518
772,886,114,0.114,0.012430779247872123
764,882,118,0.118,0.013415212850577517
676,838,162,0.162,0.014081143761791197
776,888,112,0.112,0.01188590192234915
824,912,88,0.088,0.010496491250333605
754,877,123,0.123,0.010850416931327345
766,883,117,0.117,0.009302847359935185
740,870,130,0.13,0.010341570989429784
728,864,136,0.136,0.011285173497566576
804,902,98,0.098,0.009461686271022587
746,873,127,0.127,0.009492521076384037
774,887,113,0.113,0.01297207716108278
788,894,106,0.106,0.010432550240764612
820,910,90,0.09,0.007634851957836872
802,901,99,0.099,0.01078123942863658
744,872,128,0.128,0.009499057775016865
776,888,112,0.112,0.009772562406613361
776,888,112,0.112,0.008179280507529257
818,909,91,0.091,0.008217089149630824
746,873,127,0.127,0.00770496561359414
790,895,105,0.105,0.010768643274538362
792,896,104,0.104,0.009708299618817137
682,841,159,0.159,0.012831390954098423
812,906,94,0.094,0.008815963579137134
782,891,109,0.109,0.00985153811152486
740,870,130,0.13,0.014695278276608974
698,849,151,0.151,0.014234861517231365
774,887,113,0.113,0.015696852861545266
768,884,116,0.116,0.01203650837566056
756,878,122,0.122,0.015392084369457734
770,885,115,0.115,0.01323101356017287
792,896,104,0.104,0.010462975273248958
844,922,78,0.078,0.009607570273250531
836,918,82,0.082,0.007201033664864553
770,885,115,0.115,0.009519135797949276
784,892,108,0.108,0.009069655705387049
732,866,134,0.134,0.00945072529672416
756,878,122,0.122,0.011097943087443638
724,862,138,0.138,0.009017806532541726
794,897,103,0.103,0.008880096492905522
774,887,113,0.113,0.012145120959953602
754,877,123,0.123,0.010642783191406125
846,923,77,0.077,0.012021952966879326
764,882,118,0.118,0.010819306451988723
760,880,120,0.12,0.013251673670503806
720,860,140,0.14,0.01200696189861901
816,908,92,0.092,0.010138193717035391
756,878,122,0.122,0.00999595758250871
790,895,105,0.105,0.008776360246261902
740,870,130,0.13,0.012368085174541193
764,882,118,0.118,0.012971523995750658
776,888,112,0.112,0.00927683789827006
698,849,151,0.151,0.010705651114500142
764,882,118,0.118,0.009078058771714496
862,931,69,0.069,0.007532320952179362
780,890,110,0.11,0.011339574131629887
782,891,109,0.109,0.010052734379919458
846,923,77,0.077,0.00933548059280065
724,862,138,0.138,0.011321134235983209
722,861,139,0.139,0.01029174760790056
784,892,108,0.108,0.008215056793237181
748,874,126,0.126,0.010082559118462541
794,897,103,0.103,0.009596572250829922
750,875,125,0.125,0.012664208883904167
770,885,115,0.115,0.013436175369028205
766,883,117,0.117,0.011186854729564629
718,859,141,0.141,0.012897799594111348
756,878,122,0.122,0.012020512119102931
766,883,117,0.117,0.013608951502661512
760,880,120,0.12,0.01197730455625424
744,872,128,0.128,0.010377853175511518
786,893,107,0.107,0.009736486319415235
750,875,125,0.125,0.009717992934996346
790,895,105,0.105,0.012991027583837422
754,877,123,0.123,0.010067540828950769
678,839,161,0.161,0.01691302216274926
746,873,127,0.127,0.01399316552016171
742,871,129,0.129,0.012704078909598139
752,876,124,0.124,0.012921609604554761
790,895,105,0.105,0.011310808908572653
756,878,122,0.122,0.012171371449483558
820,910,90,0.09,0.009521086038259
698,849,151,0.151,0.013355211971751487
760,880,120,0.12,0.014020759178057802
802,901,99,0.099,0.009908425089004596
708,854,146,0.146,0.013059379285118211
736,868,132,0.132,0.010947401020519465
734,867,133,0.133,0.015994514896388864
752,876,124,0.124,0.014768336515965529
804,902,98,0.098,0.015272199284107045
766,883,117,0.117,0.015192341062007472
738,869,131,0.131,0.014621009290916845
764,882,118,0.118,0.01162505833569412
846,923,77,0.077,0.012514814227695297
720,860,140,0.14,0.013208701381855462
832,916,84,0.084,0.009380208275497353
696,848,152,0.152,0.009516518901786186
806,903,97,0.097,0.007655680456300161
778,889,111,0.111,0.007184641188203841
846,923,77,0.077,0.006929644350483613
748,874,126,0.126,0.008097593068272544
796,898,102,0.102,0.008511614312160418
780,890,110,0.11,0.012024050137102676
746,873,127,0.127,0.011804512760163562
810,905,95,0.095,0.011553094453378435
786,893,107,0.107,0.017242208878207748
744,872,128,0.128,0.012082048760918042
776,888,112,0.112,0.012878815014574229
680,840,160,0.16,0.013484152573380015
794,897,103,0.103,0.00873534184557684
710,855,145,0.145,0.013646966975720716
720,860,140,0.14,0.01118733262308524
778,889,111,0.111,0.014545083019933373
788,894,106,0.106,0.011869737690001785
718,859,141,0.141,0.010539970467751118
732,866,134,0.134,0.012808350015897304
740,870,130,0.13,0.013061855278341682
738,869,131,0.131,0.013053434276696863
736,868,132,0.132,0.015519374027760931
784,892,108,0.108,0.01248869968811232
784,892,108,0.108,0.010455219051360473
752,876,124,0.124,0.01345447175983827
784,892,108,0.108,0.013244021287759096
824,912,88,0.088,0.009013042687603046
758,879,121,0.121,0.008773671473439947
740,870,130,0.13,0.010725702299693239
810,905,95,0.095,0.00806418024625276
768,884,116,0.116,0.007880112281564634
684,842,158,0.158,0.010228568394461035
780,890,110,0.11,0.009903585315138116
802,901,99,0.099,0.008328082117441227
750,875,125,0.125,0.010579851464308376
726,863,137,0.137,0.009834985435475573
744,872,128,0.128,0.011604590528952543
774,887,113,0.113,0.010465893452776072
790,895,105,0.105,0.01439703650642366
762,881,119,0.119,0.014782704574975696
756,878,122,0.122,0.011272264131130215
764,882,118,0.118,0.010814613314590589
740,870,130,0.13,0.012798739546426078
772,886,114,0.114,0.010785564531408455
766,883,117,0.117,0.009756838768618763
788,894,106,0.106,0.009043792560706606
692,846,154,0.154,0.010376839297018705
738,869,131,0.131,0.00999238804177196
778,889,111,0.111,0.010031369867973807
720,860,140,0.14,0.010324888113845191
752,876,124,0.124,0.011476834047321973
804,902,98,0.098,0.009449159291971227
754,877,123,0.123,0.013351497514786387
744,872,128,0.128,0.013669559733974893
702,851,149,0.149,0.012823727819768465
702,851,149,0.149,0.011584857242848556
762,881,119,0.119,0.009988759365818623
798,899,101,0.101,0.013030672280528961
774,887,113,0.113,0.01064450977328488
730,865,135,0.135,0.010326687074114488
730,865,135,0.135,0.01041516120477081
730,865,135,0.135,0.009845667049907206
770,885,115,0.115,0.009376168531172879
786,893,107,0.107,0.008896349807174828
836,918,82,0.082,0.009055908011802786
802,901,99,0.099,0.007758273947465568
724,862,138,0.138,0.008719504342583605
764,882,118,0.118,0.00750071109594137
690,845,155,0.155,0.009362235025304585
716,858,142,0.142,0.01068172144618029
794,897,103,0.103,0.01004828494731919
722,861,139,0.139,0.010777801159090813
734,867,133,0.133,0.01272066703842222
794,897,103,0.103,0.009444533934680295
742,871,129,0.129,0.012706460234345286
708,854,146,0.146,0.010762495501538068
758,879,121,0.121,0.008786948944638426
724,862,138,0.138,0.010816290727849264
784,892,108,0.108,0.009122266693303118
714,857,143,0.143,0.011444202049697197
728,864,136,0.136,0.009532436997112427
722,861,139,0.139,0.011347361583174006
784,892,108,0.108,0.010548541225381285
776,888,112,0.112,0.007518550793009126
734,867,133,0.133,0.008214299791385429
816,908,92,0.092,0.00901165996387681
766,883,117,0.117,0.009614901105067474
806,903,97,0.097,0.006851095343770112
776,888,112,0.112,0.009795015193554718
686,843,157,0.157,0.01057077137354554
762,881,119,0.119,0.008402456031575242
682,841,159,0.159,0.008208703433452683
804,902,98,0.098,0.008144354690912223
826,913,87,0.087,0.009224271392251467
736,868,132,0.132,0.010119068375793176
762,881,119,0.119,0.008155643117296676
760,880,120,0.12,0.009289191249881696
780,890,110,0.11,0.011481853273107846
716,858,142,0.142,0.010958958389437612
772,886,114,0.114,0.009264672352738671
790,895,105,0.105,0.01045005679683527
798,899,101,0.101,0.005901299741073672
756,878,122,0.122,0.008662263639293087
788,894,106,0.106,0.008071960622390179
766,883,117,0.117,0.008012467678796384
800,900,100,0.1,0.00632258547744641
718,859,141,0.141,0.00768544040530196
794,897,103,0.103,0.010274364844161027
756,878,122,0.122,0.007776270299415046
754,877,123,0.123,0.00806046590259848
762,881,119,0.119,0.010192147926511097
782,891,109,0.109,0.013533744381284123
834,917,83,0.083,0.010191791987632313
784,892,108,0.108,0.009018070213285682
790,895,105,0.105,0.009095783652507634
776,888,112,0.112,0.00896982366696284
742,871,129,0.129,0.005693347512774608
720,860,140,0.14,0.007061678389507961
850,925,75,0.075,0.005757180301894095
748,874,126,0.126,0.008818229828309768
782,891,109,0.109,0.00982642698181644
790,895,105,0.105,0.009386734062813047
704,852,148,0.148,0.010643241467541885
740,870,130,0.13,0.009848485359387269
692,846,154,0.154,0.013421469635300809
742,871,129,0.129,0.009520892413878755
736,868,132,0.132,0.011778467730258058
706,853,147,0.147,0.01089920713945139
740,870,130,0.13,0.011673774197086005
738,869,131,0.131,0.009109572581017347
744,872,128,0.128,0.009634443852361074
818,909,91,0.091,0.012498592371121504
824,912,88,0.088,0.00758186105497316
786,893,107,0.107,0.008432893008636484
678,839,161,0.161,0.010555171341236019
764,882,118,0.118,0.007228523755844435
798,899,101,0.101,0.008360005890528556
748,874,126,0.126,0.009201056566085754
784,892,108,0.108,0.007662897811252151
806,903,97,0.097,0.009473505610298161
750,875,125,0.125,0.009299342939370035
814,907,93,0.093,0.009131201500220414
748,874,126,0.126,0.011381846992526335
824,912,88,0.088,0.007133400194788919
804,902,98,0.098,0.009023079368043
794,897,103,0.103,0.00838743228795147
742,871,129,0.129,0.007334171659579624
822,911,89,0.089,0.006841762596302942
818,909,91,0.091,0.008836230771029477
752,876,124,0.124,0.009789592066988916
674,837,163,0.163,0.009730711231104578
732,866,134,0.134,0.010364429640501839
774,887,113,0.113,0.009025212917484168
742,871,129,0.129,0.006986252899918327
768,884,116,0.116,0.009785710989035579
806,903,97,0.097,0.007495495948966323
682,841,159,0.159,0.010726693378905566
734,867,133,0.133,0.009058012390732983
748,874,126,0.126,0.006918463277025694
800,900,100,0.1,0.006468530355653911
794,897,103,0.103,0.008296586741487772
768,884,116,0.116,0.008050508595052634
752,876,124,0.124,0.01240039737375082
798,899,101,0.101,0.007672509900330624
774,887,113,0.113,0.010371822661354599
784,892,108,0.108,0.009201829579460537
774,887,113,0.113,0.0086459140338211
752,876,124,0.124,0.010639887438657751
738,869,131,0.131,0.009879032506690238
742,871,129,0.129,0.007865483993422458
690,845,155,0.155,0.007189849927108298
722,861,139,0.139,0.013800195862633473
782,891,109,0.109,0.013350344528007554
722,861,139,0.139,0.01124346023488033
778,889,111,0.111,0.010884410033115273
734,867,133,0.133,0.013357803757286093
760,880,120,0.12,0.010259590391273377
792,896,104,0.104,0.009189417198143928
828,914,86,0.086,0.00929926457363399
776,888,112,0.112,0.010722229415523542
772,886,114,0.114,0.007420121312158244
724,862,138,0.138,0.008098833414144793
746,873,127,0.127,0.007158680982928331
804,902,98,0.098,0.007218053525261894
792,896,104,0.104,0.009701409195573434
824,912,88,0.088,0.00938753636480783
778,889,111,0.111,0.00786420027240625
730,865,135,0.135,0.008246331774224928
788,894,106,0.106,0.007878696887750267
778,889,111,0.111,0.008987001578887429
758,879,121,0.121,0.009571188278552654
790,895,105,0.105,0.010176654743018845
776,888,112,0.112,0.008512678179370596
720,860,140,0.14,0.007733935848071269
720,860,140,0.14,0.008878502688228764
798,899,101,0.101,0.008615510623450973
796,898,102,0.102,0.008869497817511729
780,890,110,0.11,0.008679434856490843
738,869,131,0.131,0.008976778551261532
804,902,98,0.098,0.009000669206019666
768,884,116,0.116,0.007841380316316645
832,916,84,0.084,0.007607152834764748
726,863,137,0.137,0.008680354082947815
732,866,134,0.134,0.010033015432787125
704,852,148,0.148,0.009084799633219518
770,885,115,0.115,0.007226763159291636
744,872,128,0.128,0.008239420486326707
732,866,134,0.134,0.009140312208037358
788,894,106,0.106,0.00910401238135455
798,899,101,0.101,0.00854790926507303
720,860,140,0.14,0.008759137225515587
732,866,134,0.134,0.009682710322014827
732,866,134,0.134,0.012057476527665131
716,858,142,0.142,0.008941873436609057
748,874,126,0.126,0.008480607406330819
734,867,133,0.133,0.01030513908615103
756,878,122,0.122,0.007923813769877597
754,877,123,0.123,0.0104819386658437
720,860,140,0.14,0.01046728352408536
808,904,96,0.096,0.008431832989874238
788,894,106,0.106,0.008273379256021144
676,838,162,0.162,0.010296398048869377
788,894,106,0.106,0.00821864728705259
754,877,123,0.123,0.009326926339331293
734,867,133,0.133,0.009008639887279969
748,874,126,0.126,0.0076074120877347015
776,888,112,0.112,0.00640522990548152
754,877,123,0.123,0.010217614198958473
792,896,104,0.104,0.008475219976098743
762,881,119,0.119,0.008706963300777715
794,897,103,0.103,0.007012486167450333
764,882,118,0.118,0.007759919997846737
808,904,96,0.096,0.007152603577533682
754,877,123,0.123,0.006021442754577947
752,876,124,0.124,0.007463569992341945
774,887,113,0.113,0.006510349474282521
698,849,151,0.151,0.009001539918939216
766,883,117,0.117,0.009965424921056183
758,879,121,0.121,0.010473892145815625
752,876,124,0.124,0.008339813532902553
784,892,108,0.108,0.009977970392232237
798,899,101,0.101,0.008610929581184791
746,873,127,0.127,0.008018440966021443
784,892,108,0.108,0.006080724036586617
798,899,101,0.101,0.00676312532712609
806,903,97,0.097,0.006313283325707744
802,901,99,0.099,0.006437165050539079
824,912,88,0.088,0.005825250261384099
804,902,98,0.098,0.006599928821400681
756,878,122,0.122,0.007749190904292846
786,893,107,0.107,0.005837723028920664
770,885,115,0.115,0.009681549231101599
852,926,74,0.074,0.006630209409559029
756,878,122,0.122,0.00775726464350646
774,887,113,0.113,0.009156724469046822
748,874,126,0.126,0.00822060040327824
746,873,127,0.127,0.0073800340257694184
796,898,102,0.102,0.009290890339914768
794,897,103,0.103,0.010149774420819085
784,892,108,0.108,0.006956150226355021
792,896,104,0.104,0.008539402928983066
820,910,90,0.09,0.006231680571880133
840,920,80,0.08,0.00605788957775826
802,901,99,0.099,0.0053212032413998715
784,892,108,0.108,0.005028611827375926
728,864,136,0.136,0.005902458677061759
768,884,116,0.116,0.0073621717764222015
792,896,104,0.104,0.009168077477326734
700,850,150,0.15,0.011437324852169695
800,900,100,0.1,0.009739344013501978
806,903,97,0.097,0.009066965013743357
768,884,116,0.116,0.010880091491479107
728,864,136,0.136,0.011738697917779064
796,898,102,0.102,0.009221199738869472
792,896,104,0.104,0.007311974769265362
806,903,97,0.097,0.0064376522279656
740,870,130,0.13,0.006913926774443098
690,845,155,0.155,0.008248028320818548
726,863,137,0.137,0.009486094556793433
734,867,133,0.133,0.007987235392967704
710,855,145,0.145,0.00868225838831313
802,901,99,0.099,0.009320340315989597
740,870,130,0.13,0.01057363517543854
780,890,110,0.11,0.008102964897247147
758,879,121,0.121,0.008915397370654318
738,869,131,0.131,0.008488637608188583
814,907,93,0.093,0.0076605241481920525
734,867,133,0.133,0.008712057983116665
766,883,117,0.117,0.007556719466733739
742,871,129,0.129,0.00918306975446103
788,894,106,0.106,0.006795629850459591
836,918,82,0.082,0.006769239943489083
790,895,105,0.105,0.006944941380985256
764,882,118,0.118,0.0078122211693516875
782,891,109,0.109,0.00765271165987906
732,866,134,0.134,0.006489480251121677
700,850,150,0.15,0.006978237468079897
780,890,110,0.11,0.007593035992795194
722,861,139,0.139,0.010524011026784137
774,887,113,0.113,0.00935920634336162
780,890,110,0.11,0.009510370701460488
776,888,112,0.112,0.008522862516003442
788,894,106,0.106,0.0074272753151053625
742,871,129,0.129,0.007077183310350847
758,879,121,0.121,0.007279978736756675
792,896,104,0.104,0.006005646018336848
748,874,126,0.126,0.007373679748684481
778,889,111,0.111,0.008044791710259232
808,904,96,0.096,0.008366568553839897
772,886,114,0.114,0.006929810902161989
822,911,89,0.089,0.008940508380888787
780,890,110,0.11,0.007704456991181359
690,845,155,0.155,0.00845882740797424
826,913,87,0.087,0.007427196961409209
732,866,134,0.134,0.008663682678496116
700,850,150,0.15,0.007271747356258857
820,910,90,0.09,0.006140543210877013
812,906,94,0.094,0.006665255345011246
728,864,136,0.136,0.00767650049955455
742,871,129,0.129,0.008484406135208702
712,856,144,0.144,0.00952211798485223
708,854,146,0.146,0.011105886675672081
754,877,123,0.123,0.007943890139710674
772,886,114,0.114,0.010382559980651422
758,879,121,0.121,0.011480424902903906
786,893,107,0.107,0.007163886425350938
810,905,95,0.095,0.007748945177216228
776,888,112,0.112,0.006392179959464556
810,905,95,0.095,0.0066323700858092706
770,885,115,0.115,0.0059683230462842405
796,898,102,0.102,0.006053842446865929
782,891,109,0.109,0.0058833393759032335
836,918,82,0.082,0.0054416747685882
818,909,91,0.091,0.006376691114558298
754,877,123,0.123,0.007005856505682459
798,899,101,0.101,0.007367913977439457
768,884,116,0.116,0.007101045149400307
770,885,115,0.115,0.00916112934121702
800,900,100,0.1,0.007993557915790006
724,862,138,0.138,0.007586081181631016
810,905,95,0.095,0.0077248023037027455
754,877,123,0.123,0.009332664505312095
778,889,111,0.111,0.007833647964747796
724,862,138,0.138,0.008537400515000628
740,870,130,0.13,0.008810620885247773
810,905,95,0.095,0.006573915484990039
842,921,79,0.079,0.0059766988632527504
770,885,115,0.115,0.008300703827619145
738,869,131,0.131,0.006901369462100774
812,906,94,0.094,0.005753957746881497
818,909,91,0.091,0.005052595822860894
800,900,100,0.1,0.007596832300420828
792,896,104,0.104,0.005896968459081108
752,876,124,0.124,0.008045406601158902
752,876,124,0.124,0.007634774345207007
810,905,95,0.095,0.008429975695533358
706,853,147,0.147,0.010116516749925723
742,871,129,0.129,0.008497214602784879
774,887,113,0.113,0.008622300017897941
832,916,84,0.084,0.007092495414543009
752,876,124,0.124,0.008683717282354337
730,865,135,0.135,0.007511873115849084
766,883,117,0.117,0.0076292752352455865
756,878,122,0.122,0.006657882721752685
764,882,118,0.118,0.008556788037982188
774,887,113,0.113,0.007915833286460838
698,849,151,0.151,0.008326041723759772
794,897,103,0.103,0.008486471332218571
822,911,89,0.089,0.007838059299843735
728,864,136,0.136,0.008755518225916603
750,875,125,0.125,0.008726230325779398
720,860,140,0.14,0.009835115381767536
694,847,153,0.153,0.008944936120438797
788,894,106,0.106,0.009135379261744674
726,863,137,0.137,0.009439573094063234
790,895,105,0.105,0.00931113623105921
732,866,134,0.134,0.009719277230414264
710,855,145,0.145,0.009430191933046445
792,896,104,0.104,0.010777739434401155
774,887,113,0.113,0.012625589504372328
798,899,101,0.101,0.008763356333220144
716,858,142,0.142,0.00870558588856511
758,879,121,0.121,0.007633863122460297
784,892,108,0.108,0.008492272631301603
720,860,140,0.14,0.008357168871637441
766,883,117,0.117,0.0072353869460093844
848,924,76,0.076,0.005974130866676205
796,898,102,0.102,0.005044016669326083
784,892,108,0.108,0.007640640138310118
736,868,132,0.132,0.007389928757969756
810,905,95,0.095,0.008219811840129524
804,902,98,0.098,0.007212395380790326
782,891,109,0.109,0.007215630635591878
754,877,123,0.123,0.00800774591933441
770,885,115,0.115,0.006722415709048619
804,902,98,0.098,0.005997789943739918
764,882,118,0.118,0.00914290083933156
814,907,93,0.093,0.0071250067151231635
734,867,133,0.133,0.008266807748263091
774,887,113,0.113,0.00814189945020189
722,861,139,0.139,0.009245622322159761
810,905,95,0.095,0.007161267005478294
776,888,112,0.112,0.008387705556771834
780,890,110,0.11,0.008345412507835135
742,871,129,0.129,0.009262996088109503
762,881,119,0.119,0.009321020156166924
810,905,95,0.095,0.00632738271456401
760,880,120,0.12,0.0070142721665288265
800,900,100,0.1,0.0090281845407726
792,896,104,0.104,0.006315760613058046
796,898,102,0.102,0.005130980448466289
822,911,89,0.089,0.005862378604597325
780,890,110,0.11,0.006317371501867456
794,897,103,0.103,0.008189608599130224
762,881,119,0.119,0.007312947742473625
730,865,135,0.135,0.01021786615513338
760,880,120,0.12,0.009968053526648873
792,896,104,0.104,0.010599504232440722
762,881,119,0.119,0.010861224100910477
762,881,119,0.119,0.010956440128400573
790,895,105,0.105,0.0077360993726542805
792,896,104,0.104,0.0069456593604354565
752,876,124,0.124,0.007804255858118268
818,909,91,0.091,0.007217013715657231
762,881,119,0.119,0.007543443586433568
822,911,89,0.089,0.006731674092519824
806,903,97,0.097,0.005855758626392344
786,893,107,0.107,0.005383424789866865
736,868,132,0.132,0.006671004009493118
780,890,110,0.11,0.006673332577014662
722,861,139,0.139,0.009546592296559539
742,871,129,0.129,0.01174153626280895
744,872,128,0.128,0.009604179483831103
790,895,105,0.105,0.008358642787821736
746,873,127,0.127,0.01114751160650485
742,871,129,0.129,0.01024150482180994
748,874,126,0.126,0.009341348270943853
802,901,99,0.099,0.01005225202650763
760,880,120,0.12,0.01065714364759333
764,882,118,0.118,0.009309751415683422
742,871,129,0.129,0.007788616279933194
782,891,109,0.109,0.009051818192543578
754,877,123,0.123,0.008580675974189943
772,886,114,0.114,0.00941865518987106
744,872,128,0.128,0.008684659743874362
768,884,116,0.116,0.00890062526199381
776,888,112,0.112,0.008954695516973971
718,859,141,0.141,0.010783372768077242
760,880,120,0.12,0.009455166575868134
764,882,118,0.118,0.010685050332357832
744,872,128,0.128,0.011370506664992718
718,859,141,0.141,0.011854674628892099
772,886,114,0.114,0.009923436543358548
776,888,112,0.112,0.009718158287796541
762,881,119,0.119,0.009607821400178523
782,891,109,0.109,0.009912094608436745
680,840,160,0.16,0.010286521322752379
736,868,132,0.132,0.009363116902175533
800,900,100,0.1,0.007930476776753494
734,867,133,0.133,0.008804314691331456
726,863,137,0.137,0.010581973595224553
706,853,147,0.147,0.008928639456442396
828,914,86,0.086,0.007234010195288647
744,872,128,0.128,0.00898862555757114
760,880,120,0.12,0.009395182988902889
742,871,129,0.129,0.010674535443306012
808,904,96,0.096,0.010928848982948693
782,891,109,0.109,0.008433034587913425
754,877,123,0.123,0.008023611967366378
752,876,124,0.124,0.007420819203012798
782,891,109,0.109,0.007755505929169885
800,900,100,0.1,0.009488223193548037
754,877,123,0.123,0.007532340454775294
746,873,127,0.127,0.008426839926958564
808,904,96,0.096,0.007060798718215665
698,849,151,0.151,0.009879993676338928
738,869,131,0.131,0.008624383286936791
816,908,92,0.092,0.007819476296528592
830,915,85,0.085,0.007406777696938661
774,887,113,0.113,0.008678242811387463
776,888,112,0.112,0.006356572656110075
832,916,84,0.084,0.005705126937899877
756,878,122,0.122,0.006560026056802599
774,887,113,0.113,0.007001781027265679
812,906,94,0.094,0.006781653224141337
766,883,117,0.117,0.007222766314051114
768,884,116,0.116,0.009184854499988432
792,896,104,0.104,0.008962562598462228
796,898,102,0.102,0.007916971749578807
788,894,106,0.106,0.009015628114173524
806,903,97,0.097,0.006466471704517517
752,876,124,0.124,0.006901416364752549
772,886,114,0.114,0.005434703685950808
734,867,133,0.133,0.007686484310723244
724,862,138,0.138,0.008940185457075131
760,880,120,0.12,0.008620922041509403
742,871,129,0.129,0.01030323695761399
768,884,116,0.116,0.00779722890755329
756,878,122,0.122,0.007649191828393668
766,883,117,0.117,0.008306147037328628
748,874,126,0.126,0.007013057765216217
798,899,101,0.101,0.010019435296078882
820,910,90,0.09,0.007764525562895869
718,859,141,0.141,0.007856134347299303
734,867,133,0.133,0.008060713223472703
764,882,118,0.118,0.006559913185878486
740,870,130,0.13,0.006300896631701335
744,872,128,0.128,0.008159543430905615
720,860,140,0.14,0.011769494391133777
754,877,123,0.123,0.010592655866857967
782,891,109,0.109,0.011003349888080265
758,879,121,0.121,0.010014876118933898
692,846,154,0.154,0.00898481131799781
758,879,121,0.121,0.008229152829888335
824,912,88,0.088,0.008404340485605644
734,867,133,0.133,0.008600294410071456
762,881,119,0.119,0.007931753529086564
748,874,126,0.126,0.007827050454754498
774,887,113,0.113,0.006950604322319123
786,893,107,0.107,0.005994452669976454
756,878,122,0.122,0.006247039804698033
730,865,135,0.135,0.009171239147098732
754,877,123,0.123,0.00892353856490081
768,884,116,0.116,0.007520968750923202
760,880,120,0.12,0.008345352530539458
776,888,112,0.112,0.007949749778956175
744,872,128,0.128,0.009158404311938284
738,869,131,0.131,0.009285297689530125
744,872,128,0.128,0.009181787102402268
764,882,118,0.118,0.006693470508602331
760,880,120,0.12,0.007775959975413571
788,894,106,0.106,0.006634665132252849
750,875,125,0.125,0.007598490963224322
802,901,99,0.099,0.007097983636911522
772,886,114,0.114,0.006864670938090058
736,868,132,0.132,0.006725327135522093
776,888,112,0.112,0.008274272370255858
752,876,124,0.124,0.007861514309202903
764,882,118,0.118,0.008231031586135942
762,881,119,0.119,0.007194929368874
778,889,111,0.111,0.006899295323102706
784,892,108,0.108,0.007615118645386247
790,895,105,0.105,0.0066811722300153635
798,899,101,0.101,0.008649544888936817
776,888,112,0.112,0.006398997202744795
792,896,104,0.104,0.006464442373930524
760,880,120,0.12,0.0071789220942155224
788,894,106,0.106,0.006390029984395369
796,898,102,0.102,0.006362942858607539
826,913,87,0.087,0.0057521420597768155
706,853,147,0.147,0.007997565554938774
752,876,124,0.124,0.007745055659304854
780,890,110,0.11,0.0073714986685736224
804,902,98,0.098,0.006161069079542358
792,896,104,0.104,0.008761450471785793
812,906,94,0.094,0.006761759326448555
786,893,107,0.107,0.007405757609663851
786,893,107,0.107,0.006500278969735518
810,905,95,0.095,0.007026161967831285
766,883,117,0.117,0.005169092623786128
724,862,138,0.138,0.0060797743397451995
742,871,129,0.129,0.007456752032121585
802,901,99,0.099,0.007717430964457889
704,852,148,0.148,0.009672505315851595
724,862,138,0.138,0.010563618675725592
750,875,125,0.125,0.008870688814982713
792,896,104,0.104,0.008772427852480178
774,887,113,0.113,0.009343929195085365
774,887,113,0.113,0.0078094231079230665
766,883,117,0.117,0.007526524691220402
724,862,138,0.138,0.006246309307341562
804,902,98,0.098,0.0056458872184475695
784,892,108,0.108,0.006489474417281599
718,859,141,0.141,0.008489750081258535
772,886,114,0.114,0.010806271668712725
716,858,142,0.142,0.008955573732077027
710,855,145,0.145,0.01026077227641872
782,891,109,0.109,0.010014974829646235
806,903,97,0.097,0.010439774366663187
740,870,130,0.13,0.01060776064341917
732,866,134,0.134,0.010971233476553608
786,893,107,0.107,0.008450673522009311
766,883,117,0.117,0.006167180671271126
760,880,120,0.12,0.006614777873255662
752,876,124,0.124,0.0057823167663254935
812,906,94,0.094,0.005503318549073811
804,902,98,0.098,0.006658469039677584
726,863,137,0.137,0.00823294182943323
808,904,96,0.096,0.008333587267270787
756,878,122,0.122,0.0075205247360936485
716,858,142,0.142,0.007809673781685291
774,887,113,0.113,0.009825695562518376
784,892,108,0.108,0.00694324109923582
792,896,104,0.104,0.007049499861259392
736,868,132,0.132,0.0067874863574506885
772,886,114,0.114,0.006868485102218983
786,893,107,0.107,0.007438960350958951
766,883,117,0.117,0.007495339049222821
738,869,131,0.131,0.008422118612179475
764,882,118,0.118,0.008168491429449205
808,904,96,0.096,0.0074454412097111344
816,908,92,0.092,0.0069339779773035844
746,873,127,0.127,0.008424031822423786
768,884,116,0.116,0.006368314048449975
740,870,130,0.13,0.005736911826086725
768,884,116,0.116,0.005288141945686221
802,901,99,0.099,0.005880183556804695
806,903,97,0.097,0.005349282896724617
764,882,118,0.118,0.0060402648418203175
742,871,129,0.129,0.007759659148818173
746,873,127,0.127,0.009917001719184554
738,869,131,0.131,0.009114691009766829
722,861,139,0.139,0.009845954035234172
740,870,130,0.13,0.013281654899812565
776,888,112,0.112,0.008029977928876178
786,893,107,0.107,0.00953872189104004
738,869,131,0.131,0.008670044823073113
728,864,136,0.136,0.007569018844646052
792,896,104,0.104,0.006971720173307404
782,891,109,0.109,0.0069045453971484675
742,871,129,0.129,0.007467889766070585
778,889,111,0.111,0.007546076351645752
742,871,129,0.129,0.007712780878755439
756,878,122,0.122,0.006258272962521005
800,900,100,0.1,0.005843458787425334
806,903,97,0.097,0.007607563021781971
804,902,98,0.098,0.0055634597278403815
736,868,132,0.132,0.006732801608699447
716,858,142,0.142,0.005673039535788121
728,864,136,0.136,0.0073433813275332795
810,905,95,0.095,0.005879056646634126
752,876,124,0.124,0.007598825473454781
738,869,131,0.131,0.007328766539467324
766,883,117,0.117,0.00700536554198743
728,864,136,0.136,0.006962167409757967
786,893,107,0.107,0.006461386228813353
786,893,107,0.107,0.005949799676822295
778,889,111,0.111,0.006561085851870303
808,904,96,0.096,0.006213313992629992
760,880,120,0.12,0.006876693568290648
770,885,115,0.115,0.00592934402607716
790,895,105,0.105,0.006606428968829277
712,856,144,0.144,0.007621889579808339
742,871,129,0.129,0.005996598024314153
688,844,156,0.156,0.009654791244352964
780,890,110,0.11,0.008135837061068742
792,896,104,0.104,0.00800998241880734
730,865,135,0.135,0.00926024137526838
834,917,83,0.083,0.007075875147063925
726,863,137,0.137,0.0067270107132644625
758,879,121,0.121,0.006466571322278469
808,904,96,0.096,0.005727935148339384
780,890,110,0.11,0.004988008142358922
760,880,120,0.12,0.006092668775898346
722,861,139,0.139,0.008677978352294304
774,887,113,0.113,0.00820263729036742
722,861,139,0.139,0.008961055004045192
748,874,126,0.126,0.007298289324062353
760,880,120,0.12,0.0075643014253037105
736,868,132,0.132,0.007866214480265626
762,881,119,0.119,0.006843225774253369
826,913,87,0.087,0.006879519216752669
788,894,106,0.106,0.007533513617985591
756,878,122,0.122,0.0060392922541759615
718,859,141,0.141,0.006491099866296281
722,861,139,0.139,0.006114691741549905
750,875,125,0.125,0.005934454204012582
756,878,122,0.122,0.008050269805218705
704,852,148,0.148,0.00758688407630325
772,886,114,0.114,0.006243570315418765
758,879,121,0.121,0.009661918049863744
806,903,97,0.097,0.007962658499127428
818,909,91,0.091,0.0072066716375338725
784,892,108,0.108,0.0065414903446344395
738,869,131,0.131,0.006283515460556373
748,874,126,0.126,0.006179729169304664
794,897,103,0.103,0.005942019835314568
748,874,126,0.126,0.004565510984841239
786,893,107,0.107,0.005152992301424092
800,900,100,0.1,0.0060555265504590354
736,868,132,0.132,0.008929686199611752
710,855,145,0.145,0.009024271144735394
804,902,98,0.098,0.00744792973883159
724,862,138,0.138,0.008371569313330838
800,900,100,0.1,0.008014257048700528
710,855,145,0.145,0.009157843835564563
710,855,145,0.145,0.009202161748544314
754,877,123,0.123,0.008144963940574599
778,889,111,0.111,0.007573068733552645
806,903,97,0.097,0.008259104327000387
698,849,151,0.151,0.010038532597456651
796,898,102,0.102,0.007291160544598824
754,877,123,0.123,0.0067977852138719755
704,852,148,0.148,0.007668482058697919
780,890,110,0.11,0.005454173201263984
776,888,112,0.112,0.005861366943775579
746,873,127,0.127,0.006462002541484253
770,885,115,0.115,0.007437403298943536
764,882,118,0.118,0.008849148173489084
768,884,116,0.116,0.009931872962049965
766,883,117,0.117,0.0076100383670491285
806,903,97,0.097,0.0072802079917601075
778,889,111,0.111,0.006195060414338514
748,874,126,0.126,0.006168507635935384
782,891,109,0.109,0.006346116380093008
764,882,118,0.118,0.005781879142217804
772,886,114,0.114,0.005781035565878483
758,879,121,0.121,0.007028543156294973
750,875,125,0.125,0.007306326968040594
796,898,102,0.102,0.007297004572217702
772,886,114,0.114,0.0067378337143891255
800,900,100,0.1,0.00713303888730843
772,886,114,0.114,0.008554613076303213
776,888,112,0.112,0.006412283595927874
814,907,93,0.093,0.006940485317907587
754,877,123,0.123,0.006635285947937519
752,876,124,0.124,0.006174066605162807
812,906,94,0.094,0.005340047408117244
804,902,98,0.098,0.005822055283999362
730,865,135,0.135,0.00630175289957333
732,866,134,0.134,0.00658306196070771
780,890,110,0.11,0.006822334839470387
738,869,131,0.131,0.007428679315991758
756,878,122,0.122,0.009467244525978458
786,893,107,0.107,0.007376061572966137
720,860,140,0.14,0.007653955157824384
716,858,142,0.142,0.007572342688130448
760,880,120,0.12,0.006752529491068571
796,898,102,0.102,0.005406005786075184
798,899,101,0.101,0.006094270206866895
790,895,105,0.105,0.005453625491078128
748,874,126,0.126,0.006355113710989826
754,877,123,0.123,0.006274783864040728
728,864,136,0.136,0.0060041345375575475
736,868,132,0.132,0.006463874048320576
794,897,103,0.103,0.007342978785149171
772,886,114,0.114,0.006965646068123533
712,856,144,0.144,0.009068258553321357
758,879,121,0.121,0.009651214976634946
758,879,121,0.121,0.008228328539313224
774,887,113,0.113,0.006452179705899653
784,892,108,0.108,0.007863871075631324
788,894,106,0.106,0.005665659255260834
758,879,121,0.121,0.005753132016747258
678,839,161,0.161,0.007065820725169033
822,911,89,0.089,0.00554081165624666
798,899,101,0.101,0.005985630699209196
812,906,94,0.094,0.0055731813366073765
782,891,109,0.109,0.006705733970367874
762,881,119,0.119,0.005407243537720205
782,891,109,0.109,0.005901462601534149
768,884,116,0.116,0.006391815315844724
742,871,129,0.129,0.006493709627377939
832,916,84,0.084,0.005168456601757498
752,876,124,0.124,0.006762582586638018
742,871,129,0.129,0.007238289215576515
766,883,117,0.117,0.008412863822843064
734,867,133,0.133,0.009079584195322241
760,880,120,0.12,0.009984351516068272
714,857,143,0.143,0.009455527870173683
730,865,135,0.135,0.008157435277455079
758,879,121,0.121,0.008850985863122333
770,885,115,0.115,0.008182593877885665
796,898,102,0.102,0.005502776976212772
692,846,154,0.154,0.005739322807419739
782,891,109,0.109,0.0064344531589276815
796,898,102,0.102,0.005242088325379882
766,883,117,0.117,0.006428582759137498
742,871,129,0.129,0.006686725502640911
784,892,108,0.108,0.005570462889350892
730,865,135,0.135,0.008244924035447184
726,863,137,0.137,0.009584961216896773
810,905,95,0.095,0.009133192261535441
778,889,111,0.111,0.009323604224453448
730,865,135,0.135,0.009896796969842398
762,881,119,0.119,0.0072323160493833714
746,873,127,0.127,0.007829262876724898
766,883,117,0.117,0.007704019682765647
786,893,107,0.107,0.006173971098873153
788,894,106,0.106,0.005955132549255723
792,896,104,0.104,0.00674897431453428
730,865,135,0.135,0.006271161481092349
776,888,112,0.112,0.007134933516429555
754,877,123,0.123,0.00732069001601485
714,857,143,0.143,0.006805471840103564
792,896,104,0.104,0.007114845007570693
750,875,125,0.125,0.008060728563265002
784,892,108,0.108,0.00777667049482261
784,892,108,0.108,0.007784724207798717
752,876,124,0.124,0.00821812829553528
720,860,140,0.14,0.007231579966261051
782,891,109,0.109,0.006697297255755985
748,874,126,0.126,0.007830965064604243
770,885,115,0.115,0.008441342554360744
792,896,104,0.104,0.006638746981103396
772,886,114,0.114,0.006441746342567967
784,892,108,0.108,0.006223484340123832
730,865,135,0.135,0.008091506021752138
780,890,110,0.11,0.007849264946609764
760,880,120,0.12,0.00816963539578137
836,918,82,0.082,0.006843707311731123
768,884,116,0.116,0.0069889618813904235
704,852,148,0.148,0.00696475520903914
752,876,124,0.124,0.0055559713319453296
770,885,115,0.115,0.007846872265033198
772,886,114,0.114,0.009070728962069553
744,872,128,0.128,0.00928140009418712
758,879,121,0.121,0.008879694730421762
740,870,130,0.13,0.00791875542197522
742,871,129,0.129,0.007749741836203612
738,869,131,0.131,0.01007477050209127
844,922,78,0.078,0.009083645347978744
732,866,134,0.134,0.008987978850040235
716,858,142,0.142,0.010357401582892636
772,886,114,0.114,0.007526187369243416
794,897,103,0.103,0.006738994377847121
734,867,133,0.133,0.007655868237936374
784,892,108,0.108,0.0067753574515954824
798,899,101,0.101,0.007229230860350071
754,877,123,0.123,0.007652826952518808
784,892,108,0.108,0.007477985238452675
800,900,100,0.1,0.007076299527324408
774,887,113,0.113,0.007142521904650493
724,862,138,0.138,0.00715713980450164
762,881,119,0.119,0.007414991155994357
780,890,110,0.11,0.007067868030717363
748,874,126,0.126,0.010202484187640947
736,868,132,0.132,0.008946988805066213
794,897,103,0.103,0.009667775566631462
754,877,123,0.123,0.00896482145266782
770,885,115,0.115,0.006858736683308962
794,897,103,0.103,0.006569915481422868
760,880,120,0.12,0.008654533250166423
780,890,110,0.11,0.006604908124703797
776,888,112,0.112,0.0074717811438385975
768,884,116,0.116,0.0082616660036947
706,853,147,0.147,0.008874597862173686
710,855,145,0.145,0.009379038463230245
764,882,118,0.118,0.010695352497132262
810,905,95,0.095,0.011640524921764154
760,880,120,0.12,0.009969208995156804
736,868,132,0.132,0.009537410911143525
736,868,132,0.132,0.007948279476873722
764,882,118,0.118,0.008677185375096543
772,886,114,0.114,0.006072095709794666
726,863,137,0.137,0.008746361574110779
820,910,90,0.09,0.006984893952299899
760,880,120,0.12,0.007616795540394378
690,845,155,0.155,0.007947531125086242
744,872,128,0.128,0.009872438800535746
814,907,93,0.093,0.007433636655223381
686,843,157,0.157,0.00871712857746752
784,892,108,0.108,0.009573200672413804
740,870,130,0.13,0.01106148843478877
792,896,104,0.104,0.008445892071707931
758,879,121,0.121,0.010066576388038812
784,892,108,0.108,0.007548484239348909
732,866,134,0.134,0.007526567231034278
742,871,129,0.129,0.008085989719533246
750,875,125,0.125,0.006442690492473048
862,931,69,0.069,0.006085006795445224
792,896,104,0.104,0.007047636396280723
806,903,97,0.097,0.008006214155873749
782,891,109,0.109,0.008141575831759838
726,863,137,0.137,0.00847413453772606
728,864,136,0.136,0.007988133950420888
820,910,90,0.09,0.007210998873764765
736,868,132,0.132,0.00810495401393564
722,861,139,0.139,0.01026014412639779
764,882,118,0.118,0.0077055467688114734
754,877,123,0.123,0.00938172734384716
758,879,121,0.121,0.009101030712889042
786,893,107,0.107,0.007280523647321388
758,879,121,0.121,0.0071593174870286025
810,905,95,0.095,0.006185243365271162
778,889,111,0.111,0.007647104485244199
786,893,107,0.107,0.007104204860350364
716,858,142,0.142,0.007032503850859939
716,858,142,0.142,0.007150551756094501
766,883,117,0.117,0.008844981530550286
706,853,147,0.147,0.009842993948725053
816,908,92,0.092,0.008547651469198171
782,891,109,0.109,0.008946163455184432
766,883,117,0.117,0.009252687479151063
772,886,114,0.114,0.009770759994968103
738,869,131,0.131,0.007840052316354559
752,876,124,0.124,0.006849243389231561
768,884,116,0.116,0.006956038502674346
766,883,117,0.117,0.007181117007399734
776,888,112,0.112,0.006865929053168657
734,867,133,0.133,0.007662422750574479
750,875,125,0.125,0.008715699026332005
780,890,110,0.11,0.010764573374719475
786,893,107,0.107,0.01025239789338957
816,908,92,0.092,0.008862647225515047
676,838,162,0.162,0.009628110690588073
750,875,125,0.125,0.008620164846128318
714,857,143,0.143,0.009166354508066434
752,876,124,0.124,0.008004401690384839
782,891,109,0.109,0.0064404306393262235
854,927,73,0.073,0.006674058666649216
770,885,115,0.115,0.008267766732536984
730,865,135,0.135,0.009424641551129752
768,884,116,0.116,0.007686589615386766
820,910,90,0.09,0.007779573879743111
720,860,140,0.14,0.008791571805770218
734,867,133,0.133,0.007962078291970102
750,875,125,0.125,0.009389811574597843
736,868,132,0.132,0.008431911998653958
702,851,149,0.149,0.009569215727358823
818,909,91,0.091,0.008285698086030607
712,856,144,0.144,0.009579424453972024
772,886,114,0.114,0.009695594772478217
724,862,138,0.138,0.010850158321765776
752,876,124,0.124,0.009778579451871338
748,874,126,0.126,0.00970359641554387
700,850,150,0.15,0.011745697708858643
700,850,150,0.15,0.011725736998370848
748,874,126,0.126,0.011466171558306086
768,884,116,0.116,0.010574568439566065
770,885,115,0.115,0.009513275804449222
734,867,133,0.133,0.010166071082661801
768,884,116,0.116,0.008414437619925594
716,858,142,0.142,0.009441788540716516
804,902,98,0.098,0.0061878237251294195
800,900,100,0.1,0.0068126187756788565
698,849,151,0.151,0.007166897481700289
836,918,82,0.082,0.008290991525442224
788,894,106,0.106,0.008202981744514545
776,888,112,0.112,0.008230101509354427
752,876,124,0.124,0.00861454525449517
734,867,133,0.133,0.00800297390636115
808,904,96,0.096,0.01110376471185009
740,870,130,0.13,0.00977096131912549
758,879,121,0.121,0.010131853858096292
774,887,113,0.113,0.010108903116983129
828,914,86,0.086,0.006131003902868542
838,919,81,0.081,0.006723289479176401
808,904,96,0.096,0.006859130522323539
806,903,97,0.097,0.006001364962085063
724,862,138,0.138,0.006405408011109103
810,905,95,0.095,0.0052800492659125665
776,888,112,0.112,0.006814782884604938
798,899,101,0.101,0.007124538317556471
740,870,130,0.13,0.009331189780845307
798,899,101,0.101,0.008169474508875282
772,886,114,0.114,0.00838270319795265
772,886,114,0.114,0.008398668181940593
776,888,112,0.112,0.0067845945868830315
750,875,125,0.125,0.008879094136093045
732,866,134,0.134,0.00706879125321575
690,845,155,0.155,0.007810182248053025
776,888,112,0.112,0.007813292174221715
740,870,130,0.13,0.01004724112873373
676,838,162,0.162,0.01070293512038188
812,906,94,0.094,0.009153583854204044
810,905,95,0.095,0.007812666721831191
744,872,128,0.128,0.008430904129685586
752,876,124,0.124,0.007754417534306413
780,890,110,0.11,0.006755090994629427
772,886,114,0.114,0.005687283882194606
820,910,90,0.09,0.0061177367254858835
780,890,110,0.11,0.0066196655121384534
762,881,119,0.119,0.006726366848677571
782,891,109,0.109,0.007931291826651431
706,853,147,0.147,0.009061092335694411
784,892,108,0.108,0.008377766117904684
758,879,121,0.121,0.009172059898410224
814,907,93,0.093,0.006980286598118255
810,905,95,0.095,0.008080846052442211
832,916,84,0.084,0.005529890510428231
694,847,153,0.153,0.00575051709742911
788,894,106,0.106,0.0055939100075374885
768,884,116,0.116,0.0054697729333929605
696,848,152,0.152,0.008083257751128258
760,880,120,0.12,0.008899624521531223
826,913,87,0.087,0.00798779358361935
768,884,116,0.116,0.010154402103988104
714,857,143,0.143,0.009999801103171195
782,891,109,0.109,0.010130217618352618
718,859,141,0.141,0.009728279178816593
796,898,102,0.102,0.008775118783218204
764,882,118,0.118,0.007759507626567938
754,877,123,0.123,0.008310011124449375
724,862,138,0.138,0.007756220744951861
784,892,108,0.108,0.007702944020529685
764,882,118,0.118,0.008827758961560904
776,888,112,0.112,0.009080302869377192
804,902,98,0.098,0.009470637663085655
786,893,107,0.107,0.009962477326247608
790,895,105,0.105,0.008966271514320397
766,883,117,0.117,0.008160698431798664
782,891,109,0.109,0.0077443616776436104
798,899,101,0.101,0.009071052151949517
792,896,104,0.104,0.00673889690373835
730,865,135,0.135,0.0076455264195246855
772,886,114,0.114,0.007151379269969766
784,892,108,0.108,0.007247794170267298
844,922,78,0.078,0.00708267167887243
810,905,95,0.095,0.006473410281862016
726,863,137,0.137,0.008042162019439275
734,867,133,0.133,0.0076191930075219716
760,880,120,0.12,0.008121341684211074
804,902,98,0.098,0.007437253659460111
788,894,106,0.106,0.00750371521015768
790,895,105,0.105,0.00727341729177715
804,902,98,0.098,0.005724422844912624
772,886,114,0.114,0.00840059019860928
808,904,96,0.096,0.008164153860518126
742,871,129,0.129,0.007117189658194548
756,878,122,0.122,0.0069533559373376195
798,899,101,0.101,0.007866693511368794
794,897,103,0.103,0.00935860491634594
748,874,126,0.126,0.00833933543688545
770,885,115,0.115,0.006633860801011906
758,879,121,0.121,0.006753682594095153
744,872,128,0.128,0.008433474124474743
822,911,89,0.089,0.006839195394495619
788,894,106,0.106,0.008371328680586885
772,886,114,0.114,0.007561287987889955
766,883,117,0.117,0.007403108314880228
760,880,120,0.12,0.008631172053763294
784,892,108,0.108,0.005798592244856991
728,864,136,0.136,0.00851885759687866
778,889,111,0.111,0.008576285645889584
744,872,128,0.128,0.009239104827021947
788,894,106,0.106,0.008426400386088061
794,897,103,0.103,0.007289184513429064
810,905,95,0.095,0.00845447253868042
762,881,119,0.119,0.007692626039366587
768,884,116,0.116,0.007662412142970425
722,861,139,0.139,0.00915047805669019
840,920,80,0.08,0.005720309996264405
730,865,135,0.135,0.009406523641489912
740,870,130,0.13,0.010134532526120893
770,885,115,0.115,0.009943278046703198
732,866,134,0.134,0.010100950985208329
782,891,109,0.109,0.00862738956711837
794,897,103,0.103,0.00821626302068762
804,902,98,0.098,0.006736527772522095
780,890,110,0.11,0.008675407978502334
742,871,129,0.129,0.009478687860580976
710,855,145,0.145,0.007798449508312842
790,895,105,0.105,0.008766472064293339
754,877,123,0.123,0.008225027549808146
868,934,66,0.066,0.007171826603589579
766,883,117,0.117,0.006651376924492069
716,858,142,0.142,0.008622372582409298
724,862,138,0.138,0.008608187031451962
806,903,97,0.097,0.0073316033571900335
740,870,130,0.13,0.00808020080919232
778,889,111,0.111,0.009472452762027388
720,860,140,0.14,0.010313411351860851
702,851,149,0.149,0.009867294434181531
796,898,102,0.102,0.008597489430641873
800,900,100,0.1,0.008509706279844978
768,884,116,0.116,0.008095316588704009
726,863,137,0.137,0.008129086774526513
782,891,109,0.109,0.006829502624750603
840,920,80,0.08,0.006435969250691414
766,883,117,0.117,0.00706447059373022
716,858,142,0.142,0.008169310617449809
724,862,138,0.138,0.009213307320707827
710,855,145,0.145,0.010134118152745942
696,848,152,0.152,0.011625508478820847
764,882,118,0.118,0.012197357668774202
760,880,120,0.12,0.011227442612696904
748,874,126,0.126,0.011243871582933935
722,861,139,0.139,0.009586853197732125
832,916,84,0.084,0.007676977101218654
726,863,137,0.137,0.009298265321911458
808,904,96,0.096,0.007353677019666065
746,873,127,0.127,0.007203545735043008
710,855,145,0.145,0.0063365365133649905
788,894,106,0.106,0.006225528027862311
774,887,113,0.113,0.007842967951539322
762,881,119,0.119,0.007395281395509301
780,890,110,0.11,0.009329214033328754
754,877,123,0.123,0.008790981332207593
796,898,102,0.102,0.007078698126686504
822,911,89,0.089,0.007058419459383004
778,889,111,0.111,0.005215625256503699
844,922,78,0.078,0.0052862533852057825
810,905,95,0.095,0.005006706501422741
748,874,126,0.126,0.0052090847375366135
724,862,138,0.138,0.007331225108617218
750,875,125,0.125,0.007382046774189803
730,865,135,0.135,0.0073538433779904155
792,896,104,0.104,0.007498202946035235
766,883,117,0.117,0.009439491276047193
722,861,139,0.139,0.01021788414445473
740,870,130,0.13,0.009057805466873105
802,901,99,0.099,0.007540068341315418
758,879,121,0.121,0.0074040461300792235
774,887,113,0.113,0.006591014471989183
764,882,118,0.118,0.006901117488814635
840,920,80,0.08,0.007217639845694066
774,887,113,0.113,0.006335707991973322
786,893,107,0.107,0.007050535414629849
720,860,140,0.14,0.008406654662510846
778,889,111,0.111,0.007899793225544271
740,870,130,0.13,0.006896182320662774
794,897,103,0.103,0.007493887756427284
768,884,116,0.116,0.007209797756957414
772,886,114,0.114,0.007345137813357724
758,879,121,0.121,0.0066403832401556425
734,867,133,0.133,0.00682559308038617
750,875,125,0.125,0.007638092748577037
752,876,124,0.124,0.007562571102487709
782,891,109,0.109,0.006827870312394225
798,899,101,0.101,0.00702107789731599
782,891,109,0.109,0.007415284225193318
788,894,106,0.106,0.0072533126182352135
826,913,87,0.087,0.0063093973613504205
734,867,133,0.133,0.006288561043111258
750,875,125,0.125,0.006035408513511357
810,905,95,0.095,0.005817423127533403
820,910,90,0.09,0.006021635146895278
750,875,125,0.125,0.006895691882447864
730,865,135,0.135,0.007259532088370179
786,893,107,0.107,0.0059461418963910545
800,900,100,0.1,0.007060092556399468
758,879,121,0.121,0.008108578031577053
716,858,142,0.142,0.007884979437250876
748,874,126,0.126,0.007489738779564504
768,884,116,0.116,0.009229880074912216
796,898,102,0.102,0.007847150958157727
760,880,120,0.12,0.008130412226091722
758,879,121,0.121,0.007989194249050343
756,878,122,0.122,0.008012898641834909
770,885,115,0.115,0.007322786021795764
764,882,118,0.118,0.00760002021647233
788,894,106,0.106,0.006970188958207473
776,888,112,0.112,0.006457759126322344
748,874,126,0.126,0.006200671080427128
716,858,142,0.142,0.007585038674842508
808,904,96,0.096,0.005909873552536737
742,871,129,0.129,0.006736186858688598
748,874,126,0.126,0.006709896999615011
782,891,109,0.109,0.00751509822299704
746,873,127,0.127,0.0080154072654841
782,891,109,0.109,0.006345942422740336
748,874,126,0.126,0.007240832744544605
742,871,129,0.129,0.006802385522634722
770,885,115,0.115,0.005665311982993444
810,905,95,0.095,0.006716788974641531
828,914,86,0.086,0.0065498157276797425
744,872,128,0.128,0.006748971430468373
756,878,122,0.122,0.0069263654323294755
770,885,115,0.115,0.00594826948895934
744,872,128,0.128,0.0066948947464070445
816,908,92,0.092,0.006424031141403248
728,864,136,0.136,0.007018941567788715
772,886,114,0.114,0.006622192112292396
772,886,114,0.114,0.007553980039374437
808,904,96,0.096,0.007585457878820307
708,854,146,0.146,0.007100876692551538
736,868,132,0.132,0.007764101566579484
776,888,112,0.112,0.007437188342344598
752,876,124,0.124,0.007575165016809478
862,931,69,0.069,0.005986477445389027
732,866,134,0.134,0.007826940686471062
732,866,134,0.134,0.007038144759411807
732,866,134,0.134,0.006025841228387435
766,883,117,0.117,0.005872998286569782
824,912,88,0.088,0.005619097929447889
708,854,146,0.146,0.006683229387281244
756,878,122,0.122,0.007206709976984712
794,897,103,0.103,0.00651676099775068
752,876,124,0.124,0.007028635965805733
732,866,134,0.134,0.007450194742545136
758,879,121,0.121,0.007030003902196768
780,890,110,0.11,0.005640369963672128
764,882,118,0.118,0.005754448582069017
794,897,103,0.103,0.006055926150394953
812,906,94,0.094,0.005642820987821324
770,885,115,0.115,0.0061755954958571235
760,880,120,0.12,0.006135794287431054
780,890,110,0.11,0.006129309408017434
762,881,119,0.119,0.005954968527352321
770,885,115,0.115,0.006483393948714365
768,884,116,0.116,0.006894381872640224
816,908,92,0.092,0.0064630131392477775
772,886,114,0.114,0.006092733275443607
748,874,126,0.126,0.006280261360760051
786,893,107,0.107,0.00630167171105677
704,852,148,0.148,0.0076639966975671995
802,901,99,0.099,0.005897823655832326
786,893,107,0.107,0.006794821663992479
760,880,120,0.12,0.007651429823294166
734,867,133,0.133,0.006829474480546196
754,877,123,0.123,0.0068964468623453285
822,911,89,0.089,0.005122380562304897
756,878,122,0.122,0.0058328576489439
794,897,103,0.103,0.005506427343974793
718,859,141,0.141,0.006470640945393825
748,874,126,0.126,0.005963559011303005
772,886,114,0.114,0.006736702759930267
754,877,123,0.123,0.006617798382510955
794,897,103,0.103,0.006841689254404627
784,892,108,0.108,0.006638021661026869
770,885,115,0.115,0.0071884300310339315
772,886,114,0.114,0.006852553301519947
742,871,129,0.129,0.006377555064857006
798,899,101,0.101,0.005787981845285685
778,889,111,0.111,0.005546933796394114
792,896,104,0.104,0.0042959135175697155
782,891,109,0.109,0.004530098476403509
716,858,142,0.142,0.005934079095113703
734,867,133,0.133,0.005991333091064007
780,890,110,0.11,0.006967444074572995
772,886,114,0.114,0.0069514060638830415
748,874,126,0.126,0.007800448711168429
782,891,109,0.109,0.00627973131708859
794,897,103,0.103,0.006007484720143111
706,853,147,0.147,0.006130685541429557
720,860,140,0.14,0.006888053569899057
802,901,99,0.099,0.006176363355283683
758,879,121,0.121,0.005863010094079073
738,869,131,0.131,0.005559647646347003
754,877,123,0.123,0.005797456464792049
714,857,143,0.143,0.007188490647211438
760,880,120,0.12,0.0070532147092094415
706,853,147,0.147,0.0070394802695009275
822,911,89,0.089,0.006271780518567539
792,896,104,0.104,0.006958848361784476
726,863,137,0.137,0.007534023344269372
776,888,112,0.112,0.00760752754015266
748,874,126,0.126,0.005697282926252228
782,891,109,0.109,0.00491054123881986
762,881,119,0.119,0.0046690609796387434
742,871,129,0.129,0.00487409448454855
692,846,154,0.154,0.006652471203266032
800,900,100,0.1,0.005282205715549935
828,914,86,0.086,0.0059687842578277925
802,901,99,0.099,0.006088333213701844
742,871,129,0.129,0.005882571441303298
770,885,115,0.115,0.005597354869896662
766,883,117,0.117,0.005901356072659837
778,889,111,0.111,0.005872217986216129
734,867,133,0.133,0.0051571102437701485
734,867,133,0.133,0.006077224841486896
834,917,83,0.083,0.005059840700749192
794,897,103,0.103,0.005517685358470772
816,908,92,0.092,0.005544090843985032
776,888,112,0.112,0.005897529946021677
778,889,111,0.111,0.004703352961005294
760,880,120,0.12,0.006030200537512428
824,912,88,0.088,0.0054557365736181964
718,859,141,0.141,0.007189612002424838
730,865,135,0.135,0.007166655834640551
754,877,123,0.123,0.007671790665626759
734,867,133,0.133,0.008721639458934078
718,859,141,0.141,0.008182672596754856
768,884,116,0.116,0.0066383337026782105
734,867,133,0.133,0.007940067362273111
738,869,131,0.131,0.00889220989021851
728,864,136,0.136,0.006333908337521279
798,899,101,0.101,0.00550760818803974
756,878,122,0.122,0.005120031369602657
722,861,139,0.139,0.005985005104608717
728,864,136,0.136,0.006232445444975383
752,876,124,0.124,0.0056491837986759495
770,885,115,0.115,0.006965885486439219
780,890,110,0.11,0.005962011563940905
810,905,95,0.095,0.005764623484443291
806,903,97,0.097,0.005021905181652983
754,877,123,0.123,0.00670299870476083
798,899,101,0.101,0.005519504176045302
726,863,137,0.137,0.005138329448920558
762,881,119,0.119,0.0043009010982677865
778,889,111,0.111,0.004499378414919193
742,871,129,0.129,0.004792518230984569
758,879,121,0.121,0.007309490763625945
706,853,147,0.147,0.009310206434354769
724,862,138,0.138,0.009005033131281379
770,885,115,0.115,0.008582259569564484
730,865,135,0.135,0.008367171749545379
706,853,147,0.147,0.007027581662521698
762,881,119,0.119,0.007097834164611413
730,865,135,0.135,0.00818254021544999
738,869,131,0.131,0.005609920695373148
750,875,125,0.125,0.005702432522422896
846,923,77,0.077,0.004532990950250678
746,873,127,0.127,0.004848538484469827
804,902,98,0.098,0.005077545990556246
810,905,95,0.095,0.005966622244195605
764,882,118,0.118,0.005677468080757535
754,877,123,0.123,0.005618758646982315
726,863,137,0.137,0.006713444304150471
806,903,97,0.097,0.0051359533214417755
804,902,98,0.098,0.005125894328215508
740,870,130,0.13,0.006179256666400761
760,880,120,0.12,0.005395781972569239
678,839,161,0.161,0.007100259596874821
782,891,109,0.109,0.005957500620446808
824,912,88,0.088,0.004871293792675715
742,871,129,0.129,0.00701875771304185
802,901,99,0.099,0.006757416443739203
714,857,143,0.143,0.006590592224696593
784,892,108,0.108,0.006241200883334386
804,902,98,0.098,0.006639936519808543
766,883,117,0.117,0.005040157942465157
832,916,84,0.084,0.005221444531326597
748,874,126,0.126,0.005960039433866768
772,886,114,0.114,0.005436331254713878
792,896,104,0.104,0.005031247057158908
788,894,106,0.106,0.005140719193379482
694,847,153,0.153,0.007045565503634861
788,894,106,0.106,0.006692391113421763
734,867,133,0.133,0.007039705301773211
712,856,144,0.144,0.00763583935823408
824,912,88,0.088,0.006523057995182171
796,898,102,0.102,0.005447480973067286
814,907,93,0.093,0.0051953333811652555
830,915,85,0.085,0.004922120537346928
758,879,121,0.121,0.004215889286861056
792,896,104,0.104,0.005334052800883
776,888,112,0.112,0.0053052982092849565
794,897,103,0.103,0.004955444546561921
752,876,124,0.124,0.0057525923581633834
748,874,126,0.126,0.006201221770257689
724,862,138,0.138,0.006711106060887687
764,882,118,0.118,0.007678568113406072
720,860,140,0.14,0.008662638133042492
764,882,118,0.118,0.00836058437936299
766,883,117,0.117,0.007671038327694987
796,898,102,0.102,0.007370052336838853
804,902,98,0.098,0.006567355924213189
750,875,125,0.125,0.00520589387176733
788,894,106,0.106,0.0044111783460284645
750,875,125,0.125,0.004990307822088653
694,847,153,0.153,0.006051669550506631
680,840,160,0.16,0.007171068650757661
766,883,117,0.117,0.007317876987392083
790,895,105,0.105,0.0070544134838855825
750,875,125,0.125,0.007838270188010938
752,876,124,0.124,0.007002283734385856
744,872,128,0.128,0.006374170005161431
742,871,129,0.129,0.006518876144920796
816,908,92,0.092,0.005343328308288619
798,899,101,0.101,0.005043538074649405
800,900,100,0.1,0.004209978076795779
704,852,148,0.148,0.006410624465243018
790,895,105,0.105,0.006262033993843943
732,866,134,0.134,0.006170758322041365
782,891,109,0.109,0.008120920939923962
766,883,117,0.117,0.0073210487991818805
766,883,117,0.117,0.006780237607272283
786,893,107,0.107,0.005945959404041787
812,906,94,0.094,0.005040126482877895
760,880,120,0.12,0.005133483526684359
772,886,114,0.114,0.005169967820809689
802,901,99,0.099,0.0047592802031213065
752,876,124,0.124,0.00540846412115934
762,881,119,0.119,0.005882965883247379
740,870,130,0.13,0.007282288514468746
726,863,137,0.137,0.007286503211507807
780,890,110,0.11,0.007667423022125149
784,892,108,0.108,0.007717455458361656
748,874,126,0.126,0.00813804127545518
776,888,112,0.112,0.007336018804515333
742,871,129,0.129,0.007261516021215357
814,907,93,0.093,0.006538400409881433
730,865,135,0.135,0.00794574428809574
784,892,108,0.108,0.005863439227512572
798,899,101,0.101,0.006314968154816597
730,865,135,0.135,0.007416581081812182
770,885,115,0.115,0.006324867520703265
814,907,93,0.093,0.006260909400618402
774,887,113,0.113,0.006652327480172971
786,893,107,0.107,0.007460413288783456
774,887,113,0.113,0.006244328071719792
752,876,124,0.124,0.0068471618242620024
714,857,143,0.143,0.00696425666835421
742,871,129,0.129,0.006862207500060322
838,919,81,0.081,0.005650961688057577
776,888,112,0.112,0.005849157872093201
826,913,87,0.087,0.005101642479610746
772,886,114,0.114,0.005852884823498244
764,882,118,0.118,0.006143725969626757
752,876,124,0.124,0.005778586601882125
760,880,120,0.12,0.005759173063699563
732,866,134,0.134,0.007142661409452558
782,891,109,0.109,0.0065367716190958165
702,851,149,0.149,0.009232834856855334
754,877,123,0.123,0.008175227796513354
772,886,114,0.114,0.008670863342500525
788,894,106,0.106,0.0070080344487505495
752,876,124,0.124,0.0073523769015446305
704,852,148,0.148,0.006909665644634515
734,867,133,0.133,0.00659625605866313
762,881,119,0.119,0.005712334427083988
776,888,112,0.112,0.005848479237320134
756,878,122,0.122,0.00632042734780407
770,885,115,0.115,0.006613217176687613
778,889,111,0.111,0.005823244104874902
792,896,104,0.104,0.006714637508441228
730,865,135,0.135,0.006501754599288688
684,842,158,0.158,0.006798294176202035
772,886,114,0.114,0.005548624582355842
736,868,132,0.132,0.006685586017159949
774,887,113,0.113,0.006379010914351966
752,876,124,0.124,0.006981037785459193
746,873,127,0.127,0.006602274523247615
722,861,139,0.139,0.008434113407638506
762,881,119,0.119,0.00662856073777948
784,892,108,0.108,0.005897482662330731
790,895,105,0.105,0.005411167055270198
792,896,104,0.104,0.005966067042238137
846,923,77,0.077,0.005095005421382666
768,884,116,0.116,0.005862036781720235
778,889,111,0.111,0.004974059951957315
802,901,99,0.099,0.005566176043999804
800,900,100,0.1,0.005268073015424307
794,897,103,0.103,0.0065170341083430686
748,874,126,0.126,0.006196628247649641
738,869,131,0.131,0.006497222935722675
706,853,147,0.147,0.0073368877916072965
800,900,100,0.1,0.008134244188986485
768,884,116,0.116,0.007542246899800375
816,908,92,0.092,0.006004827889795706
776,888,112,0.112,0.006491927554945505
772,886,114,0.114,0.00471665220419527
748,874,126,0.126,0.006128952514030971
748,874,126,0.126,0.005385748820706794
740,870,130,0.13,0.006445790203972138
794,897,103,0.103,0.007223234210061492
764,882,118,0.118,0.009247747610061197
784,892,108,0.108,0.009187120076909196
712,856,144,0.144,0.008906929881472025
760,880,120,0.12,0.007001778438410838
778,889,111,0.111,0.007099527806720289
742,871,129,0.129,0.006515429305683938
746,873,127,0.127,0.006007997658707609
760,880,120,0.12,0.006715661773618194
790,895,105,0.105,0.00654620658361091
754,877,123,0.123,0.0071054105777438965
816,908,92,0.092,0.007037381915608421
738,869,131,0.131,0.006711178595447564
804,902,98,0.098,0.00557274525842513
778,889,111,0.111,0.005326454445676063
818,909,91,0.091,0.005964602090063636
764,882,118,0.118,0.005437698698871827
828,914,86,0.086,0.005210015103744809
818,909,91,0.091,0.00539308168138814
774,887,113,0.113,0.0059205067356233486
780,890,110,0.11,0.007717463963956107
702,851,149,0.149,0.0069579760508486285
806,903,97,0.097,0.007487149148801109
746,873,127,0.127,0.008058359924412797
690,845,155,0.155,0.008078183775942306
658,829,171,0.171,0.009142537044011988
756,878,122,0.122,0.006922520236723358
704,852,148,0.148,0.007734828658445622
816,908,92,0.092,0.005982846011676883
820,910,90,0.09,0.006771737588380347
766,883,117,0.117,0.007415223803633126
728,864,136,0.136,0.00762234201458341
720,860,140,0.14,0.006465752216769033
740,870,130,0.13,0.0065534299502323845
848,924,76,0.076,0.0054207781524310125
828,914,86,0.086,0.004460884526677546
818,909,91,0.091,0.005476321339992865
754,877,123,0.123,0.006399859463894245
790,895,105,0.105,0.006152235881683737
800,900,100,0.1,0.006345031352859223
808,904,96,0.096,0.006784802409776603
792,896,104,0.104,0.006684013040794526
748,874,126,0.126,0.006906775435796589
792,896,104,0.104,0.005774259460136818
734,867,133,0.133,0.007612459991149081
740,870,130,0.13,0.007008015643572435
802,901,99,0.099,0.006706586861153482
734,867,133,0.133,0.008009565584536176
790,895,105,0.105,0.007455926655704388
780,890,110,0.11,0.008162654943036614
764,882,118,0.118,0.007465263352911279
758,879,121,0.121,0.0071493889758421575
758,879,121,0.121,0.006960207648720825
782,891,109,0.109,0.007342509037938726
786,893,107,0.107,0.007396478981143446
692,846,154,0.154,0.008823012608132558
796,898,102,0.102,0.00863388765550917
786,893,107,0.107,0.008085224217735231
764,882,118,0.118,0.007720127044041874
718,859,141,0.141,0.00881909390970577
790,895,105,0.105,0.006073537308540836
792,896,104,0.104,0.007034889126145572
790,895,105,0.105,0.00604322713773945
722,861,139,0.139,0.006969705346724368
770,885,115,0.115,0.007307727547107788
726,863,137,0.137,0.007878608837432693
788,894,106,0.106,0.00708971647839644
794,897,103,0.103,0.00733902977728576
804,902,98,0.098,0.008682530293925083
748,874,126,0.126,0.007682914198405342
824,912,88,0.088,0.005837280757870758
780,890,110,0.11,0.00594277935125865
826,913,87,0.087,0.005036924855259713
742,871,129,0.129,0.007708360686083324
774,887,113,0.113,0.004523590033684741
802,901,99,0.099,0.005134079511335586
820,910,90,0.09,0.005562038041636697
772,886,114,0.114,0.006770152872762992
744,872,128,0.128,0.007375259618391283
774,887,113,0.113,0.007886801599510364
746,873,127,0.127,0.008541415845727898
758,879,121,0.121,0.008913717155053746
742,871,129,0.129,0.007961944208684145
762,881,119,0.119,0.0072177368238626515
800,900,100,0.1,0.007381356881407555
706,853,147,0.147,0.007555480328344856
752,876,124,0.124,0.006799204791488591
792,896,104,0.104,0.006806644475916983
756,878,122,0.122,0.007367321568817715
794,897,103,0.103,0.006964785549382214
802,901,99,0.099,0.007477022798315375
768,884,116,0.116,0.00707553929592541
812,906,94,0.094,0.0062236719362208535
722,861,139,0.139,0.007448842948389938
746,873,127,0.127,0.007336591368322843
794,897,103,0.103,0.007776822884974536
798,899,101,0.101,0.0067672308646433525
736,868,132,0.132,0.006866448089218466
704,852,148,0.148,0.006753754748126084
754,877,123,0.123,0.006655802387613221
806,903,97,0.097,0.007086510597662709
778,889,111,0.111,0.007358752362721134
810,905,95,0.095,0.0074514618958419305
816,908,92,0.092,0.006762498317133577
824,912,88,0.088,0.006262708692607703
790,895,105,0.105,0.006338386100345815
748,874,126,0.126,0.006282343180762837
768,884,116,0.116,0.005835499881242868
732,866,134,0.134,0.006438722324390255
748,874,126,0.126,0.006950113683313248
718,859,141,0.141,0.01030346478548745
764,882,118,0.118,0.008675065964882378
788,894,106,0.106,0.008757936821246403
754,877,123,0.123,0.00946428951798589
768,884,116,0.116,0.007020141776156379
726,863,137,0.137,0.006764757513767108
774,887,113,0.113,0.00625814922527934
744,872,128,0.128,0.006498937200121873
800,900,100,0.1,0.006889684529347505
824,912,88,0.088,0.006013525516973459
764,882,118,0.118,0.006597255965141813
760,880,120,0.12,0.006715751895084395
720,860,140,0.14,0.007463575768226292
798,899,101,0.101,0.0073642685288505165
840,920,80,0.08,0.00589687829973991
820,910,90,0.09,0.006756852156235255
780,890,110,0.11,0.0050878852208770696
756,878,122,0.122,0.005585974702342355
754,877,123,0.123,0.005268903206644609
776,888,112,0.112,0.005927099464679486
720,860,140,0.14,0.00880460554754245
738,869,131,0.131,0.009079700914313435
750,875,125,0.125,0.009588899971022328
768,884,116,0.116,0.009465497438126476
762,881,119,0.119,0.00984687271763687
766,883,117,0.117,0.008954451353725744
806,903,97,0.097,0.007974868911027442
698,849,151,0.151,0.00814984723613452
766,883,117,0.117,0.006769357801356819
762,881,119,0.119,0.008223796954756836
698,849,151,0.151,0.00772885925853916
776,888,112,0.112,0.007265054638279252
826,913,87,0.087,0.007303662657272071
804,902,98,0.098,0.0068717468534596265
750,875,125,0.125,0.007780323795399454
800,900,100,0.1,0.006845767038801569
802,901,99,0.099,0.006522632250416791
784,892,108,0.108,0.00670214186119847
734,867,133,0.133,0.0070323052469757385
722,861,139,0.139,0.007136812009382993
786,893,107,0.107,0.007184748939063866
770,885,115,0.115,0.007726679084196803
750,875,125,0.125,0.006986420908244327
810,905,95,0.095,0.00787681011062523
740,870,130,0.13,0.007947294216719455
724,862,138,0.138,0.008747584820681368
760,880,120,0.12,0.008461683215806261
738,869,131,0.131,0.00805760921916226
714,857,143,0.143,0.007998702979719382
782,891,109,0.109,0.00800742313079536
782,891,109,0.109,0.007384114523840253
718,859,141,0.141,0.008339806858006341
770,885,115,0.115,0.007897517107063321
778,889,111,0.111,0.007988579364842735
782,891,109,0.109,0.00702517693748814
792,896,104,0.104,0.008170034349161142
754,877,123,0.123,0.008107592649226718
746,873,127,0.127,0.008018990664306329
740,870,130,0.13,0.006947741238254821
716,858,142,0.142,0.007556384306662949
788,894,106,0.106,0.007387854660624725
710,855,145,0.145,0.008694052554070367
786,893,107,0.107,0.0075581425114651215
740,870,130,0.13,0.009725259416940388
742,871,129,0.129,0.008815861947208759
792,896,104,0.104,0.009171568852150813
770,885,115,0.115,0.008833247944741742
836,918,82,0.082,0.005792611301127181
746,873,127,0.127,0.006972235302244371
746,873,127,0.127,0.0069475675648573085
824,912,88,0.088,0.005924846581539896
770,885,115,0.115,0.005901036608163849
760,880,120,0.12,0.007017599049111595
690,845,155,0.155,0.008123255821381462
776,888,112,0.112,0.0073317187330248995
732,866,134,0.134,0.008986439959175186
798,899,101,0.101,0.006714224360854132
796,898,102,0.102,0.00827229750452443
688,844,156,0.156,0.00930590079407557
834,917,83,0.083,0.0061296969951072245
750,875,125,0.125,0.007008416542244959
684,842,158,0.158,0.0071180047195812226
744,872,128,0.128,0.006502347686415305
756,878,122,0.122,0.005288385783685953
778,889,111,0.111,0.006306694568320381
796,898,102,0.102,0.00529556095910084
794,897,103,0.103,0.006232769459369593
748,874,126,0.126,0.0065132140277492
742,871,129,0.129,0.007174510877550347
712,856,144,0.144,0.00651427463258733
728,864,136,0.136,0.007000866784059326
826,913,87,0.087,0.00669984554554685
754,877,123,0.123,0.007244980847215629
796,898,102,0.102,0.006605855035399145
812,906,94,0.094,0.005654356668994297
778,889,111,0.111,0.005153961955627892
810,905,95,0.095,0.0048573914598018745
758,879,121,0.121,0.00492085449724982
814,907,93,0.093,0.004893087715288857
750,875,125,0.125,0.00657647990033729
804,902,98,0.098,0.006173062023430248
772,886,114,0.114,0.006839261677625472
720,860,140,0.14,0.007336482513121155
726,863,137,0.137,0.007668453080579639
730,865,135,0.135,0.007256399407458957
776,888,112,0.112,0.007500872113159858
726,863,137,0.137,0.007325124286944628
756,878,122,0.122,0.00818131852443912
786,893,107,0.107,0.007680859688109195
748,874,126,0.126,0.007679425256850663
750,875,125,0.125,0.00651008453592658
724,862,138,0.138,0.0076534910266345835
804,902,98,0.098,0.006604645793093368
706,853,147,0.147,0.008437932890286902
768,884,116,0.116,0.007030091090637142
790,895,105,0.105,0.005965248528955271
764,882,118,0.118,0.006647122749156551
824,912,88,0.088,0.007508580818073824
790,895,105,0.105,0.007241979790313053
778,889,111,0.111,0.00567383311787853
774,887,113,0.113,0.00649052436889906
808,904,96,0.096,0.005441449974066927
814,907,93,0.093,0.00562901380929543
760,880,120,0.12,0.005205137314047533
754,877,123,0.123,0.006358149934734683
834,917,83,0.083,0.005713414650788763
686,843,157,0.157,0.007002714797934459
734,867,133,0.133,0.008293328315994586
798,899,101,0.101,0.007443624772131443
776,888,112,0.112,0.00775490761405672
772,886,114,0.114,0.008125787035169196
814,907,93,0.093,0.006628331636115035
796,898,102,0.102,0.005255137003579875
732,866,134,0.134,0.005610436567425495
836,918,82,0.082,0.0046726271387015
758,879,121,0.121,0.005388246407492261
812,906,94,0.094,0.005084413825112278
726,863,137,0.137,0.007651170497410931
704,852,148,0.148,0.009564077836075739
732,866,134,0.134,0.009308993267812184
802,901,99,0.099,0.00849900994222844
780,890,110,0.11,0.009138714798958973
722,861,139,0.139,0.010521370193513575
728,864,136,0.136,0.010279757101263385
824,912,88,0.088,0.007456511118885828
712,856,144,0.144,0.008350913404647144
808,904,96,0.096,0.007156703619586551
772,886,114,0.114,0.005925704216992017
736,868,132,0.132,0.005857348387726233
794,897,103,0.103,0.0057557829826773745
828,914,86,0.086,0.005491173110924137
792,896,104,0.104,0.005570554071138758
812,906,94,0.094,0.005284907617780846
654,827,173,0.173,0.006686895795806776
760,880,120,0.12,0.0067667014623439175
792,896,104,0.104,0.00711445882562839
732,866,134,0.134,0.007981091984373051
752,876,124,0.124,0.009977335018280428
770,885,115,0.115,0.008648112583963667
796,898,102,0.102,0.009162543923084741
776,888,112,0.112,0.008109068978621507
740,870,130,0.13,0.005540730488974077
798,899,101,0.101,0.005486297558556543
764,882,118,0.118,0.004732871716885711
754,877,123,0.123,0.005679225384803431
758,879,121,0.121,0.005858961352820188
786,893,107,0.107,0.006408425485586121
794,897,103,0.103,0.007117879046374583
750,875,125,0.125,0.006809413896640763
704,852,148,0.148,0.007395830358203966
734,867,133,0.133,0.006801852880860679
762,881,119,0.119,0.0074887833639513705
712,856,144,0.144,0.007847334282909287
744,872,128,0.128,0.008949894512450556
702,851,149,0.149,0.008751996152626815
750,875,125,0.125,0.007851309951103757
776,888,112,0.112,0.008805461178693803
808,904,96,0.096,0.005864922741904593
768,884,116,0.116,0.005930795846019464
794,897,103,0.103,0.005796098838050966
776,888,112,0.112,0.005262702543779596
820,910,90,0.09,0.005217860419339558
808,904,96,0.096,0.005319779396930244
722,861,139,0.139,0.0060690821893476824
774,887,113,0.113,0.005567142126848921
788,894,106,0.106,0.007233417370356619
804,902,98,0.098,0.00710123213470797
802,901,99,0.099,0.0064254909573210174
702,851,149,0.149,0.006973317993019009
730,865,135,0.135,0.0069539820584759585
792,896,104,0.104,0.005972399968857644
698,849,151,0.151,0.007839153448170691
744,872,128,0.128,0.006785512905375071
776,888,112,0.112,0.008050079854016077
752,876,124,0.124,0.008101410159986699
762,881,119,0.119,0.009372271223866847
756,878,122,0.122,0.00860660486308916
756,878,122,0.122,0.006659887685920694
756,878,122,0.122,0.006390762363254907
716,858,142,0.142,0.006395682709859102
744,872,128,0.128,0.006939517946433625
768,884,116,0.116,0.009028450730387704
754,877,123,0.123,0.008435308564075967
748,874,126,0.126,0.009535626441356726
712,856,144,0.144,0.009391129703086335
788,894,106,0.106,0.006722711238133343
778,889,111,0.111,0.006836116488513653
768,884,116,0.116,0.006590135479258606
704,852,148,0.148,0.006900045788861462
792,896,104,0.104,0.007814173197395576
698,849,151,0.151,0.007714348584675917
728,864,136,0.136,0.00930426288372837
730,865,135,0.135,0.009342795521777589
796,898,102,0.102,0.009109920484013856
806,903,97,0.097,0.008340420002845348
770,885,115,0.115,0.008250944630781305
754,877,123,0.123,0.00821494204048213
756,878,122,0.122,0.006797987495614507
774,887,113,0.113,0.006818475250518531
750,875,125,0.125,0.007067081503715599
762,881,119,0.119,0.00735433834358264
770,885,115,0.115,0.007144357466546353
744,872,128,0.128,0.007518557123054052
794,897,103,0.103,0.0069765901589926215
808,904,96,0.096,0.006809398106044682
796,898,102,0.102,0.00630515102487334
766,883,117,0.117,0.007235923187457956
784,892,108,0.108,0.006600064657424809
762,881,119,0.119,0.006615369271421514
774,887,113,0.113,0.007753777599675231
780,890,110,0.11,0.007211107998038642
742,871,129,0.129,0.008590415756276342
772,886,114,0.114,0.008616469558386597
818,909,91,0.091,0.0075648270103265535
806,903,97,0.097,0.006287661244539776
744,872,128,0.128,0.007239855994499522
798,899,101,0.101,0.00552236649833867
786,893,107,0.107,0.005946071626480262
782,891,109,0.109,0.0062479953551082875
752,876,124,0.124,0.006443143695447361
814,907,93,0.093,0.006828146701183869
782,891,109,0.109,0.007533122063032352
738,869,131,0.131,0.007983524396171561
788,894,106,0.106,0.007432723649006221
724,862,138,0.138,0.007364646120553516
778,889,111,0.111,0.008670472823112504
718,859,141,0.141,0.009174229613359784
768,884,116,0.116,0.008483006932481657
802,901,99,0.099,0.007834089513457002
732,866,134,0.134,0.009434213346685283
746,873,127,0.127,0.009271979762270349
756,878,122,0.122,0.00878034076471522
706,853,147,0.147,0.009207540470350068
762,881,119,0.119,0.007472921920838416
736,868,132,0.132,0.008215379035056685
758,879,121,0.121,0.007377526184209273
802,901,99,0.099,0.007905326480977238
724,862,138,0.138,0.0070946035998495065
784,892,108,0.108,0.0069648385700420475
746,873,127,0.127,0.007001135433529271
730,865,135,0.135,0.008004810819678824
742,871,129,0.129,0.00905994496072526
774,887,113,0.113,0.008553321036968554
764,882,118,0.118,0.008819400510867126
766,883,117,0.117,0.009613588468520902
730,865,135,0.135,0.008218698126554954
822,911,89,0.089,0.007718384707826772
750,875,125,0.125,0.008248767865123227
748,874,126,0.126,0.0068468075870769095
786,893,107,0.107,0.007367867272827425
738,869,131,0.131,0.007963991025346331
742,871,129,0.129,0.00804437049558328
796,898,102,0.102,0.008451564871822484
758,879,121,0.121,0.008123947580257664
806,903,97,0.097,0.00798001939948881
812,906,94,0.094,0.007777672233292833
760,880,120,0.12,0.008702531256712973
730,865,135,0.135,0.008428717674309154
792,896,104,0.104,0.007298226995721052
768,884,116,0.116,0.00802516577935603
788,894,106,0.106,0.007554788698260382
746,873,127,0.127,0.008182735165988561
724,862,138,0.138,0.009431571793611511
752,876,124,0.124,0.00943119992566062
808,904,96,0.096,0.008919458086282247
770,885,115,0.115,0.008964487472665495
752,876,124,0.124,0.009973072265129303
822,911,89,0.089,0.008115222204025486
742,871,129,0.129,0.008019611150826677
738,869,131,0.131,0.007922531537740723
784,892,108,0.108,0.007757749706404866
782,891,109,0.109,0.007575565200502752
726,863,137,0.137,0.01077545522537548
776,888,112,0.112,0.009032966082741041
804,902,98,0.098,0.009541879660624544
816,908,92,0.092,0.008718002774869092
752,876,124,0.124,0.00900332815060392
758,879,121,0.121,0.008457270607905229
726,863,137,0.137,0.010052137955892248
792,896,104,0.104,0.008117189031734596
810,905,95,0.095,0.00781686379427265
788,894,106,0.106,0.008022309822539682
744,872,128,0.128,0.008467806778266095
782,891,109,0.109,0.008471288655418902
722,861,139,0.139,0.009261353958630935
772,886,114,0.114,0.008591740979143652
768,884,116,0.116,0.00871656088330201
762,881,119,0.119,0.010054974258644506
774,887,113,0.113,0.010581629932792566
764,882,118,0.118,0.010372740877442993
834,917,83,0.083,0.009448751305724727
724,862,138,0.138,0.010184308276860975
758,879,121,0.121,0.009541408229350054
758,879,121,0.121,0.009043258906705888
758,879,121,0.121,0.00909676303526794
786,893,107,0.107,0.010146063289052109
752,876,124,0.124,0.009946423940593377
788,894,106,0.106,0.008551565744593972
786,893,107,0.107,0.009386291286558844
776,888,112,0.112,0.009566153519728686
782,891,109,0.109,0.008805823555252572
802,901,99,0.099,0.007612476698257524
754,877,123,0.123,0.008497360288514756
790,895,105,0.105,0.008022292228415608
726,863,137,0.137,0.00875719597407442
754,877,123,0.123,0.008941690959301923
760,880,120,0.12,0.0087920581199578
746,873,127,0.127,0.012002238427463454
758,879,121,0.121,0.011214742237702012
680,840,160,0.16,0.012889791205147048
758,879,121,0.121,0.01161381347932911
802,901,99,0.099,0.010256977473181906
812,906,94,0.094,0.009273223172524013
796,898,102,0.102,0.009426681985147298
740,870,130,0.13,0.009326785021912656
780,890,110,0.11,0.00871646330895237
742,871,129,0.129,0.00897264111530967
798,899,101,0.101,0.008039903347817018
766,883,117,0.117,0.009416617769747972
744,872,128,0.128,0.009800881842820672
788,894,106,0.106,0.010293711684906157
772,886,114,0.114,0.009693397130205995
832,916,84,0.084,0.007934368661663029
802,901,99,0.099,0.007353514451577212
762,881,119,0.119,0.008503684839113703
806,903,97,0.097,0.008979176566470414
720,860,140,0.14,0.009886159995177878
820,910,90,0.09,0.008929177949408769
786,893,107,0.107,0.008529561648319941
806,903,97,0.097,0.009675806699153328
722,861,139,0.139,0.009477801943612576
808,904,96,0.096,0.008943815486883977
810,905,95,0.095,0.008732949594785168
776,888,112,0.112,0.009296805060599581
768,884,116,0.116,0.008889830914791673
768,884,116,0.116,0.00971673912242113
764,882,118,0.118,0.009460066817729967
726,863,137,0.137,0.010575443049237947
804,902,98,0.098,0.010077207238064148
796,898,102,0.102,0.00899809254470165
780,890,110,0.11,0.009200058759110107
800,900,100,0.1,0.009364250860176981
844,922,78,0.078,0.006858756748246379
764,882,118,0.118,0.007256122310805949
810,905,95,0.095,0.007054570369829889
712,856,144,0.144,0.008542933698699927
772,886,114,0.114,0.009924305120599455
710,855,145,0.145,0.011780529049341567
744,872,128,0.128,0.01249295913754031
734,867,133,0.133,0.011389552466760506
768,884,116,0.116,0.011250728187442292
768,884,116,0.116,0.010413378772755095
780,890,110,0.11,0.01114894646438188
838,919,81,0.081,0.009270935110420396
802,901,99,0.099,0.006052495652242215
756,878,122,0.122,0.006207494220172521
802,901,99,0.099,0.006511064191741752
836,918,82,0.082,0.006121671218017582
842,921,79,0.079,0.008731305273802718
794,897,103,0.103,0.008524000072618946
796,898,102,0.102,0.008978574917884544
742,871,129,0.129,0.009617272288101959
736,868,132,0.132,0.008365002770500724
786,893,107,0.107,0.007585754661376996
774,887,113,0.113,0.007734516777272802
752,876,124,0.124,0.009000316030665999
690,845,155,0.155,0.011461559255141765
774,887,113,0.113,0.011468994731767452
738,869,131,0.131,0.012188311994104879
700,850,150,0.15,0.013147815361968242
756,878,122,0.122,0.010835660354117862
734,867,133,0.133,0.010013696054171305
684,842,158,0.158,0.011766728028596844
774,887,113,0.113,0.010966315146593842
776,888,112,0.112,0.00909501167180133
756,878,122,0.122,0.009603354758874048
776,888,112,0.112,0.009226742448910955
740,870,130,0.13,0.01029230666634976
766,883,117,0.117,0.008205940448955517
748,874,126,0.126,0.00799854288489587
780,890,110,0.11,0.007979486469223047
772,886,114,0.114,0.007640961594399414
838,919,81,0.081,0.007106052967021242
682,841,159,0.159,0.009680706209444907
766,883,117,0.117,0.008504103700179257
770,885,115,0.115,0.008989089060341938
766,883,117,0.117,0.00694561749114655
788,894,106,0.106,0.007610059216473019
830,915,85,0.085,0.006395714540629342
782,891,109,0.109,0.007170193060857855
772,886,114,0.114,0.0073886250263458355
708,854,146,0.146,0.007557450061482086
750,875,125,0.125,0.008588603416399564
802,901,99,0.099,0.008051689962579985
744,872,128,0.128,0.009378236046934035
774,887,113,0.113,0.008253769676113734
766,883,117,0.117,0.009126233579037944
758,879,121,0.121,0.00913644481173833
738,869,131,0.131,0.008080819611710467
754,877,123,0.123,0.008621963643701746
792,896,104,0.104,0.008610602962406119
750,875,125,0.125,0.008913955369076574
792,896,104,0.104,0.00847157840944419
810,905,95,0.095,0.008054236741932981
826,913,87,0.087,0.006526428884768393
760,880,120,0.12,0.006838771665206878
782,891,109,0.109,0.007030777934734942
796,898,102,0.102,0.0073543072974935056
826,913,87,0.087,0.006821900435286807
738,869,131,0.131,0.0072573882947908714
770,885,115,0.115,0.008888414378772722
814,907,93,0.093,0.00852294913455262
754,877,123,0.123,0.009102263229317032
778,889,111,0.111,0.007989914066216443
784,892,108,0.108,0.006827247033914318
768,884,116,0.116,0.007320659516706655
754,877,123,0.123,0.007111102917260723
748,874,126,0.126,0.007286590649826394
814,907,93,0.093,0.008665573199017671
794,897,103,0.103,0.008575450646138051
702,851,149,0.149,0.010269459955932689
794,897,103,0.103,0.008634826195979259
826,913,87,0.087,0.007291231889088522
746,873,127,0.127,0.008470867495736457
782,891,109,0.109,0.007823167573311366
782,891,109,0.109,0.007914114070677897
784,892,108,0.108,0.007100129738931628
708,854,146,0.146,0.008241553556348662
776,888,112,0.112,0.008181497058598325
754,877,123,0.123,0.009518524902523496
730,865,135,0.135,0.011260362945467933
766,883,117,0.117,0.01078334402514156
732,866,134,0.134,0.011176646059204359
790,895,105,0.105,0.009057123313577903
770,885,115,0.115,0.009635096418074682
760,880,120,0.12,0.009341457432994502
760,880,120,0.12,0.00872851446297136
746,873,127,0.127,0.008897601067423239
724,862,138,0.138,0.008703542277318775
752,876,124,0.124,0.009036932087328751
762,881,119,0.119,0.009653842483501648
768,884,116,0.116,0.009768489581416361
810,905,95,0.095,0.009986521830389393
802,901,99,0.099,0.010823855987313436
770,885,115,0.115,0.008580012661856018
744,872,128,0.128,0.008573429725409368
774,887,113,0.113,0.008116552394312748
714,857,143,0.143,0.00856739295378793
760,880,120,0.12,0.009692997998034115
754,877,123,0.123,0.010905975273810327
760,880,120,0.12,0.011989038898638683
754,877,123,0.123,0.011582537794543896
782,891,109,0.109,0.011192231232940685
726,863,137,0.137,0.011592132129240781
788,894,106,0.106,0.010402188624371774
772,886,114,0.114,0.009956164188290132
770,885,115,0.115,0.007720715970528545
812,906,94,0.094,0.0070527332666679285
828,914,86,0.086,0.0066643192824703875
754,877,123,0.123,0.007752102161190123
742,871,129,0.129,0.007877847609721357
748,874,126,0.126,0.008687664469063747
762,881,119,0.119,0.008959530818825442
788,894,106,0.106,0.008340024801786057
772,886,114,0.114,0.008638808731193421
756,878,122,0.122,0.008581814107776154
760,880,120,0.12,0.008501925487275002
790,895,105,0.105,0.009834713705757166
796,898,102,0.102,0.008890626083375536
748,874,126,0.126,0.0068837866711692185
832,916,84,0.084,0.006470574801045586
776,888,112,0.112,0.006710360755911097
756,878,122,0.122,0.006251106517243897
764,882,118,0.118,0.006678956009389367
782,891,109,0.109,0.007824525250252918
798,899,101,0.101,0.007142881285457406
750,875,125,0.125,0.009123053576477105
798,899,101,0.101,0.009975533415738027
756,878,122,0.122,0.0106370989967254
748,874,126,0.126,0.011350207596784458
832,916,84,0.084,0.009264525710284943
756,878,122,0.122,0.008438365815323777
716,858,142,0.142,0.00991118403733708
804,902,98,0.098,0.008084867201105225
746,873,127,0.127,0.009329677300469484
792,896,104,0.104,0.008633637452934636
772,886,114,0.114,0.00960315106161579
772,886,114,0.114,0.009251659183733864
764,882,118,0.118,0.009475551858660764
722,861,139,0.139,0.009338895874825538
746,873,127,0.127,0.00834772883891128
748,874,126,0.126,0.010357252950256225
706,853,147,0.147,0.010464503788098227
724,862,138,0.138,0.011648535133164842
788,894,106,0.106,0.011563035785075044
790,895,105,0.105,0.011398605920257978
798,899,101,0.101,0.010985054938588291
752,876,124,0.124,0.009209048166900175
802,901,99,0.099,0.007118691967669293
746,873,127,0.127,0.007336097263352713
704,852,148,0.148,0.008228762291870225
768,884,116,0.116,0.010745754550589482
706,853,147,0.147,0.010593162421995657
748,874,126,0.126,0.011094178337138147
806,903,97,0.097,0.01107657687133178
790,895,105,0.105,0.010568649608991109
748,874,126,0.126,0.010680289280950092
782,891,109,0.109,0.009638376440037974
720,860,140,0.14,0.008868813864741242
776,888,112,0.112,0.008381575531151611
838,919,81,0.081,0.007184148979366
732,866,134,0.134,0.008511695640278049
716,858,142,0.142,0.00965288095701544
774,887,113,0.113,0.00985657723582699
776,888,112,0.112,0.009053777690103744
754,877,123,0.123,0.010913459989009425
740,870,130,0.13,0.01122771453030873
752,876,124,0.124,0.010157987936458085
772,886,114,0.114,0.009731428025115747
788,894,106,0.106,0.008409567126538604
788,894,106,0.106,0.008391863151133293
754,877,123,0.123,0.008504877740255325
746,873,127,0.127,0.009373063152946998
742,871,129,0.129,0.00863236832820985
786,893,107,0.107,0.009444859579904005
782,891,109,0.109,0.010127181398915127
772,886,114,0.114,0.009130123658454977
798,899,101,0.101,0.009160423324676231
834,917,83,0.083,0.008793852060858627
766,883,117,0.117,0.008617662306351121
748,874,126,0.126,0.009590617618407123
730,865,135,0.135,0.009313285131705925
754,877,123,0.123,0.009463673913036473
818,909,91,0.091,0.009320350136738853
798,899,101,0.101,0.009410452452138998
810,905,95,0.095,0.009425001994241029
760,880,120,0.12,0.008093474498367868
742,871,129,0.129,0.007991559385438449
732,866,134,0.134,0.008851295079010014
760,880,120,0.12,0.007861090015241644
790,895,105,0.105,0.00912377783847478
768,884,116,0.116,0.010196927089476959
798,899,101,0.101,0.010205436097283383
740,870,130,0.13,0.010902155637537362
774,887,113,0.113,0.010026802896347362
770,885,115,0.115,0.009415222999698016
806,903,97,0.097,0.009030531652737409
748,874,126,0.126,0.00992862694588257
770,885,115,0.115,0.008517467512516304
786,893,107,0.107,0.009104015740937029
742,871,129,0.129,0.009435725924151483
766,883,117,0.117,0.010221353591477965
732,866,134,0.134,0.010343164580408484
728,864,136,0.136,0.011169053203891962
744,872,128,0.128,0.011725062843004707
768,884,116,0.116,0.01011650600307621
754,877,123,0.123,0.009591768045444041
762,881,119,0.119,0.010089941121870652
786,893,107,0.107,0.010201328906405252
694,847,153,0.153,0.011093073402473237
744,872,128,0.128,0.010545628628082341
782,891,109,0.109,0.009937034254427999
800,900,100,0.1,0.010337486607255414
756,878,122,0.122,0.010391286245227093
712,856,144,0.144,0.010703677499026525
838,919,81,0.081,0.007039056462119333
804,902,98,0.098,0.007341110618435778
822,911,89,0.089,0.006913241028611083
754,877,123,0.123,0.007873961431643694
784,892,108,0.108,0.007004315991071053
822,911,89,0.089,0.0065965412058721995
754,877,123,0.123,0.007691488435084466
816,908,92,0.092,0.007917994019895559
700,850,150,0.15,0.01072430028251256
736,868,132,0.132,0.011275427923188544
784,892,108,0.108,0.009896916842611972
786,893,107,0.107,0.010331946341844742
716,858,142,0.142,0.011254877115192357
730,865,135,0.135,0.011074028388189617
740,870,130,0.13,0.009380056996713392
774,887,113,0.113,0.008207461233105277
794,897,103,0.103,0.008777276746441203
770,885,115,0.115,0.008207579633162822
738,869,131,0.131,0.008949560134635248
784,892,108,0.108,0.009079293433518614
778,889,111,0.111,0.009836870350380195
720,860,140,0.14,0.011542713435890618
716,858,142,0.142,0.011524318423704244
768,884,116,0.116,0.009768904806813226
738,869,131,0.131,0.009240240860788618
770,885,115,0.115,0.009500546295195818
762,881,119,0.119,0.00835048526537139
694,847,153,0.153,0.009782979098701617
778,889,111,0.111,0.009989417018427049
764,882,118,0.118,0.008710421737880097
786,893,107,0.107,0.008273220744973515
746,873,127,0.127,0.009837596107681748
770,885,115,0.115,0.010019430527405802
752,876,124,0.124,0.008615475968312239
768,884,116,0.116,0.008339219238027
838,919,81,0.081,0.007117799773910519
736,868,132,0.132,0.008574575004342477
770,885,115,0.115,0.007898886160051915
760,880,120,0.12,0.009154933189391158
752,876,124,0.124,0.008581607734799036
790,895,105,0.105,0.009340417211060412
782,891,109,0.109,0.009498452094994718
770,885,115,0.115,0.007617646074424556
750,875,125,0.125,0.00792399244569242
776,888,112,0.112,0.007642118012765422
794,897,103,0.103,0.006974264460601262
794,897,103,0.103,0.008458729250560282
724,862,138,0.138,0.008844394591957098
798,899,101,0.101,0.00827141547013889
806,903,97,0.097,0.007959711813600733
770,885,115,0.115,0.007764795940223848
718,859,141,0.141,0.008007170634966315
752,876,124,0.124,0.008256877683801577
760,880,120,0.12,0.008761599191377173
826,913,87,0.087,0.008168810328104882
742,871,129,0.129,0.009534517712163506
810,905,95,0.095,0.008544091699935962
790,895,105,0.105,0.007908079215907492
806,903,97,0.097,0.006786021615422215
732,866,134,0.134,0.00729350114610861
840,920,80,0.08,0.006215414688078453
806,903,97,0.097,0.006131266320422582
828,914,86,0.086,0.005812085264311463
806,903,97,0.097,0.005894478098285617
746,873,127,0.127,0.007488518633152126
754,877,123,0.123,0.00825922135237488
822,911,89,0.089,0.008343813331914134
760,880,120,0.12,0.010169987500397838
766,883,117,0.117,0.009893811866539181
722,861,139,0.139,0.00977634654783469
780,890,110,0.11,0.00849933187730494
788,894,106,0.106,0.007648926324298372
758,879,121,0.121,0.008204190641157766
784,892,108,0.108,0.0073024133438811985
792,896,104,0.104,0.007419411815644708
776,888,112,0.112,0.007984106460353359
696,848,152,0.152,0.008456954727851553
810,905,95,0.095,0.00785048495492083
768,884,116,0.116,0.009619493010657607
776,888,112,0.112,0.010085456843022257
760,880,120,0.12,0.009142186528100865
752,876,124,0.124,0.008949000306420202
692,846,154,0.154,0.009297877134900772
768,884,116,0.116,0.008074881391105009
826,913,87,0.087,0.0064124914449203065
776,888,112,0.112,0.00731300694757374
770,885,115,0.115,0.007404210702712589
758,879,121,0.121,0.005777988618247036
868,934,66,0.066,0.005663087549357442
752,876,124,0.124,0.006749680267166696
780,890,110,0.11,0.007883800398471067
764,882,118,0.118,0.007025514180219033
800,900,100,0.1,0.007371262626664247
748,874,126,0.126,0.007745299445057753
798,899,101,0.101,0.007399124448013026
796,898,102,0.102,0.007531669890508056
734,867,133,0.133,0.007906967011891539
810,905,95,0.095,0.007011457759210316
770,885,115,0.115,0.007172294110903749
730,865,135,0.135,0.007433076319983229
734,867,133,0.133,0.009247982489760033
780,890,110,0.11,0.00838592991878977
794,897,103,0.103,0.009511234179371967
794,897,103,0.103,0.008240016352472594
716,858,142,0.142,0.007750458043068648
732,866,134,0.134,0.007677298036607681
736,868,132,0.132,0.007334190427587601
742,871,129,0.129,0.008391505827225046
772,886,114,0.114,0.00858202379217255
748,874,126,0.126,0.009851510682725348
796,898,102,0.102,0.010019265275914221
752,876,124,0.124,0.010473868992761709
760,880,120,0.12,0.008984148732852191
750,875,125,0.125,0.009694635270832804
806,903,97,0.097,0.008986444894369925
710,855,145,0.145,0.009920219361956696
806,903,97,0.097,0.007962424418370573
806,903,97,0.097,0.006311396221775794
758,879,121,0.121,0.007090170176554238
766,883,117,0.117,0.00673670209464035
788,894,106,0.106,0.008011336266179569
764,882,118,0.118,0.007644084420520812
768,884,116,0.116,0.008119566781650064
790,895,105,0.105,0.008000969810294918
712,856,144,0.144,0.009590665156050818
738,869,131,0.131,0.009063356031721924
796,898,102,0.102,0.009273387518071104
754,877,123,0.123,0.009342432105971967
798,899,101,0.101,0.008055065794367693
802,901,99,0.099,0.007776730098106782
756,878,122,0.122,0.007597524333948968
766,883,117,0.117,0.008259618939540815
754,877,123,0.123,0.008205078761588084
746,873,127,0.127,0.00900122397506493
742,871,129,0.129,0.009573610059480415
754,877,123,0.123,0.00947548330189602
794,897,103,0.103,0.008755503744701855
784,892,108,0.108,0.009163713077898138
744,872,128,0.128,0.009594829274166841
784,892,108,0.108,0.00922329478219035
766,883,117,0.117,0.00802397549815214
758,879,121,0.121,0.008273763091128785
802,901,99,0.099,0.008203137968259397
764,882,118,0.118,0.00849255944081233
766,883,117,0.117,0.008670532468677265
790,895,105,0.105,0.008377922809129813
766,883,117,0.117,0.00794069168184069
790,895,105,0.105,0.008187443910574075
764,882,118,0.118,0.007645355975895655
734,867,133,0.133,0.008347504629433388
828,914,86,0.086,0.006295644190802705
774,887,113,0.113,0.007650819227157627
696,848,152,0.152,0.01076250550552504
736,868,132,0.132,0.01264893021700118
750,875,125,0.125,0.010698565725702793
834,917,83,0.083,0.009836173849238548
802,901,99,0.099,0.008521321240783437
752,876,124,0.124,0.008932371792936464
784,892,108,0.108,0.008940439160753159
700,850,150,0.15,0.008978150698865647
714,857,143,0.143,0.008432979618635728
774,887,113,0.113,0.008056399952445645
772,886,114,0.114,0.008515265961133991
738,869,131,0.131,0.008855514840979595
686,843,157,0.157,0.011911650911875767
818,909,91,0.091,0.01050555671879556
720,860,140,0.14,0.011568275716213975
786,893,107,0.107,0.010252584159505205
796,898,102,0.102,0.007895814647068618
810,905,95,0.095,0.007919027022173395
762,881,119,0.119,0.008044114571530371
784,892,108,0.108,0.007402228707949689
778,889,111,0.111,0.008301962209443445
708,854,146,0.146,0.009027778964635217
800,900,100,0.1,0.008124941040296107
756,878,122,0.122,0.009801005204790271
760,880,120,0.12,0.009035869381084922
776,888,112,0.112,0.0086711126419832
806,903,97,0.097,0.007944310513150412
774,887,113,0.113,0.007909079940000084
738,869,131,0.131,0.007563425069820369
772,886,114,0.114,0.00758343462421908
732,866,134,0.134,0.00853016411435965
776,888,112,0.112,0.008786013858421938
718,859,141,0.141,0.010155514174664858
748,874,126,0.126,0.010184977238066495
760,880,120,0.12,0.00975579456568812
844,922,78,0.078,0.007724185266532004
758,879,121,0.121,0.009174944380793021
754,877,123,0.123,0.008551755375054199
736,868,132,0.132,0.008924313453535433
774,887,113,0.113,0.007665364469459746
814,907,93,0.093,0.009278286093380302
738,869,131,0.131,0.009011896698430064
740,870,130,0.13,0.009030186221789336
752,876,124,0.124,0.009818137121823384
742,871,129,0.129,0.009285696189443115
776,888,112,0.112,0.00909410472115269
826,913,87,0.087,0.00832863229009672
734,867,133,0.133,0.009662270962056936
804,902,98,0.098,0.008092764230328613
802,901,99,0.099,0.008551750545229879
756,878,122,0.122,0.008613529002162976
760,880,120,0.12,0.008316004300053465
774,887,113,0.113,0.00868170632320107
784,892,108,0.108,0.008237940124177839
770,885,115,0.115,0.008961782766564284
736,868,132,0.132,0.010196995368576609
724,862,138,0.138,0.010821363025577738
788,894,106,0.106,0.00950874786451459
780,890,110,0.11,0.009990846098400652
758,879,121,0.121,0.01036581355825183
686,843,157,0.157,0.010428417262941365
780,890,110,0.11,0.008920361668337137
718,859,141,0.141,0.010324724775360665
748,874,126,0.126,0.009708885191445006
800,900,100,0.1,0.008628172058903146
720,860,140,0.14,0.008976258005946874
764,882,118,0.118,0.008798769975022878
738,869,131,0.131,0.009684817598477821
820,910,90,0.09,0.008026064732664963
748,874,126,0.126,0.009279713422787609
788,894,106,0.106,0.00868432022241177
734,867,133,0.133,0.007622529362735804
830,915,85,0.085,0.006044643791239651
734,867,133,0.133,0.007114219909373787
792,896,104,0.104,0.006384786072856514
748,874,126,0.126,0.008685215134260944
726,863,137,0.137,0.009121053918890539
770,885,115,0.115,0.00881970481247481
774,887,113,0.113,0.009831445663177873
670,835,165,0.165,0.01013668496592436
780,890,110,0.11,0.009294268664554692
768,884,116,0.116,0.008734612028580158
722,861,139,0.139,0.009144459100367385
704,852,148,0.148,0.010026302557089367
794,897,103,0.103,0.008816128208418378
754,877,123,0.123,0.009122323094110471
770,885,115,0.115,0.010116492311979527
766,883,117,0.117,0.009216987996114766
804,902,98,0.098,0.007942543103315984
708,854,146,0.146,0.00899859708675649
736,868,132,0.132,0.008218372473900672
810,905,95,0.095,0.006929560403019423
754,877,123,0.123,0.008115757868741639
758,879,121,0.121,0.007262185553394375
768,884,116,0.116,0.008016938279411988
704,852,148,0.148,0.009260449120309204
756,878,122,0.122,0.009085481539426838
758,879,121,0.121,0.010426777064596536
748,874,126,0.126,0.010520174746779958
772,886,114,0.114,0.011126351472485111
772,886,114,0.114,0.010637759186152835
706,853,147,0.147,0.011346908614446875
788,894,106,0.106,0.009090471297080512
754,877,123,0.123,0.007010766834755486
792,896,104,0.104,0.007305700856348267
756,878,122,0.122,0.006651548833862762
822,911,89,0.089,0.0062005115204956385
766,883,117,0.117,0.008074819054134423
748,874,126,0.126,0.007745263296819758
738,869,131,0.131,0.00868464474985376
750,875,125,0.125,0.008944708292052383
732,866,134,0.134,0.010016064410621766
770,885,115,0.115,0.009167956772842444
736,868,132,0.132,0.009644716198992683
744,872,128,0.128,0.00955044091551099
706,853,147,0.147,0.010087207784370548
758,879,121,0.121,0.010295395534310955
772,886,114,0.114,0.011203494104847778
722,861,139,0.139,0.009692210110486484
720,860,140,0.14,0.010328591127006802
718,859,141,0.141,0.009860656755277888
762,881,119,0.119,0.009421881162503268
802,901,99,0.099,0.009166676428925711
720,860,140,0.14,0.00877099437765719
738,869,131,0.131,0.008480449505936122
808,904,96,0.096,0.007581289710942656
786,893,107,0.107,0.008267087810236263
782,891,109,0.109,0.007863866762461839
782,891,109,0.109,0.007933878970070508
734,867,133,0.133,0.008652077431150247
734,867,133,0.133,0.008159565744368592
826,913,87,0.087,0.0074608377463155195
784,892,108,0.108,0.007626813413051423
804,902,98,0.098,0.008641889909980818
768,884,116,0.116,0.00877620207608561
716,858,142,0.142,0.009550036123488098
798,899,101,0.101,0.008459057455183938
806,903,97,0.097,0.007981746169592952
708,854,146,0.146,0.010909229764525663
744,872,128,0.128,0.009455830048740609
758,879,121,0.121,0.009262435980606824
820,910,90,0.09,0.008343962565355469
766,883,117,0.117,0.008707879030727781
770,885,115,0.115,0.008078849954821636
746,873,127,0.127,0.008926031799055635
808,904,96,0.096,0.007085558918333845
828,914,86,0.086,0.006621160394570324
746,873,127,0.127,0.008098962092204601
806,903,97,0.097,0.0069285885142162445
740,870,130,0.13,0.008991177943127695
776,888,112,0.112,0.009238194366858807
724,862,138,0.138,0.009693887240544426
778,889,111,0.111,0.009318029262853088
798,899,101,0.101,0.009715169339557178
748,874,126,0.126,0.00969124242902035
770,885,115,0.115,0.008682110713561998
766,883,117,0.117,0.009278917192481459
780,890,110,0.11,0.007701466797618195
746,873,127,0.127,0.0091305059454171
716,858,142,0.142,0.009819551182270516
726,863,137,0.137,0.009145350964681711
718,859,141,0.141,0.010558584303682438
720,860,140,0.14,0.010436065330461134
764,882,118,0.118,0.010201489707629663
780,890,110,0.11,0.009426458696019836
838,919,81,0.081,0.008114494632623974
820,910,90,0.09,0.007655099480231001
778,889,111,0.111,0.008133932387805545
762,881,119,0.119,0.007617164421128109
854,927,73,0.073,0.006267126170248958
762,881,119,0.119,0.006580901138513582
760,880,120,0.12,0.007751284440320887
712,856,144,0.144,0.008380276206065901
734,867,133,0.133,0.011608122735196957
730,865,135,0.135,0.011952412204627762
740,870,130,0.13,0.011952508167654741
746,873,127,0.127,0.012933952578285243
770,885,115,0.115,0.01326627416384872
754,877,123,0.123,0.013054582873592154
772,886,114,0.114,0.01239566616830416
780,890,110,0.11,0.010278888487053337
754,877,123,0.123,0.007220781462994637
762,881,119,0.119,0.007491259987684316
740,870,130,0.13,0.007520887487276923
764,882,118,0.118,0.008126886508485767
778,889,111,0.111,0.011143915330583695
712,856,144,0.144,0.01184959164232714
722,861,139,0.139,0.011556453926372341
800,900,100,0.1,0.012974889619101305
758,879,121,0.121,0.011687045074999333
754,877,123,0.123,0.01186927452625241
758,879,121,0.121,0.012077509110502434
724,862,138,0.138,0.009366668037560885
860,930,70,0.07,0.007441697047994239
780,890,110,0.11,0.008861156025668606
760,880,120,0.12,0.008678972660447471
734,867,133,0.133,0.008458640936034498
766,883,117,0.117,0.009044491948785436
806,903,97,0.097,0.007818387693638214
806,903,97,0.097,0.007877601848435006
768,884,116,0.116,0.00827955569763435
798,899,101,0.101,0.008378042732249014
758,879,121,0.121,0.009309357239428209
768,884,116,0.116,0.008705864956413279
724,862,138,0.138,0.009996904951854959
734,867,133,0.133,0.012096581566729582
816,908,92,0.092,0.011444026902201586
722,861,139,0.139,0.012606773932464422
738,869,131,0.131,0.013575898397306446
766,883,117,0.117,0.011013637010997626
758,879,121,0.121,0.009963689199154033
790,895,105,0.105,0.008687790921074339
790,895,105,0.105,0.007727964218040143
770,885,115,0.115,0.008143650802507181
854,927,73,0.073,0.007008118759054924
754,877,123,0.123,0.008582910343742697
766,883,117,0.117,0.00848358102235943
780,890,110,0.11,0.009621377359319012
752,876,124,0.124,0.010226484865765087
768,884,116,0.116,0.009846309131622547
780,890,110,0.11,0.010309853394544917
784,892,108,0.108,0.01163803198793903
804,902,98,0.098,0.010218867303337901
770,885,115,0.115,0.010219876011018642
762,881,119,0.119,0.008944782337435755
788,894,106,0.106,0.008392390323628205
736,868,132,0.132,0.010146416495845188
778,889,111,0.111,0.008523231858329382
686,843,157,0.157,0.010495895544532686
742,871,129,0.129,0.01038435943479999
806,903,97,0.097,0.009871819899068214
706,853,147,0.147,0.011274178128107451
798,899,101,0.101,0.011893423657631502
764,882,118,0.118,0.01073819690971868
758,879,121,0.121,0.012043331603694241
800,900,100,0.1,0.00950922170956619
744,872,128,0.128,0.008811058109960869
818,909,91,0.091,0.00741486364940647
744,872,128,0.128,0.008347603733825964
714,857,143,0.143,0.01039603820105549
824,912,88,0.088,0.009310418017499614
734,867,133,0.133,0.011084031796315685
814,907,93,0.093,0.00946354402959696
734,867,133,0.133,0.013205447480868316
788,894,106,0.106,0.010885478108248208
766,883,117,0.117,0.012297212939534802
688,844,156,0.156,0.012769225455878767
784,892,108,0.108,0.010543976151617243
716,858,142,0.142,0.010929992252029478
784,892,108,0.108,0.011094650155166164
776,888,112,0.112,0.010127312611904927
698,849,151,0.151,0.009890588032809318
776,888,112,0.112,0.00998112713790033
768,884,116,0.116,0.009034279352199519
808,904,96,0.096,0.009448964608600363
788,894,106,0.106,0.010005331544583896
790,895,105,0.105,0.009641954043036093
756,878,122,0.122,0.011143586116028018
796,898,102,0.102,0.010551475738233422
790,895,105,0.105,0.010111075031745713
806,903,97,0.097,0.008541143548645777
764,882,118,0.118,0.009529067715106067
750,875,125,0.125,0.00902892836026149
748,874,126,0.126,0.010555198142159498
776,888,112,0.112,0.011483980726392473
732,866,134,0.134,0.01146363971295068
798,899,101,0.101,0.0122099600257352
734,867,133,0.133,0.014194205233594402
732,866,134,0.134,0.013763247325026895
756,878,122,0.122,0.012336728879192379
808,904,96,0.096,0.011293503350869287
822,911,89,0.089,0.008995788865227951
756,878,122,0.122,0.009767084646446164
788,894,106,0.106,0.00915138126927195
738,869,131,0.131,0.009200249694986269
780,890,110,0.11,0.01020784603562788
782,891,109,0.109,0.009789205445034895
758,879,121,0.121,0.010227132386149605
788,894,106,0.106,0.010341672299080529
766,883,117,0.117,0.011389249941159505
738,869,131,0.131,0.011385437148157507
796,898,102,0.102,0.01159791173710255
820,910,90,0.09,0.009563343638554215
748,874,126,0.126,0.011584759395802394
796,898,102,0.102,0.01113634715427179
710,855,145,0.145,0.01111958801979199
760,880,120,0.12,0.01117679808032699
762,881,119,0.119,0.011200980027962942
736,868,132,0.132,0.01124578042520443
788,894,106,0.106,0.01051670149457641
730,865,135,0.135,0.011001539149729069
644,822,178,0.178,0.01238085820042761
740,870,130,0.13,0.011004605621972587
762,881,119,0.119,0.012616418011835776
832,916,84,0.084,0.012543743388028815
740,870,130,0.13,0.0137658497733064
716,858,142,0.142,0.013839237090665847
760,880,120,0.12,0.01217674814874772
786,893,107,0.107,0.010351602427021135
732,866,134,0.134,0.011671656568476465
738,869,131,0.131,0.010008406222012127
738,869,131,0.131,0.011432645085384137
774,887,113,0.113,0.011416742593457457
750,875,125,0.125,0.011823897531314288
772,886,114,0.114,0.012077430406061468
774,887,113,0.113,0.012375805828371085
692,846,154,0.154,0.012272083585849032
832,916,84,0.084,0.010257906926824944
762,881,119,0.119,0.011632747001684037
736,868,132,0.132,0.011147925392200705
732,866,134,0.134,0.011761930813489016
758,879,121,0.121,0.010982486639812123
768,884,116,0.116,0.011335570417606505
756,878,122,0.122,0.011469429808319546
772,886,114,0.114,0.010623713304492412
688,844,156,0.156,0.012123896856617649
732,866,134,0.134,0.01187725412598229
786,893,107,0.107,0.01245040777203394
758,879,121,0.121,0.013150159535813145
714,857,143,0.143,0.013738962414179696
758,879,121,0.121,0.013349026378127746
762,881,119,0.119,0.011659323552012211
766,883,117,0.117,0.012088835953414673
792,896,104,0.104,0.011382191025768406
842,921,79,0.079,0.009537044240976685
794,897,103,0.103,0.0089643177043763
734,867,133,0.133,0.009494042906910182
760,880,120,0.12,0.009540376693359576
770,885,115,0.115,0.010508145205036271
686,843,157,0.157,0.016820051148999482
752,876,124,0.124,0.015497977146063931
732,866,134,0.134,0.01637077333102934
814,907,93,0.093,0.0143339996637078
764,882,118,0.118,0.014555882848682814
788,894,106,0.106,0.013238286804000382
792,896,104,0.104,0.01319283203271334
728,864,136,0.136,0.011242736042215255
768,884,116,0.116,0.011647435481951107
832,916,84,0.084,0.010550722523243166
816,908,92,0.092,0.010777902000583709
770,885,115,0.115,0.012065701509884093
750,875,125,0.125,0.011237023361492902
804,902,98,0.098,0.010536955220857635
786,893,107,0.107,0.011443962374469265
786,893,107,0.107,0.012929224139777944
770,885,115,0.115,0.012289898163755425
806,903,97,0.097,0.0112265822555637
784,892,108,0.108,0.009474225506535731
788,894,106,0.106,0.011105745359644061
762,881,119,0.119,0.011440239989256952
748,874,126,0.126,0.013718829068006016
678,839,161,0.161,0.016351567125297152
762,881,119,0.119,0.016415750538464637
794,897,103,0.103,0.01576116699032718
748,874,126,0.126,0.016475065624690616
754,877,123,0.123,0.015397786348767113
806,903,97,0.097,0.012783789404667914
812,906,94,0.094,0.011284217693435494
770,885,115,0.115,0.010874242977413814
676,838,162,0.162,0.013193519780106727
752,876,124,0.124,0.01224190592695959
754,877,123,0.123,0.011729917376302183
762,881,119,0.119,0.013037371541257016
750,875,125,0.125,0.014268534449511207
742,871,129,0.129,0.015704663445125333
714,857,143,0.143,0.014820771300583147
688,844,156,0.156,0.01798949836276006
782,891,109,0.109,0.014976742328493857
748,874,126,0.126,0.01601262239762582
700,850,150,0.15,0.015729249436873944
798,899,101,0.101,0.012445823236339493
778,889,111,0.111,0.012735171055712272
782,891,109,0.109,0.01114443565311376
762,881,119,0.119,0.01173030781385023
782,891,109,0.109,0.010806250724243
734,867,133,0.133,0.012272632999054622
774,887,113,0.113,0.013160773796378636
770,885,115,0.115,0.01451589302904904
710,855,145,0.145,0.016611866641556845
736,868,132,0.132,0.018660747947054915
830,915,85,0.085,0.014924287642235868
788,894,106,0.106,0.014691816275357268
694,847,153,0.153,0.01658249501406681
716,858,142,0.142,0.012979262075095904
790,895,105,0.105,0.011981298605445773
766,883,117,0.117,0.011355625017007697
846,923,77,0.077,0.010384967545222026
758,879,121,0.121,0.012066918448428623
696,848,152,0.152,0.012436398589867167
826,913,87,0.087,0.012703147693013306
724,862,138,0.138,0.014654983697691932
764,882,118,0.118,0.013837210606550798
778,889,111,0.111,0.013034964188351296
774,887,113,0.113,0.01291455155541189
716,858,142,0.142,0.015380542986560613
810,905,95,0.095,0.011892054662661394
766,883,117,0.117,0.012875610853428952
770,885,115,0.115,0.012840723457513376
770,885,115,0.115,0.012808310222637374
760,880,120,0.12,0.013805835144710727
734,867,133,0.133,0.014039704082068056
750,875,125,0.125,0.014789821657410357
758,879,121,0.121,0.01561103217874188
762,881,119,0.119,0.014981687459163368
794,897,103,0.103,0.014588867625570856
772,886,114,0.114,0.012660148663097061
770,885,115,0.115,0.011973610704299063
722,861,139,0.139,0.012689947260718327
772,886,114,0.114,0.011564213029982057
764,882,118,0.118,0.013138402506476268
726,863,137,0.137,0.01481417041044915
716,858,142,0.142,0.016527026645839216
720,860,140,0.14,0.01575553131301422
722,861,139,0.139,0.018838681187829935
774,887,113,0.113,0.01824427308165468
688,844,156,0.156,0.02004973386437632
774,887,113,0.113,0.017283254247158767
760,880,120,0.12,0.015103026597877033
762,881,119,0.119,0.013375643812411
764,882,118,0.118,0.01325462525052717
802,901,99,0.099,0.011213100157328881
738,869,131,0.131,0.012571772876370232
790,895,105,0.105,0.01097674658987671
770,885,115,0.115,0.012653032882546541
760,880,120,0.12,0.01281476400984684
760,880,120,0.12,0.013417515940556768
762,881,119,0.119,0.015093849336728454
764,882,118,0.118,0.014480169543880038
762,881,119,0.119,0.014943137206020765
758,879,121,0.121,0.013087516283034346
750,875,125,0.125,0.014233839749591425
782,891,109,0.109,0.013346283355087507
738,869,131,0.131,0.014061241328250616
766,883,117,0.117,0.014345866043469869
768,884,116,0.116,0.01391689312167
778,889,111,0.111,0.015216665732092224
782,891,109,0.109,0.01478759417933179
720,860,140,0.14,0.016543212717166172
766,883,117,0.117,0.01562524469580967
788,894,106,0.106,0.015369916488183663
722,861,139,0.139,0.01698088601697236
770,885,115,0.115,0.01709494917682605
760,880,120,0.12,0.016005837459058966
782,891,109,0.109,0.01599959961650893
748,874,126,0.126,0.01707860296597937
758,879,121,0.121,0.01568629070557654
768,884,116,0.116,0.0144939864629996
780,890,110,0.11,0.014303267100825906
750,875,125,0.125,0.0143875243102666
788,894,106,0.106,0.013718078799414798
764,882,118,0.118,0.014675243490491994
808,904,96,0.096,0.012331151042017154
820,910,90,0.09,0.012547702247742563
786,893,107,0.107,0.0119521340043284
790,895,105,0.105,0.013153217116254381
744,872,128,0.128,0.01322683319117641
700,850,150,0.15,0.014857346154691186
748,874,126,0.126,0.015206512612872756
746,873,127,0.127,0.019528620528057216
754,877,123,0.123,0.020029537507100032
728,864,136,0.136,0.020900711411726662
772,886,114,0.114,0.020065826025907882
662,831,169,0.169,0.019542326914728618
754,877,123,0.123,0.017798724120599217
766,883,117,0.117,0.0158032046535518
798,899,101,0.101,0.015557131212786771
722,861,139,0.139,0.014589893432450481
742,871,129,0.129,0.014705551024293526
756,878,122,0.122,0.015921818782633636
762,881,119,0.119,0.014134423616400453
764,882,118,0.118,0.015142868156777695
756,878,122,0.122,0.016004905385780147
726,863,137,0.137,0.016182646705419756
762,881,119,0.119,0.01615212696342496
774,887,113,0.113,0.01711110626242589
804,902,98,0.098,0.015263701889431104
762,881,119,0.119,0.01575971038942225
720,860,140,0.14,0.016365734091668856
788,894,106,0.106,0.012595463152858428
770,885,115,0.115,0.012971451136982068
724,862,138,0.138,0.014874272209883202
740,870,130,0.13,0.014906517126015387
752,876,124,0.124,0.015408917014952749
778,889,111,0.111,0.0144817308706115
754,877,123,0.123,0.016279541760566646
792,896,104,0.104,0.014387598839646671
820,910,90,0.09,0.012729621721780859
802,901,99,0.099,0.012491787642706186
740,870,130,0.13,0.012033408688846975
714,857,143,0.143,0.012306022811506409
706,853,147,0.147,0.013776135099556995
740,870,130,0.13,0.017899121939670293
766,883,117,0.117,0.016902906110684852
718,859,141,0.141,0.02038222141494043
718,859,141,0.141,0.021878944057505578
792,896,104,0.104,0.0175873046782217
754,877,123,0.123,0.0174521433172049
800,900,100,0.1,0.015788365233747756
724,862,138,0.138,0.01283408838091418
752,876,124,0.124,0.01167497973702848
756,878,122,0.122,0.01087788311461918
768,884,116,0.116,0.012243129582420806
774,887,113,0.113,0.012815206178842345
716,858,142,0.142,0.017619543629931286
718,859,141,0.141,0.01678497238573618
796,898,102,0.102,0.016651833820156753
716,858,142,0.142,0.01904018802777864
800,900,100,0.1,0.014454821093240753
750,875,125,0.125,0.015309489478822798
742,871,129,0.129,0.014438208505045623
754,877,123,0.123,0.01282602564185072
762,881,119,0.119,0.012006091846909839
814,907,93,0.093,0.01113132505331305
754,877,123,0.123,0.011971395854256116
744,872,128,0.128,0.013337332633673213
770,885,115,0.115,0.015054920273600145
750,875,125,0.125,0.015603285692050122
750,875,125,0.125,0.016169337085448206
828,914,86,0.086,0.014401726226788014
742,871,129,0.129,0.013975840406958014
838,919,81,0.081,0.010446209038083907
706,853,147,0.147,0.013645526246109511
770,885,115,0.115,0.010175838487019064
776,888,112,0.112,0.012628203136409865
768,884,116,0.116,0.014227725242613815
748,874,126,0.126,0.017149864524486476
830,915,85,0.085,0.014723287111730314
786,893,107,0.107,0.0158610088940477
798,899,101,0.101,0.01401770552128437
770,885,115,0.115,0.01347465407281561
780,890,110,0.11,0.013822806409560144
788,894,106,0.106,0.012145778191043064
782,891,109,0.109,0.011587694632180501
792,896,104,0.104,0.013040112141286954
726,863,137,0.137,0.014083609632216394
700,850,150,0.15,0.01890982460649684
762,881,119,0.119,0.019208935726550407
732,866,134,0.134,0.022247556048212574
710,855,145,0.145,0.022333752477541567
746,873,127,0.127,0.02023517655930482
738,869,131,0.131,0.019904347709554713
782,891,109,0.109,0.01642271978361532
786,893,107,0.107,0.016141584765980953
784,892,108,0.108,0.013093355459102896
746,873,127,0.127,0.012315830348888994
792,896,104,0.104,0.011934334252902773
790,895,105,0.105,0.012346245440887287
762,881,119,0.119,0.015041345845384057
748,874,126,0.126,0.015218064138665796
738,869,131,0.131,0.017623985620797613
778,889,111,0.111,0.01741780012228992
748,874,126,0.126,0.01965384581394028
824,912,88,0.088,0.017088530756533146
696,848,152,0.152,0.018626997381914406
796,898,102,0.102,0.016673492714064195
716,858,142,0.142,0.018477689730818384
764,882,118,0.118,0.01671567447448615
782,891,109,0.109,0.015842880723066628
812,906,94,0.094,0.013454570214205886
716,858,142,0.142,0.015247942783113103
752,876,124,0.124,0.014614296530955471
772,886,114,0.114,0.013105552012915724
750,875,125,0.125,0.013577456286468077
732,866,134,0.134,0.01533065257803537
790,895,105,0.105,0.01735851976100821
788,894,106,0.106,0.019379834212828427
786,893,107,0.107,0.01936572104273364
786,893,107,0.107,0.019696816156152635
790,895,105,0.105,0.016105832859291694
712,856,144,0.144,0.014323919118964114
784,892,108,0.108,0.012591380063066026
824,912,88,0.088,0.011970355753670446
734,867,133,0.133,0.013635386024194304
736,868,132,0.132,0.014391434395685791
784,892,108,0.108,0.013851759306038729
752,876,124,0.124,0.015370172328315675
742,871,129,0.129,0.018100629541440868
802,901,99,0.099,0.01694869463192299
752,876,124,0.124,0.016940359258849638
774,887,113,0.113,0.01658039400179405
724,862,138,0.138,0.017233768657897598
762,881,119,0.119,0.01624930483067874
726,863,137,0.137,0.01648066123528406
836,918,82,0.082,0.015117192020290531
772,886,114,0.114,0.018083016431017312
726,863,137,0.137,0.018615304690902123
718,859,141,0.141,0.01786297220212873
788,894,106,0.106,0.016408721111249178
802,901,99,0.099,0.016303591549920383
772,886,114,0.114,0.015351842508651316
824,912,88,0.088,0.01477260531875072
766,883,117,0.117,0.014855303177406312
778,889,111,0.111,0.013588377579464577
772,886,114,0.114,0.014643960606423206
746,873,127,0.127,0.015653710832295473
768,884,116,0.116,0.017671993965865114
776,888,112,0.112,0.01677002880728105
772,886,114,0.114,0.01814326287433505
738,869,131,0.131,0.018833410099847243
774,887,113,0.113,0.018585264255292715
746,873,127,0.127,0.019797913262271323
760,880,120,0.12,0.02039593791065272
790,895,105,0.105,0.01978259796416387
710,855,145,0.145,0.020252879142062738
796,898,102,0.102,0.018617164900759237
780,890,110,0.11,0.018394927378743885
740,870,130,0.13,0.019702700666071906
764,882,118,0.118,0.019630106076830998
736,868,132,0.132,0.019900107187684625
788,894,106,0.106,0.017495201945421285
822,911,89,0.089,0.016996850856230594
716,858,142,0.142,0.018747801024233922
710,855,145,0.145,0.02053578956821002
742,871,129,0.129,0.022465910443337633
768,884,116,0.116,0.021786384012550116
814,907,93,0.093,0.02159493087232113
746,873,127,0.127,0.02378442212869413
808,904,96,0.096,0.018420817102771252
786,893,107,0.107,0.017748918727796992
784,892,108,0.108,0.015524689941084944
750,875,125,0.125,0.014789518985897303
748,874,126,0.126,0.017790967051521875
778,889,111,0.111,0.017202640181640163
812,906,94,0.094,0.01960679294343572
740,870,130,0.13,0.02199741974938661
806,903,97,0.097,0.022817983275046572
754,877,123,0.123,0.0222130836318247
800,900,100,0.1,0.020029799667885526
776,888,112,0.112,0.018915431598201395
750,875,125,0.125,0.018015213552862407
838,919,81,0.081,0.015349479304277339
740,870,130,0.13,0.01789119940972887
720,860,140,0.14,0.019610055778874085
800,900,100,0.1,0.02010785800148733
706,853,147,0.147,0.023015232719480992
786,893,107,0.107,0.02400892272987403
752,876,124,0.124,0.02482219372689724
728,864,136,0.136,0.024997867579339073
776,888,112,0.112,0.02255258389771916
756,878,122,0.122,0.021978591015329584
768,884,116,0.116,0.01992877155728638
772,886,114,0.114,0.019292306325165556
720,860,140,0.14,0.020788351053604857
794,897,103,0.103,0.016888090592925436
842,921,79,0.079,0.016703691559145226
742,871,129,0.129,0.018231527795083823
746,873,127,0.127,0.019173099136562087
772,886,114,0.114,0.017411012790398674
790,895,105,0.105,0.01783926015580073
788,894,106,0.106,0.02023228391306475
706,853,147,0.147,0.022325942785828376
764,882,118,0.118,0.02049020374065731
732,866,134,0.134,0.02050807721237652
740,870,130,0.13,0.020484057636000218
756,878,122,0.122,0.01969852708175313
782,891,109,0.109,0.018565658683422952
786,893,107,0.107,0.018254835645784624
756,878,122,0.122,0.01588763024157379
804,902,98,0.098,0.017731545046321115
738,869,131,0.131,0.017033665184106213
736,868,132,0.132,0.019606411080341786
792,896,104,0.104,0.019831146127544344
750,875,125,0.125,0.020385502396849914
752,876,124,0.124,0.019935897928429768
782,891,109,0.109,0.019617685449309648
756,878,122,0.122,0.01877517569437623
728,864,136,0.136,0.01964324175613001
716,858,142,0.142,0.020635377003694885
806,903,97,0.097,0.018397703996161
748,874,126,0.126,0.021480127276852726
796,898,102,0.102,0.019106287159142085
780,890,110,0.11,0.018584231964778156
736,868,132,0.132,0.019454774180194364
740,870,130,0.13,0.016801084940787404
798,899,101,0.101,0.01640865365654463
782,891,109,0.109,0.017167812556028367
796,898,102,0.102,0.01845755585184088
754,877,123,0.123,0.019007278362609212
774,887,113,0.113,0.01838679330336163
782,891,109,0.109,0.01907019843789749
782,891,109,0.109,0.01730165338597726
824,912,88,0.088,0.016870710715069435
816,908,92,0.092,0.015576668179128318
748,874,126,0.126,0.015229232776560821
760,880,120,0.12,0.01599227037531091
766,883,117,0.117,0.016582895429455676
808,904,96,0.096,0.016349244322860612
738,869,131,0.131,0.0209328818784561
740,870,130,0.13,0.022612711370224133
766,883,117,0.117,0.020025903152767567
736,868,132,0.132,0.02286097052041441
812,906,94,0.094,0.021589337087236343
774,887,113,0.113,0.023912601246498525
760,880,120,0.12,0.01930434512923239
788,894,106,0.106,0.018044732952897904
742,871,129,0.129,0.01933740847290028
714,857,143,0.143,0.017516139459330587
864,932,68,0.068,0.01591982692264719
758,879,121,0.121,0.01772377424198203
834,917,83,0.083,0.016851537491893397
764,882,118,0.118,0.01926965832733549
710,855,145,0.145,0.02068556680670008
784,892,108,0.108,0.01956748125841841
812,906,94,0.094,0.020022009953390808
788,894,106,0.106,0.01852087176195346
724,862,138,0.138,0.02071287827542983
812,906,94,0.094,0.01845627040998079
738,869,131,0.131,0.01903466457966715
772,886,114,0.114,0.018836230174129012
774,887,113,0.113,0.019767877569189296
814,907,93,0.093,0.017658877172740176
804,902,98,0.098,0.01779895492363721
770,885,115,0.115,0.018592934608808717
780,890,110,0.11,0.01833278144709766
746,873,127,0.127,0.018868606882577296
760,880,120,0.12,0.01942861309670843
728,864,136,0.136,0.019775351530173794
768,884,116,0.116,0.017857556725037284
746,873,127,0.127,0.0198254645668203
712,856,144,0.144,0.020965874048648404
784,892,108,0.108,0.018973216259968468
722,861,139,0.139,0.021278683602809906
728,864,136,0.136,0.02124542713398114
758,879,121,0.121,0.02321116585744312
768,884,116,0.116,0.0227208316992037
720,860,140,0.14,0.02259305658028461
812,906,94,0.094,0.02011291907879058
780,890,110,0.11,0.02089947852358455
784,892,108,0.108,0.02027430300391279
826,913,87,0.087,0.01610474108182825
766,883,117,0.117,0.019007074328837918
744,872,128,0.128,0.018630260409321635
796,898,102,0.102,0.017079733699792998
816,908,92,0.092,0.017728473205585033
704,852,148,0.148,0.02031910832831636
828,914,86,0.086,0.017836473582778126
758,879,121,0.121,0.020862599987594876
720,860,140,0.14,0.020460229528136552
808,904,96,0.096,0.01931270319467876
774,887,113,0.113,0.019402909968281166
786,893,107,0.107,0.01813613760145381
764,882,118,0.118,0.018606940920930355
800,900,100,0.1,0.014860709182568826
724,862,138,0.138,0.015543515921686776
804,902,98,0.098,0.01489413789100945
752,876,124,0.124,0.017883111682254822
744,872,128,0.128,0.01679665117606055
774,887,113,0.113,0.01764878683211282
772,886,114,0.114,0.017761263940337814
758,879,121,0.121,0.01896067008393584
752,876,124,0.124,0.018600513987767044
746,873,127,0.127,0.018335882305167615
720,860,140,0.14,0.01783666488796007
744,872,128,0.128,0.019522957467939705
766,883,117,0.117,0.01862088917964138
832,916,84,0.084,0.017515153837157415
704,852,148,0.148,0.019947331766597926
764,882,118,0.118,0.01762921585922595
792,896,104,0.104,0.017158202058053577
798,899,101,0.101,0.0169395103182178
788,894,106,0.106,0.016064503054833038
710,855,145,0.145,0.02070141294086352
732,866,134,0.134,0.01932630055269692
802,901,99,0.099,0.01976179896481335
736,868,132,0.132,0.021488225009758024
764,882,118,0.118,0.019501247228588908
762,881,119,0.119,0.019921317863976582
760,880,120,0.12,0.01902012878272217
770,885,115,0.115,0.018004423427628355
806,903,97,0.097,0.014603053056867793
770,885,115,0.115,0.01651628242235165
820,910,90,0.09,0.015632023840560578
730,865,135,0.135,0.01732143649639329
724,862,138,0.138,0.020355645647272467
770,885,115,0.115,0.019304579162970185
738,869,131,0.131,0.020446178649319337
786,893,107,0.107,0.021355951114557684
776,888,112,0.112,0.02236442782590166
796,898,102,0.102,0.02059599838522263
756,878,122,0.122,0.02101582586974837
714,857,143,0.143,0.01874850195378531
768,884,116,0.116,0.015395484283391853
776,888,112,0.112,0.01505813994363416
786,893,107,0.107,0.014676164578646421
798,899,101,0.101,0.015332142487633973
756,878,122,0.122,0.020249735343502835
764,882,118,0.118,0.021194047975819558
680,840,160,0.16,0.025338816441595555
790,895,105,0.105,0.020862196211121044
720,860,140,0.14,0.023501172277959996
842,921,79,0.079,0.01793018936144654
768,884,116,0.116,0.02042914919904433
776,888,112,0.112,0.01802343092637602
808,904,96,0.096,0.01430265832770965
802,901,99,0.099,0.0158170321812504
744,872,128,0.128,0.016598864124331158
704,852,148,0.148,0.01825812225858681
786,893,107,0.107,0.019539437258034014
752,876,124,0.124,0.02110250733385328
818,909,91,0.091,0.02100378321087919
782,891,109,0.109,0.021974570895079523
784,892,108,0.108,0.01850542490161024
798,899,101,0.101,0.01844590227608569
776,888,112,0.112,0.016780798733467238
778,889,111,0.111,0.0171311690689181
780,890,110,0.11,0.01778545939666219
718,859,141,0.141,0.020477831882773898
686,843,157,0.157,0.023704580504912882
734,867,133,0.133,0.023347417916171252
780,890,110,0.11,0.02472758622793481
734,867,133,0.133,0.026176601321436465
796,898,102,0.102,0.022135254818014802
732,866,134,0.134,0.025480325176380575
792,896,104,0.104,0.022814947090577332
732,866,134,0.134,0.021185744594084097
718,859,141,0.141,0.01976051123882644
694,847,153,0.153,0.02146573562012054
788,894,106,0.106,0.02136400937754661
748,874,126,0.126,0.023144142577191815
774,887,113,0.113,0.021422163531649857
780,890,110,0.11,0.020519388914573937
764,882,118,0.118,0.019720218484755605
764,882,118,0.118,0.0194018537432421
738,869,131,0.131,0.019351004227763043
738,869,131,0.131,0.01949241165613057
780,890,110,0.11,0.01870568313507829
764,882,118,0.118,0.0205175470294198
754,877,123,0.123,0.021369010472437368
814,907,93,0.093,0.02042693156423047
728,864,136,0.136,0.022032627877779307
768,884,116,0.116,0.02091210659535136
804,902,98,0.098,0.01935595468408428
828,914,86,0.086,0.018531269066152163
796,898,102,0.102,0.01935106825514231
806,903,97,0.097,0.01749912759219296
708,854,146,0.146,0.020368629632983356
734,867,133,0.133,0.021342139951419085
754,877,123,0.123,0.020533022747025825
698,849,151,0.151,0.022868998081423342
804,902,98,0.098,0.022714198274770753
724,862,138,0.138,0.02394292381219566
794,897,103,0.103,0.021731137377209962
798,899,101,0.101,0.022334162244806065
766,883,117,0.117,0.02162730866437778
772,886,114,0.114,0.02130723773606587
760,880,120,0.12,0.020159363771090285
778,889,111,0.111,0.020163964957930148
720,860,140,0.14,0.02247029731865041
768,884,116,0.116,0.02163676274754107
744,872,128,0.128,0.024001971651799976
804,902,98,0.098,0.022560365648474544
762,881,119,0.119,0.024547619255259633
772,886,114,0.114,0.02239141723024659
822,911,89,0.089,0.021526542980456725
780,890,110,0.11,0.020471570043475367
732,866,134,0.134,0.021398165431572125
764,882,118,0.118,0.02112234444892965
748,874,126,0.126,0.022909953233553097
786,893,107,0.107,0.024354581262450666
760,880,120,0.12,0.026304025394143535
750,875,125,0.125,0.025462313407566398
770,885,115,0.115,0.026449503442272544
788,894,106,0.106,0.022064350907690822
718,859,141,0.141,0.02374709184607491
832,916,84,0.084,0.018103897186694667
788,894,106,0.106,0.02042898388556205
774,887,113,0.113,0.021852978170500137
798,899,101,0.101,0.02269841244025156
800,900,100,0.1,0.023847107256762683
748,874,126,0.126,0.023227413151413204
778,889,111,0.111,0.025926184553420172
764,882,118,0.118,0.027306767957750708
708,854,146,0.146,0.029186382186133415
794,897,103,0.103,0.024787442056462168
738,869,131,0.131,0.026422265559085646
740,870,130,0.13,0.027566799656488002
772,886,114,0.114,0.025634348600637166
774,887,113,0.113,0.024988355352077635
852,926,74,0.074,0.02208046154049225
794,897,103,0.103,0.021241533858701585
836,918,82,0.082,0.020861977917607875
818,909,91,0.091,0.020221714346203953
816,908,92,0.092,0.02227145855629351
766,883,117,0.117,0.023041429911507292
716,858,142,0.142,0.026495066224597394
754,877,123,0.123,0.023659513395046815
792,896,104,0.104,0.02573135654395446
678,839,161,0.161,0.031227381424512715
780,890,110,0.11,0.029509245083667337
794,897,103,0.103,0.02733143004588783
782,891,109,0.109,0.027914370284881442
766,883,117,0.117,0.025790506903547793
774,887,113,0.113,0.027673338659340515
722,861,139,0.139,0.025816698058275505
774,887,113,0.113,0.023481447078753263
804,902,98,0.098,0.020551025840104556
796,898,102,0.102,0.021454477755352856
816,908,92,0.092,0.020784980311291293
774,887,113,0.113,0.021754952321527524
808,904,96,0.096,0.020889884963340592
798,899,101,0.101,0.022868225555168466
730,865,135,0.135,0.023778881910489873
768,884,116,0.116,0.02605569541384466
810,905,95,0.095,0.028212580514606088
752,876,124,0.124,0.03015887593384832
786,893,107,0.107,0.030146381944883616
754,877,123,0.123,0.03139187894575298
752,876,124,0.124,0.03183438217267394
758,879,121,0.121,0.030072272705379873
726,863,137,0.137,0.0310381438373588
778,889,111,0.111,0.02939844695664942
778,889,111,0.111,0.027397703725844623
758,879,121,0.121,0.02849821512121707
742,871,129,0.129,0.028553487676661462
672,836,164,0.164,0.03166700495965779
760,880,120,0.12,0.03351831374317408
806,903,97,0.097,0.03150990019086748
816,908,92,0.092,0.029485775410663335
774,887,113,0.113,0.031028403514530508
754,877,123,0.123,0.027337767233373597
830,915,85,0.085,0.024396713382797315
816,908,92,0.092,0.025441858517704533
782,891,109,0.109,0.024909495391882957
844,922,78,0.078,0.024472771192668007
732,866,134,0.134,0.02593662197003141
720,860,140,0.14,0.028173941146815196
804,902,98,0.098,0.026688428543973713
806,903,97,0.097,0.03160092386882752
764,882,118,0.118,0.03443911901209504
760,880,120,0.12,0.03249002926750109
816,908,92,0.092,0.029151781905442476
788,894,106,0.106,0.02476469974615611
748,874,126,0.126,0.0265880705867894
816,908,92,0.092,0.023103778800694273
818,909,91,0.091,0.024693757397122682
850,925,75,0.075,0.022690685800742356
816,908,92,0.092,0.02362594835460186
734,867,133,0.133,0.02496535906806821
756,878,122,0.122,0.023824137237417744
740,870,130,0.13,0.024834029798163102
760,880,120,0.12,0.026433138742810114
752,876,124,0.124,0.028553127981722354
742,871,129,0.129,0.028637426521629095
730,865,135,0.135,0.030197500825859605
774,887,113,0.113,0.030414275766350328
796,898,102,0.102,0.031921542445663365
792,896,104,0.104,0.03264022529777139
690,845,155,0.155,0.0332875556377694
782,891,109,0.109,0.02629754534130916
738,869,131,0.131,0.028929870842956007
758,879,121,0.121,0.028005477198399603
784,892,108,0.108,0.027634225872345267
770,885,115,0.115,0.029570565935457125
792,896,104,0.104,0.028588590919796843
778,889,111,0.111,0.028218408956658093
734,867,133,0.133,0.033742589601315556
818,909,91,0.091,0.028995545391924678
818,909,91,0.091,0.02760974951321259
788,894,106,0.106,0.02705743517098017
736,868,132,0.132,0.027955192599911242
780,890,110,0.11,0.025557567580137403
758,879,121,0.121,0.027279418017715214
820,910,90,0.09,0.025568754691630603
784,892,108,0.108,0.02968887913529761
814,907,93,0.093,0.030430374921299515
726,863,137,0.137,0.03231612758431584
818,909,91,0.091,0.028622632095590232
818,909,91,0.091,0.02632139309262857
740,870,130,0.13,0.026185645535122603
818,909,91,0.091,0.021423677366168705
766,883,117,0.117,0.023410056721186265
814,907,93,0.093,0.022267343864077704
762,881,119,0.119,0.029938114716205746
682,841,159,0.159,0.032643133202102034
816,908,92,0.092,0.03167961991624907
778,889,111,0.111,0.036525056816637515
788,894,106,0.106,0.03421439166925848
756,878,122,0.122,0.03717544141644612
726,863,137,0.137,0.032412105831783264
754,877,123,0.123,0.02913175407378003
818,909,91,0.091,0.023241601899266242
722,861,139,0.139,0.026188669035909697
756,878,122,0.122,0.024839410484302788
734,867,133,0.133,0.02811685721576214
740,870,130,0.13,0.03386875625466928
776,888,112,0.112,0.032892127429600806
760,880,120,0.12,0.03864045915519819
756,878,122,0.122,0.03768330653663725
808,904,96,0.096,0.030573728147428484
774,887,113,0.113,0.025709463496692477
796,898,102,0.102,0.0246018784486223
872,936,64,0.064,0.021654157398501413
706,853,147,0.147,0.024370698873186485
756,878,122,0.122,0.02454111961799208
750,875,125,0.125,0.02788351444993168
770,885,115,0.115,0.029246290494222196
730,865,135,0.135,0.03682951826043427
688,844,156,0.156,0.03950781982019544
736,868,132,0.132,0.036372905881144106
732,866,134,0.134,0.035129352477379146
696,848,152,0.152,0.033972983247600494
762,881,119,0.119,0.029168480394408107
774,887,113,0.113,0.03041973187495023
760,880,120,0.12,0.025675541861681268
732,866,134,0.134,0.02705966787226498
690,845,155,0.155,0.028936670501250775
798,899,101,0.101,0.025685836397111417
728,864,136,0.136,0.030238452333491296
726,863,137,0.137,0.03410285424231552
788,894,106,0.106,0.032436992317903784
812,906,94,0.094,0.031040050690993668
770,885,115,0.115,0.028450166950235143
734,867,133,0.133,0.02483894580975175
842,921,79,0.079,0.020905943122692405
782,891,109,0.109,0.02182788130699191
736,868,132,0.132,0.024915848484262825
780,890,110,0.11,0.02761934099160135
750,875,125,0.125,0.027961111254873685
804,902,98,0.098,0.02666929270606488
782,891,109,0.109,0.027459734712261707
718,859,141,0.141,0.029141096953302623
728,864,136,0.136,0.030241151046473534
746,873,127,0.127,0.029690918513573705
792,896,104,0.104,0.02719973144121468
810,905,95,0.095,0.02469134983746335
780,890,110,0.11,0.026557542213704436
800,900,100,0.1,0.025072724042693152
734,867,133,0.133,0.02546598229906522
690,845,155,0.155,0.028433807943016292
760,880,120,0.12,0.027367015764815733
770,885,115,0.115,0.027979740134207533
754,877,123,0.123,0.029681362239643932
754,877,123,0.123,0.030230049503035844
750,875,125,0.125,0.0285426332433708
740,870,130,0.13,0.030630349449347706
754,877,123,0.123,0.02791621829615906
822,911,89,0.089,0.02417485199123621
740,870,130,0.13,0.02620834153238684
802,901,99,0.099,0.02436553654866293
790,895,105,0.105,0.025584638253320007
796,898,102,0.102,0.023680975665105505
726,863,137,0.137,0.024614301922207232
806,903,97,0.097,0.02339254344953224
802,901,99,0.099,0.024039385666605084
750,875,125,0.125,0.02498832185356878
734,867,133,0.133,0.026258537739515305
766,883,117,0.117,0.025056097202701494
840,920,80,0.08,0.024793344298843296
722,861,139,0.139,0.028305365644861014
790,895,105,0.105,0.027147386604221536
752,876,124,0.124,0.02741519243316725
796,898,102,0.102,0.02050747659150511
778,889,111,0.111,0.020571699688443915
766,883,117,0.117,0.02200610375474207
754,877,123,0.123,0.02060558911471162
790,895,105,0.105,0.02142978895280976
764,882,118,0.118,0.022266039102338254
730,865,135,0.135,0.02352360096247867
788,894,106,0.106,0.024898227056721227
790,895,105,0.105,0.026641055756714195
798,899,101,0.101,0.0270678819748573
838,919,81,0.081,0.025126127401832492
744,872,128,0.128,0.024556963447481393
794,897,103,0.103,0.020414087233599276
796,898,102,0.102,0.019879313302924858
816,908,92,0.092,0.020148765913210808
788,894,106,0.106,0.01927464129112195
754,877,123,0.123,0.024871914120973088
696,848,152,0.152,0.026652514354442245
732,866,134,0.134,0.028174524375237524
766,883,117,0.117,0.03005361545132473
776,888,112,0.112,0.03146815846860409
756,878,122,0.122,0.03140529097849503
790,895,105,0.105,0.030397680596914143
770,885,115,0.115,0.026559438480762764
742,871,129,0.129,0.024780308386543767
768,884,116,0.116,0.023338846136583016
754,877,123,0.123,0.022760788353160023
742,871,129,0.129,0.024224729640875013
776,888,112,0.112,0.024903749842662363
756,878,122,0.122,0.026652546567376704
780,890,110,0.11,0.02566308050067164
752,876,124,0.124,0.02769661660073325
748,874,126,0.126,0.02585107059776783
796,898,102,0.102,0.022752037604572253
768,884,116,0.116,0.024125553322490306
742,871,129,0.129,0.024267626861808823
832,916,84,0.084,0.02322732131415978
752,876,124,0.124,0.02472774608246982
812,906,94,0.094,0.023254194497712887
744,872,128,0.128,0.02560977324814303
812,906,94,0.094,0.021835656882962212
760,880,120,0.12,0.023354625678621233
714,857,143,0.143,0.024996555470395834
770,885,115,0.115,0.02469200322916731
786,893,107,0.107,0.024924322551349177
790,895,105,0.105,0.02532835127785802
718,859,141,0.141,0.027183535978663714
700,850,150,0.15,0.026314549122937025
810,905,95,0.095,0.02466035182029009
748,874,126,0.126,0.02462534507829696
716,858,142,0.142,0.026933641746174544
772,886,114,0.114,0.025541169269243255
718,859,141,0.141,0.02675244353245944
736,868,132,0.132,0.025518081921618432
754,877,123,0.123,0.02626637428277172
742,871,129,0.129,0.025042990861460567
774,887,113,0.113,0.023620507463812827
782,891,109,0.109,0.02178835396422073
778,889,111,0.111,0.021541494887904265
756,878,122,0.122,0.021255017020506785
790,895,105,0.105,0.020914117954089307
758,879,121,0.121,0.02348654483631253
682,841,159,0.159,0.025380292985821142
778,889,111,0.111,0.026404293503146617
762,881,119,0.119,0.024755559883546083
796,898,102,0.102,0.024898958733538167
722,861,139,0.139,0.02703203879308421
782,891,109,0.109,0.025129840249894186
800,900,100,0.1,0.021925620825728402
786,893,107,0.107,0.02237006426230073
786,893,107,0.107,0.02211647833592724
796,898,102,0.102,0.020514290457824245
742,871,129,0.129,0.021420243819011375
808,904,96,0.096,0.019731387736741452
718,859,141,0.141,0.02309307429078035
794,897,103,0.103,0.022772332913940773
764,882,118,0.118,0.024318331408780067
714,857,143,0.143,0.02492997813830152
746,873,127,0.127,0.0265534720281139
726,863,137,0.137,0.028055302719585597
798,899,101,0.101,0.02645463052834384
762,881,119,0.119,0.026468765987083316
786,893,107,0.107,0.02316764021827839
780,890,110,0.11,0.022292162640718743
834,917,83,0.083,0.019930077039403842
716,858,142,0.142,0.022558256443007848
768,884,116,0.116,0.021042245508171617
712,856,144,0.144,0.02438476125570014
736,868,132,0.132,0.025643788529094307
724,862,138,0.138,0.026275314725004138
776,888,112,0.112,0.025929998491192235
792,896,104,0.104,0.02450632647285238
822,911,89,0.089,0.022594777561025695
762,881,119,0.119,0.022954282098216938
730,865,135,0.135,0.017154308647615836
786,893,107,0.107,0.01494748255587183
792,896,104,0.104,0.01662232439254876
768,884,116,0.116,0.018006001783069225
748,874,126,0.126,0.020649437811225652
774,887,113,0.113,0.02138860395550728
740,870,130,0.13,0.023411238323431463
778,889,111,0.111,0.02241449767141603
788,894,106,0.106,0.022364765592850746
692,846,154,0.154,0.025428614943288266
748,874,126,0.126,0.022967722604051232
844,922,78,0.078,0.01907067764387466
766,883,117,0.117,0.018625123735051603
708,854,146,0.146,0.019875829414930195
788,894,106,0.106,0.017643895455170422
786,893,107,0.107,0.017038288896321318
740,870,130,0.13,0.024540818894980474
678,839,161,0.161,0.027542921875370666
780,890,110,0.11,0.024678750179940836
718,859,141,0.141,0.027599367941962556
752,876,124,0.124,0.02582038449100219
764,882,118,0.118,0.025207303773844614
752,876,124,0.124,0.02676651989854872
764,882,118,0.118,0.02464617588510737
756,878,122,0.122,0.01946940585784614
772,886,114,0.114,0.01958119799103588
756,878,122,0.122,0.01897916255472228
788,894,106,0.106,0.017928428452811205
770,885,115,0.115,0.020688156266929582
830,915,85,0.085,0.01924996702070348
734,867,133,0.133,0.02247115906351246
750,875,125,0.125,0.02162165499990806
790,895,105,0.105,0.020875090720830485
762,881,119,0.119,0.02168056337093003
738,869,131,0.131,0.021455092814285308
752,876,124,0.124,0.021093951924471183
788,894,106,0.106,0.018531768003711476
782,891,109,0.109,0.018792918717459542
742,871,129,0.129,0.020771275543025696
748,874,126,0.126,0.02053986329739564
736,868,132,0.132,0.023044756090268494
796,898,102,0.102,0.019683391083031892
800,900,100,0.1,0.019353256903588772
790,895,105,0.105,0.019331311483460012
732,866,134,0.134,0.018811216207046528
792,896,104,0.104,0.017523181107477286
768,884,116,0.116,0.017088393418933263
714,857,143,0.143,0.01951440258207731
856,928,72,0.072,0.01702334041870199
740,870,130,0.13,0.020054305095109158
834,917,83,0.083,0.016992641255550552
732,866,134,0.134,0.020547045664861797
736,868,132,0.132,0.016676186661003158
792,896,104,0.104,0.015679664153256452
700,850,150,0.15,0.01750948241376318
756,878,122,0.122,0.016381982188671828
730,865,135,0.135,0.021473394863540305
788,894,106,0.106,0.020665170637192205
780,890,110,0.11,0.02146221580123529
778,889,111,0.111,0.022156182879582046
812,906,94,0.094,0.017605887753888966
744,872,128,0.128,0.018039210389833898
792,896,104,0.104,0.0160404525634367
766,883,117,0.117,0.016350821575848384
754,877,123,0.123,0.018045504529203754
776,888,112,0.112,0.017246291008254047
774,887,113,0.113,0.01763610265706666
800,900,100,0.1,0.017628427250660026
764,882,118,0.118,0.01908095397474244
806,903,97,0.097,0.017930116224102677
738,869,131,0.131,0.020357394135498908
738,869,131,0.131,0.017962368109961973
804,902,98,0.098,0.01747154901199974
780,890,110,0.11,0.018740037784911692
732,866,134,0.134,0.020654947937000543
742,871,129,0.129,0.019693795828381554
812,906,94,0.094,0.018560879622818903
762,881,119,0.119,0.019125431478605605
774,887,113,0.113,0.018639907388598657
748,874,126,0.126,0.01918835326167755
736,868,132,0.132,0.021829254261450843
712,856,144,0.144,0.023166418687207625
790,895,105,0.105,0.020413634625729173
744,872,128,0.128,0.023880823726765813
766,883,117,0.117,0.023215090201469137
814,907,93,0.093,0.021184725521598013
742,871,129,0.129,0.022735521119087936
726,863,137,0.137,0.01922889562905766
734,867,133,0.133,0.0181469435764011
736,868,132,0.132,0.017613056966161823
734,867,133,0.133,0.01781751720234752
768,884,116,0.116,0.01896428934438154
802,901,99,0.099,0.01868623455031775
748,874,126,0.126,0.018631633998593314
764,882,118,0.118,0.020065417159814386
700,850,150,0.15,0.021348564273212106
710,855,145,0.145,0.02082739904965274
706,853,147,0.147,0.022007873291149737
750,875,125,0.125,0.021838271438609808
748,874,126,0.126,0.024217711626552046
750,875,125,0.125,0.022484239862533287
772,886,114,0.114,0.02103484067530371
770,885,115,0.115,0.021802726079738932
748,874,126,0.126,0.01883396323141642
822,911,89,0.089,0.0145202167633106
810,905,95,0.095,0.013497884792042896
812,906,94,0.094,0.012538694392424077
742,871,129,0.129,0.01607472874876112
786,893,107,0.107,0.015542444236984011
776,888,112,0.112,0.017645960632013156
830,915,85,0.085,0.01730415555660147
772,886,114,0.114,0.01907962032535579
750,875,125,0.125,0.019083095303038134
736,868,132,0.132,0.01938368120137602
756,878,122,0.122,0.019337509042350574
778,889,111,0.111,0.01854739504342433
766,883,117,0.117,0.018802680604858325
742,871,129,0.129,0.01837172533851117
790,895,105,0.105,0.01712436316511594
826,913,87,0.087,0.018029503230471165
834,917,83,0.083,0.018499829255742953
752,876,124,0.124,0.017731320790015163
756,878,122,0.122,0.018440119769307785
790,895,105,0.105,0.01639206868968904
818,909,91,0.091,0.016452019941294565
678,839,161,0.161,0.0197003863271093
728,864,136,0.136,0.020677942040609194
824,912,88,0.088,0.019633474555099385
746,873,127,0.127,0.02156826021638699
746,873,127,0.127,0.023686368568800388
760,880,120,0.12,0.02225939368456602
792,896,104,0.104,0.01957937952631619
760,880,120,0.12,0.021059721092577092
830,915,85,0.085,0.01635532375029288
