log_avg_ept_score,log_avg_succ_req,log_avg_blk_req,log_avg_BP_req,log_avg_entropy
22,511,489,0.489,2.3016512773036957
-14,493,507,0.507,2.3016549077033996
60,530,470,0.47,2.301649892568588
64,532,468,0.468,2.301636605262756
84,542,458,0.458,2.3016325895786287
44,522,478,0.478,2.301636734724045
54,527,473,0.473,2.301633782148361
48,524,476,0.476,2.3016422979831694
-2,499,501,0.501,2.301641016244888
26,513,487,0.487,2.30163108420372
78,539,461,0.461,2.3016280891895295
70,535,465,0.465,2.3016370956897734
32,516,484,0.484,2.301629405975342
-2,499,501,0.501,2.3016284193992615
44,522,478,0.478,2.3016326994895935
16,508,492,0.492,2.301627133607864
62,531,469,0.469,2.301625860214233
46,523,477,0.477,2.3016250422000883
-14,493,507,0.507,2.301622782945633
54,527,473,0.473,2.3016196610927584
58,529,471,0.471,2.301619935274124
52,526,474,0.474,2.3016042964458467
26,513,487,0.487,2.301615823984146
14,507,493,0.493,2.301608697414398
54,527,473,0.473,2.301612088441849
108,554,446,0.446,2.3016051988601687
50,525,475,0.475,2.3016099488735198
26,513,487,0.487,2.301612133026123
24,512,488,0.488,2.3016056389808655
88,544,456,0.456,2.301599863767624
24,512,488,0.488,2.3016167595386503
60,530,470,0.47,2.3016011781692507
86,543,457,0.457,2.301581798791885
84,542,458,0.458,2.301607519388199
64,532,468,0.468,2.30159509062767
-12,494,506,0.506,2.301601052045822
60,530,470,0.47,2.301596606016159
72,536,464,0.464,2.3015800528526307
74,537,463,0.463,2.3015831363201142
90,545,455,0.455,2.30157417011261
98,549,451,0.451,2.3015757389068603
58,529,471,0.471,2.3015840406417847
42,521,479,0.479,2.301569451570511
54,527,473,0.473,2.301586178779602
22,511,489,0.489,2.301577754497528
44,522,478,0.478,2.301574687004089
4,502,498,0.498,2.301577913284302
72,536,464,0.464,2.3015727784633637
120,560,440,0.44,2.3015631759166717
98,549,451,0.451,2.3015579817295073
50,525,475,0.475,2.301564951181412
28,514,486,0.486,2.3015610632896424
-2,499,501,0.501,2.3015512242317198
20,510,490,0.49,2.3015497868061066
46,523,477,0.477,2.301551004886627
52,526,474,0.474,2.301555973529816
-2,499,501,0.501,2.3015509877204896
62,531,469,0.469,2.301541806936264
44,522,478,0.478,2.301556694030762
40,520,480,0.48,2.3015481231212616
10,505,495,0.495,2.30153999710083
-10,495,505,0.505,2.3015464878082277
70,535,465,0.465,2.3015282802581787
58,529,471,0.471,2.301535621881485
28,514,486,0.486,2.3015369434356687
52,526,474,0.474,2.3015278475284577
84,542,458,0.458,2.301530831336975
-8,496,504,0.504,2.3015232100486753
48,524,476,0.476,2.3015160534381867
50,525,475,0.475,2.301513943195343
64,532,468,0.468,2.3015118186473846
24,512,488,0.488,2.3015070838928224
110,555,445,0.445,2.3015055277347565
22,511,489,0.489,2.301507300376892
64,532,468,0.468,2.3014965698719023
8,504,496,0.496,2.301490796327591
46,523,477,0.477,2.301489867210388
82,541,459,0.459,2.3014939761161806
48,524,476,0.476,2.301473371744156
8,504,496,0.496,2.301485997438431
50,525,475,0.475,2.3014741945266723
44,522,478,0.478,2.30148254776001
12,506,494,0.494,2.3014849472045897
40,520,480,0.48,2.301459968328476
24,512,488,0.488,2.3014729912281036
44,522,478,0.478,2.3014554882049563
74,537,463,0.463,2.301453179597855
54,527,473,0.473,2.3014458963871003
50,525,475,0.475,2.3014505734443667
12,506,494,0.494,2.3014550087451933
52,526,474,0.474,2.301448406219482
72,536,464,0.464,2.301445391893387
44,522,478,0.478,2.301437633275986
40,520,480,0.48,2.3014463574886324
48,524,476,0.476,2.3014322607517244
12,506,494,0.494,2.301426076889038
44,522,478,0.478,2.3014345662593843
122,561,439,0.439,2.3014091277122497
12,506,494,0.494,2.30142307806015
84,542,458,0.458,2.301396505355835
74,537,463,0.463,2.3013960897922514
36,518,482,0.482,2.3014071731567385
46,523,477,0.477,2.3014128949642183
32,516,484,0.484,2.3014031662940977
66,533,467,0.467,2.3014049351215364
94,547,453,0.453,2.3013889167308808
38,519,481,0.481,2.301389801979065
64,532,468,0.468,2.301382950782776
64,532,468,0.468,2.301384569168091
66,533,467,0.467,2.301392633676529
70,535,465,0.465,2.3013798263072966
94,547,453,0.453,2.301358743429184
28,514,486,0.486,2.3013502840995788
80,540,460,0.46,2.3013613867759704
46,523,477,0.477,2.301348376750946
20,510,490,0.49,2.3013587288856505
64,532,468,0.468,2.3013355700969695
54,527,473,0.473,2.3013210084438325
70,535,465,0.465,2.301345989704132
18,509,491,0.491,2.301317619085312
72,536,464,0.464,2.3013377122879026
80,540,460,0.46,2.301336660861969
16,508,492,0.492,2.301318428993225
58,529,471,0.471,2.3013099246025086
50,525,475,0.475,2.3013083562850953
52,526,474,0.474,2.3013046424388888
92,546,454,0.454,2.3012776556015013
4,502,498,0.498,2.301274297475815
136,568,432,0.432,2.301270707130432
20,510,490,0.49,2.3012844069004057
32,516,484,0.484,2.301276329278946
18,509,491,0.491,2.3012623088359834
30,515,485,0.485,2.3012761554718018
26,513,487,0.487,2.301260219335556
34,517,483,0.483,2.301249922513962
52,526,474,0.474,2.3012368202209474
84,542,458,0.458,2.3012427597045897
14,507,493,0.493,2.301221350193024
70,535,465,0.465,2.3012292516231536
82,541,459,0.459,2.3011987590789795
16,508,492,0.492,2.3012226719856264
70,535,465,0.465,2.3012106413841247
68,534,466,0.466,2.301214751243591
64,532,468,0.468,2.3011985960006713
24,512,488,0.488,2.301196378707886
20,510,490,0.49,2.3011985993385315
14,507,493,0.493,2.3011715366840364
88,544,456,0.456,2.3011785695552827
46,523,477,0.477,2.3011581661701204
74,537,463,0.463,2.301162041902542
6,503,497,0.497,2.301164326429367
98,549,451,0.451,2.301167733669281
22,511,489,0.489,2.3011483330726623
8,504,496,0.496,2.301170781612396
76,538,462,0.462,2.3011186118125915
68,534,466,0.466,2.3011176149845123
6,503,497,0.497,2.3011292552948
84,542,458,0.458,2.301129205942154
42,521,479,0.479,2.30110364151001
70,535,465,0.465,2.3011131119728088
96,548,452,0.452,2.3011086709499358
90,545,455,0.455,2.30108319234848
98,549,451,0.451,2.301067243337631
42,521,479,0.479,2.3010795567035673
32,516,484,0.484,2.3010734779834747
90,545,455,0.455,2.3010471365451814
84,542,458,0.458,2.3010570657253266
96,548,452,0.452,2.301032084941864
56,528,472,0.472,2.301030595064163
26,513,487,0.487,2.3010347537994384
68,534,466,0.466,2.3010127222537995
56,528,472,0.472,2.300998365163803
70,535,465,0.465,2.301014363527298
6,503,497,0.497,2.300997580289841
58,529,471,0.471,2.300961074590683
34,517,483,0.483,2.30096200299263
48,524,476,0.476,2.300973243236542
30,515,485,0.485,2.300977530002594
30,515,485,0.485,2.3009528603553773
108,554,446,0.446,2.3009556376934053
80,540,460,0.46,2.300902798652649
60,530,470,0.47,2.3009471335411074
60,530,470,0.47,2.30090905046463
70,535,465,0.465,2.30092120718956
14,507,493,0.493,2.300928079843521
60,530,470,0.47,2.3009143702983854
104,552,448,0.448,2.300855685710907
58,529,471,0.471,2.3008690536022187
22,511,489,0.489,2.300877050638199
8,504,496,0.496,2.3008957250118254
42,521,479,0.479,2.300912155866623
8,504,496,0.496,2.3008410172462463
96,548,452,0.452,2.300860327243805
98,549,451,0.451,2.3008129880428316
60,530,470,0.47,2.3007873582839964
32,516,484,0.484,2.3007848250865934
54,527,473,0.473,2.3008149547576906
24,512,488,0.488,2.3008065180778505
42,521,479,0.479,2.3007780232429504
62,531,469,0.469,2.3007826855182647
58,529,471,0.471,2.300753560781479
48,524,476,0.476,2.3007555720806123
100,550,450,0.45,2.300717495441437
106,553,447,0.447,2.3007485492229462
20,510,490,0.49,2.3007772762775422
64,532,468,0.468,2.300743439912796
24,512,488,0.488,2.300717293024063
86,543,457,0.457,2.300717942237854
144,572,428,0.428,2.3007086148262026
56,528,472,0.472,2.3007191746234894
74,537,463,0.463,2.3007076659202577
16,508,492,0.492,2.300675894021988
92,546,454,0.454,2.3006852707862855
18,509,491,0.491,2.3006647338867188
2,501,499,0.499,2.3006181621551516
96,548,452,0.452,2.3006231286525725
76,538,462,0.462,2.300614740371704
86,543,457,0.457,2.300642319202423
100,550,450,0.45,2.30066401386261
70,535,465,0.465,2.3005997228622435
48,524,476,0.476,2.300610806941986
74,537,463,0.463,2.300632137298584
48,524,476,0.476,2.3005843217372894
46,523,477,0.477,2.300573208093643
34,517,483,0.483,2.3005732107162475
64,532,468,0.468,2.300537323474884
62,531,469,0.469,2.3005303263664247
80,540,460,0.46,2.300524841070175
76,538,462,0.462,2.3005544428825377
62,531,469,0.469,2.300532102584839
22,511,489,0.489,2.300438075304031
12,506,494,0.494,2.3004988725185394
96,548,452,0.452,2.300484217405319
100,550,450,0.45,2.3005076076984405
38,519,481,0.481,2.300438633441925
120,560,440,0.44,2.3004552371501923
-26,487,513,0.513,2.3004293320178983
46,523,477,0.477,2.3004190785884857
80,540,460,0.46,2.3004331254959105
50,525,475,0.475,2.300422200679779
112,556,444,0.444,2.3004243614673614
32,516,484,0.484,2.300369465827942
110,555,445,0.445,2.3003576061725615
102,551,449,0.449,2.3003411722183227
28,514,486,0.486,2.3003050410747528
54,527,473,0.473,2.300358050107956
62,531,469,0.469,2.3002693197727204
86,543,457,0.457,2.3002701551914213
26,513,487,0.487,2.300327581644058
38,519,481,0.481,2.3002927134037017
60,530,470,0.47,2.3002226943969726
62,531,469,0.469,2.3002787346839906
132,566,434,0.434,2.3002879164218903
88,544,456,0.456,2.300228313922882
60,530,470,0.47,2.30014408159256
38,519,481,0.481,2.3001990048885346
86,543,457,0.457,2.300176315546036
14,507,493,0.493,2.300126972913742
76,538,462,0.462,2.300135003566742
24,512,488,0.488,2.3001270923614503
132,566,434,0.434,2.300101573228836
44,522,478,0.478,2.3000183663368223
2,501,499,0.499,2.3001139771938326
62,531,469,0.469,2.3000995604991914
-2,499,501,0.501,2.300041951417923
50,525,475,0.475,2.3000489382743834
76,538,462,0.462,2.2999918546676636
84,542,458,0.458,2.3000035271644594
52,526,474,0.474,2.3000086135864257
82,541,459,0.459,2.299994692802429
116,558,442,0.442,2.299912645816803
76,538,462,0.462,2.299947415113449
78,539,461,0.461,2.299857836008072
104,552,448,0.448,2.299866022109985
26,513,487,0.487,2.2998425183296205
44,522,478,0.478,2.299820696592331
6,503,497,0.497,2.2998086304664613
60,530,470,0.47,2.299835376739502
56,528,472,0.472,2.299882808923721
16,508,492,0.492,2.2997974169254305
94,547,453,0.453,2.299871537446976
18,509,491,0.491,2.299679206609726
40,520,480,0.48,2.2998263239860535
44,522,478,0.478,2.2997629082202913
94,547,453,0.453,2.299647271633148
36,518,482,0.482,2.2996537928581238
44,522,478,0.478,2.2996716690063477
64,532,468,0.468,2.299608472108841
10,505,495,0.495,2.2995989980697633
92,546,454,0.454,2.2996247012615205
82,541,459,0.459,2.29965220284462
62,531,469,0.469,2.2995640654563902
54,527,473,0.473,2.2995804834365843
74,537,463,0.463,2.299541804075241
98,549,451,0.451,2.299403945684433
74,537,463,0.463,2.2994971945285796
82,541,459,0.459,2.2994788284301757
70,535,465,0.465,2.299437221288681
94,547,453,0.453,2.299399906158447
76,538,462,0.462,2.299429476737976
112,556,444,0.444,2.2993565170764922
118,559,441,0.441,2.2993160622119904
124,562,438,0.438,2.299173063993454
22,511,489,0.489,2.29931928896904
64,532,468,0.468,2.2992759778499603
34,517,483,0.483,2.2992857534885407
40,520,480,0.48,2.2992300539016726
56,528,472,0.472,2.2992459049224854
76,538,462,0.462,2.299171630382538
-4,498,502,0.502,2.299194457054138
150,575,425,0.425,2.299117492198944
84,542,458,0.458,2.2990681729316713
60,530,470,0.47,2.2990456500053407
114,557,443,0.443,2.299071739196777
52,526,474,0.474,2.299040500164032
96,548,452,0.452,2.2989763576984403
52,526,474,0.474,2.2990272731781007
72,536,464,0.464,2.298962511062622
4,502,498,0.498,2.2989490540027617
122,561,439,0.439,2.2990202147960663
46,523,477,0.477,2.298914776802063
64,532,468,0.468,2.2989007160663606
48,524,476,0.476,2.2988372893333433
70,535,465,0.465,2.298871556043625
60,530,470,0.47,2.2987960374355314
94,547,453,0.453,2.2987409353256227
112,556,444,0.444,2.2988349549770355
78,539,461,0.461,2.2987261028289794
86,543,457,0.457,2.298662608385086
54,527,473,0.473,2.2986393520832062
92,546,454,0.454,2.298506317853928
72,536,464,0.464,2.2986417915821074
-22,489,511,0.511,2.2986167047023773
70,535,465,0.465,2.2984012582302094
74,537,463,0.463,2.2986676845550535
56,528,472,0.472,2.2985868480205536
52,526,474,0.474,2.298407432079315
134,567,433,0.433,2.298490884065628
84,542,458,0.458,2.298417549610138
48,524,476,0.476,2.2985096232891085
36,518,482,0.482,2.2983054332733155
80,540,460,0.46,2.298464377641678
132,566,434,0.434,2.2984430363178254
84,542,458,0.458,2.2983304355144503
56,528,472,0.472,2.298254032611847
18,509,491,0.491,2.2980804862976076
74,537,463,0.463,2.298191072463989
48,524,476,0.476,2.2981360867023466
122,561,439,0.439,2.2981874783039093
30,515,485,0.485,2.298071133375168
50,525,475,0.475,2.2981113092899323
62,531,469,0.469,2.298020127773285
110,555,445,0.445,2.297934823989868
96,548,452,0.452,2.2977641949653624
12,506,494,0.494,2.2978575897216795
58,529,471,0.471,2.297920460700989
66,533,467,0.467,2.297852327346802
82,541,459,0.459,2.297852162599564
46,523,477,0.477,2.297726320743561
70,535,465,0.465,2.297749852180481
96,548,452,0.452,2.2977179911136627
104,552,448,0.448,2.2976671512126923
78,539,461,0.461,2.297642022371292
14,507,493,0.493,2.297588865995407
96,548,452,0.452,2.2974173107147218
38,519,481,0.481,2.2975317766666414
80,540,460,0.46,2.2975314924716947
90,545,455,0.455,2.2975944130420687
90,545,455,0.455,2.2973924362659455
76,538,462,0.462,2.2970649275779724
52,526,474,0.474,2.297373078107834
34,517,483,0.483,2.2974023377895354
106,553,447,0.447,2.297138669013977
48,524,476,0.476,2.2970087065696716
112,556,444,0.444,2.2970790832042693
54,527,473,0.473,2.2970605030059814
108,554,446,0.446,2.296917832374573
124,562,438,0.438,2.2969172878265383
156,578,422,0.422,2.296787009000778
74,537,463,0.463,2.2967904365062712
92,546,454,0.454,2.29682497382164
28,514,486,0.486,2.296737389802933
122,561,439,0.439,2.2968082809448243
100,550,450,0.45,2.2968739042282103
86,543,457,0.457,2.2967934255599975
68,534,466,0.466,2.296612440109253
16,508,492,0.492,2.2961261777877806
100,550,450,0.45,2.2964255974292755
100,550,450,0.45,2.2963704471588136
46,523,477,0.477,2.2965018651485445
94,547,453,0.453,2.2963139865398405
48,524,476,0.476,2.2961162807941435
152,576,424,0.424,2.2959623980522155
100,550,450,0.45,2.296149582862854
116,558,442,0.442,2.296024903535843
42,521,479,0.479,2.296269788980484
50,525,475,0.475,2.295903999567032
94,547,453,0.453,2.2958434710502624
74,537,463,0.463,2.2954965353012087
10,505,495,0.495,2.2957561731338503
56,528,472,0.472,2.295683485984802
112,556,444,0.444,2.295368190288544
10,505,495,0.495,2.2958323497772217
70,535,465,0.465,2.295703911781311
80,540,460,0.46,2.295464512825012
76,538,462,0.462,2.295154108762741
104,552,448,0.448,2.295427247285843
116,558,442,0.442,2.295323347568512
-4,498,502,0.502,2.2950721373558043
16,508,492,0.492,2.2950652151107787
116,558,442,0.442,2.2952720358371734
144,572,428,0.428,2.295067744255066
86,543,457,0.457,2.2947912745475767
82,541,459,0.459,2.294783525466919
26,513,487,0.487,2.2946667025089265
50,525,475,0.475,2.2946695501804353
154,577,423,0.423,2.294238505125046
104,552,448,0.448,2.2946090779304504
72,536,464,0.464,2.294492529153824
112,556,444,0.444,2.2945939366817476
152,576,424,0.424,2.2942075815200806
76,538,462,0.462,2.294501885175705
44,522,478,0.478,2.2942915241718294
106,553,447,0.447,2.294151280164719
128,564,436,0.436,2.293863648891449
194,597,403,0.403,2.2935192077159883
80,540,460,0.46,2.293920349597931
126,563,437,0.437,2.294034708023071
102,551,449,0.449,2.2934209084510804
130,565,435,0.435,2.2933707654476168
128,564,436,0.436,2.2933844068050386
100,550,450,0.45,2.29315536570549
46,523,477,0.477,2.2930975155830384
72,536,464,0.464,2.2930504126548765
80,540,460,0.46,2.2928540658950807
74,537,463,0.463,2.29253754401207
96,548,452,0.452,2.2925065302848817
72,536,464,0.464,2.2925467581748964
120,560,440,0.44,2.2922539072036745
124,562,438,0.438,2.2924354617595673
92,546,454,0.454,2.291651644706726
154,577,423,0.423,2.292081112384796
80,540,460,0.46,2.2919342150688173
124,562,438,0.438,2.2919378950595855
58,529,471,0.471,2.2917714445590973
86,543,457,0.457,2.2917328572273252
110,555,445,0.445,2.291523204565048
94,547,453,0.453,2.2910619547367097
74,537,463,0.463,2.291543752670288
108,554,446,0.446,2.291049179315567
90,545,455,0.455,2.2911855959892273
118,559,441,0.441,2.291070811033249
104,552,448,0.448,2.29066925239563
36,518,482,0.482,2.2907084057331084
86,543,457,0.457,2.2907361612319947
130,565,435,0.435,2.2902501757144926
94,547,453,0.453,2.290471213102341
92,546,454,0.454,2.290414775133133
62,531,469,0.469,2.290132828235626
46,523,477,0.477,2.289832111120224
70,535,465,0.465,2.289956053972244
66,533,467,0.467,2.289576315641403
50,525,475,0.475,2.2891054129600525
38,519,481,0.481,2.2894585914611816
116,558,442,0.442,2.2891403374671935
90,545,455,0.455,2.289185814142227
92,546,454,0.454,2.289169712781906
84,542,458,0.458,2.2892531526088713
100,550,450,0.45,2.289114884376526
128,564,436,0.436,2.2885026288032533
64,532,468,0.468,2.28852716588974
136,568,432,0.432,2.288141031742096
88,544,456,0.456,2.2884904959201813
94,547,453,0.453,2.288004714012146
140,570,430,0.43,2.2879735555648804
78,539,461,0.461,2.287889021873474
104,552,448,0.448,2.287834648370743
96,548,452,0.452,2.287180166721344
108,554,446,0.446,2.28739923620224
124,562,438,0.438,2.2867408215999605
84,542,458,0.458,2.286614888191223
76,538,462,0.462,2.286845757007599
46,523,477,0.477,2.2866070382595063
104,552,448,0.448,2.2855162591934204
84,542,458,0.458,2.2864304702281952
140,570,430,0.43,2.2859025070667265
240,620,380,0.38,2.285396470785141
152,576,424,0.424,2.285614837408066
130,565,435,0.435,2.2851700706481934
148,574,426,0.426,2.2844308342933655
164,582,418,0.418,2.2848158781528474
136,568,432,0.432,2.2841994712352753
138,569,431,0.431,2.284194202661514
108,554,446,0.446,2.2837965383529664
132,566,434,0.434,2.284111585855484
40,520,480,0.48,2.284000285387039
114,557,443,0.443,2.283810685634613
54,527,473,0.473,2.2830342519283295
148,574,426,0.426,2.2825228343009947
106,553,447,0.447,2.2827268137931824
66,533,467,0.467,2.28248166012764
58,529,471,0.471,2.28245978474617
52,526,474,0.474,2.281774097204208
156,578,422,0.422,2.280780965566635
120,560,440,0.44,2.280908788442612
170,585,415,0.415,2.2800490612983704
106,553,447,0.447,2.2799075417518617
120,560,440,0.44,2.2798597600460053
102,551,449,0.449,2.28010435128212
154,577,423,0.423,2.2798037903308868
74,537,463,0.463,2.2782987174987794
92,546,454,0.454,2.278949502706528
120,560,440,0.44,2.2784765162467955
194,597,403,0.403,2.2788020775318145
122,561,439,0.439,2.277845536470413
72,536,464,0.464,2.2778064606189727
152,576,424,0.424,2.2774305238723755
112,556,444,0.444,2.276700914859772
126,563,437,0.437,2.276930702447891
108,554,446,0.446,2.2776971127986907
174,587,413,0.413,2.2767685308456422
106,553,447,0.447,2.276193749189377
68,534,466,0.466,2.274895799160004
126,563,437,0.437,2.2744145076274873
70,535,465,0.465,2.274177307128906
74,537,463,0.463,2.274248254299164
142,571,429,0.429,2.2751167871952056
110,555,445,0.445,2.2726818125247954
78,539,461,0.461,2.2729286344051363
106,553,447,0.447,2.2725757710933685
118,559,441,0.441,2.2727840909957884
206,603,397,0.397,2.2722976281642913
122,561,439,0.439,2.2725489661693574
68,534,466,0.466,2.2718069508075716
88,544,456,0.456,2.270518908262253
148,574,426,0.426,2.27082377910614
118,559,441,0.441,2.271278526067734
128,564,436,0.436,2.2708569777011873
138,569,431,0.431,2.26952006316185
160,580,420,0.42,2.2689273202419282
130,565,435,0.435,2.267018133163452
194,597,403,0.403,2.2671395671367645
138,569,431,0.431,2.2678315773010254
188,594,406,0.406,2.2680909469127655
114,557,443,0.443,2.2665281205177306
138,569,431,0.431,2.265777053594589
120,560,440,0.44,2.265629299402237
146,573,427,0.427,2.264791025161743
166,583,417,0.417,2.2646159572601317
130,565,435,0.435,2.2640018863677978
180,590,410,0.41,2.2619297387599944
184,592,408,0.408,2.2623623387813567
148,574,426,0.426,2.262221467256546
162,581,419,0.419,2.262354808330536
136,568,432,0.432,2.2596428174972534
136,568,432,0.432,2.2605218777656555
146,573,427,0.427,2.258901475906372
202,601,399,0.399,2.2578223531246184
134,567,433,0.433,2.257760730743408
150,575,425,0.425,2.2576997327804564
100,550,450,0.45,2.255841465473175
128,564,436,0.436,2.2541447466611864
172,586,414,0.414,2.2555694732666014
134,567,433,0.433,2.2549275124073027
152,576,424,0.424,2.2542495260238646
144,572,428,0.428,2.2520628809928893
200,600,400,0.4,2.251335315823555
118,559,441,0.441,2.2545000650882723
192,596,404,0.404,2.251759508728981
110,555,445,0.445,2.252640333175659
146,573,427,0.427,2.2502291049957277
144,572,428,0.428,2.250606165289879
120,560,440,0.44,2.2503665618896482
176,588,412,0.412,2.2489010753631593
236,618,382,0.382,2.246718267917633
86,543,457,0.457,2.2452096207141876
166,583,417,0.417,2.2453846125602723
182,591,409,0.409,2.2457086743116377
232,616,384,0.384,2.242589661359787
176,588,412,0.412,2.241414505958557
166,583,417,0.417,2.2451310625076295
224,612,388,0.388,2.2396784392595293
176,588,412,0.412,2.237375503540039
184,592,408,0.408,2.2407087117433546
144,572,428,0.428,2.2400109770298005
216,608,392,0.392,2.233582366466522
156,578,422,0.422,2.2366744669675827
164,582,418,0.418,2.235585526108742
146,573,427,0.427,2.237331731438637
214,607,393,0.393,2.231775233387947
144,572,428,0.428,2.2334837639331817
166,583,417,0.417,2.231014625072479
182,591,409,0.409,2.227465128183365
256,628,372,0.372,2.226629621386528
204,602,398,0.398,2.2256253103017807
214,607,393,0.393,2.2264543005228044
186,593,407,0.407,2.2253202238082888
178,589,411,0.411,2.226014523267746
172,586,414,0.414,2.221303819179535
142,571,429,0.429,2.222608453512192
170,585,415,0.415,2.223436463356018
182,591,409,0.409,2.218713834524155
260,630,370,0.37,2.215926382303238
236,618,382,0.382,2.2157406195402145
234,617,383,0.383,2.216225771307945
180,590,410,0.41,2.21446741771698
174,587,413,0.413,2.2121693258285524
194,597,403,0.403,2.210287320137024
200,600,400,0.4,2.2104434967041016
142,571,429,0.429,2.208595616698265
206,603,397,0.397,2.204378969550133
230,615,385,0.385,2.2104258655309676
156,578,422,0.422,2.2035858310461043
194,597,403,0.403,2.2019803488254546
216,608,392,0.392,2.198803246617317
148,574,426,0.426,2.197821079850197
272,636,364,0.364,2.1911510494947435
226,613,387,0.387,2.1976091129779816
210,605,395,0.395,2.1981402724981307
222,611,389,0.389,2.1949149252176285
244,622,378,0.378,2.1923322628736495
210,605,395,0.395,2.186601995110512
232,616,384,0.384,2.1907723133563994
264,632,368,0.368,2.186908996462822
182,591,409,0.409,2.1886159282922746
184,592,408,0.408,2.1845527300834657
300,650,350,0.35,2.177521642208099
222,611,389,0.389,2.1800327404737474
194,597,403,0.403,2.17560682117939
278,639,361,0.361,2.1724484179019927
194,597,403,0.403,2.1741352742910385
230,615,385,0.385,2.165854122161865
276,638,362,0.362,2.1661789029836656
292,646,354,0.354,2.1701413727998733
206,603,397,0.397,2.1627536062002184
262,631,369,0.369,2.1576288957595824
270,635,365,0.365,2.153851558685303
186,593,407,0.407,2.1554976221323012
274,637,363,0.363,2.1561859081983568
310,655,345,0.345,2.155675555348396
346,673,327,0.327,2.141765769958496
264,632,368,0.368,2.147155360817909
282,641,359,0.359,2.1495266779661177
272,636,364,0.364,2.1397816264629363
266,633,367,0.367,2.13940365254879
260,630,370,0.37,2.1357365888357163
276,638,362,0.362,2.131850104570389
302,651,349,0.349,2.1292153722047806
290,645,355,0.355,2.12413303565979
294,647,353,0.353,2.1284496562480926
254,627,373,0.373,2.122749554991722
220,610,390,0.39,2.1200508700609206
304,652,348,0.348,2.113564648628235
286,643,357,0.357,2.1154665777683257
310,655,345,0.345,2.1149200575351714
282,641,359,0.359,2.107716148376465
274,637,363,0.363,2.103200163245201
278,639,361,0.361,2.1040818712711333
318,659,341,0.341,2.098222819447517
360,680,320,0.32,2.094958922624588
302,651,349,0.349,2.0799540045261384
354,677,323,0.323,2.0823581789731977
318,659,341,0.341,2.084372370362282
286,643,357,0.357,2.080136440873146
292,646,354,0.354,2.0739453440904616
368,684,316,0.316,2.066843658208847
316,658,342,0.342,2.0639735437631606
290,645,355,0.355,2.063107239961624
334,667,333,0.333,2.060181459069252
354,677,323,0.323,2.051694776058197
312,656,344,0.344,2.0419808201789857
350,675,325,0.325,2.0450013681650163
314,657,343,0.343,2.043221056699753
366,683,317,0.317,2.027698638796806
362,681,319,0.319,2.0293642274141312
334,667,333,0.333,2.03077793109417
324,662,338,0.338,2.0279157683849336
364,682,318,0.318,2.021092793703079
364,682,318,0.318,2.019405148386955
352,676,324,0.324,2.0083737884759905
360,680,320,0.32,2.0004352415800093
354,677,323,0.323,2.0168829411268234
286,643,357,0.357,2.0048218809366225
348,674,326,0.326,1.9948759332895278
310,655,345,0.345,1.9922586047649384
314,657,343,0.343,1.9897316538095475
384,692,308,0.308,1.9795136712789536
354,677,323,0.323,1.9739328054189682
380,690,310,0.31,1.949806234717369
346,673,327,0.327,1.9823705275058747
338,669,331,0.331,1.9601919151544571
410,705,295,0.295,1.9497837564945222
422,711,289,0.289,1.9466089899539947
398,699,301,0.301,1.9368682918548583
398,699,301,0.301,1.9441153626441956
408,704,296,0.296,1.9236469110250474
404,702,298,0.298,1.9293233457803727
344,672,328,0.328,1.91650780916214
382,691,309,0.309,1.9176824469566345
442,721,279,0.279,1.9024683712720871
430,715,285,0.285,1.8931165190935135
466,733,267,0.267,1.8960720963478088
366,683,317,0.317,1.9029459369182586
478,739,261,0.261,1.8815155565738677
390,695,305,0.305,1.882243524312973
382,691,309,0.309,1.8550228511691094
474,737,263,0.263,1.8644039565324784
414,707,293,0.293,1.8569704446196555
366,683,317,0.317,1.8691013436317443
432,716,284,0.284,1.8457129428386687
408,704,296,0.296,1.8457556124925614
424,712,288,0.288,1.844076688349247
432,716,284,0.284,1.8195013127326964
456,728,272,0.272,1.8203652324676514
454,727,273,0.273,1.8145368956923484
492,746,254,0.254,1.7880539883971214
488,744,256,0.256,1.796622591972351
488,744,256,0.256,1.7816147240400315
484,742,258,0.258,1.7789841408133507
442,721,279,0.279,1.7650927903056144
478,739,261,0.261,1.7724773312807083
422,711,289,0.289,1.7699155314564705
454,727,273,0.273,1.7514130339622498
432,716,284,0.284,1.7572097542285918
514,757,243,0.243,1.7180975568294525
476,738,262,0.262,1.7530248493552207
516,758,242,0.242,1.7229901356101036
496,748,252,0.252,1.6955700285434723
486,743,257,0.257,1.7199907916784287
518,759,241,0.241,1.687350112259388
516,758,242,0.242,1.688579667687416
496,748,252,0.252,1.6794976806640625
534,767,233,0.233,1.6613606950640678
494,747,253,0.253,1.6819455132484435
548,774,226,0.226,1.6540400791168213
526,763,237,0.237,1.6289994270801544
500,750,250,0.25,1.6633387216925621
468,734,266,0.266,1.6604570990800858
554,777,223,0.223,1.6247506832480432
554,777,223,0.223,1.5908085291981697
486,743,257,0.257,1.6017142005562783
484,742,258,0.258,1.6272860940098763
458,729,271,0.271,1.599387596309185
546,773,227,0.227,1.5646617959737779
590,795,205,0.205,1.5983918187618256
578,789,211,0.211,1.5573157762289047
568,784,216,0.216,1.5522120270729065
582,791,209,0.209,1.567611446559429
512,756,244,0.244,1.569484482884407
574,787,213,0.213,1.5484326439499856
522,761,239,0.239,1.5479366812109947
602,801,199,0.199,1.5325184568166732
554,777,223,0.223,1.5189572719335556
620,810,190,0.19,1.4948423572778702
570,785,215,0.215,1.52584291690588
614,807,193,0.193,1.487591211259365
608,804,196,0.196,1.4858461931347846
572,786,214,0.214,1.4875004879832268
518,759,241,0.241,1.483472340464592
524,762,238,0.238,1.478161571264267
644,822,178,0.178,1.4088072077035905
602,801,199,0.199,1.4781472545266152
572,786,214,0.214,1.4442279509305953
582,791,209,0.209,1.4380710586905479
550,775,225,0.225,1.4031971856355667
606,803,197,0.197,1.4309067249298095
620,810,190,0.19,1.4176167771816253
580,790,210,0.21,1.4210945199728011
586,793,207,0.207,1.3981798031330108
618,809,191,0.191,1.4113397365212441
596,798,202,0.202,1.4130431475043297
618,809,191,0.191,1.4037798456549644
618,809,191,0.191,1.3732408207058906
570,785,215,0.215,1.3913592703938484
572,786,214,0.214,1.3708711711764336
550,775,225,0.225,1.3696254900097846
610,805,195,0.195,1.3680504997372627
590,795,205,0.205,1.337345286309719
584,792,208,0.208,1.3483076910972596
628,814,186,0.186,1.3527584754824638
584,792,208,0.208,1.3399741153717042
596,798,202,0.202,1.3406241755485535
598,799,201,0.201,1.3213239626288413
602,801,199,0.199,1.3157451044917106
628,814,186,0.186,1.305734274983406
544,772,228,0.228,1.310874389410019
582,791,209,0.209,1.3124247333407402
514,757,243,0.243,1.3025603917837143
652,826,174,0.174,1.298213582634926
646,823,177,0.177,1.2579446411728858
596,798,202,0.202,1.2752361980974674
610,805,195,0.195,1.260897010564804
626,813,187,0.187,1.2214104561209678
568,784,216,0.216,1.2787687880396843
628,814,186,0.186,1.2291558637022972
678,839,161,0.161,1.2326939709186553
696,848,152,0.152,1.203756694674492
666,833,167,0.167,1.2425183993577957
596,798,202,0.202,1.2382864315509796
636,818,182,0.182,1.2223740608394147
628,814,186,0.186,1.2176842092871667
656,828,172,0.172,1.2132302611470223
630,815,185,0.185,1.195156212300062
636,818,182,0.182,1.2100080059170724
678,839,161,0.161,1.2051160883307457
670,835,165,0.165,1.183027587890625
778,889,111,0.111,1.1556193147301674
666,833,167,0.167,1.2011636590361596
674,837,163,0.163,1.16103220307827
608,804,196,0.196,1.1879399963021278
664,832,168,0.168,1.1344662871658802
720,860,140,0.14,1.140406933531165
612,806,194,0.194,1.1725668539106846
650,825,175,0.175,1.1319417309463025
648,824,176,0.176,1.1287545579373837
674,837,163,0.163,1.1462569704055787
636,818,182,0.182,1.128234338313341
652,826,174,0.174,1.1146705768108367
654,827,173,0.173,1.1019290137887001
644,822,178,0.178,1.1388976849317551
670,835,165,0.165,1.1203108870089054
684,842,158,0.158,1.0909822218120098
702,851,149,0.149,1.121555256128311
652,826,174,0.174,1.0941965625882148
650,825,175,0.175,1.1148948691785336
706,853,147,0.147,1.0599201628267765
696,848,152,0.152,1.029649055659771
642,821,179,0.179,1.0914182132780552
576,788,212,0.212,1.0937358218431472
688,844,156,0.156,1.061165651023388
610,805,195,0.195,1.0840137469172477
690,845,155,0.155,1.044799271851778
688,844,156,0.156,1.0678692273795605
624,812,188,0.188,1.079734194457531
648,824,176,0.176,1.1003741598129273
648,824,176,0.176,1.049648779332638
646,823,177,0.177,1.076653793901205
664,832,168,0.168,1.0717874242961407
654,827,173,0.173,1.0649160681962966
646,823,177,0.177,1.0545553838610648
708,854,146,0.146,1.0148835080265999
680,840,160,0.16,1.0167582676708697
694,847,153,0.153,1.0110454409122467
702,851,149,0.149,1.01887091755867
728,864,136,0.136,1.0004222290813922
634,817,183,0.183,1.0109935146272182
680,840,160,0.16,1.0244784590005875
720,860,140,0.14,0.9786710743010044
694,847,153,0.153,1.0046772930324077
602,801,199,0.199,0.9893628784120083
656,828,172,0.172,0.9793543917238712
670,835,165,0.165,0.9699871992468834
626,813,187,0.187,0.9790367436408997
662,831,169,0.169,0.9720255452990532
668,834,166,0.166,0.9657880257815122
640,820,180,0.18,0.9899815119802952
652,826,174,0.174,0.9659440743029117
706,853,147,0.147,0.978608349621296
720,860,140,0.14,0.9770339173227549
682,841,159,0.159,0.9388462174534797
686,843,157,0.157,0.9447502130568027
718,859,141,0.141,0.9420765742361545
646,823,177,0.177,0.9685826509594917
758,879,121,0.121,0.9234763773977757
698,849,151,0.151,0.9310962849408388
670,835,165,0.165,0.9252810044288635
720,860,140,0.14,0.9181516485363245
670,835,165,0.165,0.9267426795363426
698,849,151,0.151,0.924972078859806
690,845,155,0.155,0.9215072351694107
610,805,195,0.195,0.9476257229745388
688,844,156,0.156,0.907977249071002
688,844,156,0.156,0.9132580670267344
718,859,141,0.141,0.8816876575797796
668,834,166,0.166,0.8971998604983091
706,853,147,0.147,0.8868340529501438
736,868,132,0.132,0.9167084372192621
686,843,157,0.157,0.8751710468679667
688,844,156,0.156,0.9076500787734986
748,874,126,0.126,0.861302982583642
700,850,150,0.15,0.8658620455861091
612,806,194,0.194,0.922084178969264
692,846,154,0.154,0.867524444758892
658,829,171,0.171,0.8704314906448126
694,847,153,0.153,0.8686782919019461
760,880,120,0.12,0.8621732974946499
678,839,161,0.161,0.8719288880079985
666,833,167,0.167,0.8840180294811726
692,846,154,0.154,0.8744380778670311
798,899,101,0.101,0.8170353625863791
666,833,167,0.167,0.8870927066504956
684,842,158,0.158,0.8587700519710779
668,834,166,0.166,0.8545737176984548
766,883,117,0.117,0.817452724441886
712,856,144,0.144,0.8675577813982963
718,859,141,0.141,0.8555113402307033
778,889,111,0.111,0.7928231934159994
702,851,149,0.149,0.8274845267534257
660,830,170,0.17,0.8585152022093534
672,836,164,0.164,0.8298104456439614
646,823,177,0.177,0.8383010526895524
736,868,132,0.132,0.8208006812781096
774,887,113,0.113,0.7925690521076322
678,839,161,0.161,0.8328556908816099
688,844,156,0.156,0.8387667480409146
734,867,133,0.133,0.7978392119705677
704,852,148,0.148,0.8128027070611715
722,861,139,0.139,0.788051149636507
728,864,136,0.136,0.8196699183881283
662,831,169,0.169,0.8416192674040794
688,844,156,0.156,0.8133239539563656
710,855,145,0.145,0.8027904421240092
740,870,130,0.13,0.7850211823284626
722,861,139,0.139,0.7988727960437536
678,839,161,0.161,0.7971156068593264
716,858,142,0.142,0.7955617229342461
726,863,137,0.137,0.751860480621457
684,842,158,0.158,0.7730333936214447
722,861,139,0.139,0.8105111866295338
626,813,187,0.187,0.8569120159447193
748,874,126,0.126,0.7514511106461287
610,805,195,0.195,0.8039174477159977
668,834,166,0.166,0.8037095237970352
734,867,133,0.133,0.776856407314539
708,854,146,0.146,0.7742390943169594
652,826,174,0.174,0.7795384581834078
662,831,169,0.169,0.7863951789587736
712,856,144,0.144,0.7714266391247511
750,875,125,0.125,0.7520420763939619
716,858,142,0.142,0.7572468612566591
686,843,157,0.157,0.7749434395581484
684,842,158,0.158,0.7776137167885899
684,842,158,0.158,0.7598368404507637
774,887,113,0.113,0.7658910798579455
750,875,125,0.125,0.7616191900223493
684,842,158,0.158,0.7526136122345924
714,857,143,0.143,0.752716982036829
770,885,115,0.115,0.7281019443646073
738,869,131,0.131,0.7500379744768143
740,870,130,0.13,0.7234156031310558
696,848,152,0.152,0.757193332478404
678,839,161,0.161,0.736672864601016
646,823,177,0.177,0.7980980298370123
674,837,163,0.163,0.7727668441683054
658,829,171,0.171,0.786242397941649
644,822,178,0.178,0.7420975159183144
732,866,134,0.134,0.7615405474826693
750,875,125,0.125,0.7440966304391623
730,865,135,0.135,0.7558732826113701
652,826,174,0.174,0.780165571257472
706,853,147,0.147,0.7529669210314751
736,868,132,0.132,0.7542200117111206
720,860,140,0.14,0.7731309087276459
726,863,137,0.137,0.7284568674713373
702,851,149,0.149,0.7723064117655158
706,853,147,0.147,0.7685739252232016
746,873,127,0.127,0.7372706215307117
654,827,173,0.173,0.7726191377490759
668,834,166,0.166,0.7509897142276167
692,846,154,0.154,0.7473045391216874
652,826,174,0.174,0.7538074592202901
670,835,165,0.165,0.7600915101617575
726,863,137,0.137,0.7396164018362761
702,851,149,0.149,0.7300581145137548
706,853,147,0.147,0.7210821453332901
678,839,161,0.161,0.760460217051208
658,829,171,0.171,0.747621522307396
738,869,131,0.131,0.7123291470706463
734,867,133,0.133,0.6940894423648715
734,867,133,0.133,0.7337480371892452
684,842,158,0.158,0.7548080933094025
662,831,169,0.169,0.7553163316473365
658,829,171,0.171,0.763431662760675
654,827,173,0.173,0.7624946267604827
706,853,147,0.147,0.7291696340888738
700,850,150,0.15,0.7480239723697305
702,851,149,0.149,0.7269656843394041
676,838,162,0.162,0.7673288892135024
628,814,186,0.186,0.742176367148757
714,857,143,0.143,0.7215803689807654
704,852,148,0.148,0.7320232163667679
660,830,170,0.17,0.737191432222724
664,832,168,0.168,0.6911182845234871
680,840,160,0.16,0.7317459859102965
674,837,163,0.163,0.7293698234632612
726,863,137,0.137,0.7057356998994947
746,873,127,0.127,0.6873908149451018
766,883,117,0.117,0.7035596322566271
686,843,157,0.157,0.7107152016609907
732,866,134,0.134,0.7134744793772697
752,876,124,0.124,0.6872023637369276
710,855,145,0.145,0.7186074940562248
734,867,133,0.133,0.7301984388157725
640,820,180,0.18,0.751087851986289
704,852,148,0.148,0.7234737650007009
690,845,155,0.155,0.7087797884121537
696,848,152,0.152,0.7407581255435943
758,879,121,0.121,0.712899837180972
772,886,114,0.114,0.6772511974722147
730,865,135,0.135,0.7188341470882297
658,829,171,0.171,0.7157100914902985
796,898,102,0.102,0.6733505293652415
770,885,115,0.115,0.6972537800520658
692,846,154,0.154,0.7017860912531614
708,854,146,0.146,0.7098594363927841
678,839,161,0.161,0.7103277635872364
662,831,169,0.169,0.6914049309939146
692,846,154,0.154,0.6971423168778419
678,839,161,0.161,0.7104693532995879
752,876,124,0.124,0.7003336557000875
768,884,116,0.116,0.6521951422691346
748,874,126,0.126,0.6680773788839579
808,904,96,0.096,0.64692949526757
710,855,145,0.145,0.6729693185985088
754,877,123,0.123,0.7012483796402812
738,869,131,0.131,0.6454286924302578
714,857,143,0.143,0.6874722288288176
786,893,107,0.107,0.6378668687492609
738,869,131,0.131,0.6594350319653749
764,882,118,0.118,0.6386224728040397
718,859,141,0.141,0.6775217840224504
700,850,150,0.15,0.6752192725092173
718,859,141,0.141,0.6867415407821537
628,814,186,0.186,0.6878017619252205
760,880,120,0.12,0.6360531967580318
730,865,135,0.135,0.6865197208933532
728,864,136,0.136,0.6475139066502452
682,841,159,0.159,0.676717273555696
704,852,148,0.148,0.6976290628314018
700,850,150,0.15,0.6803929191306234
708,854,146,0.146,0.6628633445203305
714,857,143,0.143,0.6481766880303621
746,873,127,0.127,0.6452101228963584
650,825,175,0.175,0.6876693962588907
712,856,144,0.144,0.6806346970498562
680,840,160,0.16,0.626700643286109
714,857,143,0.143,0.6725427380613983
674,837,163,0.163,0.6794857744909822
724,862,138,0.138,0.6289207275733352
722,861,139,0.139,0.6269021141082048
672,836,164,0.164,0.6285421289503574
728,864,136,0.136,0.634684965878725
744,872,128,0.128,0.6440612180382014
698,849,151,0.151,0.6570873700082303
734,867,133,0.133,0.6090070340707898
738,869,131,0.131,0.6302684215605259
756,878,122,0.122,0.6141391527950764
676,838,162,0.162,0.6856649272888898
802,901,99,0.099,0.5783637002445757
712,856,144,0.144,0.6271442264541983
794,897,103,0.103,0.6116858137324452
752,876,124,0.124,0.6224529203176499
668,834,166,0.166,0.6604308895170689
692,846,154,0.154,0.6413217778019608
768,884,116,0.116,0.6161218935772776
776,888,112,0.112,0.5900037056058646
736,868,132,0.132,0.6347227571234108
698,849,151,0.151,0.6138169300071895
748,874,126,0.126,0.6318103485554457
762,881,119,0.119,0.5701912434138358
658,829,171,0.171,0.6501788665950299
740,870,130,0.13,0.6061765405908227
670,835,165,0.165,0.6232045431360602
652,826,174,0.174,0.6325121904015542
702,851,149,0.149,0.6072543566524983
734,867,133,0.133,0.6145659105069935
700,850,150,0.15,0.6053386677913368
760,880,120,0.12,0.6177105176821351
660,830,170,0.17,0.6302785759568215
776,888,112,0.112,0.5871456742323935
662,831,169,0.169,0.6210879927026108
668,834,166,0.166,0.5879047524258494
746,873,127,0.127,0.6151422464337666
686,843,157,0.157,0.6217993783578276
744,872,128,0.128,0.6280737190619111
726,863,137,0.137,0.5982972081266343
748,874,126,0.126,0.5994704393669963
706,853,147,0.147,0.5937121664434671
742,871,129,0.129,0.6246205833554268
766,883,117,0.117,0.5990280350856483
692,846,154,0.154,0.6129915254749357
708,854,146,0.146,0.5948231484778226
728,864,136,0.136,0.6002727012634277
748,874,126,0.126,0.5653747396916151
706,853,147,0.147,0.579652869977057
660,830,170,0.17,0.6125873697847128
716,858,142,0.142,0.5857283196337522
766,883,117,0.117,0.5604685934633017
710,855,145,0.145,0.6072262683585287
768,884,116,0.116,0.5894865841418505
712,856,144,0.144,0.6094121556654573
766,883,117,0.117,0.5646444253213704
802,901,99,0.099,0.5724206066913903
718,859,141,0.141,0.6212133470214903
718,859,141,0.141,0.6052252795472741
750,875,125,0.125,0.5831229757852853
710,855,145,0.145,0.5973096266165375
710,855,145,0.145,0.6073017827011645
664,832,168,0.168,0.630829436890781
754,877,123,0.123,0.5600815280638635
700,850,150,0.15,0.583439455004409
782,891,109,0.109,0.5402987323328853
710,855,145,0.145,0.5367771862298251
736,868,132,0.132,0.5769006270468235
714,857,143,0.143,0.5828485774323344
686,843,157,0.157,0.5983144999966026
702,851,149,0.149,0.585478229008615
760,880,120,0.12,0.5532966366708278
714,857,143,0.143,0.5580579967573285
754,877,123,0.123,0.573481837162748
770,885,115,0.115,0.5205999617762863
732,866,134,0.134,0.523474989913404
758,879,121,0.121,0.5748395948745311
698,849,151,0.151,0.5685313115492463
730,865,135,0.135,0.5479579733684659
752,876,124,0.124,0.5526312298104167
668,834,166,0.166,0.5798510234132409
732,866,134,0.134,0.5555480354018509
726,863,137,0.137,0.5700420218743384
720,860,140,0.14,0.5596523096263408
780,890,110,0.11,0.5067990257330239
732,866,134,0.134,0.5237404627166689
762,881,119,0.119,0.543982545892708
700,850,150,0.15,0.5563394147418439
648,824,176,0.176,0.5712714492827654
720,860,140,0.14,0.6134244694337249
718,859,141,0.141,0.5735676903128624
688,844,156,0.156,0.5868623846508563
726,863,137,0.137,0.5757449579788372
706,853,147,0.147,0.5311156829185784
774,887,113,0.113,0.5846646088808775
676,838,162,0.162,0.6046394195333124
728,864,136,0.136,0.5281217086017131
744,872,128,0.128,0.5201144892573356
670,835,165,0.165,0.6070615767613053
714,857,143,0.143,0.5275991650186479
708,854,146,0.146,0.5549950428120792
672,836,164,0.164,0.572695186085999
736,868,132,0.132,0.5822074328754098
702,851,149,0.149,0.4978387084454298
666,833,167,0.167,0.5496638836413622
702,851,149,0.149,0.5658015452921391
716,858,142,0.142,0.5560121185779572
754,877,123,0.123,0.535999069865793
716,858,142,0.142,0.5479612170606851
694,847,153,0.153,0.5632206672243774
738,869,131,0.131,0.5169312307983637
756,878,122,0.122,0.5201435696147382
678,839,161,0.161,0.5770586318224669
718,859,141,0.141,0.5328650691062212
750,875,125,0.125,0.4891024449169636
768,884,116,0.116,0.5389164755251259
720,860,140,0.14,0.5309907708596439
716,858,142,0.142,0.5621234153844417
726,863,137,0.137,0.5384502412416041
726,863,137,0.137,0.5222823687568307
720,860,140,0.14,0.5471943836826831
742,871,129,0.129,0.5278331528231501
726,863,137,0.137,0.5295376157201827
704,852,148,0.148,0.5444375237599015
726,863,137,0.137,0.5336083364747465
772,886,114,0.114,0.5026978184767067
658,829,171,0.171,0.5395478328838944
688,844,156,0.156,0.5307041776590049
748,874,126,0.126,0.5518422699756921
640,820,180,0.18,0.5633720864392817
710,855,145,0.145,0.5304468496218324
700,850,150,0.15,0.520260545451194
750,875,125,0.125,0.5411788253709674
774,887,113,0.113,0.4999014415182173
740,870,130,0.13,0.5024489042460918
814,907,93,0.093,0.4835598440244794
742,871,129,0.129,0.5710966659337282
668,834,166,0.166,0.5238063567876816
724,862,138,0.138,0.547080536685884
826,913,87,0.087,0.4697525375559926
674,837,163,0.163,0.5475111353397369
736,868,132,0.132,0.5205017593204975
720,860,140,0.14,0.5122379897423088
672,836,164,0.164,0.542175126451999
752,876,124,0.124,0.49997713761776685
708,854,146,0.146,0.5567750897947699
766,883,117,0.117,0.5097000796794892
664,832,168,0.168,0.5482923778258264
752,876,124,0.124,0.5346214945875108
728,864,136,0.136,0.5234016660507769
736,868,132,0.132,0.4973645080216229
740,870,130,0.13,0.529359420157969
784,892,108,0.108,0.4991260162033141
702,851,149,0.149,0.4865232473090291
620,810,190,0.19,0.5553819030299783
712,856,144,0.144,0.48768251413479446
742,871,129,0.129,0.5144228511061519
736,868,132,0.132,0.5016649605575949
774,887,113,0.113,0.5075117885358632
746,873,127,0.127,0.4690232764761895
698,849,151,0.151,0.5419406200014055
804,902,98,0.098,0.45918825522065165
742,871,129,0.129,0.5019015112631023
718,859,141,0.141,0.524976587858051
654,827,173,0.173,0.5414348992332816
776,888,112,0.112,0.488443002294749
778,889,111,0.111,0.520350584236905
722,861,139,0.139,0.5083867676723749
714,857,143,0.143,0.5422004389278591
752,876,124,0.124,0.5437849599160254
798,899,101,0.101,0.4740577925592661
596,798,202,0.202,0.5543417304418982
744,872,128,0.128,0.5219949748404324
784,892,108,0.108,0.4698722299914807
720,860,140,0.14,0.5385582983270287
756,878,122,0.122,0.5132696182504296
696,848,152,0.152,0.5745044349953532
790,895,105,0.105,0.4508309789672494
652,826,174,0.174,0.5387890995293856
724,862,138,0.138,0.5105692567806691
692,846,154,0.154,0.5090613237284124
712,856,144,0.144,0.5196509097926318
704,852,148,0.148,0.5021459354236723
712,856,144,0.144,0.5072739910427481
730,865,135,0.135,0.5106095543857664
690,845,155,0.155,0.5384080571904778
678,839,161,0.161,0.5063968777284026
660,830,170,0.17,0.5302854791842401
670,835,165,0.165,0.5834352973196656
696,848,152,0.152,0.512528092160821
712,856,144,0.144,0.5318023257143796
744,872,128,0.128,0.48004574586078524
728,864,136,0.136,0.5154858857132495
682,841,159,0.159,0.5172136939973571
746,873,127,0.127,0.4991254498064518
764,882,118,0.118,0.4892706245277077
734,867,133,0.133,0.49483698479738086
742,871,129,0.129,0.5165691827572882
690,845,155,0.155,0.5270755310803652
700,850,150,0.15,0.5234606308229267
786,893,107,0.107,0.47642546772025524
666,833,167,0.167,0.5277701156176626
696,848,152,0.152,0.48820400998741387
718,859,141,0.141,0.5218737410828471
690,845,155,0.155,0.5210954184383154
764,882,118,0.118,0.499327337264549
760,880,120,0.12,0.5039733281396329
704,852,148,0.148,0.5342059436887503
728,864,136,0.136,0.48191544791311025
678,839,161,0.161,0.5229324041567743
716,858,142,0.142,0.4896896855197847
702,851,149,0.149,0.5069790499135852
636,818,182,0.182,0.5227969067804515
752,876,124,0.124,0.4797902674376965
754,877,123,0.123,0.5085804656967521
702,851,149,0.149,0.4835900055989623
712,856,144,0.144,0.5126543662557378
778,889,111,0.111,0.46774072120524945
692,846,154,0.154,0.5062219661809504
682,841,159,0.159,0.5123087023124099
736,868,132,0.132,0.501686196854338
760,880,120,0.12,0.4617692156471312
742,871,129,0.129,0.4743131103590131
736,868,132,0.132,0.49760656772367656
746,873,127,0.127,0.4700511852800846
728,864,136,0.136,0.48406623195484283
746,873,127,0.127,0.4736052430719137
766,883,117,0.117,0.4688462535068393
776,888,112,0.112,0.4707192601598799
668,834,166,0.166,0.5405216842032969
782,891,109,0.109,0.48035187896341086
686,843,157,0.157,0.5064698143675923
760,880,120,0.12,0.43195194424688815
730,865,135,0.135,0.5025838844254613
750,875,125,0.125,0.45898286703042684
700,850,150,0.15,0.5178816426377744
754,877,123,0.123,0.46680413582362235
704,852,148,0.148,0.5050570943281054
712,856,144,0.144,0.4959055897705257
748,874,126,0.126,0.46366594816558065
768,884,116,0.116,0.4373319276962429
704,852,148,0.148,0.4590799926687032
774,887,113,0.113,0.4511777138179168
784,892,108,0.108,0.42681845752894876
748,874,126,0.126,0.426548906770302
720,860,140,0.14,0.47302666218206285
702,851,149,0.149,0.4691390162333846
720,860,140,0.14,0.466256789512001
688,844,156,0.156,0.4889685480855405
774,887,113,0.113,0.4337414711639285
714,857,143,0.143,0.4530043937480077
702,851,149,0.149,0.4609883780935779
730,865,135,0.135,0.4392185940053314
696,848,152,0.152,0.4923746569342911
718,859,141,0.141,0.4824306038580835
658,829,171,0.171,0.49764338418468834
746,873,127,0.127,0.49485293674375863
740,870,130,0.13,0.44707906795851887
780,890,110,0.11,0.44140004806779326
746,873,127,0.127,0.4734945603683591
724,862,138,0.138,0.4748739210665226
688,844,156,0.156,0.4473570816069841
724,862,138,0.138,0.42864857375621795
744,872,128,0.128,0.48088826406002044
762,881,119,0.119,0.44622259513288737
754,877,123,0.123,0.4478525729775429
766,883,117,0.117,0.4366725458484143
728,864,136,0.136,0.4384461667239666
708,854,146,0.146,0.51133040481247
740,870,130,0.13,0.4222032781466842
768,884,116,0.116,0.43300887336209415
696,848,152,0.152,0.4675625032968819
772,886,114,0.114,0.44309360801056025
722,861,139,0.139,0.47876952615380286
752,876,124,0.124,0.43151256189867854
716,858,142,0.142,0.4293223197460175
768,884,116,0.116,0.4440970048671588
754,877,123,0.123,0.4511485294550657
750,875,125,0.125,0.42693750136345626
738,869,131,0.131,0.4449926182553172
728,864,136,0.136,0.4509816586598754
752,876,124,0.124,0.44068542996048926
744,872,128,0.128,0.44818524134438487
768,884,116,0.116,0.445428414914757
726,863,137,0.137,0.4677878153203055
716,858,142,0.142,0.4437203328367323
752,876,124,0.124,0.4404982424983755
708,854,146,0.146,0.40714914685394615
732,866,134,0.134,0.4330930536594242
732,866,134,0.134,0.4602584750391543
682,841,159,0.159,0.45344346220605075
702,851,149,0.149,0.4556990740643814
720,860,140,0.14,0.4429373762961477
768,884,116,0.116,0.4529645995181054
722,861,139,0.139,0.49237095344625414
744,872,128,0.128,0.437638686619699
714,857,143,0.143,0.46932802495360376
708,854,146,0.146,0.46270173652283847
730,865,135,0.135,0.45473531098477543
706,853,147,0.147,0.45023482970148326
714,857,143,0.143,0.4331887999214232
702,851,149,0.149,0.45115317437425256
760,880,120,0.12,0.40385617917776107
752,876,124,0.124,0.4371666275449097
682,841,159,0.159,0.4708905260749161
740,870,130,0.13,0.4558395459614694
744,872,128,0.128,0.41550971354916694
770,885,115,0.115,0.413389874368906
758,879,121,0.121,0.4187315727807581
806,903,97,0.097,0.3761167261470109
758,879,121,0.121,0.45684276753477754
766,883,117,0.117,0.41817780363559726
764,882,118,0.118,0.43264758326206354
748,874,126,0.126,0.42586261298134925
752,876,124,0.124,0.44741162192448974
744,872,128,0.128,0.3971135025490075
740,870,130,0.13,0.4312370867300779
800,900,100,0.1,0.38890531434118747
704,852,148,0.148,0.43392174487188456
736,868,132,0.132,0.4357419893126935
708,854,146,0.146,0.45789515094459055
746,873,127,0.127,0.41053807571344075
682,841,159,0.159,0.4431561798080802
762,881,119,0.119,0.44924517783895135
712,856,144,0.144,0.4512071996256709
760,880,120,0.12,0.4003810001388192
786,893,107,0.107,0.3910563523331657
766,883,117,0.117,0.44990976340137423
736,868,132,0.132,0.4281001990828663
758,879,121,0.121,0.40147129650786517
670,835,165,0.165,0.46312512950599194
762,881,119,0.119,0.3938403890486807
744,872,128,0.128,0.4139127350116614
790,895,105,0.105,0.3869822996687144
698,849,151,0.151,0.43450183733180164
698,849,151,0.151,0.4138792453110218
672,836,164,0.164,0.4563129861988127
756,878,122,0.122,0.404538260422647
732,866,134,0.134,0.4052106097145006
684,842,158,0.158,0.4148464280702174
762,881,119,0.119,0.3889815232232213
772,886,114,0.114,0.40155230297148226
724,862,138,0.138,0.42166876171762124
752,876,124,0.124,0.4089790798574686
690,845,155,0.155,0.4229065723605454
674,837,163,0.163,0.43697241371870044
742,871,129,0.129,0.4124356943294406
712,856,144,0.144,0.4476182231232524
836,918,82,0.082,0.3625531836319715
774,887,113,0.113,0.3707945152744651
768,884,116,0.116,0.39212100017815826
814,907,93,0.093,0.37294414525758474
700,850,150,0.15,0.448369595952332
736,868,132,0.132,0.4126712540183216
706,853,147,0.147,0.4071352270580828
794,897,103,0.103,0.3964365059826523
726,863,137,0.137,0.4249691490549594
720,860,140,0.14,0.4172850792761892
756,878,122,0.122,0.42675101799517867
744,872,128,0.128,0.39310153858549896
754,877,123,0.123,0.42039178222790363
704,852,148,0.148,0.40774907904397695
752,876,124,0.124,0.39065706099756065
718,859,141,0.141,0.4187993893958628
690,845,155,0.155,0.4467502470705658
750,875,125,0.125,0.34288320563733576
768,884,116,0.116,0.4173333381470293
802,901,99,0.099,0.35996701659448443
726,863,137,0.137,0.44152520896308123
726,863,137,0.137,0.4072696403097361
724,862,138,0.138,0.40614370463555677
756,878,122,0.122,0.37303765182662757
730,865,135,0.135,0.37900895308330657
760,880,120,0.12,0.3920463194865733
726,863,137,0.137,0.384961018496193
706,853,147,0.147,0.40442468169983475
766,883,117,0.117,0.3454788237195462
720,860,140,0.14,0.3884237790275365
710,855,145,0.145,0.4193344272635877
726,863,137,0.137,0.39787420038785787
774,887,113,0.113,0.39679692580550907
732,866,134,0.134,0.40835868021473287
798,899,101,0.101,0.38762932844832537
692,846,154,0.154,0.41054714769124984
764,882,118,0.118,0.38426608575321736
708,854,146,0.146,0.4216258846987039
752,876,124,0.124,0.39919438619166614
716,858,142,0.142,0.4166069309283048
736,868,132,0.132,0.3889237809292972
728,864,136,0.136,0.4233815223053098
752,876,124,0.124,0.41662790222093465
736,868,132,0.132,0.39671275201812384
672,836,164,0.164,0.41973695565760133
742,871,129,0.129,0.3805618122573942
694,847,153,0.153,0.45065828988701107
702,851,149,0.149,0.404019937351346
736,868,132,0.132,0.42568254880979656
764,882,118,0.118,0.3935059134028852
670,835,165,0.165,0.42467521109990775
718,859,141,0.141,0.3808623000178486
746,873,127,0.127,0.38383851693756876
674,837,163,0.163,0.4163770182719454
736,868,132,0.132,0.3960299600381404
740,870,130,0.13,0.4211385130956769
768,884,116,0.116,0.3757145425137132
748,874,126,0.126,0.4080756106711924
668,834,166,0.166,0.4162526739956811
720,860,140,0.14,0.4040137064345181
802,901,99,0.099,0.3786040883976966
698,849,151,0.151,0.40885033236816526
750,875,125,0.125,0.38470982397720216
710,855,145,0.145,0.3884056918118149
804,902,98,0.098,0.37061391462013127
716,858,142,0.142,0.4039255553372204
662,831,169,0.169,0.45237321001663805
790,895,105,0.105,0.3854229809483513
722,861,139,0.139,0.35872571179270746
770,885,115,0.115,0.40137464888580143
720,860,140,0.14,0.4367664116304368
714,857,143,0.143,0.39715696310903875
702,851,149,0.149,0.409515550782904
760,880,120,0.12,0.3648645267765969
768,884,116,0.116,0.41528550059348346
748,874,126,0.126,0.37954272639751435
736,868,132,0.132,0.41575437526311726
756,878,122,0.122,0.38154839478433134
664,832,168,0.168,0.4708823969764635
774,887,113,0.113,0.3669658325109631
754,877,123,0.123,0.3956539687421173
728,864,136,0.136,0.4374883026285097
692,846,154,0.154,0.4191624544579536
732,866,134,0.134,0.40731790363695475
762,881,119,0.119,0.3646975784981623
728,864,136,0.136,0.4129276701193303
736,868,132,0.132,0.3792971780858934
718,859,141,0.141,0.3926615870203823
692,846,154,0.154,0.3854310467466712
734,867,133,0.133,0.377248366959393
816,908,92,0.092,0.36299499280564484
754,877,123,0.123,0.3561585228415206
728,864,136,0.136,0.38647197288647295
730,865,135,0.135,0.365928756557405
782,891,109,0.109,0.3764748372314498
744,872,128,0.128,0.40735151662304997
638,819,181,0.181,0.3912889258209616
840,920,80,0.08,0.3169732274077833
738,869,131,0.131,0.39580663239210845
694,847,153,0.153,0.369758923670277
756,878,122,0.122,0.3667492404002696
666,833,167,0.167,0.408628170799464
680,840,160,0.16,0.42029641165584325
744,872,128,0.128,0.3752909061186947
744,872,128,0.128,0.4063890720847994
746,873,127,0.127,0.38309183276444675
692,846,154,0.154,0.41787051171436906
706,853,147,0.147,0.3953257811740041
668,834,166,0.166,0.4264384873267263
738,869,131,0.131,0.3979483286458999
672,836,164,0.164,0.440801794083789
726,863,137,0.137,0.3948912658840418
726,863,137,0.137,0.39332637266069653
746,873,127,0.127,0.3618244710490108
700,850,150,0.15,0.3781930061168969
820,910,90,0.09,0.34692357685230674
722,861,139,0.139,0.39245809916593133
768,884,116,0.116,0.3600126362964511
748,874,126,0.126,0.38408489842899146
744,872,128,0.128,0.4061028211992234
716,858,142,0.142,0.3704255173634738
748,874,126,0.126,0.3950272308047861
746,873,127,0.127,0.37314120230078696
794,897,103,0.103,0.3630950100272894
756,878,122,0.122,0.38902685629576444
776,888,112,0.112,0.367270562431775
762,881,119,0.119,0.374896554434672
740,870,130,0.13,0.3483911933684722
718,859,141,0.141,0.37045042994245886
816,908,92,0.092,0.34908384328708053
716,858,142,0.142,0.42760266895405946
776,888,112,0.112,0.3710266510024667
694,847,153,0.153,0.38656702239997687
784,892,108,0.108,0.34118308657221497
748,874,126,0.126,0.35161360194906593
736,868,132,0.132,0.34497992615308615
702,851,149,0.149,0.41146899345214477
736,868,132,0.132,0.40396711308695377
760,880,120,0.12,0.3608647838747129
764,882,118,0.118,0.36286402444541455
730,865,135,0.135,0.3935305798705667
700,850,150,0.15,0.3594055244475603
614,807,193,0.193,0.426244234867394
744,872,128,0.128,0.4009713772013783
740,870,130,0.13,0.39633549908921123
730,865,135,0.135,0.34926728809997437
712,856,144,0.144,0.4111776969563216
806,903,97,0.097,0.3532529636314139
714,857,143,0.143,0.36475867572613063
812,906,94,0.094,0.35199735759198664
678,839,161,0.161,0.394879450308159
830,915,85,0.085,0.3316728625679389
760,880,120,0.12,0.3441294823940843
754,877,123,0.123,0.34412664809264243
774,887,113,0.113,0.36675752251967786
726,863,137,0.137,0.36491731099784375
744,872,128,0.128,0.39024790265783665
730,865,135,0.135,0.4150158275999129
752,876,124,0.124,0.33534162198752165
772,886,114,0.114,0.3419946112651378
678,839,161,0.161,0.3947606041673571
718,859,141,0.141,0.35506593531835823
768,884,116,0.116,0.3517270201891661
668,834,166,0.166,0.3828634551940486
736,868,132,0.132,0.349468840313144
734,867,133,0.133,0.36328771559707823
728,864,136,0.136,0.3874444706905633
732,866,134,0.134,0.35537858511973175
736,868,132,0.132,0.39171887883916495
718,859,141,0.141,0.37428297414816913
738,869,131,0.131,0.34994475364871325
748,874,126,0.126,0.348679788175039
700,850,150,0.15,0.3796796857509762
712,856,144,0.144,0.37051922008953986
720,860,140,0.14,0.41594585485383867
752,876,124,0.124,0.3309149553347379
750,875,125,0.125,0.35037025687657297
790,895,105,0.105,0.3265231474665925
754,877,123,0.123,0.3301827646740712
666,833,167,0.167,0.3559881152939051
824,912,88,0.088,0.3106004551155493
728,864,136,0.136,0.3397182680875994
710,855,145,0.145,0.3970164793524891
696,848,152,0.152,0.3862808106970042
712,856,144,0.144,0.33889004194457084
730,865,135,0.135,0.33992866472527383
752,876,124,0.124,0.3666446883790195
792,896,104,0.104,0.31398667276091874
772,886,114,0.114,0.3373327208105475
714,857,143,0.143,0.3243020304441452
704,852,148,0.148,0.37043244183063506
778,889,111,0.111,0.3410180080588907
760,880,120,0.12,0.31757148004695773
730,865,135,0.135,0.3804808188360184
722,861,139,0.139,0.3649846874400973
720,860,140,0.14,0.38722275467496364
736,868,132,0.132,0.3815878265313804
694,847,153,0.153,0.3540396057534963
792,896,104,0.104,0.3541807473069057
712,856,144,0.144,0.3808617132133804
658,829,171,0.171,0.4066838488471694
772,886,114,0.114,0.3673713921615854
656,828,172,0.172,0.3834593127295375
776,888,112,0.112,0.36298415100760756
732,866,134,0.134,0.3506762661235407
722,861,139,0.139,0.35979624760337175
692,846,154,0.154,0.37305328764766454
754,877,123,0.123,0.3841447709482163
784,892,108,0.108,0.32806603108439597
706,853,147,0.147,0.3454650015309453
690,845,155,0.155,0.3783133252393454
732,866,134,0.134,0.35408895819541064
692,846,154,0.154,0.3827122623864561
694,847,153,0.153,0.3615399323189631
726,863,137,0.137,0.37023239496536553
710,855,145,0.145,0.36865991943888365
756,878,122,0.122,0.33479663627780976
676,838,162,0.162,0.4029779747147113
722,861,139,0.139,0.36960700545459985
718,859,141,0.141,0.3868517961166799
788,894,106,0.106,0.32440426129847766
776,888,112,0.112,0.33993228228390215
716,858,142,0.142,0.3614060103558004
742,871,129,0.129,0.3410461867451668
680,840,160,0.16,0.38617367036500944
784,892,108,0.108,0.3270647619962692
730,865,135,0.135,0.33804166032839567
736,868,132,0.132,0.3727993552349508
764,882,118,0.118,0.3509770661313087
694,847,153,0.153,0.40328774627670644
746,873,127,0.127,0.3461059508975595
722,861,139,0.139,0.35461300993710754
674,837,163,0.163,0.3556986706419848
750,875,125,0.125,0.32883652388118206
770,885,115,0.115,0.3366037046974525
754,877,123,0.123,0.353204938470386
786,893,107,0.107,0.3288919153306633
788,894,106,0.106,0.3291726817674935
746,873,127,0.127,0.33741499100718647
742,871,129,0.129,0.37300716887414453
740,870,130,0.13,0.3496307625733316
752,876,124,0.124,0.3138898843806237
770,885,115,0.115,0.34279447368253024
772,886,114,0.114,0.3380218750052154
756,878,122,0.122,0.3429646735070273
756,878,122,0.122,0.3152180053992197
746,873,127,0.127,0.36839114052429794
782,891,109,0.109,0.37025304209627213
698,849,151,0.151,0.3456104221325368
764,882,118,0.118,0.31500943717174235
734,867,133,0.133,0.35001768911909314
736,868,132,0.132,0.31108678022958336
754,877,123,0.123,0.3104826054801233
734,867,133,0.133,0.3217351973510813
752,876,124,0.124,0.3160142206121236
734,867,133,0.133,0.3397791022602469
736,868,132,0.132,0.3496626105043106
768,884,116,0.116,0.30611593318078667
740,870,130,0.13,0.33463564355298875
740,870,130,0.13,0.35223934580385685
756,878,122,0.122,0.33247010557167234
764,882,118,0.118,0.34915552224591373
810,905,95,0.095,0.29392764293216167
754,877,123,0.123,0.32747010273486377
726,863,137,0.137,0.3403121990263462
816,908,92,0.092,0.2810161653268151
756,878,122,0.122,0.3190136084109545
724,862,138,0.138,0.31551003182679416
688,844,156,0.156,0.34275622164970265
716,858,142,0.142,0.33198128630779683
772,886,114,0.114,0.29536674919282085
730,865,135,0.135,0.35094679732155054
746,873,127,0.127,0.3334261723849922
784,892,108,0.108,0.30798092747293415
746,873,127,0.127,0.2976802656635118
766,883,117,0.117,0.35692239640187473
762,881,119,0.119,0.3067806816091761
680,840,160,0.16,0.3357311018006876
738,869,131,0.131,0.3093029196932912
736,868,132,0.132,0.3105518998010084
740,870,130,0.13,0.30769020078424364
774,887,113,0.113,0.2997582855280489
730,865,135,0.135,0.332734230180271
744,872,128,0.128,0.31362844314426186
800,900,100,0.1,0.30034059133473784
760,880,120,0.12,0.3464449305376038
750,875,125,0.125,0.3303929200693965
764,882,118,0.118,0.32473747881129383
750,875,125,0.125,0.3208142098300159
732,866,134,0.134,0.2897523922212422
736,868,132,0.132,0.31789692083653065
724,862,138,0.138,0.34161018528044224
732,866,134,0.134,0.34848776726052166
732,866,134,0.134,0.35267501406837254
754,877,123,0.123,0.3285709608606994
760,880,120,0.12,0.3142092531914823
762,881,119,0.119,0.33448810533061624
744,872,128,0.128,0.33676558027788994
776,888,112,0.112,0.3059749362897128
628,814,186,0.186,0.38462370398640633
702,851,149,0.149,0.3386840681973845
740,870,130,0.13,0.33074189932644366
716,858,142,0.142,0.35680114617198705
762,881,119,0.119,0.30218804169259966
744,872,128,0.128,0.33054635365586726
760,880,120,0.12,0.3316174840964377
728,864,136,0.136,0.3384152527693659
800,900,100,0.1,0.2948812774596736
758,879,121,0.121,0.3219434376079589
726,863,137,0.137,0.31197334814071653
694,847,153,0.153,0.3232413181979209
662,831,169,0.169,0.34881605044193564
732,866,134,0.134,0.34708820535987617
718,859,141,0.141,0.35271865845099093
732,866,134,0.134,0.34496317712217567
714,857,143,0.143,0.32367492086440325
704,852,148,0.148,0.3245299268886447
730,865,135,0.135,0.3288222282603383
672,836,164,0.164,0.35765210650675
742,871,129,0.129,0.2867917553074658
768,884,116,0.116,0.29752894275635483
720,860,140,0.14,0.32764344771951437
724,862,138,0.138,0.2891025105584413
764,882,118,0.118,0.3348578758807853
736,868,132,0.132,0.3249109880141914
742,871,129,0.129,0.3102467795647681
776,888,112,0.112,0.33003026553802195
708,854,146,0.146,0.32049387295171616
750,875,125,0.125,0.3112563037984073
766,883,117,0.117,0.32561960677802565
742,871,129,0.129,0.3250682263271883
758,879,121,0.121,0.30782363743940366
718,859,141,0.141,0.3345385830383748
792,896,104,0.104,0.30475652812607584
776,888,112,0.112,0.27980398159194736
744,872,128,0.128,0.320613704495132
764,882,118,0.118,0.3242126937517896
784,892,108,0.108,0.29160690545849505
788,894,106,0.106,0.30210802383022384
734,867,133,0.133,0.3113174889823422
674,837,163,0.163,0.3306216620055493
762,881,119,0.119,0.32017996107041835
738,869,131,0.131,0.31627040666574613
746,873,127,0.127,0.30348921807669105
752,876,124,0.124,0.2924339562943205
718,859,141,0.141,0.3376571575612761
730,865,135,0.135,0.2907311141313985
824,912,88,0.088,0.25002982587367295
712,856,144,0.144,0.3087642260156572
808,904,96,0.096,0.314081082355231
764,882,118,0.118,0.26343307581543923
830,915,85,0.085,0.2793563244771212
810,905,95,0.095,0.3006955131129362
764,882,118,0.118,0.2691929917121306
802,901,99,0.099,0.30815592417120935
776,888,112,0.112,0.31845438531879333
796,898,102,0.102,0.27582602024637165
746,873,127,0.127,0.31669994548987596
746,873,127,0.127,0.34194876117259265
732,866,134,0.134,0.32120206830371173
746,873,127,0.127,0.2998711623493582
686,843,157,0.157,0.32071791955875234
742,871,129,0.129,0.30491735599562525
746,873,127,0.127,0.32865840845182537
750,875,125,0.125,0.29179296242073177
738,869,131,0.131,0.2835811919067055
806,903,97,0.097,0.2554271402694285
756,878,122,0.122,0.2875420785257593
736,868,132,0.132,0.2852279863841832
766,883,117,0.117,0.28224500947166237
812,906,94,0.094,0.2598058144710958
760,880,120,0.12,0.24348104968573897
738,869,131,0.131,0.32249425546312704
762,881,119,0.119,0.2995159315327182
702,851,149,0.149,0.3072362375371158
784,892,108,0.108,0.32084866870800033
712,856,144,0.144,0.3038187859049067
726,863,137,0.137,0.3222293094638735
758,879,121,0.121,0.27204143592342733
758,879,121,0.121,0.2658378024632111
760,880,120,0.12,0.29466699474304914
776,888,112,0.112,0.29985492117889223
752,876,124,0.124,0.27623995575960725
796,898,102,0.102,0.289935219489038
784,892,108,0.108,0.29955578822549433
770,885,115,0.115,0.2913919412838295
730,865,135,0.135,0.29321639554621654
772,886,114,0.114,0.3154392332881689
758,879,121,0.121,0.28031686940928924
768,884,116,0.116,0.28264901094324885
660,830,170,0.17,0.3333170045819134
702,851,149,0.149,0.2902224576175213
716,858,142,0.142,0.2982488291878253
756,878,122,0.122,0.2718503787399386
720,860,140,0.14,0.3296768078978639
754,877,123,0.123,0.28260614439845083
726,863,137,0.137,0.30301074039377274
692,846,154,0.154,0.31511034460552034
688,844,156,0.156,0.3112738340252545
616,808,192,0.192,0.34240746856946497
704,852,148,0.148,0.3054740836173296
702,851,149,0.149,0.2855050132926554
770,885,115,0.115,0.2774737370244693
722,861,139,0.139,0.28650566238258035
746,873,127,0.127,0.28777490616729484
748,874,126,0.126,0.28090187160950153
780,890,110,0.11,0.2878184864800423
742,871,129,0.129,0.30097571794874967
744,872,128,0.128,0.29033377923909576
716,858,142,0.142,0.3119593539591879
778,889,111,0.111,0.25897551934979857
756,878,122,0.122,0.2797797751952894
628,814,186,0.186,0.3830951843129005
710,855,145,0.145,0.28865765807870775
700,850,150,0.15,0.2923568752463907
678,839,161,0.161,0.3292947780070826
780,890,110,0.11,0.2619909610701725
708,854,146,0.146,0.30836114999093117
772,886,114,0.114,0.28818173114303497
762,881,119,0.119,0.29048104789108037
730,865,135,0.135,0.31209577434137464
700,850,150,0.15,0.2830670087831095
726,863,137,0.137,0.3124302941407077
716,858,142,0.142,0.2784136320799589
746,873,127,0.127,0.3222357332333922
756,878,122,0.122,0.26666011575609444
710,855,145,0.145,0.278550901761977
692,846,154,0.154,0.3013380620619282
770,885,115,0.115,0.29960125472419896
764,882,118,0.118,0.2763061142580118
768,884,116,0.116,0.30066723575082144
750,875,125,0.125,0.2620169304907322
744,872,128,0.128,0.33051354754157364
756,878,122,0.122,0.26899593892507256
772,886,114,0.114,0.2907277878276072
734,867,133,0.133,0.3115063129682094
748,874,126,0.126,0.2925556319504976
770,885,115,0.115,0.27380424458812924
758,879,121,0.121,0.3056096187662333
752,876,124,0.124,0.30522735067363826
734,867,133,0.133,0.324099638630636
754,877,123,0.123,0.27827032610494645
704,852,148,0.148,0.3495222180504352
686,843,157,0.157,0.31252666856127326
742,871,129,0.129,0.28213852837868036
736,868,132,0.132,0.3265873582796194
730,865,135,0.135,0.3033099626991898
752,876,124,0.124,0.3170586129813455
760,880,120,0.12,0.28051223025936634
776,888,112,0.112,0.2882926795813255
752,876,124,0.124,0.23708645528426858
704,852,148,0.148,0.29435773351974787
708,854,146,0.146,0.26556486276350916
714,857,143,0.143,0.30641894108755513
740,870,130,0.13,0.31121162382885814
798,899,101,0.101,0.2713998229566496
682,841,159,0.159,0.34225024821888655
712,856,144,0.144,0.2975704742260277
706,853,147,0.147,0.2988097265521064
690,845,155,0.155,0.3023958455659449
818,909,91,0.091,0.261198083801195
742,871,129,0.129,0.27842627332918346
734,867,133,0.133,0.3105362030733377
734,867,133,0.133,0.28793973731528966
720,860,140,0.14,0.27815610013343395
746,873,127,0.127,0.28328452533390375
714,857,143,0.143,0.2820845513581298
800,900,100,0.1,0.2619032468176447
770,885,115,0.115,0.27141850705258547
748,874,126,0.126,0.2801251181839034
738,869,131,0.131,0.2902612677998841
766,883,117,0.117,0.2672093620039523
786,893,107,0.107,0.24390269149607047
760,880,120,0.12,0.2794176430236548
744,872,128,0.128,0.2888509238343686
756,878,122,0.122,0.28356572408601644
738,869,131,0.131,0.3020801310688257
784,892,108,0.108,0.2756542302761227
760,880,120,0.12,0.27664107296732254
770,885,115,0.115,0.28217272214218975
726,863,137,0.137,0.2807375858016312
734,867,133,0.133,0.2816463416088372
758,879,121,0.121,0.28432091218000277
742,871,129,0.129,0.2956952225370333
788,894,106,0.106,0.24849430882092566
736,868,132,0.132,0.27609774357406425
684,842,158,0.158,0.3177309484472498
728,864,136,0.136,0.2704321838300675
818,909,91,0.091,0.208806379112415
738,869,131,0.131,0.27960223065596074
756,878,122,0.122,0.2893503003753722
724,862,138,0.138,0.26113265979662537
674,837,163,0.163,0.279933452507481
704,852,148,0.148,0.28407720851013435
746,873,127,0.127,0.24888569991150872
772,886,114,0.114,0.29463503301981836
726,863,137,0.137,0.29236853723973033
770,885,115,0.115,0.2871141786375083
746,873,127,0.127,0.26224968742439525
744,872,128,0.128,0.27397194656636564
756,878,122,0.122,0.28300556299649177
762,881,119,0.119,0.2692160920333117
778,889,111,0.111,0.23597059466643258
768,884,116,0.116,0.2965792958398815
750,875,125,0.125,0.28723383755236864
746,873,127,0.127,0.24180186543706805
736,868,132,0.132,0.2553605194911361
698,849,151,0.151,0.2826322471583262
764,882,118,0.118,0.2684352410379797
756,878,122,0.122,0.2993237131414935
738,869,131,0.131,0.2654525774642825
762,881,119,0.119,0.26272287414921447
746,873,127,0.127,0.27082844341546297
706,853,147,0.147,0.27302088065678254
724,862,138,0.138,0.2909331599306315
764,882,118,0.118,0.2547927951863967
726,863,137,0.137,0.2651502974294126
730,865,135,0.135,0.27373935998789967
752,876,124,0.124,0.2598085370566696
760,880,120,0.12,0.2736614639572799
766,883,117,0.117,0.2633207656494342
748,874,126,0.126,0.24934295273199678
720,860,140,0.14,0.2973224671054632
750,875,125,0.125,0.25393716943729666
734,867,133,0.133,0.2692463349951431
756,878,122,0.122,0.2405816542711109
714,857,143,0.143,0.29740760214300827
754,877,123,0.123,0.2389630911005661
688,844,156,0.156,0.28795205645472743
762,881,119,0.119,0.27125227272696795
716,858,142,0.142,0.24678641471732407
752,876,124,0.124,0.24341316854394973
788,894,106,0.106,0.24062541290186346
780,890,110,0.11,0.2713628848183434
726,863,137,0.137,0.2608036201442592
774,887,113,0.113,0.23904642792232333
734,867,133,0.133,0.21783883602311835
700,850,150,0.15,0.28308733882103115
810,905,95,0.095,0.23490045804064721
742,871,129,0.129,0.2806936434940435
756,878,122,0.122,0.24699846703466027
690,845,155,0.155,0.27953712695464494
698,849,151,0.151,0.298976096991566
768,884,116,0.116,0.26053576442599297
724,862,138,0.138,0.26972766127437353
756,878,122,0.122,0.25193930677114984
732,866,134,0.134,0.2683175399606116
724,862,138,0.138,0.30398790127970277
778,889,111,0.111,0.26598150726989844
732,866,134,0.134,0.2566433836678043
730,865,135,0.135,0.28904011089727283
676,838,162,0.162,0.2764568295739591
702,851,149,0.149,0.31746483176853507
686,843,157,0.157,0.28234734089626
630,815,185,0.185,0.30866046001715586
764,882,118,0.118,0.26646041035000234
748,874,126,0.126,0.28815369463898244
736,868,132,0.132,0.25464366763224827
746,873,127,0.127,0.2710565565493889
782,891,109,0.109,0.26676651925593614
698,849,151,0.151,0.27236901182867584
684,842,158,0.158,0.2680678453529254
774,887,113,0.113,0.25587025077082215
740,870,130,0.13,0.26959892730927093
756,878,122,0.122,0.27906292941886934
698,849,151,0.151,0.2750204465854913
782,891,109,0.109,0.27072816802747546
726,863,137,0.137,0.27980278715863827
736,868,132,0.132,0.24497864331724123
776,888,112,0.112,0.26879617673391476
782,891,109,0.109,0.2639499096367508
728,864,136,0.136,0.2869078981336206
728,864,136,0.136,0.2669864088408649
742,871,129,0.129,0.28970855519222094
738,869,131,0.131,0.268920006332919
722,861,139,0.139,0.2780779480128549
748,874,126,0.126,0.2793743151742965
798,899,101,0.101,0.24958657281659544
746,873,127,0.127,0.2774528820809792
738,869,131,0.131,0.26254007685836406
730,865,135,0.135,0.2550174287240952
760,880,120,0.12,0.2686883007651195
732,866,134,0.134,0.26217375570442525
760,880,120,0.12,0.2583080325247138
774,887,113,0.113,0.251833412210457
812,906,94,0.094,0.24438232483388855
728,864,136,0.136,0.2744335474269465
658,829,171,0.171,0.2998800629116595
696,848,152,0.152,0.2844822552781552
782,891,109,0.109,0.23924148419918492
726,863,137,0.137,0.2512308530472219
766,883,117,0.117,0.25209209297469354
806,903,97,0.097,0.2471443142760545
782,891,109,0.109,0.2450065789432265
802,901,99,0.099,0.26130374445160853
738,869,131,0.131,0.27451727009401655
750,875,125,0.125,0.2505711949903052
780,890,110,0.11,0.22997791747003793
670,835,165,0.165,0.3041712126132334
744,872,128,0.128,0.2619764194507152
714,857,143,0.143,0.284262418018654
704,852,148,0.148,0.2648492478346452
700,850,150,0.15,0.30665621531568465
776,888,112,0.112,0.23641682167537512
734,867,133,0.133,0.289563371963799
774,887,113,0.113,0.2680180289731361
732,866,134,0.134,0.2582238415456377
714,857,143,0.143,0.2534344954006374
710,855,145,0.145,0.3198575655156746
738,869,131,0.131,0.25343537753168494
774,887,113,0.113,0.2654799599363469
694,847,153,0.153,0.2600935515870806
778,889,111,0.111,0.24283614098280668
798,899,101,0.101,0.20089546818984672
684,842,158,0.158,0.27508632867783306
806,903,97,0.097,0.26602714983467013
786,893,107,0.107,0.2210014716349542
802,901,99,0.099,0.21803534207935446
724,862,138,0.138,0.28684291822696106
780,890,110,0.11,0.23017270913906396
796,898,102,0.102,0.24990946190059185
700,850,150,0.15,0.27768713226821273
764,882,118,0.118,0.2773284316947684
700,850,150,0.15,0.2684450125163421
732,866,134,0.134,0.25537345244386234
746,873,127,0.127,0.2551818232573569
794,897,103,0.103,0.22791433011228218
772,886,114,0.114,0.26444145072810354
752,876,124,0.124,0.27089742945414036
722,861,139,0.139,0.2661938879787922
734,867,133,0.133,0.28771382925566286
768,884,116,0.116,0.24688902118895203
714,857,143,0.143,0.2597067888183519
760,880,120,0.12,0.24057152533950285
746,873,127,0.127,0.2618973358471412
726,863,137,0.137,0.26936805760767313
712,856,144,0.144,0.268555460954085
770,885,115,0.115,0.2669181864112616
714,857,143,0.143,0.26792110700439664
748,874,126,0.126,0.29030605070106685
676,838,162,0.162,0.2849317178726196
744,872,128,0.128,0.25981033539772036
718,859,141,0.141,0.2944383987225592
752,876,124,0.124,0.24273973094159737
696,848,152,0.152,0.2807503074412234
756,878,122,0.122,0.24597364146541803
784,892,108,0.108,0.2500339673832059
726,863,137,0.137,0.24712865584064275
758,879,121,0.121,0.2203219196870923
762,881,119,0.119,0.24805670892447232
742,871,129,0.129,0.24576776931900532
812,906,94,0.094,0.2297560159820132
742,871,129,0.129,0.25566553800576364
744,872,128,0.128,0.27753257179260254
778,889,111,0.111,0.2512051658709534
680,840,160,0.16,0.2711885359939188
782,891,109,0.109,0.21820903960149735
752,876,124,0.124,0.23730634986795485
790,895,105,0.105,0.21645618347171694
714,857,143,0.143,0.29949933335883544
738,869,131,0.131,0.22733627240452917
736,868,132,0.132,0.25881996094528587
720,860,140,0.14,0.2819082424743101
736,868,132,0.132,0.24726029797270893
724,862,138,0.138,0.23148188589094207
776,888,112,0.112,0.25601338538341223
698,849,151,0.151,0.2859686065982096
800,900,100,0.1,0.22898089228197932
718,859,141,0.141,0.2542368679572828
766,883,117,0.117,0.24573204909078777
762,881,119,0.119,0.2655315706585534
734,867,133,0.133,0.2769586741225794
738,869,131,0.131,0.2490129239279777
706,853,147,0.147,0.2632813198002987
780,890,110,0.11,0.2042214061236009
790,895,105,0.105,0.21888258855510503
766,883,117,0.117,0.2440441541308537
740,870,130,0.13,0.2577048475397751
748,874,126,0.126,0.23819529579672963
686,843,157,0.157,0.24128839907818475
768,884,116,0.116,0.2373049949600827
752,876,124,0.124,0.2295299864569679
782,891,109,0.109,0.2513254176070914
798,899,101,0.101,0.22893176808254792
738,869,131,0.131,0.2629560491796583
818,909,91,0.091,0.19201226918911563
764,882,118,0.118,0.2254653737610206
728,864,136,0.136,0.2552004458811134
744,872,128,0.128,0.23666571918688714
792,896,104,0.104,0.25881729007465765
728,864,136,0.136,0.23092855025921016
774,887,113,0.113,0.24126981320325286
756,878,122,0.122,0.24345209921267816
756,878,122,0.122,0.23969285217765718
760,880,120,0.12,0.2603098664721474
796,898,102,0.102,0.211915900205262
748,874,126,0.126,0.2678936290685087
752,876,124,0.124,0.24813325697183608
784,892,108,0.108,0.23555638542585075
732,866,134,0.134,0.26362922008591705
714,857,143,0.143,0.237461726764217
720,860,140,0.14,0.25154206847457683
746,873,127,0.127,0.22638328304607422
750,875,125,0.125,0.22652569624525495
726,863,137,0.137,0.20795647325972094
760,880,120,0.12,0.2497972784952726
778,889,111,0.111,0.22136646413058042
772,886,114,0.114,0.23002319547021763
834,917,83,0.083,0.20791652453551068
770,885,115,0.115,0.23623180524166673
786,893,107,0.107,0.23826433882908896
728,864,136,0.136,0.25897525769565255
722,861,139,0.139,0.23844248028006404
760,880,120,0.12,0.20837658541137352
758,879,121,0.121,0.24752656380739063
772,886,114,0.114,0.21797451660223305
774,887,113,0.113,0.24304781966097652
756,878,122,0.122,0.24200629754690453
788,894,106,0.106,0.22373770456342026
752,876,124,0.124,0.2674519240921363
754,877,123,0.123,0.2621154620023444
774,887,113,0.113,0.22543604214675725
734,867,133,0.133,0.2509056975711137
740,870,130,0.13,0.24486967072449625
700,850,150,0.15,0.2659875951298745
724,862,138,0.138,0.2664019815744832
774,887,113,0.113,0.23011389845330268
754,877,123,0.123,0.23772017342876642
722,861,139,0.139,0.23999411174096166
724,862,138,0.138,0.255511724117212
714,857,143,0.143,0.22066906536277384
734,867,133,0.133,0.24363092436175793
682,841,159,0.159,0.2599952629972249
764,882,118,0.118,0.23456381071172655
738,869,131,0.131,0.23467228677356616
806,903,97,0.097,0.211736419018358
714,857,143,0.143,0.262047091065906
724,862,138,0.138,0.25502167077793275
748,874,126,0.126,0.2574303500773385
802,901,99,0.099,0.25414331889897585
784,892,108,0.108,0.25090777895879
772,886,114,0.114,0.24217731782142074
810,905,95,0.095,0.21422712009446696
756,878,122,0.122,0.2422290243881289
786,893,107,0.107,0.23104258251705323
732,866,134,0.134,0.22866562275053
770,885,115,0.115,0.21371607527555897
750,875,125,0.125,0.2285154619878158
758,879,121,0.121,0.23708626231690869
812,906,94,0.094,0.20068512886017562
730,865,135,0.135,0.27288327827583997
838,919,81,0.081,0.20657129888236522
726,863,137,0.137,0.23281034977175297
808,904,96,0.096,0.2031163957742974
758,879,121,0.121,0.22464527381770313
724,862,138,0.138,0.25718261616514065
736,868,132,0.132,0.24670464571053163
758,879,121,0.121,0.23930271831341088
720,860,140,0.14,0.23783974232617766
746,873,127,0.127,0.21884860508609563
756,878,122,0.122,0.2594650619952008
680,840,160,0.16,0.2848342419778928
688,844,156,0.156,0.30268677157134516
692,846,154,0.154,0.2596379378521815
746,873,127,0.127,0.23471760767046362
680,840,160,0.16,0.2552121881470084
762,881,119,0.119,0.2212481966576015
766,883,117,0.117,0.22713597253337503
714,857,143,0.143,0.2656811452563852
736,868,132,0.132,0.25573203646112236
682,841,159,0.159,0.2616925120446831
780,890,110,0.11,0.20450812169956042
728,864,136,0.136,0.21605161449173466
756,878,122,0.122,0.2417761510675773
756,878,122,0.122,0.20423072812892495
772,886,114,0.114,0.23914657460921443
792,896,104,0.104,0.21730258024588692
680,840,160,0.16,0.26485049752239137
800,900,100,0.1,0.22284466375247575
754,877,123,0.123,0.20887452992156613
670,835,165,0.165,0.2573237461403478
688,844,156,0.156,0.2559675812679343
788,894,106,0.106,0.23154860493168236
804,902,98,0.098,0.22081999157555401
778,889,111,0.111,0.27619061566889286
758,879,121,0.121,0.22938413827400655
690,845,155,0.155,0.23602708351798354
816,908,92,0.092,0.1931177517385222
742,871,129,0.129,0.20488301740400494
742,871,129,0.129,0.21850925428932533
728,864,136,0.136,0.23275568829663099
710,855,145,0.145,0.25689725370611993
732,866,134,0.134,0.2271141831742134
762,881,119,0.119,0.19647993689635768
726,863,137,0.137,0.2249224681938067
740,870,130,0.13,0.19446587807685137
734,867,133,0.133,0.2222272158265114
798,899,101,0.101,0.21504288591910153
782,891,109,0.109,0.2100650501330383
776,888,112,0.112,0.24201197956688703
798,899,101,0.101,0.2268804079343099
748,874,126,0.126,0.2211856235191226
762,881,119,0.119,0.21786743979575113
732,866,134,0.134,0.22667496859445235
708,854,146,0.146,0.2668970106728375
738,869,131,0.131,0.23575252624740825
754,877,123,0.123,0.2496469568675675
772,886,114,0.114,0.20429453187528998
784,892,108,0.108,0.21412655009888112
770,885,115,0.115,0.2525058486247435
728,864,136,0.136,0.23264768699463456
734,867,133,0.133,0.21884937727916987
752,876,124,0.124,0.27087087887176314
778,889,111,0.111,0.21394728432269766
710,855,145,0.145,0.286287517352961
750,875,125,0.125,0.2087433833773248
748,874,126,0.126,0.24364005481265485
742,871,129,0.129,0.23149978781258687
736,868,132,0.132,0.22191920890519395
730,865,135,0.135,0.23657147898571565
736,868,132,0.132,0.22855516317707952
748,874,126,0.126,0.23431450749002397
766,883,117,0.117,0.2213380545992404
704,852,148,0.148,0.26563117680686993
730,865,135,0.135,0.22935381047427655
746,873,127,0.127,0.2203833234156482
752,876,124,0.124,0.2139681135979481
762,881,119,0.119,0.23952187688276172
718,859,141,0.141,0.2527349360091612
792,896,104,0.104,0.213069548958214
782,891,109,0.109,0.2288556881863624
794,897,103,0.103,0.24394709418434649
790,895,105,0.105,0.21412343184417112
712,856,144,0.144,0.23400627447571606
714,857,143,0.143,0.2429410802833736
770,885,115,0.115,0.2381448698027525
740,870,130,0.13,0.21446004721708595
762,881,119,0.119,0.2367559166327119
754,877,123,0.123,0.21779739728709682
714,857,143,0.143,0.21635023803636433
716,858,142,0.142,0.21160969737987034
758,879,121,0.121,0.22961765580205246
786,893,107,0.107,0.20335003228345885
750,875,125,0.125,0.20654694273881613
742,871,129,0.129,0.2347371283750981
846,923,77,0.077,0.17791503333486616
788,894,106,0.106,0.20798147510085255
656,828,172,0.172,0.23355500346049665
760,880,120,0.12,0.20690768501814455
788,894,106,0.106,0.18345137583557516
778,889,111,0.111,0.19026213282148818
726,863,137,0.137,0.21733578641340137
700,850,150,0.15,0.25494622825767144
758,879,121,0.121,0.21978439704189076
782,891,109,0.109,0.2117100121313706
680,840,160,0.16,0.2499224347434938
736,868,132,0.132,0.19867549117794261
738,869,131,0.131,0.26177849898673594
788,894,106,0.106,0.19995777970645576
786,893,107,0.107,0.20354563204851
768,884,116,0.116,0.20653032650426031
788,894,106,0.106,0.20695519442576915
794,897,103,0.103,0.21937113386997953
712,856,144,0.144,0.2439717222964391
770,885,115,0.115,0.23335893400013447
762,881,119,0.119,0.20916474529914558
766,883,117,0.117,0.2068280928125605
780,890,110,0.11,0.1838566900724545
738,869,131,0.131,0.22320418608840556
720,860,140,0.14,0.22649415868055076
688,844,156,0.156,0.24301698110625147
724,862,138,0.138,0.2204745721030049
760,880,120,0.12,0.2064850872065872
724,862,138,0.138,0.23325673605687916
728,864,136,0.136,0.22728026676923035
764,882,118,0.118,0.21865749883558602
824,912,88,0.088,0.170421525829006
800,900,100,0.1,0.1947149558326928
712,856,144,0.144,0.2448144197333604
748,874,126,0.126,0.19669131212029606
708,854,146,0.146,0.23082961770053953
740,870,130,0.13,0.20330105839017779
736,868,132,0.132,0.2045832829317078
730,865,135,0.135,0.22714192219730467
784,892,108,0.108,0.1892505298703909
738,869,131,0.131,0.2138797188177705
778,889,111,0.111,0.19974659600155428
716,858,142,0.142,0.23124926714506
764,882,118,0.118,0.21862288194987922
812,906,94,0.094,0.22533726202091203
716,858,142,0.142,0.22426391966361553
786,893,107,0.107,0.20770230694208294
802,901,99,0.099,0.21169463088735938
724,862,138,0.138,0.23193436489161104
738,869,131,0.131,0.2373539034135174
736,868,132,0.132,0.23475600381102413
742,871,129,0.129,0.19325837825331837
800,900,100,0.1,0.18506822118209676
708,854,146,0.146,0.22771266623679548
672,836,164,0.164,0.24504828761401587
722,861,139,0.139,0.21701154046924784
712,856,144,0.144,0.24047151741338893
716,858,142,0.142,0.2456702758492902
764,882,118,0.118,0.2328595414017327
762,881,119,0.119,0.2260887739174068
784,892,108,0.108,0.2114622606476769
718,859,141,0.141,0.24332520300988109
798,899,101,0.101,0.2219407232515514
710,855,145,0.145,0.23048489238275216
716,858,142,0.142,0.22111588290147483
728,864,136,0.136,0.22885532842902467
760,880,120,0.12,0.2185926316329278
696,848,152,0.152,0.2231802884656936
764,882,118,0.118,0.1897782832426019
796,898,102,0.102,0.19613655286235734
814,907,93,0.093,0.16621616098517553
748,874,126,0.126,0.2095913873182144
766,883,117,0.117,0.19896815526485442
756,878,122,0.122,0.2012477138172835
822,911,89,0.089,0.19132961483875988
754,877,123,0.123,0.22442757654329762
774,887,113,0.113,0.19626702656736597
812,906,94,0.094,0.19391096462891438
754,877,123,0.123,0.20630349649349228
706,853,147,0.147,0.21744142815563827
744,872,128,0.128,0.23749065499985592
676,838,162,0.162,0.21572730670438614
754,877,123,0.123,0.2079142911217641
784,892,108,0.108,0.20212998241907917
770,885,115,0.115,0.17872115274355746
772,886,114,0.114,0.22051267408393324
710,855,145,0.145,0.22485996907716618
760,880,120,0.12,0.22416098978184162
838,919,81,0.081,0.1953210880474653
776,888,112,0.112,0.18607517638523133
788,894,106,0.106,0.22869865361147096
738,869,131,0.131,0.21345492672815453
736,868,132,0.132,0.20481083073094486
790,895,105,0.105,0.17854327857680619
798,899,101,0.101,0.17013026814674959
780,890,110,0.11,0.166314827487804
720,860,140,0.14,0.22426814277330415
704,852,148,0.148,0.22506061462010257
778,889,111,0.111,0.2148052455391735
786,893,107,0.107,0.1981204723860137
720,860,140,0.14,0.19464691864931957
698,849,151,0.151,0.2542700581252575
752,876,124,0.124,0.18758681288000661
754,877,123,0.123,0.20743419684749095
760,880,120,0.12,0.2098979153567925
732,866,134,0.134,0.2235802183569176
778,889,111,0.111,0.19349915733607487
784,892,108,0.108,0.17554543454665691
668,834,166,0.166,0.2311489110244438
766,883,117,0.117,0.20606278738658876
724,862,138,0.138,0.2277777002910152
740,870,130,0.13,0.2165033434778452
740,870,130,0.13,0.2200574351400137
750,875,125,0.125,0.19934203159692698
774,887,113,0.113,0.20334064096107612
742,871,129,0.129,0.17809373479243368
730,865,135,0.135,0.23295650492655112
692,846,154,0.154,0.2627511754059233
712,856,144,0.144,0.20319626368186436
750,875,125,0.125,0.1851863950912375
790,895,105,0.105,0.20282164648547768
772,886,114,0.114,0.19546474985964596
722,861,139,0.139,0.2122530394233763
776,888,112,0.112,0.1994410089580342
750,875,125,0.125,0.18375076527055353
760,880,120,0.12,0.19615209597349167
784,892,108,0.108,0.18270473078230862
750,875,125,0.125,0.21274701715935954
798,899,101,0.101,0.17125398311484605
748,874,126,0.126,0.19823198710998985
776,888,112,0.112,0.19163911068532616
792,896,104,0.104,0.17968551896396093
692,846,154,0.154,0.23983463027561083
742,871,129,0.129,0.19720334090758115
714,857,143,0.143,0.19925149207469076
768,884,116,0.116,0.18723528864060063
718,859,141,0.141,0.22498290353501216
744,872,128,0.128,0.20204543152078985
750,875,125,0.125,0.21577278382144868
686,843,157,0.157,0.23632144215115114
772,886,114,0.114,0.1835492519051768
702,851,149,0.149,0.20071760472038294
710,855,145,0.145,0.17943980830721556
746,873,127,0.127,0.1839054046375677
780,890,110,0.11,0.18744078400544822
752,876,124,0.124,0.21558848873060196
770,885,115,0.115,0.18742061329632997
736,868,132,0.132,0.169912965525873
844,922,78,0.078,0.15900045379064978
732,866,134,0.134,0.22864741322165355
750,875,125,0.125,0.1867817617012188
794,897,103,0.103,0.2116038026101887
774,887,113,0.113,0.1798732893015258
708,854,146,0.146,0.19452345642168076
754,877,123,0.123,0.2003188724915708
734,867,133,0.133,0.23340323693188839
748,874,126,0.126,0.2004557462814264
756,878,122,0.122,0.19233043659245597
794,897,103,0.103,0.1724247991289012
812,906,94,0.094,0.16653891746513547
798,899,101,0.101,0.1905750102531165
782,891,109,0.109,0.19209860983211546
760,880,120,0.12,0.2026159068485722
726,863,137,0.137,0.1766781096085906
692,846,154,0.154,0.21409834719868376
754,877,123,0.123,0.17969189932197333
756,878,122,0.122,0.18899771201144905
782,891,109,0.109,0.18927496883599088
710,855,145,0.145,0.19837503586849198
792,896,104,0.104,0.18493149049347266
708,854,146,0.146,0.20252042735973372
666,833,167,0.167,0.2089682921001222
718,859,141,0.141,0.20588293052837253
646,823,177,0.177,0.22431826384924353
720,860,140,0.14,0.2219734160718508
734,867,133,0.133,0.20203003731975333
772,886,114,0.114,0.18399778671050443
782,891,109,0.109,0.18803407475072892
788,894,106,0.106,0.21014394463039934
784,892,108,0.108,0.16938427419494836
746,873,127,0.127,0.18573250558041035
768,884,116,0.116,0.18936336480034516
744,872,128,0.128,0.18696930866787442
732,866,134,0.134,0.21797156924149022
718,859,141,0.141,0.1766120338672772
770,885,115,0.115,0.19228455220069737
794,897,103,0.103,0.18129307099897415
760,880,120,0.12,0.1729224658787716
710,855,145,0.145,0.20031079777004196
782,891,109,0.109,0.1761646062778309
776,888,112,0.112,0.2097212311994517
740,870,130,0.13,0.19664430437330158
798,899,101,0.101,0.21534592402586714
816,908,92,0.092,0.17621688941237518
730,865,135,0.135,0.18945939563200226
778,889,111,0.111,0.1624605912817642
802,901,99,0.099,0.1916397037578281
774,887,113,0.113,0.1814756793100387
764,882,118,0.118,0.20667735439678653
720,860,140,0.14,0.18586223484529182
730,865,135,0.135,0.19335495226457716
758,879,121,0.121,0.18999865106493236
796,898,102,0.102,0.17105658590316306
776,888,112,0.112,0.1787469777916558
782,891,109,0.109,0.18129904763679952
750,875,125,0.125,0.1731952357054688
782,891,109,0.109,0.18459083971765358
648,824,176,0.176,0.2267958783521317
764,882,118,0.118,0.1768409422384575
744,872,128,0.128,0.20154244646267033
700,850,150,0.15,0.19518542361585423
802,901,99,0.099,0.16694839553860946
756,878,122,0.122,0.1729284277689876
738,869,131,0.131,0.2087802394409664
742,871,129,0.129,0.1996807608846575
750,875,125,0.125,0.17435669050063007
788,894,106,0.106,0.17486573012871667
798,899,101,0.101,0.164608738057781
792,896,104,0.104,0.16582297742040827
762,881,119,0.119,0.1792892694515176
724,862,138,0.138,0.21983537874231115
746,873,127,0.127,0.21068013916769995
780,890,110,0.11,0.19695797260059045
764,882,118,0.118,0.1760487419241108
790,895,105,0.105,0.18656537405541165
732,866,134,0.134,0.18123864670674084
784,892,108,0.108,0.18929216098994947
756,878,122,0.122,0.18868656665924938
756,878,122,0.122,0.18756766744470224
786,893,107,0.107,0.1580793560934253
742,871,129,0.129,0.18662385421199723
812,906,94,0.094,0.20516951810149475
776,888,112,0.112,0.16700669197179377
754,877,123,0.123,0.19466184965707362
822,911,89,0.089,0.1659774451716803
724,862,138,0.138,0.17580628989357502
724,862,138,0.138,0.20472627258067952
796,898,102,0.102,0.15812535719340667
752,876,124,0.124,0.18321594400051983
828,914,86,0.086,0.1616419362751767
776,888,112,0.112,0.16150804209557829
776,888,112,0.112,0.1759001655522734
756,878,122,0.122,0.18845601592492311
730,865,135,0.135,0.17836929288040845
780,890,110,0.11,0.19000179388420657
762,881,119,0.119,0.1839984871877823
756,878,122,0.122,0.17263453999068587
764,882,118,0.118,0.15897699426487089
690,845,155,0.155,0.18879187812143935
736,868,132,0.132,0.18334268256137148
752,876,124,0.124,0.20429469479131512
794,897,103,0.103,0.1874937281194143
766,883,117,0.117,0.19170344075700269
742,871,129,0.129,0.18381203855806963
744,872,128,0.128,0.21087190651800483
786,893,107,0.107,0.1834997598035261
792,896,104,0.104,0.1689760308926925
734,867,133,0.133,0.20498305145557968
774,887,113,0.113,0.16820222970913165
698,849,151,0.151,0.19541935701388866
752,876,124,0.124,0.16404231511859688
790,895,105,0.105,0.15747395594825503
718,859,141,0.141,0.21487582560861485
756,878,122,0.122,0.16892725365795194
720,860,140,0.14,0.2108388448881451
728,864,136,0.136,0.1850809312276542
728,864,136,0.136,0.18814519614353775
842,921,79,0.079,0.15243935405882075
812,906,94,0.094,0.15275374280812684
722,861,139,0.139,0.19330001502437516
728,864,136,0.136,0.19214071190729737
818,909,91,0.091,0.15914365720236673
714,857,143,0.143,0.20378103357143118
796,898,102,0.102,0.16664610324287787
690,845,155,0.155,0.1992055624332279
734,867,133,0.133,0.21162777271238156
752,876,124,0.124,0.19297725231177174
758,879,121,0.121,0.19776907050982118
682,841,159,0.159,0.17793452493879885
790,895,105,0.105,0.16131291599478573
726,863,137,0.137,0.1753437976054847
760,880,120,0.12,0.20144072823319584
698,849,151,0.151,0.2149550847602077
728,864,136,0.136,0.19691576535452623
792,896,104,0.104,0.18708181767351925
736,868,132,0.132,0.17906349696731194
720,860,140,0.14,0.18719027489051224
740,870,130,0.13,0.18184199907700532
806,903,97,0.097,0.15673863710562
810,905,95,0.095,0.17440885801633704
760,880,120,0.12,0.19519335087458603
782,891,109,0.109,0.16607748984498902
796,898,102,0.102,0.1607489345096983
732,866,134,0.134,0.17553469555615447
790,895,105,0.105,0.15476831047423184
712,856,144,0.144,0.2149720628921641
700,850,150,0.15,0.178233237513341
732,866,134,0.134,0.19284775907336735
800,900,100,0.1,0.17679065532563254
786,893,107,0.107,0.18072383742814419
780,890,110,0.11,0.1954169108334463
732,866,134,0.134,0.16300936817517503
804,902,98,0.098,0.19077697852347048
760,880,120,0.12,0.16831069431686774
746,873,127,0.127,0.17501837129890918
738,869,131,0.131,0.20229901683935897
724,862,138,0.138,0.1813848728965968
718,859,141,0.141,0.18592160802468424
788,894,106,0.106,0.18148374111484736
800,900,100,0.1,0.15959877272276207
806,903,97,0.097,0.1768075689645484
774,887,113,0.113,0.18277545822272076
680,840,160,0.16,0.19068720259639668
752,876,124,0.124,0.17798439213039818
752,876,124,0.124,0.1702611057641916
744,872,128,0.128,0.19781600273179356
786,893,107,0.107,0.1876715230382979
826,913,87,0.087,0.15845971178077162
772,886,114,0.114,0.16975753875309602
754,877,123,0.123,0.1937821891810745
740,870,130,0.13,0.19419363068882375
738,869,131,0.131,0.19067643289105035
692,846,154,0.154,0.2422150548552163
716,858,142,0.142,0.23210150650469585
788,894,106,0.106,0.20003582650097088
778,889,111,0.111,0.1758626238061115
770,885,115,0.115,0.18459807290066965
776,888,112,0.112,0.1680529237058945
746,873,127,0.127,0.191658605881501
770,885,115,0.115,0.1793412320482312
752,876,124,0.124,0.18267097738897428
746,873,127,0.127,0.19807417926179188
790,895,105,0.105,0.17360520371096208
762,881,119,0.119,0.18433160868805135
772,886,114,0.114,0.18190768412500619
742,871,129,0.129,0.1667279754043557
780,890,110,0.11,0.16501310997805557
812,906,94,0.094,0.14506111886468717
746,873,127,0.127,0.20769544218666852
696,848,152,0.152,0.18415785647695884
810,905,95,0.095,0.16194364142697304
770,885,115,0.115,0.189912176058162
750,875,125,0.125,0.16884465798572637
764,882,118,0.118,0.15450579642457887
734,867,133,0.133,0.1980213055294007
812,906,94,0.094,0.15953916426375508
764,882,118,0.118,0.17033000102813822
748,874,126,0.126,0.16726128060137854
724,862,138,0.138,0.1900891988980584
734,867,133,0.133,0.1699054668864701
736,868,132,0.132,0.1728471175339073
728,864,136,0.136,0.1683037916116882
820,910,90,0.09,0.14843196968501435
734,867,133,0.133,0.17732149501924868
682,841,159,0.159,0.17139481151103975
766,883,117,0.117,0.17497846348222812
774,887,113,0.113,0.16427346607926302
720,860,140,0.14,0.19762026688898915
736,868,132,0.132,0.1755365024274215
806,903,97,0.097,0.15210702919401228
714,857,143,0.143,0.1955786407412961
724,862,138,0.138,0.21980988713726402
748,874,126,0.126,0.1867110939756967
684,842,158,0.158,0.19062431318219752
712,856,144,0.144,0.23049886628519745
748,874,126,0.126,0.18652674556942656
750,875,125,0.125,0.16339523846516385
702,851,149,0.149,0.20308860680746146
714,857,143,0.143,0.18199948548711836
810,905,95,0.095,0.16659233785700053
748,874,126,0.126,0.18064726879075169
744,872,128,0.128,0.16378043195675127
764,882,118,0.118,0.1723735980372876
710,855,145,0.145,0.1965584663611371
712,856,144,0.144,0.18471357997553423
726,863,137,0.137,0.19062885413966432
798,899,101,0.101,0.15649467700044625
696,848,152,0.152,0.19875370619865135
778,889,111,0.111,0.18297578397882172
768,884,116,0.116,0.17657288311142474
794,897,103,0.103,0.13992954405932687
776,888,112,0.112,0.18208809289010242
804,902,98,0.098,0.13681583964428864
804,902,98,0.098,0.1382305645798333
794,897,103,0.103,0.1477488622015808
802,901,99,0.099,0.15679278461681678
766,883,117,0.117,0.16724945679237135
820,910,90,0.09,0.16703044659108854
784,892,108,0.108,0.15019690762157553
712,856,144,0.144,0.18473861509346534
770,885,115,0.115,0.16275537171098403
740,870,130,0.13,0.1944836787271197
800,900,100,0.1,0.16023922953824513
748,874,126,0.126,0.16740103100752457
730,865,135,0.135,0.16552635618951173
784,892,108,0.108,0.1645652865136508
708,854,146,0.146,0.19274280041106975
790,895,105,0.105,0.17640220508957283
738,869,131,0.131,0.181042921197135
822,911,89,0.089,0.16480864784750157
768,884,116,0.116,0.16247015796089545
818,909,91,0.091,0.1408212678139098
770,885,115,0.115,0.1691825709831901
804,902,98,0.098,0.17026924205804245
820,910,90,0.09,0.14134031539806166
724,862,138,0.138,0.1943959001991898
708,854,146,0.146,0.20934530692081899
708,854,146,0.146,0.16190098626399413
710,855,145,0.145,0.20412713495106435
776,888,112,0.112,0.14199092614674008
730,865,135,0.135,0.16784943761210888
748,874,126,0.126,0.15341117983823643
726,863,137,0.137,0.1584956977935508
794,897,103,0.103,0.1484293124503456
696,848,152,0.152,0.19044167106598617
712,856,144,0.144,0.1663740323446691
702,851,149,0.149,0.17185811742092483
752,876,124,0.124,0.17362675732048227
738,869,131,0.131,0.16395174068701454
730,865,135,0.135,0.1915720508939121
758,879,121,0.121,0.15564761246624403
700,850,150,0.15,0.219403902719263
724,862,138,0.138,0.1907732018022798
802,901,99,0.099,0.1796292478935793
744,872,128,0.128,0.16438632029970177
826,913,87,0.087,0.13959355558396783
734,867,133,0.133,0.18485807912284508
772,886,114,0.114,0.14251521347888046
772,886,114,0.114,0.17043201746232808
734,867,133,0.133,0.16276481538871304
754,877,123,0.123,0.18541852604295128
814,907,93,0.093,0.13642015488655307
782,891,109,0.109,0.16818025484425017
812,906,94,0.094,0.12920400706841612
782,891,109,0.109,0.14161334653943777
782,891,109,0.109,0.17005215958110056
752,876,124,0.124,0.17452950778603554
814,907,93,0.093,0.14466894767573105
772,886,114,0.114,0.15625906852260232
742,871,129,0.129,0.16503983824700116
756,878,122,0.122,0.16619429473322817
772,886,114,0.114,0.14893940623034724
780,890,110,0.11,0.18093293351004833
724,862,138,0.138,0.175322299276595
806,903,97,0.097,0.13878384537948296
724,862,138,0.138,0.1566587331732735
746,873,127,0.127,0.17713441339787095
760,880,120,0.12,0.14805348068056629
790,895,105,0.105,0.16250649494491518
720,860,140,0.14,0.19165300900675356
786,893,107,0.107,0.17034096350555775
734,867,133,0.133,0.16101260426011868
812,906,94,0.094,0.15515095057012512
790,895,105,0.105,0.17979207873088307
812,906,94,0.094,0.15269029604364187
774,887,113,0.113,0.16464294573571533
760,880,120,0.12,0.1535981625788845
790,895,105,0.105,0.14120106663636398
784,892,108,0.108,0.1449521437222138
774,887,113,0.113,0.17609102000109852
764,882,118,0.118,0.1407238347628154
772,886,114,0.114,0.16042663370841181
774,887,113,0.113,0.15317102870404778
734,867,133,0.133,0.1770331161385402
758,879,121,0.121,0.14805285764532164
728,864,136,0.136,0.13491657495242543
712,856,144,0.144,0.16757726378762164
734,867,133,0.133,0.19976423527812584
774,887,113,0.113,0.15024558482063002
772,886,114,0.114,0.13093074533878826
764,882,118,0.118,0.17339707358693704
740,870,130,0.13,0.18155726952059195
734,867,133,0.133,0.17791151346941478
770,885,115,0.115,0.14339390522034956
788,894,106,0.106,0.1359821340451017
704,852,148,0.148,0.1694994464837946
756,878,122,0.122,0.16312178162299096
752,876,124,0.124,0.15812059931841213
800,900,100,0.1,0.14847523719980382
722,861,139,0.139,0.17341118232440203
764,882,118,0.118,0.14130970412609167
792,896,104,0.104,0.15684880661056377
756,878,122,0.122,0.16434602671221366
690,845,155,0.155,0.18583395784976892
808,904,96,0.096,0.14296325017185882
758,879,121,0.121,0.13578710542153566
768,884,116,0.116,0.18234268808481283
714,857,143,0.143,0.15050145067478296
698,849,151,0.151,0.17996732775768032
726,863,137,0.137,0.18326408163964517
732,866,134,0.134,0.17371316816285254
780,890,110,0.11,0.1407317162141553
764,882,118,0.118,0.1367513531432487
782,891,109,0.109,0.15971724464048748
746,873,127,0.127,0.15598100829450415
730,865,135,0.135,0.16657183935934153
704,852,148,0.148,0.19087341981951614
750,875,125,0.125,0.15819022287800907
724,862,138,0.138,0.16624828407610767
734,867,133,0.133,0.1678195746317506
816,908,92,0.092,0.15442377870297058
710,855,145,0.145,0.16280234634224325
786,893,107,0.107,0.14639266844827217
746,873,127,0.127,0.14804624788556248
746,873,127,0.127,0.19676713795028627
706,853,147,0.147,0.1623889505144907
778,889,111,0.111,0.1721655066788662
720,860,140,0.14,0.1681620645567309
736,868,132,0.132,0.19160467854794114
730,865,135,0.135,0.17851533739245495
704,852,148,0.148,0.19720711469522212
792,896,104,0.104,0.14293358320940752
756,878,122,0.122,0.1495029863298405
708,854,146,0.146,0.1764403372106608
772,886,114,0.114,0.15508769960072824
696,848,152,0.152,0.19678194870712468
746,873,127,0.127,0.1625925925753545
744,872,128,0.128,0.1358120712924283
730,865,135,0.135,0.19021732253581286
812,906,94,0.094,0.11734352521912661
788,894,106,0.106,0.17153867465769873
738,869,131,0.131,0.15051220772232046
774,887,113,0.113,0.1461983934226446
814,907,93,0.093,0.14113669427554124
748,874,126,0.126,0.15508718596212565
738,869,131,0.131,0.1636459597016219
728,864,136,0.136,0.16488570093433372
734,867,133,0.133,0.15345993629540317
792,896,104,0.104,0.15656789442175068
774,887,113,0.113,0.1392929532211274
656,828,172,0.172,0.17844915414974094
772,886,114,0.114,0.16976687730534468
766,883,117,0.117,0.169626809571404
780,890,110,0.11,0.14359884496219455
718,859,141,0.141,0.1967424808058422
670,835,165,0.165,0.17710691400873474
748,874,126,0.126,0.19825834177969956
772,886,114,0.114,0.15696843008883296
782,891,109,0.109,0.15587498843832873
778,889,111,0.111,0.15795819737901912
754,877,123,0.123,0.16827861493104138
810,905,95,0.095,0.15169403870636597
746,873,127,0.127,0.16060473686736076
770,885,115,0.115,0.16072618151572532
746,873,127,0.127,0.1531547660357319
772,886,114,0.114,0.14848144457605666
784,892,108,0.108,0.15373347020568326
778,889,111,0.111,0.1593532982233446
782,891,109,0.109,0.1667347491644323
718,859,141,0.141,0.18237931679654867
744,872,128,0.128,0.15575175957707688
758,879,121,0.121,0.17551114091277123
714,857,143,0.143,0.17229853753419594
770,885,115,0.115,0.15921489964588545
762,881,119,0.119,0.1561805205878336
756,878,122,0.122,0.15180097064049913
768,884,116,0.116,0.1578698295291979
796,898,102,0.102,0.16660771396102791
796,898,102,0.102,0.1537849154388532
784,892,108,0.108,0.13291045236925128
730,865,135,0.135,0.149699408441782
714,857,143,0.143,0.17320504016545601
716,858,142,0.142,0.1734333904031664
786,893,107,0.107,0.12777413854877523
804,902,98,0.098,0.14167660402413457
792,896,104,0.104,0.17523034858843312
828,914,86,0.086,0.13381158366927412
748,874,126,0.126,0.14548066087788902
754,877,123,0.123,0.13899229365587235
812,906,94,0.094,0.13122266145725733
722,861,139,0.139,0.15422568124067038
786,893,107,0.107,0.12921560695621884
722,861,139,0.139,0.17069305075192823
814,907,93,0.093,0.11797525438014418
778,889,111,0.111,0.1524502279232256
734,867,133,0.133,0.16497848667344078
784,892,108,0.108,0.16356855777814053
760,880,120,0.12,0.15553416061238387
716,858,142,0.142,0.15901572240237147
754,877,123,0.123,0.1669202337382594
746,873,127,0.127,0.14805974467727356
728,864,136,0.136,0.1465029091271572
794,897,103,0.103,0.15408011209126563
784,892,108,0.108,0.1322402056315914
786,893,107,0.107,0.1661754360148916
762,881,119,0.119,0.13967981564369983
740,870,130,0.13,0.1662765716756694
856,928,72,0.072,0.1129588196532568
722,861,139,0.139,0.1598062063297839
786,893,107,0.107,0.1551397427043412
780,890,110,0.11,0.15166663804254493
830,915,85,0.085,0.13416523644328118
768,884,116,0.116,0.1259445128790103
782,891,109,0.109,0.13500461064605043
762,881,119,0.119,0.14971592552715446
760,880,120,0.12,0.13291976606380193
774,887,113,0.113,0.12796843198384159
762,881,119,0.119,0.13993557390361094
822,911,89,0.089,0.14234839270752855
762,881,119,0.119,0.15996683127456346
748,874,126,0.126,0.1471680645698216
772,886,114,0.114,0.1342193543696776
814,907,93,0.093,0.13676904436608311
686,843,157,0.157,0.16988724715763237
778,889,111,0.111,0.13285405674530193
732,866,134,0.134,0.1503178499790374
712,856,144,0.144,0.15332299555325882
772,886,114,0.114,0.14681021399525343
754,877,123,0.123,0.13453562480350956
808,904,96,0.096,0.13513487746176542
770,885,115,0.115,0.15100824398291296
786,893,107,0.107,0.1192637349824654
728,864,136,0.136,0.13159229877032338
802,901,99,0.099,0.14555747847270686
750,875,125,0.125,0.15994970930390992
766,883,117,0.117,0.1357863595772651
776,888,112,0.112,0.14242018842301332
772,886,114,0.114,0.15718029842036776
738,869,131,0.131,0.1503807349705603
772,886,114,0.114,0.14885358191491105
740,870,130,0.13,0.1566288637551479
756,878,122,0.122,0.12454522833367809
752,876,124,0.124,0.14437944675580366
752,876,124,0.124,0.13225921449647285
754,877,123,0.123,0.12563427891739412
808,904,96,0.096,0.13051327850297093
802,901,99,0.099,0.12234379109469591
836,918,82,0.082,0.11788810374983587
738,869,131,0.131,0.16345991467428395
686,843,157,0.157,0.19089579537225654
798,899,101,0.101,0.10799402642901987
812,906,94,0.094,0.1262670528604649
716,858,142,0.142,0.15604243711847812
726,863,137,0.137,0.15883190706383904
716,858,142,0.142,0.16472281087306329
774,887,113,0.113,0.13058573005790822
772,886,114,0.114,0.15430269832047633
694,847,153,0.153,0.16394121683971025
740,870,130,0.13,0.16592476324847666
784,892,108,0.108,0.15221650035423226
718,859,141,0.141,0.16960646994423587
810,905,95,0.095,0.12914456272288224
862,931,69,0.069,0.1128591059584869
750,875,125,0.125,0.13788735095353333
704,852,148,0.148,0.17140958325238898
796,898,102,0.102,0.13627983068861066
746,873,127,0.127,0.1423660090409685
762,881,119,0.119,0.14089257918926887
744,872,128,0.128,0.1447748881180305
794,897,103,0.103,0.1315875647519715
784,892,108,0.108,0.12078375640010927
788,894,106,0.106,0.15513246368896216
748,874,126,0.126,0.1433339674179442
748,874,126,0.126,0.1418175151986652
732,866,134,0.134,0.15164670363767072
778,889,111,0.111,0.13828398383478635
774,887,113,0.113,0.1332385748436209
794,897,103,0.103,0.13454423805698754
750,875,125,0.125,0.1449861514295917
768,884,116,0.116,0.14025717812357472
696,848,152,0.152,0.14431462612329052
794,897,103,0.103,0.13716110395640135
784,892,108,0.108,0.13224206611816772
748,874,126,0.126,0.15938515409384854
752,876,124,0.124,0.1208970735326875
724,862,138,0.138,0.15991107410937547
726,863,137,0.137,0.15489218734041788
762,881,119,0.119,0.1434938825732097
758,879,121,0.121,0.1538311630084645
730,865,135,0.135,0.16240236845903563
692,846,154,0.154,0.14885554570297244
760,880,120,0.12,0.13674752181698568
742,871,129,0.129,0.17518922096001915
778,889,111,0.111,0.13563569931173697
802,901,99,0.099,0.14653391794196796
722,861,139,0.139,0.1672193099092401
754,877,123,0.123,0.16388892265735194
750,875,125,0.125,0.14383314338652417
704,852,148,0.148,0.15934405974450055
766,883,117,0.117,0.1399573795600736
836,918,82,0.082,0.13348215883842204
770,885,115,0.115,0.16583618677547202
772,886,114,0.114,0.13300790847308236
762,881,119,0.119,0.15614408164983615
770,885,115,0.115,0.14341863622539677
726,863,137,0.137,0.1628674307623878
836,918,82,0.082,0.11901186941820197
772,886,114,0.114,0.15651508007448864
776,888,112,0.112,0.14428348780050873
778,889,111,0.111,0.14516054928384256
762,881,119,0.119,0.14513321626605466
700,850,150,0.15,0.15892018073017244
778,889,111,0.111,0.1437640173190739
742,871,129,0.129,0.14644124367670155
736,868,132,0.132,0.15999006152432413
756,878,122,0.122,0.14561432510532904
724,862,138,0.138,0.13692314793588595
694,847,153,0.153,0.15552649817088968
752,876,124,0.124,0.1360389764212596
778,889,111,0.111,0.11570817316370084
768,884,116,0.116,0.1299832535427995
748,874,126,0.126,0.1323319759471342
764,882,118,0.118,0.13430727869318798
732,866,134,0.134,0.15523548654490152
772,886,114,0.114,0.12273843430553097
722,861,139,0.139,0.1385458175770473
752,876,124,0.124,0.13978635458927602
758,879,121,0.121,0.14310058622062205
696,848,152,0.152,0.16631424600211903
742,871,129,0.129,0.14677283543063094
720,860,140,0.14,0.16344837473286317
730,865,135,0.135,0.1538965595359914
828,914,86,0.086,0.13641233507171274
728,864,136,0.136,0.12011275125201791
804,902,98,0.098,0.11421161379665136
698,849,151,0.151,0.1884095780616626
790,895,105,0.105,0.12798667724896223
682,841,159,0.159,0.16357215649797582
816,908,92,0.092,0.11987279892951483
742,871,129,0.129,0.14893880146509036
726,863,137,0.137,0.16090349389612674
702,851,149,0.149,0.1625765384560218
726,863,137,0.137,0.15712327505112625
738,869,131,0.131,0.14725844842894004
728,864,136,0.136,0.17380240621371196
778,889,111,0.111,0.1308275181420613
766,883,117,0.117,0.11566340669768396
662,831,169,0.169,0.15566906742285938
744,872,128,0.128,0.1636063235713809
812,906,94,0.094,0.13082868770378264
788,894,106,0.106,0.12609163081250155
742,871,129,0.129,0.14765669756778516
726,863,137,0.137,0.16549983734729176
802,901,99,0.099,0.12295930879400112
804,902,98,0.098,0.13863154016598128
752,876,124,0.124,0.16640948368050157
742,871,129,0.129,0.15379975375987123
736,868,132,0.132,0.1440258008003002
766,883,117,0.117,0.12277650633256416
694,847,153,0.153,0.1468685776500497
792,896,104,0.104,0.1298565954604419
790,895,105,0.105,0.13386070926324464
736,868,132,0.132,0.14074916643928737
712,856,144,0.144,0.17119081647449638
740,870,130,0.13,0.137469099172391
720,860,140,0.14,0.1346143862104509
744,872,128,0.128,0.14846770101855508
702,851,149,0.149,0.16227659895364194
700,850,150,0.15,0.13174445058353013
750,875,125,0.125,0.13940570314251818
776,888,112,0.112,0.13387607983409544
788,894,106,0.106,0.13547095271456056
692,846,154,0.154,0.15366664114897138
760,880,120,0.12,0.1265326134886127
754,877,123,0.123,0.1349243351269979
748,874,126,0.126,0.14213290776393842
766,883,117,0.117,0.11901520067220554
736,868,132,0.132,0.15430031654238702
774,887,113,0.113,0.12084710782323964
764,882,118,0.118,0.14600183469444164
790,895,105,0.105,0.11442281498759985
682,841,159,0.159,0.14986850630980916
788,894,106,0.106,0.1386951600217726
768,884,116,0.116,0.13576700356900984
714,857,143,0.143,0.13548582512838767
770,885,115,0.115,0.11618881224864162
696,848,152,0.152,0.13548805631045252
828,914,86,0.086,0.12224191715230699
842,921,79,0.079,0.12059576661861501
778,889,111,0.111,0.12270879017212429
748,874,126,0.126,0.13832939972728492
764,882,118,0.118,0.14103275126451625
726,863,137,0.137,0.16111664779431886
776,888,112,0.112,0.12728050295039428
754,877,123,0.123,0.1427470200569369
758,879,121,0.121,0.14146390096703546
764,882,118,0.118,0.1575663534239866
738,869,131,0.131,0.1686044645832153
770,885,115,0.115,0.14410051749623382
760,880,120,0.12,0.14012024024268613
782,891,109,0.109,0.12982038053753786
760,880,120,0.12,0.13654136778763495
758,879,121,0.121,0.14158234413259196
794,897,103,0.103,0.1341097991229035
794,897,103,0.103,0.14351853617606686
780,890,110,0.11,0.12621580407791771
792,896,104,0.104,0.11470006966474466
756,878,122,0.122,0.12469564112462103
752,876,124,0.124,0.12900960368919187
770,885,115,0.115,0.14204293334530665
714,857,143,0.143,0.1497285887794569
784,892,108,0.108,0.12476567420992069
740,870,130,0.13,0.11134360533498694
746,873,127,0.127,0.1259660365220625
764,882,118,0.118,0.1299454039162956
822,911,89,0.089,0.12668289259006268
786,893,107,0.107,0.12925521155912428
816,908,92,0.092,0.10569797158241272
724,862,138,0.138,0.15941235214401966
736,868,132,0.132,0.16799098151666111
766,883,117,0.117,0.12974663631501607
782,891,109,0.109,0.13536850548558868
676,838,162,0.162,0.14218848169408738
760,880,120,0.12,0.1314666566576343
774,887,113,0.113,0.13027365330513566
744,872,128,0.128,0.13394917655177416
774,887,113,0.113,0.14181825708562973
764,882,118,0.118,0.13040185608784668
764,882,118,0.118,0.1393528486052237
716,858,142,0.142,0.12773608749872073
816,908,92,0.092,0.11708886535139755
822,911,89,0.089,0.12470620680041611
714,857,143,0.143,0.15492749867076056
718,859,141,0.141,0.15266294930083676
800,900,100,0.1,0.1287497996923048
796,898,102,0.102,0.11254853483848273
796,898,102,0.102,0.14836916271550582
760,880,120,0.12,0.14362440237845295
784,892,108,0.108,0.11660886277328246
750,875,125,0.125,0.13892621568893082
788,894,106,0.106,0.1308551249691518
726,863,137,0.137,0.16085139296250417
732,866,134,0.134,0.1369741115772631
746,873,127,0.127,0.14274673694651574
756,878,122,0.122,0.13542280814866536
754,877,123,0.123,0.1328744799005217
816,908,92,0.092,0.11658875854895451
758,879,121,0.121,0.11077435655891896
744,872,128,0.128,0.13594509676238523
710,855,145,0.145,0.15127637383504772
754,877,123,0.123,0.13164328549872154
724,862,138,0.138,0.1358354954929091
714,857,143,0.143,0.11764454184705392
802,901,99,0.099,0.12780810626945457
714,857,143,0.143,0.1720482943872921
784,892,108,0.108,0.13610387443122454
720,860,140,0.14,0.15815208606340456
740,870,130,0.13,0.1488485493595508
764,882,118,0.118,0.12344305360397266
714,857,143,0.143,0.12803711266361642
768,884,116,0.116,0.11821234089566861
716,858,142,0.142,0.15638560609542765
750,875,125,0.125,0.14386031102994457
772,886,114,0.114,0.1408023781599477
778,889,111,0.111,0.11306616651872173
744,872,128,0.128,0.12402089088689536
738,869,131,0.131,0.14222603676459403
770,885,115,0.115,0.132302149819443
744,872,128,0.128,0.14972077662090305
742,871,129,0.129,0.1420818431102671
750,875,125,0.125,0.13954007251083386
728,864,136,0.136,0.1356351002228912
762,881,119,0.119,0.1240126283490099
770,885,115,0.115,0.12294542385544628
818,909,91,0.091,0.11541954355291091
742,871,129,0.129,0.14108262902940624
716,858,142,0.142,0.15373770833204617
734,867,133,0.133,0.14349343440204393
794,897,103,0.103,0.13280428385618143
702,851,149,0.149,0.16110661455360242
764,882,118,0.118,0.13254837803344707
802,901,99,0.099,0.12976238201442175
768,884,116,0.116,0.13598641884326934
706,853,147,0.147,0.13612657187972219
780,890,110,0.11,0.1396634750769008
796,898,102,0.102,0.1033771240748465
676,838,162,0.162,0.17189557811431586
698,849,151,0.151,0.14031959179462866
750,875,125,0.125,0.12616302432771773
798,899,101,0.101,0.11670001682336442
686,843,157,0.157,0.1376317109875381
730,865,135,0.135,0.1430304252023343
736,868,132,0.132,0.13203011955926194
782,891,109,0.109,0.12147843218559864
726,863,137,0.137,0.15388226727186702
796,898,102,0.102,0.14190344453288709
812,906,94,0.094,0.12266696829066495
716,858,142,0.142,0.13798402621351125
756,878,122,0.122,0.1470359912852291
808,904,96,0.096,0.12580805614055135
774,887,113,0.113,0.13470911587332376
772,886,114,0.114,0.13500621742056682
760,880,120,0.12,0.12919618601113325
760,880,120,0.12,0.13601601958554238
770,885,115,0.115,0.12449960697392817
736,868,132,0.132,0.1597385684477631
770,885,115,0.115,0.11751371142128482
762,881,119,0.119,0.12278830318176187
758,879,121,0.121,0.12954472649493254
798,899,101,0.101,0.12262140997615643
766,883,117,0.117,0.14066250202886293
736,868,132,0.132,0.13183237621834268
692,846,154,0.154,0.14180791181974928
748,874,126,0.126,0.12540253786725225
718,859,141,0.141,0.14090918442141265
782,891,109,0.109,0.124790703567327
702,851,149,0.149,0.1492965129807126
754,877,123,0.123,0.1377356581054628
712,856,144,0.144,0.14439593157637864
696,848,152,0.152,0.13586037848331034
764,882,118,0.118,0.14746524447007686
784,892,108,0.108,0.13108645536762198
750,875,125,0.125,0.1482679345679353
750,875,125,0.125,0.1542899773523677
694,847,153,0.153,0.14074262807855847
754,877,123,0.123,0.13391699944762514
712,856,144,0.144,0.12339443893812131
742,871,129,0.129,0.12649118615139743
770,885,115,0.115,0.13519086754135787
738,869,131,0.131,0.13431922314432448
770,885,115,0.115,0.1549690374492202
704,852,148,0.148,0.16014488514431285
756,878,122,0.122,0.11901676006196067
808,904,96,0.096,0.12173216270864941
732,866,134,0.134,0.1408905800676439
738,869,131,0.131,0.14470372672309167
754,877,123,0.123,0.1315780192743987
702,851,149,0.149,0.12184199782053474
692,846,154,0.154,0.14938015244563577
800,900,100,0.1,0.1220555516895838
742,871,129,0.129,0.15435619943169876
752,876,124,0.124,0.11186671322397888
752,876,124,0.124,0.12983272476959973
744,872,128,0.128,0.12840231154253706
770,885,115,0.115,0.14440181819116696
782,891,109,0.109,0.1189404407730326
726,863,137,0.137,0.14306017491419334
720,860,140,0.14,0.1419152215407812
790,895,105,0.105,0.1476509470795281
758,879,121,0.121,0.13179290624475107
654,827,173,0.173,0.14076028873352334
742,871,129,0.129,0.1482064661188051
774,887,113,0.113,0.1358830359621352
756,878,122,0.122,0.12971243371930904
768,884,116,0.116,0.14355256982089487
794,897,103,0.103,0.12217502546147443
708,854,146,0.146,0.1280375946429558
768,884,116,0.116,0.12443875483155717
778,889,111,0.111,0.14586548162577673
754,877,123,0.123,0.13746724314591846
694,847,153,0.153,0.14052571473186254
742,871,129,0.129,0.13793449154892004
726,863,137,0.137,0.14689534177514724
790,895,105,0.105,0.13393131067813374
818,909,91,0.091,0.13412424800056033
804,902,98,0.098,0.13723205572133884
738,869,131,0.131,0.13143912474031094
738,869,131,0.131,0.12944677664199844
734,867,133,0.133,0.1395735741071985
760,880,120,0.12,0.12209021146665328
780,890,110,0.11,0.10148832877271342
850,925,75,0.075,0.11047376644145697
782,891,109,0.109,0.10598614604889371
766,883,117,0.117,0.13273326123435983
700,850,150,0.15,0.15924359761038795
736,868,132,0.132,0.14700127888284623
716,858,142,0.142,0.11656197335151955
724,862,138,0.138,0.16452498469152488
796,898,102,0.102,0.11774834171612747
732,866,134,0.134,0.16030512127507246
786,893,107,0.107,0.09720642146246973
764,882,118,0.118,0.10345972242276184
790,895,105,0.105,0.13094549092563101
692,846,154,0.154,0.1750320632129442
692,846,154,0.154,0.16694332213071175
726,863,137,0.137,0.14310136693360984
700,850,150,0.15,0.1417556300063152
752,876,124,0.124,0.1177214826826239
734,867,133,0.133,0.13143262956524268
764,882,118,0.118,0.12208775503188371
756,878,122,0.122,0.12702442873606923
740,870,130,0.13,0.12848033203242812
762,881,119,0.119,0.12192024963675067
812,906,94,0.094,0.13156909257825464
760,880,120,0.12,0.12686539815971629
674,837,163,0.163,0.15094554284668993
748,874,126,0.126,0.1393024298469536
758,879,121,0.121,0.12479290661332197
748,874,126,0.126,0.150352744355303
734,867,133,0.133,0.16048012100276537
678,839,161,0.161,0.15552769090957008
716,858,142,0.142,0.11868497616262175
756,878,122,0.122,0.12304674954159418
752,876,124,0.124,0.1312191520729102
730,865,135,0.135,0.14877065429696812
734,867,133,0.133,0.15245655760052615
718,859,141,0.141,0.15134900408209068
860,930,70,0.07,0.1146264440617524
754,877,123,0.123,0.12355843685218133
774,887,113,0.113,0.12548737166030333
776,888,112,0.112,0.13083111503138206
756,878,122,0.122,0.1165142214554362
754,877,123,0.123,0.1351213790255133
802,901,99,0.099,0.13568075425794815
742,871,129,0.129,0.13226289798982907
728,864,136,0.136,0.12232434409752023
802,901,99,0.099,0.12114616720890627
740,870,130,0.13,0.13037770194071346
764,882,118,0.118,0.11682316868100315
762,881,119,0.119,0.13560695456690156
730,865,135,0.135,0.1358450991085265
760,880,120,0.12,0.11047192377131432
764,882,118,0.118,0.11041370358283166
760,880,120,0.12,0.133373489189893
794,897,103,0.103,0.13446274000790437
798,899,101,0.101,0.1314819816708332
818,909,91,0.091,0.11045874982490204
760,880,120,0.12,0.1330547370063141
670,835,165,0.165,0.15393593374069314
766,883,117,0.117,0.13204715392753133
674,837,163,0.163,0.153955230059335
756,878,122,0.122,0.11685953579749912
742,871,129,0.129,0.12537925887899473
794,897,103,0.103,0.1073683191165328
760,880,120,0.12,0.1374023784316669
780,890,110,0.11,0.13140829242009203
736,868,132,0.132,0.1227987133912393
782,891,109,0.109,0.13088412031787447
730,865,135,0.135,0.1328082076786086
754,877,123,0.123,0.11520018563233315
734,867,133,0.133,0.1356940994495526
684,842,158,0.158,0.12035633992076328
748,874,126,0.126,0.13163695241865936
792,896,104,0.104,0.11950428780354559
788,894,106,0.106,0.1296972073689103
784,892,108,0.108,0.11298591837461572
696,848,152,0.152,0.1444777821622847
768,884,116,0.116,0.12225427374581341
750,875,125,0.125,0.14245717661222443
764,882,118,0.118,0.11595478181820362
776,888,112,0.112,0.1281187455522886
774,887,113,0.113,0.13131816207943484
702,851,149,0.149,0.13854538553254678
786,893,107,0.107,0.12972565630916505
826,913,87,0.087,0.10431648350320756
756,878,122,0.122,0.12020956722088158
716,858,142,0.142,0.14603454792359843
742,871,129,0.129,0.12406794716487639
776,888,112,0.112,0.13098161524580793
720,860,140,0.14,0.12818002931168304
740,870,130,0.13,0.1224273153746035
768,884,116,0.116,0.1139424359605764
754,877,123,0.123,0.11642740656400564
754,877,123,0.123,0.11808215643884615
746,873,127,0.127,0.11372543176385806
752,876,124,0.124,0.13849206940035583
774,887,113,0.113,0.12683696682134177
758,879,121,0.121,0.11623864381201565
798,899,101,0.101,0.11149470571195706
780,890,110,0.11,0.1110278912371723
712,856,144,0.144,0.13797931230883115
776,888,112,0.112,0.12516959350300022
810,905,95,0.095,0.10609862023359165
780,890,110,0.11,0.12429774973890745
758,879,121,0.121,0.11008134072320536
726,863,137,0.137,0.11937536644015927
738,869,131,0.131,0.13224147812114098
842,921,79,0.079,0.09959794275747845
782,891,109,0.109,0.12237282722443342
770,885,115,0.115,0.11462698655109853
714,857,143,0.143,0.11741789222834632
766,883,117,0.117,0.11858309104968794
760,880,120,0.12,0.1217642120057717
752,876,124,0.124,0.12114527789968997
762,881,119,0.119,0.10018902645714116
730,865,135,0.135,0.11178931408375502
766,883,117,0.117,0.11775686378031969
764,882,118,0.118,0.12308844567707274
702,851,149,0.149,0.14942410948255566
776,888,112,0.112,0.11500965534569696
766,883,117,0.117,0.119722036776584
758,879,121,0.121,0.11282631137626595
790,895,105,0.105,0.11527403542725369
814,907,93,0.093,0.11476966595521662
824,912,88,0.088,0.11533418574581447
784,892,108,0.108,0.11582970235380344
712,856,144,0.144,0.13027378715155646
738,869,131,0.131,0.12794036775609857
738,869,131,0.131,0.12662562225665897
702,851,149,0.149,0.1277084594813059
778,889,111,0.111,0.12136404631985351
784,892,108,0.108,0.09757858936453703
756,878,122,0.122,0.1155011903247796
732,866,134,0.134,0.1120885973572731
798,899,101,0.101,0.10364920461073052
820,910,90,0.09,0.10159419263491873
738,869,131,0.131,0.11949238737882115
708,854,146,0.146,0.13087471840926446
794,897,103,0.103,0.11606567851325962
738,869,131,0.131,0.11564603811199776
772,886,114,0.114,0.1219763586280169
738,869,131,0.131,0.11921553659276106
746,873,127,0.127,0.11680624969210476
808,904,96,0.096,0.10337614618439693
812,906,94,0.094,0.09483319538761861
722,861,139,0.139,0.12512039584839657
774,887,113,0.113,0.11158372294367291
788,894,106,0.106,0.11407816078478936
740,870,130,0.13,0.1231310957360547
796,898,102,0.102,0.10754138510586926
714,857,143,0.143,0.11999852338305209
788,894,106,0.106,0.1017949292092817
792,896,104,0.104,0.1086008623673115
688,844,156,0.156,0.12448897859617136
784,892,108,0.108,0.10633168120193295
748,874,126,0.126,0.1268831711806124
736,868,132,0.132,0.1310033309913706
712,856,144,0.144,0.12429988903051709
752,876,124,0.124,0.12566500613768586
790,895,105,0.105,0.1082100625258754
814,907,93,0.093,0.1226273084593704
768,884,116,0.116,0.13506414309283718
704,852,148,0.148,0.11979664998641237
756,878,122,0.122,0.10778721745917573
774,887,113,0.113,0.1106541744377464
736,868,132,0.132,0.13808268721168862
734,867,133,0.133,0.14947200208657888
754,877,123,0.123,0.11493264091061428
764,882,118,0.118,0.1083912446090253
738,869,131,0.131,0.12346915626549163
764,882,118,0.118,0.11980276648918516
794,897,103,0.103,0.1107655542998109
740,870,130,0.13,0.1368552810912952
738,869,131,0.131,0.13602725403965452
768,884,116,0.116,0.11036956786632073
756,878,122,0.122,0.12007953244756209
762,881,119,0.119,0.10876015449030092
754,877,123,0.123,0.12914015853172167
814,907,93,0.093,0.12295422930980567
756,878,122,0.122,0.11804864424240077
742,871,129,0.129,0.11516932101757266
766,883,117,0.117,0.10408104872796685
784,892,108,0.108,0.10851321498141624
706,853,147,0.147,0.12953983735898508
792,896,104,0.104,0.09260546020348556
708,854,146,0.146,0.13043510766793043
778,889,111,0.111,0.12682654170750174
716,858,142,0.142,0.14597509145596996
706,853,147,0.147,0.14852591752132865
784,892,108,0.108,0.11166838402557187
776,888,112,0.112,0.10768450885009952
772,886,114,0.114,0.12345199587312528
738,869,131,0.131,0.13359300086076836
764,882,118,0.118,0.13394623468792996
776,888,112,0.112,0.14927311108136201
788,894,106,0.106,0.11062056625937111
796,898,102,0.102,0.10636204569612163
746,873,127,0.127,0.1490531813420821
780,890,110,0.11,0.11580822885694216
754,877,123,0.123,0.12144651761266868
762,881,119,0.119,0.11146044193458511
688,844,156,0.156,0.14067469827691093
760,880,120,0.12,0.12430187540897168
766,883,117,0.117,0.09959887963405345
778,889,111,0.111,0.09942850043858198
756,878,122,0.122,0.12792910141299946
724,862,138,0.138,0.11308411764429184
764,882,118,0.118,0.12156047397118527
720,860,140,0.14,0.1271460803806549
816,908,92,0.092,0.1170635258081602
680,840,160,0.16,0.14205470046657137
820,910,90,0.09,0.1049328314117738
730,865,135,0.135,0.114148513875145
766,883,117,0.117,0.11781786511702376
768,884,116,0.116,0.09159188361919951
716,858,142,0.142,0.15361190478596837
798,899,101,0.101,0.10345783807017142
770,885,115,0.115,0.12350331509765237
698,849,151,0.151,0.13730808873381467
750,875,125,0.125,0.13435998451893102
760,880,120,0.12,0.1178681469183648
750,875,125,0.125,0.11159368934674785
794,897,103,0.103,0.12043016999610699
766,883,117,0.117,0.09278952715848572
740,870,130,0.13,0.13813353407086107
758,879,121,0.121,0.10241536725650076
786,893,107,0.107,0.11282843755302019
774,887,113,0.113,0.10904729183611926
700,850,150,0.15,0.1241037951396429
698,849,151,0.151,0.1304138818201609
768,884,116,0.116,0.11290697317710147
740,870,130,0.13,0.13006954374257476
798,899,101,0.101,0.11875836535386043
726,863,137,0.137,0.1185783229849767
762,881,119,0.119,0.12098866511601955
754,877,123,0.123,0.11431701047997922
760,880,120,0.12,0.10336640771667589
758,879,121,0.121,0.1325093017356703
806,903,97,0.097,0.1082107655609725
794,897,103,0.103,0.11024168415740132
708,854,146,0.146,0.13267003912618383
768,884,116,0.116,0.11329558369802543
700,850,150,0.15,0.1434825083083706
722,861,139,0.139,0.10748633041291032
702,851,149,0.149,0.12076067899010377
770,885,115,0.115,0.13087756389251445
782,891,109,0.109,0.11062635178724303
724,862,138,0.138,0.11616300680465065
752,876,124,0.124,0.1302311425502412
780,890,110,0.11,0.1157559628081508
722,861,139,0.139,0.12406503723072819
728,864,136,0.136,0.1312187035911047
730,865,135,0.135,0.11841936440020799
740,870,130,0.13,0.12962003406661096
798,899,101,0.101,0.11006128423090558
756,878,122,0.122,0.11712297787866555
724,862,138,0.138,0.11616498725127894
778,889,111,0.111,0.11769385143439286
704,852,148,0.148,0.14535610285960138
734,867,133,0.133,0.11639668629318475
748,874,126,0.126,0.11638248105393723
780,890,110,0.11,0.12479567545140162
742,871,129,0.129,0.1318688196017174
758,879,121,0.121,0.11193907123815734
782,891,109,0.109,0.12265228281274904
756,878,122,0.122,0.11164244826267532
752,876,124,0.124,0.0959353201452177
756,878,122,0.122,0.13073459306394217
728,864,136,0.136,0.12043241608107928
754,877,123,0.123,0.1044181396975182
736,868,132,0.132,0.11144324350671377
772,886,114,0.114,0.11867822766239988
786,893,107,0.107,0.11104201479570475
812,906,94,0.094,0.09805781733850018
720,860,140,0.14,0.1335396464521764
780,890,110,0.11,0.10478806802583858
754,877,123,0.123,0.11785632127969256
712,856,144,0.144,0.13898762053181418
768,884,116,0.116,0.1389564732470899
794,897,103,0.103,0.10332180717703886
754,877,123,0.123,0.11379080404015258
734,867,133,0.133,0.12662049881601706
738,869,131,0.131,0.11765062520300854
744,872,128,0.128,0.11578114958340302
762,881,119,0.119,0.12189255725499243
776,888,112,0.112,0.11935832289501559
710,855,145,0.145,0.1209182325033471
728,864,136,0.136,0.1060406471301103
700,850,150,0.15,0.14090116751618917
792,896,104,0.104,0.10731198015296832
710,855,145,0.145,0.1354507851859089
786,893,107,0.107,0.11734726275375579
740,870,130,0.13,0.13230714223405812
708,854,146,0.146,0.12747773703630083
790,895,105,0.105,0.10066988779499661
732,866,134,0.134,0.12328690765169449
774,887,113,0.113,0.12315704467581236
724,862,138,0.138,0.12462014693301171
782,891,109,0.109,0.10530915647908114
754,877,123,0.123,0.10569455322012072
806,903,97,0.097,0.08713593082386069
780,890,110,0.11,0.11011815741867759
776,888,112,0.112,0.10713038206589408
748,874,126,0.126,0.10960263332503382
796,898,102,0.102,0.1031576522385003
768,884,116,0.116,0.10453370712455944
796,898,102,0.102,0.09283743517886614
758,879,121,0.121,0.12273506125621497
708,854,146,0.146,0.11363875651871785
752,876,124,0.124,0.13028414059989155
836,918,82,0.082,0.08232766920980066
702,851,149,0.149,0.15157617063389625
770,885,115,0.115,0.10700788079458289
698,849,151,0.151,0.12472785185964312
728,864,136,0.136,0.13050588510683156
718,859,141,0.141,0.1204075567217078
754,877,123,0.123,0.11824685325659812
688,844,156,0.156,0.11607646617060527
816,908,92,0.092,0.09854337016260252
802,901,99,0.099,0.11426612927450333
762,881,119,0.119,0.12076958834403194
822,911,89,0.089,0.1105486016694922
774,887,113,0.113,0.10705972154508345
746,873,127,0.127,0.115935566576547
800,900,100,0.1,0.10373848772392376
750,875,125,0.125,0.12901510672346922
774,887,113,0.113,0.11245952401868999
682,841,159,0.159,0.15234511149092578
754,877,123,0.123,0.1317030310803093
788,894,106,0.106,0.12734257452050224
772,886,114,0.114,0.1290832862094976
726,863,137,0.137,0.12841306393209379
734,867,133,0.133,0.1148700455504004
756,878,122,0.122,0.12118818312900839
820,910,90,0.09,0.10922882363013924
744,872,128,0.128,0.1259392749859253
792,896,104,0.104,0.09955989497259725
752,876,124,0.124,0.12967475165007636
790,895,105,0.105,0.09974571709393058
754,877,123,0.123,0.12557202718919144
690,845,155,0.155,0.12946219699538777
794,897,103,0.103,0.10890459718066267
730,865,135,0.135,0.10325506280071568
732,866,134,0.134,0.11256413336307741
748,874,126,0.126,0.12196757424925454
784,892,108,0.108,0.11369781627906195
798,899,101,0.101,0.1148470009866869
756,878,122,0.122,0.12255910459556617
772,886,114,0.114,0.11539469529129565
700,850,150,0.15,0.12359921612439212
732,866,134,0.134,0.12931782360852231
736,868,132,0.132,0.13558377622923581
760,880,120,0.12,0.12402187074813992
778,889,111,0.111,0.10821371129364707
756,878,122,0.122,0.1236140990218264
764,882,118,0.118,0.11464716275484534
728,864,136,0.136,0.11211111318098847
756,878,122,0.122,0.13021462901856284
746,873,127,0.127,0.14149467782641295
756,878,122,0.122,0.11507678168697748
736,868,132,0.132,0.09525565198354889
728,864,136,0.136,0.11551774149306585
822,911,89,0.089,0.09638039518287406
770,885,115,0.115,0.11595692641002825
766,883,117,0.117,0.11142782218987123
776,888,112,0.112,0.10991052347233926
690,845,155,0.155,0.13490519510582089
738,869,131,0.131,0.09937650348141323
814,907,93,0.093,0.09128329611441587
860,930,70,0.07,0.09181768054631538
778,889,111,0.111,0.11409664233820513
758,879,121,0.121,0.11163053976930679
784,892,108,0.108,0.11635397929573082
726,863,137,0.137,0.11168540694462717
744,872,128,0.128,0.1317309565724572
722,861,139,0.139,0.10895404872880317
726,863,137,0.137,0.09685270605230471
772,886,114,0.114,0.10837438833573833
752,876,124,0.124,0.10760102664731676
784,892,108,0.108,0.11922383740008809
742,871,129,0.129,0.1057161618162063
804,902,98,0.098,0.09729713397700107
760,880,120,0.12,0.10595507185265887
796,898,102,0.102,0.1024093805203447
766,883,117,0.117,0.11408817297909991
746,873,127,0.127,0.12231524788076058
816,908,92,0.092,0.08223314364405815
724,862,138,0.138,0.13358410120825284
778,889,111,0.111,0.10909468138357624
722,861,139,0.139,0.12447328583826311
782,891,109,0.109,0.11193211237329524
720,860,140,0.14,0.12445207166275941
756,878,122,0.122,0.10311860442149919
744,872,128,0.128,0.12647577134193852
766,883,117,0.117,0.11069194318528752
744,872,128,0.128,0.132978987093491
720,860,140,0.14,0.11563960988889449
784,892,108,0.108,0.1028177184839733
814,907,93,0.093,0.09351688247593119
778,889,111,0.111,0.1007293950918829
762,881,119,0.119,0.09390486086317106
788,894,106,0.106,0.10848412862309488
744,872,128,0.128,0.10707574100035708
762,881,119,0.119,0.0960187404488679
786,893,107,0.107,0.10335248448885977
798,899,101,0.101,0.09053015769727063
772,886,114,0.114,0.10609064019672224
772,886,114,0.114,0.11905950903997291
762,881,119,0.119,0.10931875001569279
756,878,122,0.122,0.11191072722605895
710,855,145,0.145,0.13657915526092984
740,870,130,0.13,0.1027754623144865
794,897,103,0.103,0.10975981160253287
788,894,106,0.106,0.12109220146143343
756,878,122,0.122,0.12647668436192908
752,876,124,0.124,0.11956088643101975
758,879,121,0.121,0.10402503604217782
748,874,126,0.126,0.1277363049063133
756,878,122,0.122,0.13721608683343947
690,845,155,0.155,0.1280221422939794
730,865,135,0.135,0.11253135838638992
792,896,104,0.104,0.0976679301019758
792,896,104,0.104,0.09948989158426412
774,887,113,0.113,0.1113862465491984
756,878,122,0.122,0.1015104154960718
686,843,157,0.157,0.1273278450351063
776,888,112,0.112,0.11258736486313864
738,869,131,0.131,0.1253263731301995
718,859,141,0.141,0.12089505499694496
780,890,110,0.11,0.11732906424155226
808,904,96,0.096,0.1173677975141909
734,867,133,0.133,0.11988064811250661
752,876,124,0.124,0.119552257246105
784,892,108,0.108,0.08924411498155678
786,893,107,0.107,0.09963107876619325
814,907,93,0.093,0.07787914518208709
774,887,113,0.113,0.10543760405038484
810,905,95,0.095,0.12115266147488728
826,913,87,0.087,0.09484114626242081
762,881,119,0.119,0.11905348300142214
810,905,95,0.095,0.10101229243911802
734,867,133,0.133,0.12418222235527356
772,886,114,0.114,0.10879886612889822
710,855,145,0.145,0.12198802418887499
724,862,138,0.138,0.09762295443133917
752,876,124,0.124,0.09482267716026399
754,877,123,0.123,0.10010925489640794
756,878,122,0.122,0.11585630945628508
730,865,135,0.135,0.12350378420064226
740,870,130,0.13,0.11719169667753158
764,882,118,0.118,0.11639280050073285
802,901,99,0.099,0.09691165391285904
778,889,111,0.111,0.09712337578774896
740,870,130,0.13,0.11327560027717845
756,878,122,0.122,0.10328510475362418
726,863,137,0.137,0.1261415273940074
820,910,90,0.09,0.10617421760212165
832,916,84,0.084,0.10047295249346644
768,884,116,0.116,0.10001047537464183
744,872,128,0.128,0.11194051207834854
744,872,128,0.128,0.10698408818419557
790,895,105,0.105,0.09795963147236034
776,888,112,0.112,0.11632484445348382
796,898,102,0.102,0.09608321036619599
738,869,131,0.131,0.12485504465971463
746,873,127,0.127,0.12934190961974673
714,857,143,0.143,0.12053668789152289
750,875,125,0.125,0.113279522555531
782,891,109,0.109,0.10345055533992127
758,879,121,0.121,0.11082730572461151
766,883,117,0.117,0.10194077082001604
786,893,107,0.107,0.09402886066192878
724,862,138,0.138,0.1072378463440109
724,862,138,0.138,0.10497219787770883
836,918,82,0.082,0.09080865896260366
706,853,147,0.147,0.10645132544671651
798,899,101,0.101,0.09751666275854222
740,870,130,0.13,0.10084817481122445
758,879,121,0.121,0.09878115648013773
764,882,118,0.118,0.12356309536925983
762,881,119,0.119,0.10393761860602535
728,864,136,0.136,0.11614599530468694
792,896,104,0.104,0.09266532909939997
722,861,139,0.139,0.12575268195322134
792,896,104,0.104,0.10945793083240278
744,872,128,0.128,0.10625488747144118
786,893,107,0.107,0.10869911887671332
740,870,130,0.13,0.11303624184272484
842,921,79,0.079,0.07722617605107371
764,882,118,0.118,0.12343636303709354
772,886,114,0.114,0.10195608336193254
758,879,121,0.121,0.11955179957521614
764,882,118,0.118,0.10049406981433276
812,906,94,0.094,0.1073202535827877
734,867,133,0.133,0.11344129271793645
804,902,98,0.098,0.11203796476556453
776,888,112,0.112,0.10172639391932171
778,889,111,0.111,0.10474617381824645
742,871,129,0.129,0.11589625297661404
738,869,131,0.131,0.09809428046410903
758,879,121,0.121,0.11765919318364468
746,873,127,0.127,0.1015887943257112
776,888,112,0.112,0.1231631296655396
832,916,84,0.084,0.08757074707269202
746,873,127,0.127,0.12039078922540648
770,885,115,0.115,0.1271103318883106
766,883,117,0.117,0.12861704975401517
704,852,148,0.148,0.11480671299784444
726,863,137,0.137,0.12068754372210241
782,891,109,0.109,0.09025077567971311
750,875,125,0.125,0.11240376589715015
722,861,139,0.139,0.10820210747922829
796,898,102,0.102,0.09468269349442562
768,884,116,0.116,0.10825426397175761
746,873,127,0.127,0.13766217137355125
736,868,132,0.132,0.1227452670908533
726,863,137,0.137,0.11246904010570143
750,875,125,0.125,0.10815762966149486
776,888,112,0.112,0.105248303178465
746,873,127,0.127,0.10401559704117244
766,883,117,0.117,0.09975036020821426
802,901,99,0.099,0.07951855546975276
772,886,114,0.114,0.11853489942941815
820,910,90,0.09,0.10278941784694325
710,855,145,0.145,0.11508917035441846
676,838,162,0.162,0.1231066576258163
726,863,137,0.137,0.11591057519771857
754,877,123,0.123,0.09143496518605389
680,840,160,0.16,0.1340144708545413
778,889,111,0.111,0.1057998539917171
766,883,117,0.117,0.09812942215439398
804,902,98,0.098,0.08441419328912161
760,880,120,0.12,0.11630591941883904
718,859,141,0.141,0.1104664105939446
776,888,112,0.112,0.10109739510272629
738,869,131,0.131,0.10650861870008521
730,865,135,0.135,0.09933593348774593
840,920,80,0.08,0.09086567666591146
790,895,105,0.105,0.0943784834902035
822,911,89,0.089,0.09979339305241593
754,877,123,0.123,0.09995811376930215
796,898,102,0.102,0.09721152843395248
780,890,110,0.11,0.11198909675481264
718,859,141,0.141,0.10013949845416938
826,913,87,0.087,0.09753555790724931
710,855,145,0.145,0.1111885926912073
762,881,119,0.119,0.1199195741849253
764,882,118,0.118,0.11063052868621889
778,889,111,0.111,0.09924384831271892
712,856,144,0.144,0.10877406927041011
762,881,119,0.119,0.10409598313889
722,861,139,0.139,0.11061740782111883
758,879,121,0.121,0.09473383994540199
724,862,138,0.138,0.12769111835141667
798,899,101,0.101,0.0990500591439777
740,870,130,0.13,0.10946222003042931
716,858,142,0.142,0.13102258594310842
694,847,153,0.153,0.1270292933852179
772,886,114,0.114,0.09916044676606543
826,913,87,0.087,0.09107278895098717
762,881,119,0.119,0.1303772348789498
780,890,110,0.11,0.10332813570229336
772,886,114,0.114,0.10576966366384295
742,871,129,0.129,0.12328294485458173
798,899,101,0.101,0.08978147943364456
788,894,106,0.106,0.10350439535768237
770,885,115,0.115,0.09326817765273154
740,870,130,0.13,0.10157731590489857
706,853,147,0.147,0.11935786048474256
802,901,99,0.099,0.0855298222603742
722,861,139,0.139,0.11817495197622338
774,887,113,0.113,0.1160874266072642
718,859,141,0.141,0.12023767236119602
756,878,122,0.122,0.12433965672017075
720,860,140,0.14,0.10110563175892458
760,880,120,0.12,0.11761139276740142
836,918,82,0.082,0.09061373662785627
722,861,139,0.139,0.11907831932074624
766,883,117,0.117,0.11856412639806513
750,875,125,0.125,0.11948280547303147
740,870,130,0.13,0.09627707854262553
734,867,133,0.133,0.10962712587532587
828,914,86,0.086,0.0843701284469571
744,872,128,0.128,0.09301978306274396
696,848,152,0.152,0.11352252968191169
816,908,92,0.092,0.10708125354803633
716,858,142,0.142,0.11458370663027745
730,865,135,0.135,0.11559158628544537
802,901,99,0.099,0.11084304524585605
764,882,118,0.118,0.099252150592627
726,863,137,0.137,0.09402839500762639
806,903,97,0.097,0.09397695311449934
824,912,88,0.088,0.09065500901988707
762,881,119,0.119,0.11549681806867011
766,883,117,0.117,0.09220890302723274
716,858,142,0.142,0.12952473493426805
770,885,115,0.115,0.10469894686194312
832,916,84,0.084,0.09207898221642244
776,888,112,0.112,0.10547788781940472
782,891,109,0.109,0.11877461752889212
784,892,108,0.108,0.11026009368154337
740,870,130,0.13,0.10609999281191267
742,871,129,0.129,0.1381156350915553
832,916,84,0.084,0.08091973911580863
756,878,122,0.122,0.11686497387429699
734,867,133,0.133,0.10741361279458943
764,882,118,0.118,0.11314498017518781
778,889,111,0.111,0.10610204184311442
738,869,131,0.131,0.11239632697007619
796,898,102,0.102,0.11128105146449525
776,888,112,0.112,0.126238477287814
786,893,107,0.107,0.10510139667976182
688,844,156,0.156,0.11926845028693787
750,875,125,0.125,0.09621171579827205
828,914,86,0.086,0.10322740508071729
808,904,96,0.096,0.08878281697107013
732,866,134,0.134,0.1123171455519041
754,877,123,0.123,0.12040877475810703
732,866,134,0.134,0.11063025742233731
782,891,109,0.109,0.10158346381603042
758,879,121,0.121,0.10355845898715779
738,869,131,0.131,0.11632630709884688
788,894,106,0.106,0.08906427734624595
760,880,120,0.12,0.0999780320036225
744,872,128,0.128,0.10571636565588415
764,882,118,0.118,0.09558568523544818
684,842,158,0.158,0.09797153519984568
806,903,97,0.097,0.0848206514522317
688,844,156,0.156,0.1380456367150764
794,897,103,0.103,0.09306836717465194
778,889,111,0.111,0.1118824326681206
762,881,119,0.119,0.09665896846586838
738,869,131,0.131,0.09317389398510569
770,885,115,0.115,0.11064493734086864
782,891,109,0.109,0.10746075271407608
790,895,105,0.105,0.0988756947470829
810,905,95,0.095,0.09785714390967042
708,854,146,0.146,0.11394689839158673
798,899,101,0.101,0.0979512833962217
778,889,111,0.111,0.08791383682648302
718,859,141,0.141,0.10830471290647983
804,902,98,0.098,0.09774538473901338
784,892,108,0.108,0.08203364661801607
766,883,117,0.117,0.09378446256439202
824,912,88,0.088,0.08542622086996562
792,896,104,0.104,0.10856045926280786
790,895,105,0.105,0.09424928233749233
768,884,116,0.116,0.10409364352253032
754,877,123,0.123,0.09653753216416226
738,869,131,0.131,0.11518982792505994
802,901,99,0.099,0.09205335224187002
778,889,111,0.111,0.12403621097304858
760,880,120,0.12,0.11761744747881311
704,852,148,0.148,0.09719273708725813
720,860,140,0.14,0.09843491580861155
790,895,105,0.105,0.07861222688737325
814,907,93,0.093,0.08973584492644295
698,849,151,0.151,0.1059681064423603
742,871,129,0.129,0.11395728065370349
782,891,109,0.109,0.10132959960761946
744,872,128,0.128,0.0940208250344731
778,889,111,0.111,0.11604339543363312
732,866,134,0.134,0.08881052117259242
736,868,132,0.132,0.11759559412358794
724,862,138,0.138,0.11635322556411848
792,896,104,0.104,0.10238972566847224
738,869,131,0.131,0.10659521571733058
738,869,131,0.131,0.09431233193399384
814,907,93,0.093,0.09256852671509841
758,879,121,0.121,0.09512210308085196
730,865,135,0.135,0.09101755585684441
772,886,114,0.114,0.0813574082563864
792,896,104,0.104,0.10180624856581562
766,883,117,0.117,0.11816297336341813
752,876,124,0.124,0.0942493399338564
710,855,145,0.145,0.1217038646027213
754,877,123,0.123,0.10245811593410326
798,899,101,0.101,0.09073699504900287
800,900,100,0.1,0.11973748266929761
740,870,130,0.13,0.1204922358270269
736,868,132,0.132,0.13344760532065994
804,902,98,0.098,0.08165895622881363
784,892,108,0.108,0.09249200616381131
746,873,127,0.127,0.12128898540695081
782,891,109,0.109,0.0882617682153359
748,874,126,0.126,0.11471350436756621
828,914,86,0.086,0.09006939622171922
730,865,135,0.135,0.10607351460447535
722,861,139,0.139,0.1035422600072343
742,871,129,0.129,0.11191007824568078
748,874,126,0.126,0.09263012545299716
744,872,128,0.128,0.12212832816632
776,888,112,0.112,0.09365421570208855
744,872,128,0.128,0.10025348933776332
776,888,112,0.112,0.09674297046852734
732,866,134,0.134,0.11487392294639721
782,891,109,0.109,0.10872795104410034
726,863,137,0.137,0.11229966856946703
782,891,109,0.109,0.11798289463634137
764,882,118,0.118,0.08512088048201985
790,895,105,0.105,0.08863146696527838
776,888,112,0.112,0.10234210748842451
736,868,132,0.132,0.13704803612863178
776,888,112,0.112,0.1184197415857925
774,887,113,0.113,0.09737733483302873
702,851,149,0.149,0.12457652018708176
802,901,99,0.099,0.097316612197028
820,910,90,0.09,0.10482239425601438
684,842,158,0.158,0.12202916939905845
796,898,102,0.102,0.09124508691066877
706,853,147,0.147,0.0989747805299703
758,879,121,0.121,0.11106955006532371
784,892,108,0.108,0.10115498302457854
786,893,107,0.107,0.09582284056887147
730,865,135,0.135,0.12054939300264232
712,856,144,0.144,0.11197095417138189
812,906,94,0.094,0.076384725433134
774,887,113,0.113,0.10851605918980203
806,903,97,0.097,0.09358027916948777
786,893,107,0.107,0.10924654228705913
714,857,143,0.143,0.10279582142090658
734,867,133,0.133,0.11244771181145916
738,869,131,0.131,0.11150434363889508
766,883,117,0.117,0.10174395159177947
736,868,132,0.132,0.09758196985046379
770,885,115,0.115,0.09456015227432363
734,867,133,0.133,0.11764978437009267
744,872,128,0.128,0.11073423129227013
762,881,119,0.119,0.09839708531340875
718,859,141,0.141,0.11313945500957198
782,891,109,0.109,0.09344666174508165
748,874,126,0.126,0.10974238654307555
774,887,113,0.113,0.09949517136218491
724,862,138,0.138,0.10494987742439844
762,881,119,0.119,0.09524537845002487
754,877,123,0.123,0.10187326889543329
760,880,120,0.12,0.11509761929843808
758,879,121,0.121,0.10168301218538545
756,878,122,0.122,0.0973909493948886
768,884,116,0.116,0.09369039999251254
790,895,105,0.105,0.0975460914154537
764,882,118,0.118,0.12129463068966288
780,890,110,0.11,0.09808996352553367
768,884,116,0.116,0.09326803006208502
736,868,132,0.132,0.10167383322754177
820,910,90,0.09,0.07732915254181717
728,864,136,0.136,0.09247650271537713
730,865,135,0.135,0.11664555842644768
780,890,110,0.11,0.09222867328929715
730,865,135,0.135,0.10730707749724389
818,909,91,0.091,0.10250916018360294
718,859,141,0.141,0.1082568674798822
724,862,138,0.138,0.11885290555190295
748,874,126,0.126,0.0998619823991321
750,875,125,0.125,0.10397546355554368
808,904,96,0.096,0.0977228920442867
806,903,97,0.097,0.0960977553006378
832,916,84,0.084,0.09851467529032379
716,858,142,0.142,0.1179521310388809
756,878,122,0.122,0.09909493117587408
758,879,121,0.121,0.07969041162729264
772,886,114,0.114,0.08128645836487704
702,851,149,0.149,0.1220351904403069
806,903,97,0.097,0.0985579937294824
826,913,87,0.087,0.07455082206302904
788,894,106,0.106,0.09492386764968978
758,879,121,0.121,0.10639769150339998
734,867,133,0.133,0.10635173931706231
774,887,113,0.113,0.0843379718393553
820,910,90,0.09,0.09384930073464057
766,883,117,0.117,0.0851773858317174
768,884,116,0.116,0.10435755391605199
758,879,121,0.121,0.08899590869923123
804,902,98,0.098,0.08417832053964958
730,865,135,0.135,0.09926087264163652
738,869,131,0.131,0.09965851900581038
708,854,146,0.146,0.09932006909011397
732,866,134,0.134,0.10389886212546844
766,883,117,0.117,0.10354174409224652
760,880,120,0.12,0.10392324624489993
792,896,104,0.104,0.08089730114449048
698,849,151,0.151,0.11456026897788979
822,911,89,0.089,0.10340780847077258
770,885,115,0.115,0.10068724171561189
726,863,137,0.137,0.10939561668969328
748,874,126,0.126,0.10744328997435514
734,867,133,0.133,0.12620598176064232
776,888,112,0.112,0.08070593871944584
668,834,166,0.166,0.11182681782846339
788,894,106,0.106,0.09193161648412934
756,878,122,0.122,0.09006433810014278
722,861,139,0.139,0.09120196745265276
780,890,110,0.11,0.0950075494593475
778,889,111,0.111,0.08856640607363078
780,890,110,0.11,0.07048689802899025
766,883,117,0.117,0.11608093592023942
686,843,157,0.157,0.10693561547389253
746,873,127,0.127,0.09825206814077683
742,871,129,0.129,0.10475057156919866
744,872,128,0.128,0.08717228806740604
746,873,127,0.127,0.09660642819618806
724,862,138,0.138,0.1159214421324432
780,890,110,0.11,0.09543706226465293
716,858,142,0.142,0.12026249730587006
754,877,123,0.123,0.09529246204905212
738,869,131,0.131,0.1051065361648798
760,880,120,0.12,0.12189126230732654
752,876,124,0.124,0.07126088620780502
780,890,110,0.11,0.10636674130451866
774,887,113,0.113,0.09595324768754654
760,880,120,0.12,0.10639849118236452
750,875,125,0.125,0.09034547905251383
732,866,134,0.134,0.10469442266103579
722,861,139,0.139,0.11110401849320624
760,880,120,0.12,0.104346794724348
780,890,110,0.11,0.10394307345873677
692,846,154,0.154,0.09401797471911413
784,892,108,0.108,0.07106972753815353
770,885,115,0.115,0.10503946156696474
754,877,123,0.123,0.0952345384885557
732,866,134,0.134,0.10840608176169916
848,924,76,0.076,0.09360832844045945
710,855,145,0.145,0.10431320507646888
780,890,110,0.11,0.09980219848151319
712,856,144,0.144,0.09961416136898334
766,883,117,0.117,0.1084833864661632
766,883,117,0.117,0.11902602208557073
770,885,115,0.115,0.09263821193692275
684,842,158,0.158,0.11072136205201968
770,885,115,0.115,0.11639197488639912
782,891,109,0.109,0.10948290921217994
760,880,120,0.12,0.09628164296888281
772,886,114,0.114,0.10035003572423011
770,885,115,0.115,0.09705553353065625
706,853,147,0.147,0.10407951340160798
818,909,91,0.091,0.08680400032340549
708,854,146,0.146,0.11362783014518209
778,889,111,0.111,0.10365031201799865
744,872,128,0.128,0.12394223946868442
750,875,125,0.125,0.09532729620777536
776,888,112,0.112,0.1010393301823642
746,873,127,0.127,0.10119424384302693
834,917,83,0.083,0.09328684209706262
818,909,91,0.091,0.08335728727842798
746,873,127,0.127,0.09649474394170102
782,891,109,0.109,0.09206132934679044
762,881,119,0.119,0.1110313195005292
824,912,88,0.088,0.08194864670711104
716,858,142,0.142,0.10472958097350783
738,869,131,0.131,0.10335635771800299
754,877,123,0.123,0.11202309051010526
692,846,154,0.154,0.10651692866813392
800,900,100,0.1,0.08098316200933187
756,878,122,0.122,0.09786638019885868
760,880,120,0.12,0.09786821643682196
802,901,99,0.099,0.0793412880928372
746,873,127,0.127,0.10254784442717209
778,889,111,0.111,0.10143586052984756
764,882,118,0.118,0.09565430961479433
752,876,124,0.124,0.10342197947041132
790,895,105,0.105,0.07449649480427616
742,871,129,0.129,0.09152585102058947
814,907,93,0.093,0.07785652374872007
802,901,99,0.099,0.07968291853467235
728,864,136,0.136,0.09804631924459682
714,857,143,0.143,0.09959459987812443
762,881,119,0.119,0.10293705986748683
756,878,122,0.122,0.08979309556428051
710,855,145,0.145,0.11299254671344533
732,866,134,0.134,0.1108480419566622
748,874,126,0.126,0.1088520967339864
722,861,139,0.139,0.12056201253761538
740,870,130,0.13,0.10717913207683887
774,887,113,0.113,0.08139075630041771
788,894,106,0.106,0.08724822345096618
760,880,120,0.12,0.09909802629833575
774,887,113,0.113,0.0880956391049549
782,891,109,0.109,0.09279041826020694
742,871,129,0.129,0.11077324070487521
764,882,118,0.118,0.09757273733336479
714,857,143,0.143,0.1127266259912285
790,895,105,0.105,0.09559386963499128
752,876,124,0.124,0.10829962168307974
798,899,101,0.101,0.10237518394377548
728,864,136,0.136,0.12489211307921505
738,869,131,0.131,0.08665699171699816
750,875,125,0.125,0.11291074603260495
802,901,99,0.099,0.08149101666820933
768,884,116,0.116,0.10307196666387608
746,873,127,0.127,0.10619767601136118
738,869,131,0.131,0.09830440608155913
772,886,114,0.114,0.1089771209191531
752,876,124,0.124,0.10162392778634967
790,895,105,0.105,0.11379804314416833
820,910,90,0.09,0.08200839345366694
772,886,114,0.114,0.10452492263284512
820,910,90,0.09,0.08610868689138443
734,867,133,0.133,0.10188967635761946
808,904,96,0.096,0.10111892542999704
706,853,147,0.147,0.10583142808708362
796,898,102,0.102,0.08411623401544056
792,896,104,0.104,0.09229820879746695
704,852,148,0.148,0.10692866599420085
758,879,121,0.121,0.09475473646773025
756,878,122,0.122,0.08449480990914163
710,855,145,0.145,0.10592415023013019
742,871,129,0.129,0.09879774345678743
766,883,117,0.117,0.08876357804899453
800,900,100,0.1,0.06966296092164703
760,880,120,0.12,0.11480417174455942
824,912,88,0.088,0.07700389988464304
758,879,121,0.121,0.10607088002504315
776,888,112,0.112,0.08925315694074379
748,874,126,0.126,0.10050372961809625
818,909,91,0.091,0.060772204650740604
756,878,122,0.122,0.08857628065359313
812,906,94,0.094,0.0828107293297071
716,858,142,0.142,0.10353495322898379
808,904,96,0.096,0.08637300244998186
804,902,98,0.098,0.07462998984580918
786,893,107,0.107,0.09686535429937067
692,846,154,0.154,0.10819893265681457
824,912,88,0.088,0.07887843012990198
748,874,126,0.126,0.1095364573035622
744,872,128,0.128,0.09581865324091632
798,899,101,0.101,0.09940545776946237
748,874,126,0.126,0.10167130630573956
788,894,106,0.106,0.07619100997640635
786,893,107,0.107,0.08882003902184078
810,905,95,0.095,0.0771016188194626
728,864,136,0.136,0.09008793441555463
708,854,146,0.146,0.09819686992024071
702,851,149,0.149,0.10453333154029679
716,858,142,0.142,0.09133226234698669
784,892,108,0.108,0.07789008585491683
760,880,120,0.12,0.10570951267657802
780,890,110,0.11,0.08534422866161913
750,875,125,0.125,0.09232958329014945
768,884,116,0.116,0.09995696841354948
752,876,124,0.124,0.09443671256373637
762,881,119,0.119,0.08717688958888176
778,889,111,0.111,0.10287561144607026
770,885,115,0.115,0.09007081088924315
710,855,145,0.145,0.12292713905707933
660,830,170,0.17,0.106379172320012
738,869,131,0.131,0.11815464673831594
728,864,136,0.136,0.08777876382740214
636,818,182,0.182,0.08781032556679566
780,890,110,0.11,0.1005494174467749
790,895,105,0.105,0.07742686880769907
690,845,155,0.155,0.1008134479377186
742,871,129,0.129,0.08278068271710072
758,879,121,0.121,0.10399416289792862
718,859,141,0.141,0.11538495828420856
752,876,124,0.124,0.0847620896331573
764,882,118,0.118,0.08915062322642188
796,898,102,0.102,0.0895468965061009
736,868,132,0.132,0.11538508366544556
772,886,114,0.114,0.09395024279513746
768,884,116,0.116,0.09578511083096965
778,889,111,0.111,0.10150096074263275
816,908,92,0.092,0.0963521856290754
754,877,123,0.123,0.0892912062909454
770,885,115,0.115,0.09460996296280064
814,907,93,0.093,0.08482993143852217
784,892,108,0.108,0.0798118890766782
732,866,134,0.134,0.09876438042370136
740,870,130,0.13,0.11425411919871112
720,860,140,0.14,0.09993093394761672
788,894,106,0.106,0.0984586956478779
780,890,110,0.11,0.08300691489793825
768,884,116,0.116,0.09098967197863385
694,847,153,0.153,0.10702963260281831
778,889,111,0.111,0.09799599102174397
790,895,105,0.105,0.09700435865006875
750,875,125,0.125,0.10357700929527346
774,887,113,0.113,0.1071452601251658
806,903,97,0.097,0.09344207040558103
724,862,138,0.138,0.1124694557946641
830,915,85,0.085,0.09631325846741674
788,894,106,0.106,0.0995354300388135
794,897,103,0.103,0.08922183685307392
728,864,136,0.136,0.11284144461760297
708,854,146,0.146,0.12831427000206896
786,893,107,0.107,0.07894985856988933
686,843,157,0.157,0.10581456721620634
772,886,114,0.114,0.10130764032388107
722,861,139,0.139,0.09248942271224223
712,856,144,0.144,0.10422476926475065
688,844,156,0.156,0.11058259744034149
810,905,95,0.095,0.07407519485161174
704,852,148,0.148,0.08508287972497056
794,897,103,0.103,0.08795218273892533
694,847,153,0.153,0.1233998277937062
696,848,152,0.152,0.1068563628095435
792,896,104,0.104,0.09121836063015508
712,856,144,0.144,0.09622363370915991
690,845,155,0.155,0.10858474090020172
754,877,123,0.123,0.10235217667394318
782,891,109,0.109,0.10539559912920231
768,884,116,0.116,0.10356257081363583
690,845,155,0.155,0.09256371748523089
752,876,124,0.124,0.09513520237803459
732,866,134,0.134,0.12402286542375805
778,889,111,0.111,0.09007452838931931
798,899,101,0.101,0.0857631419096142
792,896,104,0.104,0.08913456791394855
788,894,106,0.106,0.08643020988628268
762,881,119,0.119,0.12014378728414886
744,872,128,0.128,0.0877920823788736
834,917,83,0.083,0.0785798187097098
774,887,113,0.113,0.1124784137858078
688,844,156,0.156,0.11918897271034075
706,853,147,0.147,0.09135315503855236
786,893,107,0.107,0.09998827283584978
776,888,112,0.112,0.1105952671134146
752,876,124,0.124,0.08791989485232625
822,911,89,0.089,0.08967374150175601
784,892,108,0.108,0.08504402318233042
770,885,115,0.115,0.06851373577589402
718,859,141,0.141,0.11149770329758758
758,879,121,0.121,0.09053715653176186
772,886,114,0.114,0.09842482101439964
792,896,104,0.104,0.08651238201062006
722,861,139,0.139,0.13107382641796722
734,867,133,0.133,0.08866122281692515
760,880,120,0.12,0.10933361544675427
776,888,112,0.112,0.06745925099146552
666,833,167,0.167,0.11710870998521568
714,857,143,0.143,0.0854914714852348
772,886,114,0.114,0.11006227429793217
738,869,131,0.131,0.10370010022236965
788,894,106,0.106,0.08910765431763139
704,852,148,0.148,0.11373527788918
834,917,83,0.083,0.08491754226011107
766,883,117,0.117,0.09826613567222375
804,902,98,0.098,0.10594049692497357
748,874,126,0.126,0.08886265281692612
754,877,123,0.123,0.10882204552611802
782,891,109,0.109,0.082158805206127
792,896,104,0.104,0.08566098221461288
822,911,89,0.089,0.07657387603656389
850,925,75,0.075,0.084634705123608
754,877,123,0.123,0.09345649073820096
816,908,92,0.092,0.09153886829374824
776,888,112,0.112,0.09994710221447167
766,883,117,0.117,0.08505572317162295
804,902,98,0.098,0.09190903774951585
768,884,116,0.116,0.09498375796849723
804,902,98,0.098,0.08576603879060712
724,862,138,0.138,0.10345212000305765
798,899,101,0.101,0.07022017070662696
770,885,115,0.115,0.07482914426375646
788,894,106,0.106,0.09727680632639385
746,873,127,0.127,0.07750269608219969
802,901,99,0.099,0.08209925791008572
744,872,128,0.128,0.09538462407409679
814,907,93,0.093,0.07354174106696156
758,879,121,0.121,0.07349353248393163
760,880,120,0.12,0.08858466229238547
774,887,113,0.113,0.08836928245006129
756,878,122,0.122,0.09794417917111423
810,905,95,0.095,0.07408834786026273
752,876,124,0.124,0.10155442246532766
734,867,133,0.133,0.11239687635668087
742,871,129,0.129,0.09659695113245106
826,913,87,0.087,0.0806873437736649
760,880,120,0.12,0.10420082439179532
754,877,123,0.123,0.08985321851097978
752,876,124,0.124,0.08629439969110536
818,909,91,0.091,0.08288252552883932
786,893,107,0.107,0.10526560363755562
780,890,110,0.11,0.0901465478167811
744,872,128,0.128,0.10003996704949532
756,878,122,0.122,0.10097101389977615
764,882,118,0.118,0.09448339513936663
668,834,166,0.166,0.09929549333604518
776,888,112,0.112,0.09631446444483299
788,894,106,0.106,0.08007572714204435
752,876,124,0.124,0.08362229073529306
802,901,99,0.099,0.07988939467194724
676,838,162,0.162,0.10167193125793711
768,884,116,0.116,0.08627870057779365
804,902,98,0.098,0.0938327963319607
782,891,109,0.109,0.0832195009085699
724,862,138,0.138,0.10963381673589902
732,866,134,0.134,0.09941242157970555
816,908,92,0.092,0.09095923547755229
770,885,115,0.115,0.08072028932883404
764,882,118,0.118,0.09230142689310014
776,888,112,0.112,0.09169257631350775
826,913,87,0.087,0.0894796907993241
782,891,109,0.109,0.08601181495375931
742,871,129,0.129,0.09944114330972662
746,873,127,0.127,0.0874597687528003
822,911,89,0.089,0.07893528705684003
718,859,141,0.141,0.09702609897674119
728,864,136,0.136,0.08682716728141532
768,884,116,0.116,0.0890551939883735
794,897,103,0.103,0.11997752016608138
792,896,104,0.104,0.07493609143630602
836,918,82,0.082,0.0858968440425233
776,888,112,0.112,0.09188918983199983
816,908,92,0.092,0.07633250528661302
818,909,91,0.091,0.08156388649647124
800,900,100,0.1,0.0782996525268536
698,849,151,0.151,0.10299340372654842
778,889,111,0.111,0.08498133438749937
728,864,136,0.136,0.10634027053951285
734,867,133,0.133,0.08325900144304614
758,879,121,0.121,0.0909922508354939
716,858,142,0.142,0.09555210794741288
732,866,134,0.134,0.10355313894798747
754,877,123,0.123,0.08371582407377719
712,856,144,0.144,0.1024687946435879
768,884,116,0.116,0.08544788725848776
752,876,124,0.124,0.11063948488922325
788,894,106,0.106,0.09810120531404391
760,880,120,0.12,0.08266400252876338
690,845,155,0.155,0.09957426124479389
810,905,95,0.095,0.08414610835991335
804,902,98,0.098,0.0791584264873527
780,890,110,0.11,0.08656380544658168
770,885,115,0.115,0.10053118324140087
746,873,127,0.127,0.09551821441494394
806,903,97,0.097,0.08748999737619306
790,895,105,0.105,0.07868459907069336
812,906,94,0.094,0.07740471060814161
800,900,100,0.1,0.07858208442211617
762,881,119,0.119,0.07737996615975862
738,869,131,0.131,0.08788344196874823
794,897,103,0.103,0.08164998675900279
834,917,83,0.083,0.07619858520547859
724,862,138,0.138,0.0988796580816852
698,849,151,0.151,0.08998572771745966
802,901,99,0.099,0.08114469841998652
782,891,109,0.109,0.08537012138904539
716,858,142,0.142,0.08296871956880204
734,867,133,0.133,0.09507238191153737
714,857,143,0.143,0.1181971736085834
816,908,92,0.092,0.06404202290705871
778,889,111,0.111,0.08480884879850782
776,888,112,0.112,0.08528604380914476
736,868,132,0.132,0.10568500513001346
726,863,137,0.137,0.12635146134148817
766,883,117,0.117,0.09695646503847093
764,882,118,0.118,0.09476223358942662
722,861,139,0.139,0.09132071804034057
770,885,115,0.115,0.08567541913792956
744,872,128,0.128,0.10004032315383665
760,880,120,0.12,0.08271925382911285
738,869,131,0.131,0.10432930849737022
702,851,149,0.149,0.09902352442173287
808,904,96,0.096,0.08828354663978098
710,855,145,0.145,0.11620207195763942
764,882,118,0.118,0.09805887465260457
786,893,107,0.107,0.08088304076658095
766,883,117,0.117,0.10500017624010798
772,886,114,0.114,0.0803671216936782
808,904,96,0.096,0.0942004045592621
728,864,136,0.136,0.10015207366936374
780,890,110,0.11,0.09271509574446828
780,890,110,0.11,0.09755778576471494
794,897,103,0.103,0.08539306210540235
816,908,92,0.092,0.07861947499832604
764,882,118,0.118,0.09689111089915968
754,877,123,0.123,0.08837626785083558
812,906,94,0.094,0.0750513426643447
734,867,133,0.133,0.10420926146069541
820,910,90,0.09,0.06714969890052452
808,904,96,0.096,0.07897161476133624
772,886,114,0.114,0.1018478622808616
724,862,138,0.138,0.08617599635128863
756,878,122,0.122,0.08150085111416411
766,883,117,0.117,0.09418954729210235
702,851,149,0.149,0.0926483991096029
804,902,98,0.098,0.09209088399238317
786,893,107,0.107,0.08458551697438815
724,862,138,0.138,0.10093909465090838
784,892,108,0.108,0.08044254699518205
782,891,109,0.109,0.07818759436026448
746,873,127,0.127,0.105246002840664
648,824,176,0.176,0.1249343964154832
780,890,110,0.11,0.08623542188445572
740,870,130,0.13,0.08784493505168939
818,909,91,0.091,0.08772395646688529
806,903,97,0.097,0.08094382197316737
822,911,89,0.089,0.09140214241074864
794,897,103,0.103,0.07175769770727493
802,901,99,0.099,0.07271281325101155
728,864,136,0.136,0.08086609749263153
772,886,114,0.114,0.08646737738116644
800,900,100,0.1,0.09039974832267035
786,893,107,0.107,0.08100248686841223
788,894,106,0.106,0.07463581713696477
782,891,109,0.109,0.07541632428296725
704,852,148,0.148,0.10708152498293202
794,897,103,0.103,0.09447507589182351
674,837,163,0.163,0.09793058833002578
708,854,146,0.146,0.11026854572998127
810,905,95,0.095,0.0656611409226316
768,884,116,0.116,0.09698382527433569
758,879,121,0.121,0.08865275684546213
748,874,126,0.126,0.08103791179151448
730,865,135,0.135,0.09777357333293185
782,891,109,0.109,0.07822021773655433
758,879,121,0.121,0.08935357719147578
754,877,123,0.123,0.08309351463543135
786,893,107,0.107,0.07345091010897886
706,853,147,0.147,0.09260111017743475
764,882,118,0.118,0.10796222312864848
736,868,132,0.132,0.10064867570000934
770,885,115,0.115,0.09029570779495406
726,863,137,0.137,0.0910244167544879
706,853,147,0.147,0.09054204855009448
724,862,138,0.138,0.09323647096444619
758,879,121,0.121,0.0975940011938801
836,918,82,0.082,0.06802398185426137
730,865,135,0.135,0.08325145440304187
834,917,83,0.083,0.07486579234385862
738,869,131,0.131,0.09802123568247771
770,885,115,0.115,0.07527346548211063
756,878,122,0.122,0.09265382161331945
774,887,113,0.113,0.07788789681217168
804,902,98,0.098,0.08209022199735046
778,889,111,0.111,0.08917451716761571
778,889,111,0.111,0.0820601434725977
782,891,109,0.109,0.07617910141719039
804,902,98,0.098,0.07673932918415084
770,885,115,0.115,0.09329890097590396
808,904,96,0.096,0.08377531777624972
854,927,73,0.073,0.06845394341432257
756,878,122,0.122,0.09680862695533142
694,847,153,0.153,0.11350872040528338
792,896,104,0.104,0.07016359413287136
730,865,135,0.135,0.08001837120746495
752,876,124,0.124,0.0953606110549299
780,890,110,0.11,0.07776881837984546
794,897,103,0.103,0.08554152928106487
714,857,143,0.143,0.08812396507640369
758,879,121,0.121,0.0724073520130769
768,884,116,0.116,0.0856781571546453
726,863,137,0.137,0.08981289963144809
758,879,121,0.121,0.07589645159023348
770,885,115,0.115,0.08063746810064186
732,866,134,0.134,0.09101179555809358
692,846,154,0.154,0.09551497308188119
710,855,145,0.145,0.09648914468637668
808,904,96,0.096,0.08459459735907149
708,854,146,0.146,0.09536120803817175
776,888,112,0.112,0.09348057136440184
730,865,135,0.135,0.0942123147691018
772,886,114,0.114,0.08234872184871346
704,852,148,0.148,0.10604715061496245
718,859,141,0.141,0.0910691377762123
746,873,127,0.127,0.09041789819012047
784,892,108,0.108,0.08050414392480161
714,857,143,0.143,0.09952431028289721
806,903,97,0.097,0.07493310185929294
756,878,122,0.122,0.09128346246108412
734,867,133,0.133,0.0832760381095577
746,873,127,0.127,0.08823238883691374
744,872,128,0.128,0.10481424397509545
766,883,117,0.117,0.09108531932032202
818,909,91,0.091,0.08566944554110523
752,876,124,0.124,0.09111106268543517
722,861,139,0.139,0.1046241463930346
748,874,126,0.126,0.09869485745421844
674,837,163,0.163,0.09194727750553283
810,905,95,0.095,0.08355007185065187
722,861,139,0.139,0.10303900888649514
758,879,121,0.121,0.08848776542767882
680,840,160,0.16,0.08346619539777748
754,877,123,0.123,0.08523232715818449
820,910,90,0.09,0.09270348629643559
702,851,149,0.149,0.09383285020879703
714,857,143,0.143,0.09149288848030847
828,914,86,0.086,0.07600989165413194
702,851,149,0.149,0.10324424242851092
786,893,107,0.107,0.07226423752179835
768,884,116,0.116,0.09416456306399777
792,896,104,0.104,0.0896649946863763
682,841,159,0.159,0.12318071969982702
768,884,116,0.116,0.10236753667140147
712,856,144,0.144,0.09378651635791176
744,872,128,0.128,0.08315034846181515
818,909,91,0.091,0.07530098096188158
750,875,125,0.125,0.10382284011924639
814,907,93,0.093,0.08234540386992739
734,867,133,0.133,0.07901051580886997
704,852,148,0.148,0.1048918198877509
776,888,112,0.112,0.07832565452321433
748,874,126,0.126,0.08740457072350546
856,928,72,0.072,0.07138790092228738
754,877,123,0.123,0.088781202615879
760,880,120,0.12,0.09011519118421711
742,871,129,0.129,0.08739230038388632
734,867,133,0.133,0.09072024728695396
770,885,115,0.115,0.09374740189808653
764,882,118,0.118,0.07863761267170775
798,899,101,0.101,0.06529324334766716
754,877,123,0.123,0.09131719631695887
748,874,126,0.126,0.08689152317575645
772,886,114,0.114,0.07796810079482384
768,884,116,0.116,0.08377644348394825
724,862,138,0.138,0.09190058665373363
734,867,133,0.133,0.08678289202298038
764,882,118,0.118,0.08297915394245502
774,887,113,0.113,0.0685692883754964
752,876,124,0.124,0.07655992275755852
794,897,103,0.103,0.0907832333156839
800,900,100,0.1,0.08717817250778899
700,850,150,0.15,0.09129827562917489
714,857,143,0.143,0.09951886856858619
738,869,131,0.131,0.09254123378335498
750,875,125,0.125,0.08507181021216093
744,872,128,0.128,0.07746262072480749
688,844,156,0.156,0.09718432821240276
796,898,102,0.102,0.07468044753922731
798,899,101,0.101,0.07446293357410468
776,888,112,0.112,0.0902747243125923
764,882,118,0.118,0.07696065235347486
678,839,161,0.161,0.08973134001105791
756,878,122,0.122,0.08755698978737927
782,891,109,0.109,0.09047473009250825
758,879,121,0.121,0.10112060992012266
690,845,155,0.155,0.0897000802217517
786,893,107,0.107,0.0849902938065352
784,892,108,0.108,0.08238833606615663
824,912,88,0.088,0.07845058885053731
690,845,155,0.155,0.097133686696121
738,869,131,0.131,0.09005127778335009
714,857,143,0.143,0.1036715853237547
736,868,132,0.132,0.09547684522031341
796,898,102,0.102,0.08533106486219913
754,877,123,0.123,0.103560609532753
744,872,128,0.128,0.09727728548436426
792,896,104,0.104,0.07450893106845614
746,873,127,0.127,0.09134662477509119
842,921,79,0.079,0.08535895256523508
774,887,113,0.113,0.07804784975969233
808,904,96,0.096,0.08117516334529501
754,877,123,0.123,0.07827785761537961
718,859,141,0.141,0.08159696946642361
830,915,85,0.085,0.06981568824569695
780,890,110,0.11,0.08933710998954485
822,911,89,0.089,0.07928420686093159
742,871,129,0.129,0.09763168336042873
782,891,109,0.109,0.08810056309367065
768,884,116,0.116,0.07445357515655633
720,860,140,0.14,0.08363240828970447
832,916,84,0.084,0.06044006938589155
844,922,78,0.078,0.06655640745226993
782,891,109,0.109,0.08113459336769302
732,866,134,0.134,0.0952272808465641
780,890,110,0.11,0.08787329552927986
760,880,120,0.12,0.08262362568452954
766,883,117,0.117,0.08317637340223882
732,866,134,0.134,0.09040275564754847
778,889,111,0.111,0.0841027333305683
806,903,97,0.097,0.08951582397494348
756,878,122,0.122,0.07536799216951476
810,905,95,0.095,0.08132203571719583
708,854,146,0.146,0.09797803893224045
740,870,130,0.13,0.08236617100331932
728,864,136,0.136,0.121954079003277
740,870,130,0.13,0.09516394128557294
824,912,88,0.088,0.0788413690730813
798,899,101,0.101,0.08764470398756384
744,872,128,0.128,0.09296563229273307
782,891,109,0.109,0.07931859316304327
662,831,169,0.169,0.09432613075210247
778,889,111,0.111,0.0760262044336414
774,887,113,0.113,0.07926572988450062
774,887,113,0.113,0.086157964141923
782,891,109,0.109,0.08795188783149933
760,880,120,0.12,0.10312980756268371
754,877,123,0.123,0.08555789389257552
746,873,127,0.127,0.08137639444915112
780,890,110,0.11,0.07958991887082811
716,858,142,0.142,0.09292496696370654
798,899,101,0.101,0.07977749134635087
794,897,103,0.103,0.08615599494511844
746,873,127,0.127,0.09311296006501653
818,909,91,0.091,0.07646614888083422
770,885,115,0.115,0.07340599257385474
806,903,97,0.097,0.0795327046160819
778,889,111,0.111,0.07030764074489707
724,862,138,0.138,0.0863044867980061
726,863,137,0.137,0.08452984376467065
784,892,108,0.108,0.08708685939607676
762,881,119,0.119,0.07831980409435346
742,871,129,0.129,0.092677267641644
704,852,148,0.148,0.08601769825437805
780,890,110,0.11,0.1024776156079024
786,893,107,0.107,0.08182664376014145
806,903,97,0.097,0.07553936791536399
744,872,128,0.128,0.09577969475783175
766,883,117,0.117,0.08581430831417675
734,867,133,0.133,0.1029797632439877
734,867,133,0.133,0.0885936844960088
732,866,134,0.134,0.071536688527558
784,892,108,0.108,0.07033728852198692
740,870,130,0.13,0.10997272476181388
714,857,143,0.143,0.08569362121378071
786,893,107,0.107,0.08412479283311404
800,900,100,0.1,0.07229123586625792
770,885,115,0.115,0.08404977801913628
760,880,120,0.12,0.0736757684481563
730,865,135,0.135,0.07366393612429965
740,870,130,0.13,0.08999179996032035
732,866,134,0.134,0.10386539975902997
784,892,108,0.108,0.07345679188554641
678,839,161,0.161,0.10999059858219698
762,881,119,0.119,0.07516779590898659
772,886,114,0.114,0.07616246722789947
812,906,94,0.094,0.07741982105188072
822,911,89,0.089,0.08159251838515047
786,893,107,0.107,0.06899021724594058
798,899,101,0.101,0.0768978679542779
766,883,117,0.117,0.07903605205519125
758,879,121,0.121,0.0965146246131044
734,867,133,0.133,0.0802937055034563
818,909,91,0.091,0.07686289644869976
760,880,120,0.12,0.09930155175460095
778,889,111,0.111,0.08746255730475241
730,865,135,0.135,0.11315445507358526
806,903,97,0.097,0.08314117915503448
788,894,106,0.106,0.08848065515817143
716,858,142,0.142,0.07801324305986054
740,870,130,0.13,0.09011787375417771
692,846,154,0.154,0.12091181408788543
738,869,131,0.131,0.08339530918130185
744,872,128,0.128,0.08322797770134639
750,875,125,0.125,0.09013858931721189
808,904,96,0.096,0.07307461633294587
740,870,130,0.13,0.08360836397777893
764,882,118,0.118,0.08708096544264117
792,896,104,0.104,0.0905195128871128
748,874,126,0.126,0.09413195806532167
762,881,119,0.119,0.08348872940809815
764,882,118,0.118,0.07990875471851905
750,875,125,0.125,0.07583583669582732
786,893,107,0.107,0.08122181358071975
770,885,115,0.115,0.08235796400945401
742,871,129,0.129,0.09235963871469721
698,849,151,0.151,0.0912863996878732
778,889,111,0.111,0.08409635276452172
770,885,115,0.115,0.08506406456691912
740,870,130,0.13,0.09922077016031836
734,867,133,0.133,0.08076613060662931
752,876,124,0.124,0.09075361000234261
790,895,105,0.105,0.08346259920834563
752,876,124,0.124,0.07381026692164597
714,857,143,0.143,0.085744870691502
742,871,129,0.129,0.09420284392667236
782,891,109,0.109,0.07262466532189865
732,866,134,0.134,0.09205538980837445
778,889,111,0.111,0.09218877124722348
776,888,112,0.112,0.09708832990867086
758,879,121,0.121,0.08423313801526092
800,900,100,0.1,0.06961694557021837
728,864,136,0.136,0.09398418855588533
744,872,128,0.128,0.08552973881998333
792,896,104,0.104,0.06784155675652437
754,877,123,0.123,0.08108657016947836
790,895,105,0.105,0.07539773796053487
830,915,85,0.085,0.0654937727752258
792,896,104,0.104,0.07055067668005359
764,882,118,0.118,0.07624764053639956
772,886,114,0.114,0.1007385446773842
720,860,140,0.14,0.08844550991799043
764,882,118,0.118,0.07768861399381422
730,865,135,0.135,0.08599176754202927
830,915,85,0.085,0.06660154787584907
756,878,122,0.122,0.07989953702955972
796,898,102,0.102,0.06481519767246209
776,888,112,0.112,0.07669980806310195
750,875,125,0.125,0.08289183285925537
732,866,134,0.134,0.0977955398390186
790,895,105,0.105,0.06571245399035978
760,880,120,0.12,0.08629958569200244
800,900,100,0.1,0.06988749042566633
778,889,111,0.111,0.08232443121130928
776,888,112,0.112,0.09392582758003845
776,888,112,0.112,0.0741204838489648
752,876,124,0.124,0.08168152897985419
740,870,130,0.13,0.07267149159186374
794,897,103,0.103,0.07221261307911482
792,896,104,0.104,0.07948762729531154
724,862,138,0.138,0.09210258309630444
784,892,108,0.108,0.07702044172232854
776,888,112,0.112,0.09072399948868122
772,886,114,0.114,0.06903688682615756
796,898,102,0.102,0.08160117983682721
712,856,144,0.144,0.07697773916192818
782,891,109,0.109,0.06295011188776697
770,885,115,0.115,0.1050150291940663
692,846,154,0.154,0.09182668715238106
742,871,129,0.129,0.09235747645812807
754,877,123,0.123,0.08161879210267216
770,885,115,0.115,0.08156929611321538
724,862,138,0.138,0.07440356150854495
662,831,169,0.169,0.10261631011159625
798,899,101,0.101,0.07045047021436039
774,887,113,0.113,0.07565561452857218
720,860,140,0.14,0.09630480321194045
758,879,121,0.121,0.0772617097684415
810,905,95,0.095,0.07692642887413967
778,889,111,0.111,0.07745096105831908
750,875,125,0.125,0.08210492809931748
726,863,137,0.137,0.07931879523591488
780,890,110,0.11,0.08257145966304233
742,871,129,0.129,0.09531889759772458
732,866,134,0.134,0.0940081289432419
788,894,106,0.106,0.0750779959844076
792,896,104,0.104,0.07611211903730873
772,886,114,0.114,0.07623410958540626
770,885,115,0.115,0.07847634376392762
782,891,109,0.109,0.07865239100434701
870,935,65,0.065,0.06700181123887887
782,891,109,0.109,0.0917781166684581
822,911,89,0.089,0.07876320588725502
730,865,135,0.135,0.08467180571053178
770,885,115,0.115,0.08319507078884635
730,865,135,0.135,0.09430001960741356
750,875,125,0.125,0.08215704339250805
720,860,140,0.14,0.08434800289972919
694,847,153,0.153,0.09213470042170957
714,857,143,0.143,0.07450733039010084
758,879,121,0.121,0.07472090275987284
712,856,144,0.144,0.11017775888298638
766,883,117,0.117,0.07910366256616544
708,854,146,0.146,0.08756209608336211
728,864,136,0.136,0.08127148748014588
762,881,119,0.119,0.08396514933940488
786,893,107,0.107,0.08408715746193775
764,882,118,0.118,0.08386474833905232
820,910,90,0.09,0.08149250538623892
750,875,125,0.125,0.08263842062314507
676,838,162,0.162,0.10235852477536536
738,869,131,0.131,0.08219176688305743
798,899,101,0.101,0.07806697464617901
796,898,102,0.102,0.08130888000386767
752,876,124,0.124,0.08775532364204991
730,865,135,0.135,0.09548417149257148
752,876,124,0.124,0.08617716213234235
706,853,147,0.147,0.10950660616671666
732,866,134,0.134,0.07106421407143353
748,874,126,0.126,0.08225781624283991
776,888,112,0.112,0.0748309532617859
750,875,125,0.125,0.0827379101876868
702,851,149,0.149,0.09251860395888797
786,893,107,0.107,0.06645045886561275
810,905,95,0.095,0.07591502015013248
814,907,93,0.093,0.07102631959563586
732,866,134,0.134,0.09902288211532868
812,906,94,0.094,0.06506288262479938
748,874,126,0.126,0.08022164394002175
718,859,141,0.141,0.08596091437735595
720,860,140,0.14,0.08420210925128777
794,897,103,0.103,0.06994475544360466
772,886,114,0.114,0.07896799717031536
754,877,123,0.123,0.0821149569841109
776,888,112,0.112,0.0880039681805938
722,861,139,0.139,0.07923716500320006
780,890,110,0.11,0.08051582531390886
732,866,134,0.134,0.08405414989113343
690,845,155,0.155,0.08760887339839246
752,876,124,0.124,0.07849003810691647
748,874,126,0.126,0.0678013358884491
756,878,122,0.122,0.07025257026506006
766,883,117,0.117,0.08240854069415945
802,901,99,0.099,0.0782018431800534
802,901,99,0.099,0.0839468595694052
810,905,95,0.095,0.08931090812606271
774,887,113,0.113,0.08851866647723364
760,880,120,0.12,0.07488099063147093
784,892,108,0.108,0.07474516310554463
718,859,141,0.141,0.10059397830994567
744,872,128,0.128,0.08037544340925525
786,893,107,0.107,0.08522682859061752
752,876,124,0.124,0.0755423562086653
808,904,96,0.096,0.06398468694859184
728,864,136,0.136,0.11015389728534501
776,888,112,0.112,0.08901722017594148
714,857,143,0.143,0.09477000387536827
718,859,141,0.141,0.08346648035972612
774,887,113,0.113,0.08398360465758015
816,908,92,0.092,0.06296185783622786
822,911,89,0.089,0.0767687687559519
774,887,113,0.113,0.07082592414040119
780,890,110,0.11,0.0972231921138009
760,880,120,0.12,0.08209123017592355
798,899,101,0.101,0.08140029787551611
742,871,129,0.129,0.09154813093916164
782,891,109,0.109,0.08318549369683023
802,901,99,0.099,0.06173732400662266
808,904,96,0.096,0.06818871940532699
734,867,133,0.133,0.08479328806903505
776,888,112,0.112,0.08757800310931634
748,874,126,0.126,0.08619894200051204
708,854,146,0.146,0.09493105404474772
700,850,150,0.15,0.08103296366939321
780,890,110,0.11,0.07117597923251742
786,893,107,0.107,0.06946187143195129
752,876,124,0.124,0.07150500050547999
766,883,117,0.117,0.07858261210389901
780,890,110,0.11,0.09202573200967162
786,893,107,0.107,0.07934885611527534
786,893,107,0.107,0.07842261932356633
824,912,88,0.088,0.08378196818823926
732,866,134,0.134,0.09278996565146372
790,895,105,0.105,0.06830541676830035
782,891,109,0.109,0.07622410483122803
798,899,101,0.101,0.0929189042194048
740,870,130,0.13,0.09208663986914326
768,884,116,0.116,0.07975297100243915
804,902,98,0.098,0.07717346897372045
788,894,106,0.106,0.08690977473295061
798,899,101,0.101,0.07289433071902021
716,858,142,0.142,0.07957793698801834
726,863,137,0.137,0.0792979486330878
728,864,136,0.136,0.09962546712881885
714,857,143,0.143,0.08200491489458364
764,882,118,0.118,0.07553236230503535
780,890,110,0.11,0.07942084101203363
768,884,116,0.116,0.09490238742879592
782,891,109,0.109,0.07310870592994616
714,857,143,0.143,0.10111739684565692
818,909,91,0.091,0.06190046742476989
710,855,145,0.145,0.08891644297470339
800,900,100,0.1,0.06711916577257215
738,869,131,0.131,0.07944972302485258
788,894,106,0.106,0.08554846570338123
768,884,116,0.116,0.08815592675886
778,889,111,0.111,0.06936200282617938
762,881,119,0.119,0.07376950687228237
770,885,115,0.115,0.07147841821971815
830,915,85,0.085,0.07123493664566559
780,890,110,0.11,0.07757072290309588
740,870,130,0.13,0.06827780978679493
760,880,120,0.12,0.09037437322648476
722,861,139,0.139,0.06711334188104956
808,904,96,0.096,0.060208492379140804
734,867,133,0.133,0.09735929574351758
782,891,109,0.109,0.07968890788400312
736,868,132,0.132,0.08041868079514825
792,896,104,0.104,0.06749765262154687
752,876,124,0.124,0.0864708148874488
748,874,126,0.126,0.07400265504806884
780,890,110,0.11,0.08772559201694094
738,869,131,0.131,0.07201712432558997
792,896,104,0.104,0.0887470677139354
770,885,115,0.115,0.07336186612513848
780,890,110,0.11,0.0742941134032153
750,875,125,0.125,0.0807570593158598
798,899,101,0.101,0.07238364711252507
790,895,105,0.105,0.08110533427423798
762,881,119,0.119,0.07558756952628028
744,872,128,0.128,0.09302438788569999
794,897,103,0.103,0.08039779138728045
708,854,146,0.146,0.08138355090108235
784,892,108,0.108,0.08661951716430485
772,886,114,0.114,0.06804627308086492
772,886,114,0.114,0.0770050696338294
830,915,85,0.085,0.05543670162471244
774,887,113,0.113,0.07601636231236625
788,894,106,0.106,0.07460008324062802
744,872,128,0.128,0.07705802315456094
696,848,152,0.152,0.0843458965793252
820,910,90,0.09,0.06974344659899362
800,900,100,0.1,0.09275321918731788
782,891,109,0.109,0.073588331713152
714,857,143,0.143,0.09342649156722473
722,861,139,0.139,0.08575673056952655
740,870,130,0.13,0.1016207930331002
804,902,98,0.098,0.05547219837241573
790,895,105,0.105,0.0659640003038221
748,874,126,0.126,0.07847565535589819
792,896,104,0.104,0.0790118462536484
832,916,84,0.084,0.07235941600170918
756,878,122,0.122,0.07601661967596737
714,857,143,0.143,0.07928613439924084
742,871,129,0.129,0.08292445485317149
776,888,112,0.112,0.07422719542018603
732,866,134,0.134,0.09951365533535136
748,874,126,0.126,0.07752473233698401
694,847,153,0.153,0.07617885916429805
776,888,112,0.112,0.07548084828193533
804,902,98,0.098,0.08491497616027482
730,865,135,0.135,0.08763005861418788
724,862,138,0.138,0.08305830095562851
736,868,132,0.132,0.09301978063985007
700,850,150,0.15,0.0820806860156008
772,886,114,0.114,0.0716300061396887
726,863,137,0.137,0.08124328801245428
798,899,101,0.101,0.07969140153471381
734,867,133,0.133,0.09240628322545671
740,870,130,0.13,0.060549410962907134
788,894,106,0.106,0.06565965661621885
776,888,112,0.112,0.07216667529544793
744,872,128,0.128,0.08418178348336369
748,874,126,0.126,0.07412278156843968
744,872,128,0.128,0.07538628267642343
754,877,123,0.123,0.08523393044096883
774,887,113,0.113,0.07269368535117973
748,874,126,0.126,0.08429429839883232
758,879,121,0.121,0.07205784064414911
738,869,131,0.131,0.08434286191727733
762,881,119,0.119,0.08074167883794871
766,883,117,0.117,0.0847113219553139
738,869,131,0.131,0.09429823136259802
766,883,117,0.117,0.09055924236937427
724,862,138,0.138,0.08809566686819016
700,850,150,0.15,0.11767074238829082
798,899,101,0.101,0.061505096254870294
760,880,120,0.12,0.08001263671193738
744,872,128,0.128,0.07155248627165565
756,878,122,0.122,0.09287995590269565
790,895,105,0.105,0.08152151886280626
746,873,127,0.127,0.08442756737454328
750,875,125,0.125,0.08540548010228667
766,883,117,0.117,0.0901558440127701
740,870,130,0.13,0.07933771342720138
788,894,106,0.106,0.07342199254583101
742,871,129,0.129,0.07470628020534059
738,869,131,0.131,0.06782876638559901
790,895,105,0.105,0.06855359811102972
776,888,112,0.112,0.07686088806437329
720,860,140,0.14,0.071658606013807
764,882,118,0.118,0.06685336839320372
744,872,128,0.128,0.07794137658143882
738,869,131,0.131,0.09043544840137474
692,846,154,0.154,0.08539173557434697
748,874,126,0.126,0.08844149837270379
838,919,81,0.081,0.05632403772155521
776,888,112,0.112,0.085287250600697
750,875,125,0.125,0.07270663501234959
808,904,96,0.096,0.07203499406343326
738,869,131,0.131,0.08544685774907702
756,878,122,0.122,0.08391208023566286
810,905,95,0.095,0.06723206759642926
786,893,107,0.107,0.06958154131856281
732,866,134,0.134,0.08547551578062121
734,867,133,0.133,0.08963075293262955
816,908,92,0.092,0.07650472726579756
768,884,116,0.116,0.07606556460185675
750,875,125,0.125,0.06913309927680529
728,864,136,0.136,0.09048295010015135
776,888,112,0.112,0.06987989768607077
740,870,130,0.13,0.07702790213795378
756,878,122,0.122,0.06379178174014669
702,851,149,0.149,0.094441670447879
778,889,111,0.111,0.08325967484526337
770,885,115,0.115,0.07619456167711178
764,882,118,0.118,0.07823236488434486
744,872,128,0.128,0.0791618551920983
748,874,126,0.126,0.08285575757344486
802,901,99,0.099,0.07915304902085336
740,870,130,0.13,0.07931900515823509
772,886,114,0.114,0.05981379412191745
778,889,111,0.111,0.05996188190160319
768,884,116,0.116,0.08592127087619156
758,879,121,0.121,0.07049312517652288
850,925,75,0.075,0.0633671957780607
770,885,115,0.115,0.07487274281439023
782,891,109,0.109,0.07680029263731558
772,886,114,0.114,0.08649442257772898
724,862,138,0.138,0.07810261143893513
696,848,152,0.152,0.07561067365010968
704,852,148,0.148,0.10484822061052546
750,875,125,0.125,0.09322682794905268
780,890,110,0.11,0.08462116105249151
660,830,170,0.17,0.08339327502551577
732,866,134,0.134,0.08984709710866445
806,903,97,0.097,0.06352892542263726
786,893,107,0.107,0.06740866384209948
770,885,115,0.115,0.06230397043123958
786,893,107,0.107,0.07810099669441115
774,887,113,0.113,0.072954618172138
766,883,117,0.117,0.07225887606444303
722,861,139,0.139,0.06324426790943835
802,901,99,0.099,0.06492342453216406
776,888,112,0.112,0.07385649579484016
788,894,106,0.106,0.07043865140760318
772,886,114,0.114,0.07264162392754224
750,875,125,0.125,0.08442165886398288
742,871,129,0.129,0.09361569019290619
792,896,104,0.104,0.07341159123351099
808,904,96,0.096,0.07108915466605685
770,885,115,0.115,0.07449668519181432
764,882,118,0.118,0.07070720718281519
766,883,117,0.117,0.06991108203990734
816,908,92,0.092,0.0676979375613737
806,903,97,0.097,0.06422026387312507
824,912,88,0.088,0.07555150980036705
750,875,125,0.125,0.08472303771815495
740,870,130,0.13,0.08276000955505879
750,875,125,0.125,0.06334113306482322
732,866,134,0.134,0.08468801253166748
764,882,118,0.118,0.048750875640427696
734,867,133,0.133,0.08198296994157135
720,860,140,0.14,0.0858867321752914
708,854,146,0.146,0.06678509705726174
752,876,124,0.124,0.07467019169556442
764,882,118,0.118,0.07299838365864707
722,861,139,0.139,0.08419557815068401
724,862,138,0.138,0.06817702707753051
708,854,146,0.146,0.08280205019703135
688,844,156,0.156,0.09038122711598408
746,873,127,0.127,0.0701038577753352
764,882,118,0.118,0.07331994140218012
742,871,129,0.129,0.0761569696146471
778,889,111,0.111,0.08951844344849814
756,878,122,0.122,0.08127888181788148
808,904,96,0.096,0.07424455989433044
794,897,103,0.103,0.07373478256171802
792,896,104,0.104,0.06257643763069064
738,869,131,0.131,0.07091706493481616
792,896,104,0.104,0.07023213012341875
