log_avg_ept_score,log_avg_succ_req,log_avg_blk_req,log_avg_BP_req,log_avg_entropy
20,510,490,0.49,2.2981626291275026
48,524,476,0.476,2.298080562114716
8,504,496,0.496,2.298125380754471
16,508,492,0.492,2.2981104555130005
56,528,472,0.472,2.2981843128204344
44,522,478,0.478,2.298229476690292
76,538,462,0.462,2.2982139263153076
98,549,451,0.451,2.2983768887519838
88,544,456,0.456,2.2984438803195952
42,521,479,0.479,2.2984455115795135
42,521,479,0.479,2.298445913553238
16,508,492,0.492,2.298482241630554
48,524,476,0.476,2.2984847445487975
44,522,478,0.478,2.298542622804642
86,543,457,0.457,2.2984218447208407
62,531,469,0.469,2.2985878343582153
14,507,493,0.493,2.298475890636444
10,505,495,0.495,2.2986483108997344
14,507,493,0.493,2.298549285888672
72,536,464,0.464,2.298566285610199
48,524,476,0.476,2.2986032519340514
16,508,492,0.492,2.298673440694809
74,537,463,0.463,2.298721832513809
16,508,492,0.492,2.298700670480728
44,522,478,0.478,2.298745379924774
20,510,490,0.49,2.2985463099479677
8,504,496,0.496,2.2986837677955627
62,531,469,0.469,2.2987684626579283
66,533,467,0.467,2.2986416344642637
26,513,487,0.487,2.2986856904029844
-16,492,508,0.508,2.298764927148819
14,507,493,0.493,2.2987423918247223
-2,499,501,0.501,2.298684025287628
80,540,460,0.46,2.2986799025535585
90,545,455,0.455,2.298626435995102
16,508,492,0.492,2.298488673686981
62,531,469,0.469,2.2986083109378814
-44,478,522,0.522,2.2987070076465606
70,535,465,0.465,2.2986137857437132
36,518,482,0.482,2.2984686431884764
76,538,462,0.462,2.298486851930618
72,536,464,0.464,2.2984379787445066
46,523,477,0.477,2.2982300584316255
8,504,496,0.496,2.2984171617031097
48,524,476,0.476,2.2984621722698213
62,531,469,0.469,2.298245736837387
66,533,467,0.467,2.2982337601184843
46,523,477,0.477,2.297988942146301
46,523,477,0.477,2.2978817274570464
42,521,479,0.479,2.2981566495895387
44,522,478,0.478,2.2980128931999206
36,518,482,0.482,2.2979387202262878
108,554,446,0.446,2.2977998051643374
46,523,477,0.477,2.2978506891727446
34,517,483,0.483,2.29764262843132
134,567,433,0.433,2.2975955209732057
30,515,485,0.485,2.2975781064033507
22,511,489,0.489,2.2975533514022826
62,531,469,0.469,2.2973841593265534
66,533,467,0.467,2.2972902224063874
68,534,466,0.466,2.2973834459781646
10,505,495,0.495,2.2973207628726957
88,544,456,0.456,2.297269346475601
30,515,485,0.485,2.2970372660160066
62,531,469,0.469,2.2970893154144285
50,525,475,0.475,2.2970637204647066
74,537,463,0.463,2.2968260352611543
66,533,467,0.467,2.2968544571399687
64,532,468,0.468,2.296892695426941
88,544,456,0.456,2.2968234210014344
102,551,449,0.449,2.29648451590538
60,530,470,0.47,2.2966372718811034
124,562,438,0.438,2.296219263792038
90,545,455,0.455,2.2964301414489747
98,549,451,0.451,2.2957571234703065
92,546,454,0.454,2.29581769323349
96,548,452,0.452,2.2959785771369936
-28,486,514,0.514,2.295804962396622
52,526,474,0.474,2.295397975921631
68,534,466,0.466,2.295290249586105
98,549,451,0.451,2.295259145259857
66,533,467,0.467,2.2950487606525423
6,503,497,0.497,2.29470268368721
60,530,470,0.47,2.2945807008743286
76,538,462,0.462,2.2942226111888884
48,524,476,0.476,2.294474813938141
64,532,468,0.468,2.2936774506568907
82,541,459,0.459,2.2936999163627623
90,545,455,0.455,2.2937301342487335
56,528,472,0.472,2.2934135880470277
72,536,464,0.464,2.292768227338791
106,553,447,0.447,2.292784163236618
102,551,449,0.449,2.2924285576343535
40,520,480,0.48,2.2924133253097536
74,537,463,0.463,2.29219855260849
36,518,482,0.482,2.2915980389118196
142,571,429,0.429,2.2911034967899324
170,585,415,0.415,2.2914042129516603
66,533,467,0.467,2.2908229007720946
90,545,455,0.455,2.29080841255188
142,571,429,0.429,2.2897929632663727
122,561,439,0.439,2.289631249666214
106,553,447,0.447,2.2892431521415713
70,535,465,0.465,2.289388458967209
12,506,494,0.494,2.2882653858661652
30,515,485,0.485,2.288174961090088
122,561,439,0.439,2.2876574325561525
162,581,419,0.419,2.287250414609909
130,565,435,0.435,2.2862985651493073
132,566,434,0.434,2.2857970643043517
62,531,469,0.469,2.2856834478378296
96,548,452,0.452,2.285163771390915
104,552,448,0.448,2.2836405434608458
64,532,468,0.468,2.28356426525116
116,558,442,0.442,2.2826965227127074
82,541,459,0.459,2.283114142179489
186,593,407,0.407,2.280556490898132
38,519,481,0.481,2.28037065243721
156,578,422,0.422,2.2797655079364776
128,564,436,0.436,2.279503999710083
128,564,436,0.436,2.277362294435501
74,537,463,0.463,2.2761509928703307
186,593,407,0.407,2.2767001941204073
152,576,424,0.424,2.2761721920967104
140,570,430,0.43,2.2721882951259613
172,586,414,0.414,2.272829078912735
104,552,448,0.448,2.2716323115825654
138,569,431,0.431,2.27223077750206
158,579,421,0.421,2.2675168612003325
148,574,426,0.426,2.2671968739032744
136,568,432,0.432,2.2677702667713167
148,574,426,0.426,2.2671954944133756
170,585,415,0.415,2.2617000830173493
166,583,417,0.417,2.261470150947571
212,606,394,0.394,2.260511229991913
172,586,414,0.414,2.260448113441467
122,561,439,0.439,2.2566464354991913
204,602,398,0.398,2.254371147632599
158,579,421,0.421,2.2540152604579924
158,579,421,0.421,2.252645166635513
116,558,442,0.442,2.2480553517341613
142,571,429,0.429,2.2482869527339937
156,578,422,0.422,2.245485683679581
180,590,410,0.41,2.244603852510452
190,595,405,0.405,2.2394900691509245
218,609,391,0.391,2.239169517993927
214,607,393,0.393,2.2360504627227784
162,581,419,0.419,2.234962818145752
196,598,402,0.402,2.2286516230106352
216,608,392,0.392,2.2288193616867065
178,589,411,0.411,2.2222125191688535
236,618,382,0.382,2.2219203877449036
186,593,407,0.407,2.214510430574417
212,606,394,0.394,2.2127775883674623
216,608,392,0.392,2.2068295323848726
256,628,372,0.372,2.204972763299942
230,615,385,0.385,2.1996867189407348
252,626,374,0.374,2.1976426348686218
210,605,395,0.395,2.1886677827835084
182,591,409,0.409,2.1844364280700685
272,636,364,0.364,2.1802788956165315
242,621,379,0.379,2.1796785554885862
226,613,387,0.387,2.1647603598833083
190,595,405,0.405,2.163517474889755
244,622,378,0.378,2.1581600091457367
260,630,370,0.37,2.155934995174408
254,627,373,0.373,2.1381742916107176
298,649,351,0.351,2.1364556155204775
254,627,373,0.373,2.1314862611293792
290,645,355,0.355,2.1264924159049987
240,620,380,0.38,2.101796915769577
258,629,371,0.371,2.095408283352852
318,659,341,0.341,2.0984848874807356
282,641,359,0.359,2.0938253722190856
352,676,324,0.324,2.061709018230438
290,645,355,0.355,2.0619718796014785
350,675,325,0.325,2.056523434281349
296,648,352,0.352,2.055591325521469
298,649,351,0.351,2.0176626951694487
362,681,319,0.319,2.0188931729793547
328,664,336,0.336,2.016156585693359
334,667,333,0.333,2.009809583902359
338,669,331,0.331,1.9607440251111985
326,663,337,0.337,1.9551091606616975
382,691,309,0.309,1.9563254165649413
412,706,294,0.294,1.945310131907463
398,699,301,0.301,1.8925096906423569
400,700,300,0.3,1.8856026445627212
378,689,311,0.311,1.874202651977539
416,708,292,0.292,1.8665442049503327
370,685,315,0.315,1.8055008401870727
470,735,265,0.265,1.799421070575714
496,748,252,0.252,1.7799253903627397
446,723,277,0.277,1.7612693767547607
482,741,259,0.259,1.701913768529892
432,716,284,0.284,1.6920268391370774
462,731,269,0.269,1.6514252815246582
508,754,246,0.246,1.644677054643631
576,788,212,0.212,1.5806187512874603
544,772,228,0.228,1.5658983917236329
460,730,270,0.27,1.5064289671182634
526,763,237,0.237,1.4972041201591493
598,799,201,0.201,1.4243896477222442
492,746,254,0.254,1.4094535330533982
630,815,185,0.185,1.3402855331897736
616,808,192,0.192,1.322225830078125
566,783,217,0.217,1.2444956722855567
676,838,162,0.162,1.2393630911111833
666,833,167,0.167,1.1572824141383171
654,827,173,0.173,1.1337170890569688
628,814,186,0.186,1.0769732955098152
636,818,182,0.182,1.0719465367794037
640,820,180,0.18,0.9816652050614357
640,820,180,0.18,0.9660756816864013
652,826,174,0.174,0.9250190572142601
704,852,148,0.148,0.9174952854514122
674,837,163,0.163,0.8266320424675941
662,831,169,0.169,0.8045620245337486
738,869,131,0.131,0.7752981851100922
678,839,161,0.161,0.7697893252372742
714,857,143,0.143,0.678522583603859
718,859,141,0.141,0.6696150408089161
722,861,139,0.139,0.645104672640562
742,871,129,0.129,0.6452579456567764
726,863,137,0.137,0.5850051819086075
638,819,181,0.181,0.5648317385911942
736,868,132,0.132,0.561333145737648
726,863,137,0.137,0.5579377819001675
724,862,138,0.138,0.5136998762190342
712,856,144,0.144,0.5078314352929593
708,854,146,0.146,0.5081543414592743
758,879,121,0.121,0.5121385887265205
756,878,122,0.122,0.46962187615036965
748,874,126,0.126,0.4653184476792812
710,855,145,0.145,0.46196932962536813
730,865,135,0.135,0.4611586550474167
708,854,146,0.146,0.43755593067407605
730,865,135,0.135,0.4383412939310074
768,884,116,0.116,0.4387705175876617
710,855,145,0.145,0.4315134890973568
762,881,119,0.119,0.41322514590620996
676,838,162,0.162,0.41443769162893296
754,877,123,0.123,0.4089987682253122
746,873,127,0.127,0.407157523393631
720,860,140,0.14,0.3922783323824406
748,874,126,0.126,0.3952720227688551
740,870,130,0.13,0.3932196274101734
700,850,150,0.15,0.39109154614806174
702,851,149,0.149,0.390677560120821
776,888,112,0.112,0.39510843670368195
668,834,166,0.166,0.38021205833554267
782,891,109,0.109,0.3883355111181736
752,876,124,0.124,0.3789292372316122
700,850,150,0.15,0.37434922386705877
704,852,148,0.148,0.36470739722251894
768,884,116,0.116,0.36799245730787516
724,862,138,0.138,0.3591084841787815
808,904,96,0.096,0.3568788632303476
756,878,122,0.122,0.34416361114382743
754,877,123,0.123,0.3434098289757967
806,903,97,0.097,0.3363672348111868
730,865,135,0.135,0.3262174578458071
734,867,133,0.133,0.31906854604184626
772,886,114,0.114,0.31423855051398275
746,873,127,0.127,0.3098581668883562
768,884,116,0.116,0.3162926071882248
726,863,137,0.137,0.31357546636462214
784,892,108,0.108,0.308883115708828
730,865,135,0.135,0.304794899135828
746,873,127,0.127,0.30367013016343114
710,855,145,0.145,0.30208410073816777
764,882,118,0.118,0.30427225272357467
776,888,112,0.112,0.3047228789776564
750,875,125,0.125,0.300546620875597
732,866,134,0.134,0.2962221226543188
702,851,149,0.149,0.29409367340803144
824,912,88,0.088,0.2952552959024906
782,891,109,0.109,0.29441824071109296
790,895,105,0.105,0.28798839314281943
770,885,115,0.115,0.28800338992476465
784,892,108,0.108,0.2906349612921476
696,848,152,0.152,0.284832898914814
732,866,134,0.134,0.27705711947381495
734,867,133,0.133,0.27884157972037793
764,882,118,0.118,0.27919410371780395
752,876,124,0.124,0.2813566686362028
754,877,123,0.123,0.2821109227091074
728,864,136,0.136,0.283726075053215
732,866,134,0.134,0.28136436216533184
708,854,146,0.146,0.2862463701218367
770,885,115,0.115,0.28767158555984496
750,875,125,0.125,0.28751419119536875
726,863,137,0.137,0.29214612866938117
710,855,145,0.145,0.2919393866956234
696,848,152,0.152,0.29079356995224953
730,865,135,0.135,0.2944077826142311
784,892,108,0.108,0.29399602971971034
780,890,110,0.11,0.29053526800870894
758,879,121,0.121,0.2858403081893921
726,863,137,0.137,0.2853201878070831
772,886,114,0.114,0.2799539103358984
768,884,116,0.116,0.27509137661755084
782,891,109,0.109,0.2767529614120722
696,848,152,0.152,0.2720295107960701
826,913,87,0.087,0.2712791909724474
754,877,123,0.123,0.27132080143690107
738,869,131,0.131,0.2633203081488609
780,890,110,0.11,0.26588583520054815
732,866,134,0.134,0.25608222037553785
762,881,119,0.119,0.25744773280620575
734,867,133,0.133,0.25595499931275845
772,886,114,0.114,0.2612921365201473
658,829,171,0.171,0.253023532576859
706,853,147,0.147,0.25908143919706345
768,884,116,0.116,0.2610369652360678
760,880,120,0.12,0.2610639761686325
742,871,129,0.129,0.2625780042111874
728,864,136,0.136,0.266828618735075
772,886,114,0.114,0.26386051467061045
758,879,121,0.121,0.2586609487384558
778,889,111,0.111,0.2584060033708811
746,873,127,0.127,0.2588692228198051
780,890,110,0.11,0.2588345618247986
726,863,137,0.137,0.2577962096631527
764,882,118,0.118,0.24928801764547825
776,888,112,0.112,0.24976881678402424
782,891,109,0.109,0.24884792962670327
668,834,166,0.166,0.2449100935906172
800,900,100,0.1,0.2479774933308363
714,857,143,0.143,0.2398797621279955
790,895,105,0.105,0.23895647691190242
730,865,135,0.135,0.2370910836607218
772,886,114,0.114,0.23706210477650166
804,902,98,0.098,0.23345845302194357
800,900,100,0.1,0.23274005742371082
788,894,106,0.106,0.23076269041001796
758,879,121,0.121,0.22755329464375973
740,870,130,0.13,0.2246076985746622
758,879,121,0.121,0.22034879023581744
786,893,107,0.107,0.22359244590997696
750,875,125,0.125,0.21937439396977423
692,846,154,0.154,0.2224654175788164
752,876,124,0.124,0.22331329890340568
802,901,99,0.099,0.2268169867694378
778,889,111,0.111,0.220276958912611
746,873,127,0.127,0.22186232950538398
754,877,123,0.123,0.2192729350551963
748,874,126,0.126,0.21875447662174702
768,884,116,0.116,0.21919886063039304
772,886,114,0.114,0.2236744259297848
740,870,130,0.13,0.21622445407509805
772,886,114,0.114,0.2128837655186653
778,889,111,0.111,0.2148952566385269
706,853,147,0.147,0.2129249740242958
714,857,143,0.143,0.2167960297912359
758,879,121,0.121,0.21579414655268192
758,879,121,0.121,0.21774274742603303
776,888,112,0.112,0.2207191952317953
730,865,135,0.135,0.22091398575901985
658,829,171,0.171,0.22052453452348708
722,861,139,0.139,0.21966698591411113
806,903,97,0.097,0.2227204133272171
770,885,115,0.115,0.2254681732803583
822,911,89,0.089,0.22741930231451987
730,865,135,0.135,0.21877142842113972
770,885,115,0.115,0.2243740060031414
720,860,140,0.14,0.21783524859696626
698,849,151,0.151,0.21523188880085944
776,888,112,0.112,0.217438048645854
766,883,117,0.117,0.21842956079542636
766,883,117,0.117,0.217121464535594
734,867,133,0.133,0.21302416837215424
770,885,115,0.115,0.21317629498243332
760,880,120,0.12,0.21332300472259522
774,887,113,0.113,0.21097258257865906
770,885,115,0.115,0.2051872119009495
764,882,118,0.118,0.20354344541579486
768,884,116,0.116,0.20252570483088495
738,869,131,0.131,0.19740564166754485
760,880,120,0.12,0.1982894634604454
748,874,126,0.126,0.20186939581483604
698,849,151,0.151,0.19702869598567485
792,896,104,0.104,0.2027364688962698
704,852,148,0.148,0.19801830084621908
708,854,146,0.146,0.19798188124597071
744,872,128,0.128,0.203918212659657
718,859,141,0.141,0.20227467491477727
754,877,123,0.123,0.2006715388149023
694,847,153,0.153,0.20495137687772513
752,876,124,0.124,0.2069945417791605
740,870,130,0.13,0.20598971910774708
778,889,111,0.111,0.2070771759301424
738,869,131,0.131,0.20511242135614158
670,835,165,0.165,0.20670742593705654
746,873,127,0.127,0.20699159080535173
718,859,141,0.141,0.2054572272002697
788,894,106,0.106,0.20888782174885273
756,878,122,0.122,0.20912979497015477
792,896,104,0.104,0.21058923171460628
714,857,143,0.143,0.20941734010726212
776,888,112,0.112,0.20536913409829138
788,894,106,0.106,0.20698988904058932
762,881,119,0.119,0.19884178832173346
786,893,107,0.107,0.20407466075569392
788,894,106,0.106,0.19622688408195973
696,848,152,0.152,0.19384311654418707
800,900,100,0.1,0.1959152777493
738,869,131,0.131,0.19118100595474244
752,876,124,0.124,0.19228080711513756
732,866,134,0.134,0.18963189037889241
788,894,106,0.106,0.19039973837137222
716,858,142,0.142,0.1867291412577033
754,877,123,0.123,0.18623596921563149
794,897,103,0.103,0.18517552337050439
730,865,135,0.135,0.18377353585511447
760,880,120,0.12,0.18486991476267575
730,865,135,0.135,0.18365838573873042
742,871,129,0.129,0.18556518852710724
774,887,113,0.113,0.18064613301306964
826,913,87,0.087,0.18853507927805185
738,869,131,0.131,0.1816302618458867
752,876,124,0.124,0.18289152341336012
732,866,134,0.134,0.17921719851344825
808,904,96,0.096,0.1829723259434104
792,896,104,0.104,0.18290250436216593
778,889,111,0.111,0.1827958828806877
736,868,132,0.132,0.17774315686523914
804,902,98,0.098,0.17579973639547825
712,856,144,0.144,0.1748366484194994
748,874,126,0.126,0.17850233867019416
706,853,147,0.147,0.17603390430659055
730,865,135,0.135,0.17564537313580514
750,875,125,0.125,0.17549551694840193
810,905,95,0.095,0.17357183507829904
714,857,143,0.143,0.17694437811523675
748,874,126,0.126,0.17583277772367
718,859,141,0.141,0.17849337358772754
720,860,140,0.14,0.17796146017313003
712,856,144,0.144,0.17877068772166968
776,888,112,0.112,0.18113720758259297
800,900,100,0.1,0.18112811677157878
754,877,123,0.123,0.17957172826305032
716,858,142,0.142,0.17820900781452656
788,894,106,0.106,0.18166259126365183
762,881,119,0.119,0.17695747634768486
790,895,105,0.105,0.17358434343338014
794,897,103,0.103,0.17444773935526608
712,856,144,0.144,0.1713578368499875
796,898,102,0.102,0.1654157267063856
798,899,101,0.101,0.16589629139751197
804,902,98,0.098,0.16285277099907397
776,888,112,0.112,0.16427877166867255
724,862,138,0.138,0.15729608689248561
754,877,123,0.123,0.1573968702107668
758,879,121,0.121,0.158235896833241
754,877,123,0.123,0.15679188992083073
814,907,93,0.093,0.15961283741891383
804,902,98,0.098,0.16294533094763755
760,880,120,0.12,0.15720377338677644
780,890,110,0.11,0.15908475868403912
800,900,100,0.1,0.15891316936910152
788,894,106,0.106,0.15779725700616837
784,892,108,0.108,0.1556961784735322
738,869,131,0.131,0.15654603987932206
698,849,151,0.151,0.15298923575133086
780,890,110,0.11,0.15348317734152078
806,903,97,0.097,0.15248537679761648
808,904,96,0.096,0.15544321437925102
756,878,122,0.122,0.1513063651099801
730,865,135,0.135,0.1491643015369773
786,893,107,0.107,0.15434102194011212
750,875,125,0.125,0.1528844399675727
736,868,132,0.132,0.15428597941994668
788,894,106,0.106,0.15421966810524462
776,888,112,0.112,0.15604980452358722
718,859,141,0.141,0.1542241171821952
744,872,128,0.128,0.15774463129788638
706,853,147,0.147,0.1574777361303568
694,847,153,0.153,0.1625546898469329
722,861,139,0.139,0.16128036411106586
790,895,105,0.105,0.16492624673247339
756,878,122,0.122,0.16516128448396922
766,883,117,0.117,0.16370406463742257
760,880,120,0.12,0.16871692525595428
764,882,118,0.118,0.16425047352164984
778,889,111,0.111,0.16688726866990328
740,870,130,0.13,0.16235798675566912
758,879,121,0.121,0.16565923042595387
732,866,134,0.134,0.16498520565778016
704,852,148,0.148,0.16201857594400645
674,837,163,0.163,0.16580105985701085
776,888,112,0.112,0.1644241417348385
792,896,104,0.104,0.16728527776151897
742,871,129,0.129,0.1658927779495716
802,901,99,0.099,0.16642040993273258
746,873,127,0.127,0.16354823058843612
838,919,81,0.081,0.16218563981354236
756,878,122,0.122,0.1619878983795643
772,886,114,0.114,0.16009418025612832
696,848,152,0.152,0.15627313548326494
750,875,125,0.125,0.15506517654657365
698,849,151,0.151,0.15703292064368723
744,872,128,0.128,0.15688739504665136
712,856,144,0.144,0.15797072315216065
766,883,117,0.117,0.16025643356889485
794,897,103,0.103,0.16078693015873433
692,846,154,0.154,0.15946173316985368
762,881,119,0.119,0.16088107398897408
804,902,98,0.098,0.1576450155377388
740,870,130,0.13,0.15805805346369745
748,874,126,0.126,0.1555142100825906
744,872,128,0.128,0.1575451967641711
758,879,121,0.121,0.1532451974079013
766,883,117,0.117,0.1564739554002881
756,878,122,0.122,0.15349959175288677
748,874,126,0.126,0.15318267170339822
760,880,120,0.12,0.15149005111306907
706,853,147,0.147,0.14947039799392223
802,901,99,0.099,0.15019236256182195
762,881,119,0.119,0.14823678663372994
800,900,100,0.1,0.14752007702738046
770,885,115,0.115,0.14843104362487794
758,879,121,0.121,0.14781113371998073
760,880,120,0.12,0.14745451539754867
758,879,121,0.121,0.1432804041802883
756,878,122,0.122,0.142840821929276
756,878,122,0.122,0.14380407698452471
770,885,115,0.115,0.14092287856340407
706,853,147,0.147,0.14349243389815092
790,895,105,0.105,0.14450762775540352
760,880,120,0.12,0.14131777273118495
782,891,109,0.109,0.14376302518323064
816,908,92,0.092,0.14151941861212253
808,904,96,0.096,0.14223801513016224
734,867,133,0.133,0.13711244691163302
754,877,123,0.123,0.1380699657946825
696,848,152,0.152,0.13991819158941507
700,850,150,0.15,0.13812050759792327
802,901,99,0.099,0.14087712097913027
798,899,101,0.101,0.13755561511218548
750,875,125,0.125,0.13704096010327338
780,890,110,0.11,0.14038208663463592
814,907,93,0.093,0.13942938040196895
762,881,119,0.119,0.13783698888868093
792,896,104,0.104,0.13753283452242612
760,880,120,0.12,0.14050038100033999
748,874,126,0.126,0.13691765048354865
722,861,139,0.139,0.13556817386299372
762,881,119,0.119,0.1396944392323494
738,869,131,0.131,0.13853387589007615
806,903,97,0.097,0.13758331996947526
718,859,141,0.141,0.1385299345999956
750,875,125,0.125,0.14041815016418696
750,875,125,0.125,0.13649967455118894
772,886,114,0.114,0.13737252072244882
724,862,138,0.138,0.13578770879656077
830,915,85,0.085,0.13453055128455163
750,875,125,0.125,0.13423643013834954
782,891,109,0.109,0.13516939916461707
712,856,144,0.144,0.13295667531341315
752,876,124,0.124,0.13217776265740394
798,899,101,0.101,0.13274625896662473
724,862,138,0.138,0.13267001317441462
744,872,128,0.128,0.13264727401733398
746,873,127,0.127,0.13276788455992938
760,880,120,0.12,0.13224408616125582
764,882,118,0.118,0.1312484117820859
718,859,141,0.141,0.13215262296795846
780,890,110,0.11,0.13387196685373784
760,880,120,0.12,0.1328132211342454
788,894,106,0.106,0.1330143099501729
790,895,105,0.105,0.13330838312208654
692,846,154,0.154,0.1320892838984728
790,895,105,0.105,0.12980440454930067
808,904,96,0.096,0.13088193562626838
732,866,134,0.134,0.1300723511725664
754,877,123,0.123,0.13008143281936646
780,890,110,0.11,0.1332011515274644
764,882,118,0.118,0.12936863002181054
772,886,114,0.114,0.1309439580142498
774,887,113,0.113,0.12958676272630693
726,863,137,0.137,0.12655240070074797
762,881,119,0.119,0.12802995397895575
810,905,95,0.095,0.12772800362110137
798,899,101,0.101,0.1275686706677079
812,906,94,0.094,0.12532529378682375
784,892,108,0.108,0.12247225689142942
748,874,126,0.126,0.1219861465394497
742,871,129,0.129,0.12044327433407306
770,885,115,0.115,0.1227589717656374
718,859,141,0.141,0.12095320251584053
746,873,127,0.127,0.12149977211654187
726,863,137,0.137,0.121431749984622
756,878,122,0.122,0.12268823893368244
764,882,118,0.118,0.12388112818449735
782,891,109,0.109,0.1275422186255455
770,885,115,0.115,0.1250156784504652
790,895,105,0.105,0.12891652949899435
716,858,142,0.142,0.12769001933932306
750,875,125,0.125,0.13062976643443108
772,886,114,0.114,0.1296668541133404
802,901,99,0.099,0.13235693561285733
754,877,123,0.123,0.12813073436170816
746,873,127,0.127,0.1305427777543664
734,867,133,0.133,0.12905546552687883
776,888,112,0.112,0.1302105518952012
770,885,115,0.115,0.12959943232685328
776,888,112,0.112,0.1291757854819298
738,869,131,0.131,0.1243602102175355
764,882,118,0.118,0.12678956677019596
770,885,115,0.115,0.12270224246382713
782,891,109,0.109,0.12156613878905773
744,872,128,0.128,0.12265878486633301
760,880,120,0.12,0.12182047744095326
780,890,110,0.11,0.11833775933086872
738,869,131,0.131,0.12019265872985124
804,902,98,0.098,0.11792900589853525
782,891,109,0.109,0.12339297968149185
760,880,120,0.12,0.11974089238792658
782,891,109,0.109,0.1202562030106783
690,845,155,0.155,0.11895931980386376
736,868,132,0.132,0.12154005759954453
722,861,139,0.139,0.11867310555279255
756,878,122,0.122,0.1188232289776206
782,891,109,0.109,0.12065793012827634
824,912,88,0.088,0.11984644638746977
750,875,125,0.125,0.11711530864983798
786,893,107,0.107,0.11693332162499427
764,882,118,0.118,0.11497228432446718
766,883,117,0.117,0.11228291200846434
722,861,139,0.139,0.11197640061751007
838,919,81,0.081,0.11336854584887623
760,880,120,0.12,0.11098230504989624
802,901,99,0.099,0.11045253116637468
732,866,134,0.134,0.10949168116599321
806,903,97,0.097,0.10926152954995633
780,890,110,0.11,0.10862478832527996
676,838,162,0.162,0.10809620149433613
764,882,118,0.118,0.10792586429417134
768,884,116,0.116,0.10692566361278295
832,916,84,0.084,0.10998691841214896
760,880,120,0.12,0.10806439388170838
828,914,86,0.086,0.10608710464835167
768,884,116,0.116,0.10437417516112328
744,872,128,0.128,0.10509883001446724
736,868,132,0.132,0.10421302416548132
750,875,125,0.125,0.10738970306515694
708,854,146,0.146,0.10470877209305764
732,866,134,0.134,0.10516379688307644
756,878,122,0.122,0.10643233474344015
714,857,143,0.143,0.1074526227787137
786,893,107,0.107,0.10823242834955454
820,910,90,0.09,0.10811673193797469
768,884,116,0.116,0.1094963344708085
778,889,111,0.111,0.11050309622660279
830,915,85,0.085,0.10885678988695145
746,873,127,0.127,0.10906886183470488
810,905,95,0.095,0.10937402378767729
794,897,103,0.103,0.10744497920572758
766,883,117,0.117,0.10747820678353309
726,863,137,0.137,0.10741070175915957
732,866,134,0.134,0.10842681949585677
738,869,131,0.131,0.10686870965361595
736,868,132,0.132,0.1067334840670228
780,890,110,0.11,0.10947386306151748
744,872,128,0.128,0.1051810945123434
776,888,112,0.112,0.10787830817699433
788,894,106,0.106,0.10836028212308883
720,860,140,0.14,0.10830771290510893
814,907,93,0.093,0.1075009470321238
756,878,122,0.122,0.10749537893384695
736,868,132,0.132,0.11033296775072814
726,863,137,0.137,0.10897210256755352
738,869,131,0.131,0.11061219590902328
762,881,119,0.119,0.10875627795606851
694,847,153,0.153,0.10884518591687083
808,904,96,0.096,0.10885027701407671
748,874,126,0.126,0.11145166477560997
762,881,119,0.119,0.10926398343592882
756,878,122,0.122,0.11122338941693306
802,901,99,0.099,0.10908585506677627
766,883,117,0.117,0.11083629910647869
786,893,107,0.107,0.10928873260319233
758,879,121,0.121,0.10871091325581074
750,875,125,0.125,0.10954578600823879
762,881,119,0.119,0.11014459652081132
774,887,113,0.113,0.10986918967962266
730,865,135,0.135,0.10935726622492074
752,876,124,0.124,0.1091699245236814
770,885,115,0.115,0.10863268165290356
744,872,128,0.128,0.10958376571536065
694,847,153,0.153,0.10928725756704807
718,859,141,0.141,0.11033663243055343
792,896,104,0.104,0.11279425357282162
750,875,125,0.125,0.11124335409700871
766,883,117,0.117,0.111745560310781
798,899,101,0.101,0.1114723749756813
670,835,165,0.165,0.11008954183012247
806,903,97,0.097,0.11182998144626617
708,854,146,0.146,0.10968556865677237
738,869,131,0.131,0.11058989299833774
798,899,101,0.101,0.109783636495471
762,881,119,0.119,0.10897788974642754
780,890,110,0.11,0.10843210828304291
804,902,98,0.098,0.10648161462694407
762,881,119,0.119,0.10646462641656398
726,863,137,0.137,0.1017200773730874
812,906,94,0.094,0.10429441804811358
724,862,138,0.138,0.10277097772806883
794,897,103,0.103,0.10418840842321515
756,878,122,0.122,0.10212043053284288
718,859,141,0.141,0.10106633063778281
732,866,134,0.134,0.10455087232962251
702,851,149,0.149,0.10435736432671547
744,872,128,0.128,0.10598545814305543
782,891,109,0.109,0.1058800799176097
696,848,152,0.152,0.1047675657980144
772,886,114,0.114,0.10606270932778716
756,878,122,0.122,0.10815993101149797
766,883,117,0.117,0.10813574299961329
766,883,117,0.117,0.10912383095175028
764,882,118,0.118,0.10943030580878257
812,906,94,0.094,0.1072180102802813
774,887,113,0.113,0.10734376410394907
734,867,133,0.133,0.10708740814775229
788,894,106,0.106,0.10698612686991692
756,878,122,0.122,0.10527248681336641
784,892,108,0.108,0.1075039771348238
706,853,147,0.147,0.10504420098662376
762,881,119,0.119,0.10204360433667899
760,880,120,0.12,0.1040505684837699
806,903,97,0.097,0.10403735565766692
730,865,135,0.135,0.10226427230238914
788,894,106,0.106,0.10455585305392742
734,867,133,0.133,0.09903905043751002
828,914,86,0.086,0.10029198380932212
734,867,133,0.133,0.10022364001721144
798,899,101,0.101,0.10003796543553471
742,871,129,0.129,0.09865561159327627
756,878,122,0.122,0.10006782027706504
786,893,107,0.107,0.09930623994022608
762,881,119,0.119,0.09744195944443346
798,899,101,0.101,0.09823100600391627
744,872,128,0.128,0.09704741982743144
722,861,139,0.139,0.09684082084149122
736,868,132,0.132,0.09921892754733562
760,880,120,0.12,0.1005076707676053
786,893,107,0.107,0.0991954043507576
754,877,123,0.123,0.10049571035429836
712,856,144,0.144,0.10028684057295323
784,892,108,0.108,0.1052386207729578
760,880,120,0.12,0.10144327308237552
752,876,124,0.124,0.10152076641842724
746,873,127,0.127,0.10283760568872094
768,884,116,0.116,0.10215316316485405
742,871,129,0.129,0.10407671526446939
800,900,100,0.1,0.10425463651865721
778,889,111,0.111,0.10174309208989143
752,876,124,0.124,0.10221490655839444
760,880,120,0.12,0.10071456891298294
744,872,128,0.128,0.10117099202424287
726,863,137,0.137,0.10093850269168615
796,898,102,0.102,0.10021579772606493
804,902,98,0.098,0.1000789958499372
718,859,141,0.141,0.10000214498490095
768,884,116,0.116,0.09917146709933877
810,905,95,0.095,0.09891617583110929
692,846,154,0.154,0.09513965775072575
814,907,93,0.093,0.09720867613703013
746,873,127,0.127,0.09516496878117323
762,881,119,0.119,0.0964023810774088
788,894,106,0.106,0.09670522311329842
744,872,128,0.128,0.09654682185128331
752,876,124,0.124,0.09560536009445786
770,885,115,0.115,0.09547017078101636
782,891,109,0.109,0.09539913574978709
740,870,130,0.13,0.09540479569882154
800,900,100,0.1,0.09514723534882069
728,864,136,0.136,0.093731290563941
766,883,117,0.117,0.09509646655619144
802,901,99,0.099,0.09453466003388167
774,887,113,0.113,0.09632663721591234
736,868,132,0.132,0.09434875693172216
728,864,136,0.136,0.09563619737699627
774,887,113,0.113,0.09533581266924739
762,881,119,0.119,0.09616209997236728
768,884,116,0.116,0.09628484776616096
786,893,107,0.107,0.09461040994897485
760,880,120,0.12,0.09475790655240417
812,906,94,0.094,0.09678998479992151
704,852,148,0.148,0.09631879162788391
766,883,117,0.117,0.09499333164840937
750,875,125,0.125,0.09573485389724373
672,836,164,0.164,0.09359437516331673
728,864,136,0.136,0.09669055608659982
784,892,108,0.108,0.09551726842299103
816,908,92,0.092,0.09433808381855488
730,865,135,0.135,0.09441407088190318
790,895,105,0.105,0.09426023345813155
738,869,131,0.131,0.0950627476349473
754,877,123,0.123,0.0953381906710565
752,876,124,0.124,0.09439051649346948
798,899,101,0.101,0.09453868216648698
752,876,124,0.124,0.09460781829059124
748,874,126,0.126,0.09421972354128957
682,841,159,0.159,0.0941890633404255
770,885,115,0.115,0.094977259978652
680,840,160,0.16,0.09426033939421177
676,838,162,0.162,0.09429819118231535
828,914,86,0.086,0.0958315173983574
708,854,146,0.146,0.09653455463796853
720,860,140,0.14,0.09932825514674187
802,901,99,0.099,0.10151240222528576
768,884,116,0.116,0.09726279813051224
804,902,98,0.098,0.09952957008033991
758,879,121,0.121,0.09756063390895724
754,877,123,0.123,0.09741563287749887
732,866,134,0.134,0.09507976562529802
748,874,126,0.126,0.09793094389885663
774,887,113,0.113,0.0963171144798398
744,872,128,0.128,0.09907774472609163
782,891,109,0.109,0.09692271803319454
756,878,122,0.122,0.09775717258453369
782,891,109,0.109,0.09564643806964158
746,873,127,0.127,0.09579004322737456
768,884,116,0.116,0.09614496526494622
744,872,128,0.128,0.09461220138892532
734,867,133,0.133,0.09496367579698563
704,852,148,0.148,0.09809256329014897
766,883,117,0.117,0.09652951104566455
788,894,106,0.106,0.09806449742615223
790,895,105,0.105,0.09741984767839312
758,879,121,0.121,0.097952163413167
730,865,135,0.135,0.0966091910302639
760,880,120,0.12,0.09603103145211934
790,895,105,0.105,0.09798861030861736
732,866,134,0.134,0.09620432384312153
770,885,115,0.115,0.0976164584979415
770,885,115,0.115,0.09641617362201214
724,862,138,0.138,0.09579441363736987
744,872,128,0.128,0.09664320112019777
780,890,110,0.11,0.09493759217113257
750,875,125,0.125,0.09724895141273737
698,849,151,0.151,0.09597942604497076
782,891,109,0.109,0.09788272119686008
768,884,116,0.116,0.09763019068911671
818,909,91,0.091,0.09874431684613227
688,844,156,0.156,0.09661583347246051
758,879,121,0.121,0.09694672442600132
728,864,136,0.136,0.09549369426071644
718,859,141,0.141,0.09441040891781449
744,872,128,0.128,0.09584495759010316
758,879,121,0.121,0.09407637150213122
770,885,115,0.115,0.09586475639045239
786,893,107,0.107,0.09493048572540283
724,862,138,0.138,0.09402898644283414
722,861,139,0.139,0.09473011583834887
816,908,92,0.092,0.0937983660362661
790,895,105,0.105,0.09571989984810353
768,884,116,0.116,0.09351817378774285
716,858,142,0.142,0.09296177918836475
728,864,136,0.136,0.09162560341507196
794,897,103,0.103,0.09337430236116051
734,867,133,0.133,0.09190539382770657
824,912,88,0.088,0.09230128787457943
778,889,111,0.111,0.09084745320305228
704,852,148,0.148,0.09012498228624463
812,906,94,0.094,0.08905495790764689
752,876,124,0.124,0.08903764183446765
740,870,130,0.13,0.08876452082023024
764,882,118,0.118,0.08788803961873054
742,871,129,0.129,0.08777962443977594
750,875,125,0.125,0.0877183423563838
784,892,108,0.108,0.08836314486712217
756,878,122,0.122,0.08609965929389
764,882,118,0.118,0.08688548670336604
716,858,142,0.142,0.08497501384466886
758,879,121,0.121,0.08765085103735328
764,882,118,0.118,0.08718919371441007
734,867,133,0.133,0.08657244371250272
720,860,140,0.14,0.08674196479469538
768,884,116,0.116,0.08745672363787889
744,872,128,0.128,0.08771628640964627
752,876,124,0.124,0.08853192551061512
752,876,124,0.124,0.0868755375854671
774,887,113,0.113,0.08732844358310103
730,865,135,0.135,0.09223845444247127
780,890,110,0.11,0.08856401832774281
800,900,100,0.1,0.08959802466630935
858,929,71,0.071,0.08873535476997495
752,876,124,0.124,0.08685598291456699
740,870,130,0.13,0.0846048051789403
700,850,150,0.15,0.0868080171868205
774,887,113,0.113,0.08467802784219385
794,897,103,0.103,0.08460824790969491
766,883,117,0.117,0.0832309055738151
708,854,146,0.146,0.08019914216548205
760,880,120,0.12,0.08343656331673265
708,854,146,0.146,0.08353353933990001
754,877,123,0.123,0.08369405378401279
740,870,130,0.13,0.0842804248034954
760,880,120,0.12,0.08467013920471073
706,853,147,0.147,0.08543705308809876
796,898,102,0.102,0.08402850380912423
728,864,136,0.136,0.08667393197119236
754,877,123,0.123,0.08766078146919608
798,899,101,0.101,0.08831967786327004
722,861,139,0.139,0.08800880663469433
724,862,138,0.138,0.0897800740711391
770,885,115,0.115,0.08992782740294933
752,876,124,0.124,0.0887886373102665
770,885,115,0.115,0.08929256854206323
716,858,142,0.142,0.08676777789741755
744,872,128,0.128,0.08841209087520838
808,904,96,0.096,0.08784152308851481
784,892,108,0.108,0.0909081887640059
718,859,141,0.141,0.089434759773314
834,917,83,0.083,0.08733532412350178
780,890,110,0.11,0.08652254344150424
760,880,120,0.12,0.08554631513729692
806,903,97,0.097,0.08574310484901071
744,872,128,0.128,0.08546660049259662
774,887,113,0.113,0.08502337303385138
792,896,104,0.104,0.08447988057881593
730,865,135,0.135,0.08324249620735645
782,891,109,0.109,0.08235891143232583
742,871,129,0.129,0.08060296215116977
796,898,102,0.102,0.08367983528971672
786,893,107,0.107,0.08430736908316612
802,901,99,0.099,0.0820403809696436
726,863,137,0.137,0.0806843295916915
740,870,130,0.13,0.08276579843461514
760,880,120,0.12,0.0808018051572144
736,868,132,0.132,0.0830858107842505
716,858,142,0.142,0.08372617577761411
778,889,111,0.111,0.0834084785617888
764,882,118,0.118,0.08177785095199942
814,907,93,0.093,0.0877685083001852
758,879,121,0.121,0.08540232132002712
714,857,143,0.143,0.0835996583327651
786,893,107,0.107,0.0844124906770885
760,880,120,0.12,0.08284643916785717
820,910,90,0.09,0.08454223357886076
694,847,153,0.153,0.08389300717785954
786,893,107,0.107,0.08522351372987032
758,879,121,0.121,0.08406485130265355
810,905,95,0.095,0.08354123308509588
754,877,123,0.123,0.08536999792605639
736,868,132,0.132,0.08467223089188337
830,915,85,0.085,0.08428654513135553
720,860,140,0.14,0.08258132737874985
722,861,139,0.139,0.08337459433823824
768,884,116,0.116,0.08290800252184272
766,883,117,0.117,0.08520620827004313
798,899,101,0.101,0.08252367816865444
806,903,97,0.097,0.08406828560307622
784,892,108,0.108,0.08351129711419344
798,899,101,0.101,0.08055199506133795
776,888,112,0.112,0.08137551306933165
788,894,106,0.106,0.08052241573110223
782,891,109,0.109,0.0792722482085228
708,854,146,0.146,0.07871476723253727
804,902,98,0.098,0.07819937934726477
782,891,109,0.109,0.0785610817372799
778,889,111,0.111,0.07788317670673132
742,871,129,0.129,0.07955397611111402
786,893,107,0.107,0.08025341932848096
784,892,108,0.108,0.07787360678985715
802,901,99,0.099,0.07820614854618907
788,894,106,0.106,0.0794022665321827
736,868,132,0.132,0.07663704612478614
830,915,85,0.085,0.07540225356444716
770,885,115,0.115,0.07651734860241413
744,872,128,0.128,0.07637254199385643
770,885,115,0.115,0.07759700944274664
816,908,92,0.092,0.07605865503102541
778,889,111,0.111,0.07627874334529042
708,854,146,0.146,0.07414069335907697
750,875,125,0.125,0.07611995825916529
700,850,150,0.15,0.0762932001799345
758,879,121,0.121,0.07770876133441926
736,868,132,0.132,0.07620741999521852
784,892,108,0.108,0.0775504282489419
766,883,117,0.117,0.07820209802687168
814,907,93,0.093,0.07979653452336788
858,929,71,0.071,0.08093963287398219
756,878,122,0.122,0.07837356282770634
710,855,145,0.145,0.07964856876805425
784,892,108,0.108,0.07705986987426877
778,889,111,0.111,0.0787214310541749
786,893,107,0.107,0.07699572989717125
760,880,120,0.12,0.07678698644042015
730,865,135,0.135,0.07700720131769777
774,887,113,0.113,0.07874439416453242
776,888,112,0.112,0.07808393201231957
700,850,150,0.15,0.07873185804113746
808,904,96,0.096,0.0775146732851863
752,876,124,0.124,0.0780632959716022
786,893,107,0.107,0.0783847885467112
748,874,126,0.126,0.07951714032143355
806,903,97,0.097,0.07890142923593521
756,878,122,0.122,0.07874305171519518
734,867,133,0.133,0.07861368792131543
698,849,151,0.151,0.07728954071551561
746,873,127,0.127,0.0779987770281732
762,881,119,0.119,0.07973199227824807
742,871,129,0.129,0.07896642024442553
782,891,109,0.109,0.08095419681072236
760,880,120,0.12,0.08178265678882599
756,878,122,0.122,0.08127969145029783
760,880,120,0.12,0.08236329524219035
748,874,126,0.126,0.08342853543534876
764,882,118,0.118,0.0849316570162773
790,895,105,0.105,0.08192367723211647
782,891,109,0.109,0.08301479419693351
778,889,111,0.111,0.08221330480277539
742,871,129,0.129,0.08066862688213587
760,880,120,0.12,0.08148778031393886
790,895,105,0.105,0.08140650090947747
754,877,123,0.123,0.08070880517736077
722,861,139,0.139,0.080286322042346
768,884,116,0.116,0.08185157588496804
706,853,147,0.147,0.08182918879389763
712,856,144,0.144,0.08219681752845645
822,911,89,0.089,0.08516667108982802
712,856,144,0.144,0.08470086988806724
740,870,130,0.13,0.08452462124451995
784,892,108,0.108,0.0871794240437448
708,854,146,0.146,0.08631563334167004
734,867,133,0.133,0.087018782928586
746,873,127,0.127,0.08843638233840466
728,864,136,0.136,0.08907423707097768
802,901,99,0.099,0.08994232600554825
770,885,115,0.115,0.08904951117932797
776,888,112,0.112,0.08691068788245321
728,864,136,0.136,0.08653706626594067
798,899,101,0.101,0.08517303482443095
734,867,133,0.133,0.08654318634420634
710,855,145,0.145,0.0859471543841064
730,865,135,0.135,0.08511183196306228
808,904,96,0.096,0.08766768669709563
764,882,118,0.118,0.08707263704016804
792,896,104,0.104,0.08532751220837236
740,870,130,0.13,0.08368434082344174
804,902,98,0.098,0.08609373166039586
730,865,135,0.135,0.08237136169523
800,900,100,0.1,0.08422937925159932
794,897,103,0.103,0.08049375562369823
768,884,116,0.116,0.08208260088041425
782,891,109,0.109,0.07904863489046693
820,910,90,0.09,0.0793376155719161
810,905,95,0.095,0.0766819093003869
764,882,118,0.118,0.077700746756047
748,874,126,0.126,0.07569054372608662
802,901,99,0.099,0.07493904167413712
792,896,104,0.104,0.07349398736655711
754,877,123,0.123,0.07324341737106442
784,892,108,0.108,0.07500341683626174
796,898,102,0.102,0.07291804141178727
732,866,134,0.134,0.071115877982229
728,864,136,0.136,0.07167692053318024
770,885,115,0.115,0.07035490778833628
800,900,100,0.1,0.07095732143893838
780,890,110,0.11,0.0713203502446413
766,883,117,0.117,0.07372946038842201
746,873,127,0.127,0.07292503010854125
706,853,147,0.147,0.07303950775414705
746,873,127,0.127,0.07496030411496758
776,888,112,0.112,0.07522910574823619
786,893,107,0.107,0.07668799804896116
736,868,132,0.132,0.07546466479450464
802,901,99,0.099,0.07716931986808777
766,883,117,0.117,0.07908466620743275
754,877,123,0.123,0.0770327430292964
832,916,84,0.084,0.07705436478555203
710,855,145,0.145,0.07420420157909394
772,886,114,0.114,0.0748258937522769
748,874,126,0.126,0.07301856309175492
794,897,103,0.103,0.07354170865938067
770,885,115,0.115,0.07397354231402278
762,881,119,0.119,0.07401589987426996
728,864,136,0.136,0.07431981854513288
794,897,103,0.103,0.073799824308604
768,884,116,0.116,0.07398205656930804
740,870,130,0.13,0.0750145402252674
832,916,84,0.084,0.07412532651424408
766,883,117,0.117,0.07424902831017971
804,902,98,0.098,0.07484293999150396
824,912,88,0.088,0.07419815464317799
768,884,116,0.116,0.07029795430228114
760,880,120,0.12,0.07323096709698439
750,875,125,0.125,0.07025595651566982
826,913,87,0.087,0.07107704953104257
726,863,137,0.137,0.06947775249555707
746,873,127,0.127,0.06966554029658437
690,845,155,0.155,0.06869443860277534
798,899,101,0.101,0.07042313518747688
768,884,116,0.116,0.07090866886451841
756,878,122,0.122,0.06968477205187082
756,878,122,0.122,0.07150868622213602
666,833,167,0.167,0.07266140697523951
772,886,114,0.114,0.0731723944619298
750,875,125,0.125,0.07435406712442637
734,867,133,0.133,0.07522955287620425
796,898,102,0.102,0.07589813866838813
818,909,91,0.091,0.07507347074896097
778,889,111,0.111,0.07358387527242304
786,893,107,0.107,0.07362007078900933
770,885,115,0.115,0.07263933203369378
704,852,148,0.148,0.07016275439783931
762,881,119,0.119,0.07009392511099577
784,892,108,0.108,0.0716264412663877
752,876,124,0.124,0.07210847198590636
784,892,108,0.108,0.07203109506890178
748,874,126,0.126,0.07127809707075357
746,873,127,0.127,0.07298850409314037
752,876,124,0.124,0.07092193411290645
790,895,105,0.105,0.06998839283548296
792,896,104,0.104,0.0712326030433178
690,845,155,0.155,0.06841648579388857
738,869,131,0.131,0.06978244611248374
752,876,124,0.124,0.07063138967007399
762,881,119,0.119,0.07010599208995699
710,855,145,0.145,0.07295455415919423
694,847,153,0.153,0.07319182684272528
762,881,119,0.119,0.07202553005144
742,871,129,0.129,0.07325567311048507
808,904,96,0.096,0.07346164574846625
736,868,132,0.132,0.07352833579108119
690,845,155,0.155,0.0724264111854136
752,876,124,0.124,0.07455969135463238
748,874,126,0.126,0.07682017220929264
732,866,134,0.134,0.07543603634089231
772,886,114,0.114,0.07560936640202999
828,914,86,0.086,0.07573261494189501
736,868,132,0.132,0.07392480612918735
796,898,102,0.102,0.0734753091931343
756,878,122,0.122,0.0733045935034752
788,894,106,0.106,0.07484011834859848
770,885,115,0.115,0.07272737274691463
748,874,126,0.126,0.07296013748645783
792,896,104,0.104,0.07143886426463723
732,866,134,0.134,0.07099893530458212
760,880,120,0.12,0.06788252317532897
866,933,67,0.067,0.06951940476894379
774,887,113,0.113,0.06804453372582793
806,903,97,0.097,0.06910515348613262
776,888,112,0.112,0.06408857094496488
740,870,130,0.13,0.06589752244576812
764,882,118,0.118,0.06391043249517679
780,890,110,0.11,0.06454583967849613
780,890,110,0.11,0.06330938676744699
782,891,109,0.109,0.06371934308484196
792,896,104,0.104,0.06286936482414603
790,895,105,0.105,0.06474453093856573
770,885,115,0.115,0.062323942858725785
752,876,124,0.124,0.06187729273736477
714,857,143,0.143,0.061638385377824303
796,898,102,0.102,0.06305354144796729
792,896,104,0.104,0.06266481409594417
812,906,94,0.094,0.06309150717034936
770,885,115,0.115,0.06316245866939425
738,869,131,0.131,0.06385708346590399
742,871,129,0.129,0.06412875597551465
786,893,107,0.107,0.06302978288754821
770,885,115,0.115,0.0625742421709001
718,859,141,0.141,0.06490259640663862
762,881,119,0.119,0.06457255074381828
754,877,123,0.123,0.06372693737968803
750,875,125,0.125,0.06393497265130281
714,857,143,0.143,0.06393217059969902
764,882,118,0.118,0.06574847546219825
732,866,134,0.134,0.06664687073603272
814,907,93,0.093,0.06675227070599794
742,871,129,0.129,0.06662669916450978
768,884,116,0.116,0.06600683123618364
786,893,107,0.107,0.06626494390890002
770,885,115,0.115,0.06744321461394429
772,886,114,0.114,0.06773045415431261
736,868,132,0.132,0.06721112624183297
756,878,122,0.122,0.0668393691815436
738,869,131,0.131,0.06634423943609
752,876,124,0.124,0.06498010158538818
784,892,108,0.108,0.06635575969517231
780,890,110,0.11,0.06498147825524211
760,880,120,0.12,0.06390834616869688
800,900,100,0.1,0.06475139882415533
764,882,118,0.118,0.06402531166747212
730,865,135,0.135,0.06312370984628797
744,872,128,0.128,0.06278292318060995
764,882,118,0.118,0.06152286741882563
816,908,92,0.092,0.06276039043441414
728,864,136,0.136,0.06310109416767955
756,878,122,0.122,0.06274501981213688
772,886,114,0.114,0.06339123037084937
770,885,115,0.115,0.06191584677994251
728,864,136,0.136,0.06261068458855153
762,881,119,0.119,0.0645689799413085
790,895,105,0.105,0.06279621969163418
744,872,128,0.128,0.06327890340983867
770,885,115,0.115,0.06269305174797773
758,879,121,0.121,0.06154670263081789
718,859,141,0.141,0.06188001022487879
784,892,108,0.108,0.06478353102877736
774,887,113,0.113,0.06419854093715549
726,863,137,0.137,0.0645104876421392
826,913,87,0.087,0.0653987274877727
752,876,124,0.124,0.06458995186537504
756,878,122,0.122,0.06503947492316366
750,875,125,0.125,0.06437486060336232
798,899,101,0.101,0.06497220661491156
738,869,131,0.131,0.06359496058151126
774,887,113,0.113,0.06211030051484704
752,876,124,0.124,0.06350941182300449
770,885,115,0.115,0.06305919748917221
770,885,115,0.115,0.06307937029004097
764,882,118,0.118,0.062176871046423915
766,883,117,0.117,0.06189600167050958
744,872,128,0.128,0.06120112723112106
774,887,113,0.113,0.06231598313525319
732,866,134,0.134,0.060782608639448885
728,864,136,0.136,0.06257449776306748
784,892,108,0.108,0.0624754445925355
766,883,117,0.117,0.06299792494624853
760,880,120,0.12,0.0629838618375361
752,876,124,0.124,0.06338965547084809
792,896,104,0.104,0.06299231988564134
758,879,121,0.121,0.06304208831861616
816,908,92,0.092,0.061261207353323695
774,887,113,0.113,0.06292967532947659
732,866,134,0.134,0.06254080775380134
784,892,108,0.108,0.06218715519085526
758,879,121,0.121,0.06190601053461432
774,887,113,0.113,0.06286786942183971
728,864,136,0.136,0.06180190157145262
776,888,112,0.112,0.06296660812571644
684,842,158,0.158,0.0615197011269629
730,865,135,0.135,0.062356138218194246
760,880,120,0.12,0.06128876264765858
796,898,102,0.102,0.06396148792654276
830,915,85,0.085,0.06579064493626356
726,863,137,0.137,0.06494809286296367
782,891,109,0.109,0.06437349437922239
750,875,125,0.125,0.06300327706709505
700,850,150,0.15,0.06380998639017343
696,848,152,0.152,0.0658333789408207
816,908,92,0.092,0.06377751460112631
796,898,102,0.102,0.06214515797793865
832,916,84,0.084,0.06368384958803654
786,893,107,0.107,0.0639811415374279
762,881,119,0.119,0.06307122199609876
806,903,97,0.097,0.06186399576067925
808,904,96,0.096,0.061382555980235336
806,903,97,0.097,0.06038816928863525
802,901,99,0.099,0.059026881750673055
798,899,101,0.101,0.05649530925229192
802,901,99,0.099,0.05740582045912743
794,897,103,0.103,0.05524488825351
762,881,119,0.119,0.05458927200734615
732,866,134,0.134,0.05512812886759639
772,886,114,0.114,0.05443965723365545
810,905,95,0.095,0.053554767955094576
762,881,119,0.119,0.053645462438464166
704,852,148,0.148,0.05477004662528634
788,894,106,0.106,0.05449237645044923
740,870,130,0.13,0.05573235297203064
758,879,121,0.121,0.056713738784193994
780,890,110,0.11,0.05637966265156865
760,880,120,0.12,0.05880852624028921
784,892,108,0.108,0.05743511412665248
798,899,101,0.101,0.05885679905489087
734,867,133,0.133,0.05945071780309081
810,905,95,0.095,0.05862760606408119
750,875,125,0.125,0.05768552554771304
738,869,131,0.131,0.060174166820943356
804,902,98,0.098,0.059274766627699135
756,878,122,0.122,0.05952074490860105
746,873,127,0.127,0.06004093896225095
746,873,127,0.127,0.06020483885332942
766,883,117,0.117,0.060689633257687094
726,863,137,0.137,0.05976358365640044
760,880,120,0.12,0.060034619189798834
732,866,134,0.134,0.0611871493011713
792,896,104,0.104,0.06109441303089261
774,887,113,0.113,0.06006690538674593
766,883,117,0.117,0.06118699544668198
828,914,86,0.086,0.06116779904440045
846,923,77,0.077,0.06099808219075203
750,875,125,0.125,0.05892548426985741
734,867,133,0.133,0.058687496930360794
792,896,104,0.104,0.058424540601670745
746,873,127,0.127,0.057895966686308385
800,900,100,0.1,0.05623902762308717
764,882,118,0.118,0.058059445768594745
750,875,125,0.125,0.05625565648078919
762,881,119,0.119,0.05637584664300084
780,890,110,0.11,0.057366973791271446
742,871,129,0.129,0.05861517352983356
718,859,141,0.141,0.05854863504692912
764,882,118,0.118,0.05706224201247096
778,889,111,0.111,0.05700011471658945
766,883,117,0.117,0.056605392618104815
782,891,109,0.109,0.058257915508002044
748,874,126,0.126,0.05729834321141243
786,893,107,0.107,0.05793890208378434
758,879,121,0.121,0.0579458718970418
802,901,99,0.099,0.0577129165828228
770,885,115,0.115,0.05693305904045701
766,883,117,0.117,0.05641805634275079
754,877,123,0.123,0.05606871470808983
750,875,125,0.125,0.056048115123063326
774,887,113,0.113,0.055389127645641564
748,874,126,0.126,0.055065996784716846
758,879,121,0.121,0.05619781389087439
798,899,101,0.101,0.05563632192090154
736,868,132,0.132,0.056437215350568296
706,853,147,0.147,0.055532822385430336
758,879,121,0.121,0.056132755253463985
754,877,123,0.123,0.055073901012539866
754,877,123,0.123,0.05653291615284979
796,898,102,0.102,0.057823349624872206
754,877,123,0.123,0.05935012312233448
760,880,120,0.12,0.0590263393688947
712,856,144,0.144,0.05944158570468426
764,882,118,0.118,0.060440721478313204
786,893,107,0.107,0.06013459724932909
744,872,128,0.128,0.059695345163345334
744,872,128,0.128,0.06055416056141257
748,874,126,0.126,0.06128448351845145
752,876,124,0.124,0.06081773529201746
720,860,140,0.14,0.06054001610726118
754,877,123,0.123,0.05926038609817624
780,890,110,0.11,0.06014929522573948
708,854,146,0.146,0.06051605979725719
798,899,101,0.101,0.060075428418815136
750,875,125,0.125,0.06051183146238327
758,879,121,0.121,0.061421098165214065
770,885,115,0.115,0.06176814197748899
710,855,145,0.145,0.059627945300191644
762,881,119,0.119,0.06071392121165991
782,891,109,0.109,0.060937988456338646
782,891,109,0.109,0.06098734951764345
748,874,126,0.126,0.0598191107660532
772,886,114,0.114,0.05913354004174471
746,873,127,0.127,0.058801298916339874
836,918,82,0.082,0.05900929611921311
820,910,90,0.09,0.05798829789459705
780,890,110,0.11,0.056473803244531155
758,879,121,0.121,0.055749796625226736
750,875,125,0.125,0.05645118282362819
738,869,131,0.131,0.055503094494342806
746,873,127,0.127,0.054119310561567546
796,898,102,0.102,0.054271822452545165
748,874,126,0.126,0.0553377984650433
770,885,115,0.115,0.054232275780290363
754,877,123,0.123,0.052639115273952486
762,881,119,0.119,0.05264937601797283
802,901,99,0.099,0.05359622272476554
738,869,131,0.131,0.05344823033735156
838,919,81,0.081,0.05245973389595747
800,900,100,0.1,0.05251550871878862
742,871,129,0.129,0.0510351695343852
778,889,111,0.111,0.05081048168614507
828,914,86,0.086,0.04988511423580348
780,890,110,0.11,0.04973088652268052
750,875,125,0.125,0.04955137683078647
762,881,119,0.119,0.04904349901340902
756,878,122,0.122,0.04958301406726241
710,855,145,0.145,0.05002121367491782
712,856,144,0.144,0.0520240299962461
824,912,88,0.088,0.05106660913303494
724,862,138,0.138,0.05082418872974813
780,890,110,0.11,0.05299984486401081
780,890,110,0.11,0.052947483016178014
816,908,92,0.092,0.05291544876620174
762,881,119,0.119,0.05286666189320385
740,870,130,0.13,0.05280392590165138
786,893,107,0.107,0.05236292763054371
804,902,98,0.098,0.05173954432830215
764,882,118,0.118,0.05201635672524572
728,864,136,0.136,0.051259952578693625
730,865,135,0.135,0.051300215752795336
758,879,121,0.121,0.052061617936939
724,862,138,0.138,0.052198875565081834
774,887,113,0.113,0.05287155636958778
756,878,122,0.122,0.054820706166327
768,884,116,0.116,0.055173796221613884
770,885,115,0.115,0.05459256329759955
778,889,111,0.111,0.05463848020136356
772,886,114,0.114,0.05451550073921681
816,908,92,0.092,0.05450882225856185
760,880,120,0.12,0.05443850550055504
748,874,126,0.126,0.05624529195204377
774,887,113,0.113,0.054443475713953374
760,880,120,0.12,0.055658499620854854
766,883,117,0.117,0.05410301186144352
778,889,111,0.111,0.05472962815314531
748,874,126,0.126,0.05501758443564177
778,889,111,0.111,0.05326255262643099
728,864,136,0.136,0.053787889037281274
758,879,121,0.121,0.054822812370955945
774,887,113,0.113,0.0543191041611135
780,890,110,0.11,0.053826528072357174
734,867,133,0.133,0.05395583021640778
742,871,129,0.129,0.053068270124495026
706,853,147,0.147,0.05206112327612936
732,866,134,0.134,0.052302716555073854
736,868,132,0.132,0.05328055932000279
728,864,136,0.136,0.053613039372488853
802,901,99,0.099,0.05360536975041032
758,879,121,0.121,0.053604751456528904
718,859,141,0.141,0.05473612144216895
772,886,114,0.114,0.054959348935633895
724,862,138,0.138,0.055508552748709916
754,877,123,0.123,0.05524754128605127
732,866,134,0.134,0.05496095822378993
722,861,139,0.139,0.056218423292040826
800,900,100,0.1,0.05450481927767396
760,880,120,0.12,0.055117594491690396
762,881,119,0.119,0.05633399379253388
720,860,140,0.14,0.05327395393885672
786,893,107,0.107,0.055376524887979034
742,871,129,0.129,0.053385518833994866
798,899,101,0.101,0.05456655817851424
800,900,100,0.1,0.05364740210026503
752,876,124,0.124,0.05350758370012045
712,856,144,0.144,0.052331438988447186
754,877,123,0.123,0.05227069511637092
756,878,122,0.122,0.051253639679402115
772,886,114,0.114,0.052615880532190205
750,875,125,0.125,0.052974729757755995
742,871,129,0.129,0.05167514934763312
740,870,130,0.13,0.051605467338114976
806,903,97,0.097,0.05001322131976485
776,888,112,0.112,0.05007755640521645
752,876,124,0.124,0.051051648389548065
758,879,121,0.121,0.05202978068590164
778,889,111,0.111,0.049497603606432676
754,877,123,0.123,0.04956659445539117
750,875,125,0.125,0.04976810619048774
774,887,113,0.113,0.049652101043611764
808,904,96,0.096,0.049445167833939194
768,884,116,0.116,0.05070044926553965
778,889,111,0.111,0.04860529125481844
760,880,120,0.12,0.04916256948560476
810,905,95,0.095,0.04862084150128067
788,894,106,0.106,0.0490533781144768
808,904,96,0.096,0.04628463098034263
722,861,139,0.139,0.0467816199362278
844,922,78,0.078,0.046198874162510034
838,919,81,0.081,0.04661940331757069
816,908,92,0.092,0.045010591216385364
774,887,113,0.113,0.04398394230753183
772,886,114,0.114,0.044012433383613825
794,897,103,0.103,0.04357895101606846
802,901,99,0.099,0.04242774671502411
770,885,115,0.115,0.04333441567607224
752,876,124,0.124,0.044294396171346305
746,873,127,0.127,0.042423241056501866
808,904,96,0.096,0.04449886885844171
726,863,137,0.137,0.04390694456547499
792,896,104,0.104,0.04527103262022138
770,885,115,0.115,0.04496181384846568
772,886,114,0.114,0.04437805332988501
730,865,135,0.135,0.04623445086181164
822,911,89,0.089,0.04579111902602017
742,871,129,0.129,0.046040729839354755
782,891,109,0.109,0.04692308194935322
800,900,100,0.1,0.04613789022155106
748,874,126,0.126,0.047056097460910676
700,850,150,0.15,0.04492544275522232
816,908,92,0.092,0.04598077696748078
738,869,131,0.131,0.04461342525295913
700,850,150,0.15,0.04499742936529219
760,880,120,0.12,0.04602556587010622
692,846,154,0.154,0.046373686304315924
730,865,135,0.135,0.046514072366058826
758,879,121,0.121,0.048456594917923215
758,879,121,0.121,0.0489666694086045
754,877,123,0.123,0.0486620535608381
792,896,104,0.104,0.04884113943018019
756,878,122,0.122,0.049606456531211734
704,852,148,0.148,0.048352914504706856
778,889,111,0.111,0.04825166510976851
734,867,133,0.133,0.048440070057287815
760,880,120,0.12,0.04944492293708026
702,851,149,0.149,0.05010841117799282
768,884,116,0.116,0.050497662460431456
736,868,132,0.132,0.050111610148102045
832,916,84,0.084,0.05055122876726091
776,888,112,0.112,0.05195014447532594
758,879,121,0.121,0.05092320414818823
722,861,139,0.139,0.051171332066878676
752,876,124,0.124,0.05169678009673953
790,895,105,0.105,0.05033156198263168
744,872,128,0.128,0.050886153440922496
722,861,139,0.139,0.050432109970599416
810,905,95,0.095,0.050541915751993655
808,904,96,0.096,0.04937953321263194
812,906,94,0.094,0.04965025096014142
704,852,148,0.148,0.05010615063458681
734,867,133,0.133,0.04840285136178136
812,906,94,0.094,0.04807262958027422
730,865,135,0.135,0.04928262958861888
734,867,133,0.133,0.04807200005464256
704,852,148,0.148,0.048918084440752865
770,885,115,0.115,0.048415501307696104
696,848,152,0.152,0.04774098209291697
772,886,114,0.114,0.048128671776503325
770,885,115,0.115,0.04922145691886544
726,863,137,0.137,0.04735661043412984
776,888,112,0.112,0.049471789272502065
770,885,115,0.115,0.04771129463426769
718,859,141,0.141,0.048491329461336136
764,882,118,0.118,0.048882648229599
754,877,123,0.123,0.049297818381339314
698,849,151,0.151,0.04841508920956403
696,848,152,0.152,0.04836881109885872
738,869,131,0.131,0.05016274811886251
774,887,113,0.113,0.05000483913347125
756,878,122,0.122,0.04969936392642558
804,902,98,0.098,0.049231699120253325
756,878,122,0.122,0.05017490294761956
678,839,161,0.161,0.04866747845336795
794,897,103,0.103,0.048940748715773225
810,905,95,0.095,0.04976871685683727
846,923,77,0.077,0.047872153339907526
714,857,143,0.143,0.04762424351274967
756,878,122,0.122,0.04603939083404839
786,893,107,0.107,0.04598465697467327
792,896,104,0.104,0.04545970645360649
782,891,109,0.109,0.0451019104141742
808,904,96,0.096,0.04403418755717575
764,882,118,0.118,0.04501830531656742
794,897,103,0.103,0.04356377904117108
760,880,120,0.12,0.04315993086434901
828,914,86,0.086,0.04331694378890097
772,886,114,0.114,0.042417219886556265
766,883,117,0.117,0.04287640388309956
754,877,123,0.123,0.040851492777466775
832,916,84,0.084,0.04057512423954904
784,892,108,0.108,0.03974134279042482
758,879,121,0.121,0.04021000872179866
776,888,112,0.112,0.03924715161882341
798,899,101,0.101,0.03892630811408162
790,895,105,0.105,0.040691772367805246
748,874,126,0.126,0.0396888455748558
744,872,128,0.128,0.040493896275758744
768,884,116,0.116,0.040676624773070214
792,896,104,0.104,0.040725024240091445
780,890,110,0.11,0.04020201528258622
778,889,111,0.111,0.041959853203967216
684,842,158,0.158,0.04100198168121278
790,895,105,0.105,0.040808351635932924
810,905,95,0.095,0.04040390351973474
720,860,140,0.14,0.04226248157210648
710,855,145,0.145,0.04215090608224273
734,867,133,0.133,0.04305554080568254
762,881,119,0.119,0.041966967107728126
722,861,139,0.139,0.04316279458627105
802,901,99,0.099,0.04294116439111531
800,900,100,0.1,0.0434804965890944
728,864,136,0.136,0.04403881919197738
782,891,109,0.109,0.04264843685738742
754,877,123,0.123,0.04299261188134551
768,884,116,0.116,0.04256282227300107
778,889,111,0.111,0.04238641628436744
746,873,127,0.127,0.043146918505430225
804,902,98,0.098,0.0424512945022434
742,871,129,0.129,0.04203280250914395
716,858,142,0.142,0.04339112859033048
772,886,114,0.114,0.041953038524836304
776,888,112,0.112,0.041506853273138404
708,854,146,0.146,0.041679179115220906
774,887,113,0.113,0.0425821315664798
794,897,103,0.103,0.042624734302982685
744,872,128,0.128,0.04263760009407997
762,881,119,0.119,0.04194242545962334
754,877,123,0.123,0.04243464341014624
796,898,102,0.102,0.042221515100449324
830,915,85,0.085,0.041421355180442335
720,860,140,0.14,0.04186030980199575
688,844,156,0.156,0.039680653227493166
776,888,112,0.112,0.04163138086535036
728,864,136,0.136,0.04089728373102844
758,879,121,0.121,0.04152561598271132
706,853,147,0.147,0.04181329997442663
794,897,103,0.103,0.04193691747263074
832,916,84,0.084,0.04300859998911619
720,860,140,0.14,0.043082336043939
790,895,105,0.105,0.04277943991497159
784,892,108,0.108,0.04142735678702593
750,875,125,0.125,0.04144868977926672
752,876,124,0.124,0.04179526735842228
718,859,141,0.141,0.041671001916751264
764,882,118,0.118,0.041082206873223184
706,853,147,0.147,0.04192593572661281
764,882,118,0.118,0.041603747215121986
762,881,119,0.119,0.041833056658506396
770,885,115,0.115,0.042539616243913767
744,872,128,0.128,0.04180532713234424
754,877,123,0.123,0.042492418374866246
736,868,132,0.132,0.043654159035533664
794,897,103,0.103,0.042276143381372096
720,860,140,0.14,0.04259426441416144
786,893,107,0.107,0.04252877707593143
690,845,155,0.155,0.04192989168316126
798,899,101,0.101,0.04322292812913656
786,893,107,0.107,0.04235246511362493
702,851,149,0.149,0.04102870872803032
806,903,97,0.097,0.04120580947585404
750,875,125,0.125,0.04179331370070577
758,879,121,0.121,0.04026128392107785
754,877,123,0.123,0.04069450380653143
786,893,107,0.107,0.03949981282837689
786,893,107,0.107,0.038806869696825744
736,868,132,0.132,0.040117982355877754
702,851,149,0.149,0.04028063093870878
750,875,125,0.125,0.03987395060993731
798,899,101,0.101,0.04008829725719988
772,886,114,0.114,0.038841931955888864
772,886,114,0.114,0.03937562485411763
732,866,134,0.134,0.03961411409638822
752,876,124,0.124,0.039954042039811614
738,869,131,0.131,0.039503286378458145
742,871,129,0.129,0.039982954980805514
806,903,97,0.097,0.04048878382705152
762,881,119,0.119,0.04010114117152989
752,876,124,0.124,0.03903361875750124
756,878,122,0.122,0.03907326061464846
748,874,126,0.126,0.03844080280326307
722,861,139,0.139,0.03900208552926779
762,881,119,0.119,0.0399685750734061
792,896,104,0.104,0.03985355898365378
782,891,109,0.109,0.03981831134855747
816,908,92,0.092,0.03905818207375705
814,907,93,0.093,0.038074098773300646
760,880,120,0.12,0.038945157829672096
730,865,135,0.135,0.03893759098276496
728,864,136,0.136,0.038011016419157384
812,906,94,0.094,0.03728294587880373
784,892,108,0.108,0.037668120516464114
778,889,111,0.111,0.03682442678883672
778,889,111,0.111,0.037440687688067555
848,924,76,0.076,0.03596775003895163
734,867,133,0.133,0.03641659093648195
764,882,118,0.118,0.03602145780995488
742,871,129,0.129,0.036221639044582844
752,876,124,0.124,0.03666962917521596
790,895,105,0.105,0.03672703986987472
746,873,127,0.127,0.037051118405535814
782,891,109,0.109,0.036669532537460324
748,874,126,0.126,0.036527871850878
806,903,97,0.097,0.03636269726790488
784,892,108,0.108,0.03661964057944715
756,878,122,0.122,0.036638993058353664
726,863,137,0.137,0.03609348337724805
776,888,112,0.112,0.03696642870269716
776,888,112,0.112,0.03684211229532957
826,913,87,0.087,0.0379493222758174
754,877,123,0.123,0.038123694241046904
786,893,107,0.107,0.038482942380011084
736,868,132,0.132,0.037970019614323974
654,827,173,0.173,0.038122585536912085
770,885,115,0.115,0.03860359264910221
768,884,116,0.116,0.03798503050021827
764,882,118,0.118,0.0384294628854841
784,892,108,0.108,0.038214611681178214
754,877,123,0.123,0.039310156147927044
738,869,131,0.131,0.03879463329352439
738,869,131,0.131,0.03848476035706699
762,881,119,0.119,0.03955815280228853
802,901,99,0.099,0.038967922976240514
810,905,95,0.095,0.03901086843572557
784,892,108,0.108,0.03970030936785042
838,919,81,0.081,0.03807063412666321
782,891,109,0.109,0.03788957037962973
740,870,130,0.13,0.03858549419976771
712,856,144,0.144,0.03724387405067682
746,873,127,0.127,0.03818996472097933
788,894,106,0.106,0.03782846267707646
838,919,81,0.081,0.03814157878421247
698,849,151,0.151,0.03706600384600461
698,849,151,0.151,0.03736644167639315
780,890,110,0.11,0.03803781445324421
774,887,113,0.113,0.03824090229161084
728,864,136,0.136,0.03664251396618783
832,916,84,0.084,0.03715131186693907
728,864,136,0.136,0.037504391208291056
766,883,117,0.117,0.037651073025539515
762,881,119,0.119,0.03750447791069746
760,880,120,0.12,0.037154152514413
714,857,143,0.143,0.03731761587038636
726,863,137,0.137,0.03771758112311363
746,873,127,0.127,0.037168100928887726
760,880,120,0.12,0.03813119312562049
754,877,123,0.123,0.03931433292664587
744,872,128,0.128,0.03945289162732661
818,909,91,0.091,0.03868097151257098
762,881,119,0.119,0.03893475342541933
810,905,95,0.095,0.03883653580769896
760,880,120,0.12,0.03850249085761607
746,873,127,0.127,0.0389001060128212
772,886,114,0.114,0.038732029059901835
760,880,120,0.12,0.03820780006237328
762,881,119,0.119,0.037936033656820654
746,873,127,0.127,0.03836472758464515
704,852,148,0.148,0.03886508947238326
764,882,118,0.118,0.03825673852674663
790,895,105,0.105,0.038184207437559965
752,876,124,0.124,0.03778473996184766
788,894,106,0.106,0.039074003145098686
758,879,121,0.121,0.03746999525651336
788,894,106,0.106,0.03792890670895577
724,862,138,0.138,0.037025105940178035
760,880,120,0.12,0.03828545474074781
726,863,137,0.137,0.03767973017320037
690,845,155,0.155,0.03800180021673441
806,903,97,0.097,0.03936402834393084
764,882,118,0.118,0.038560700584203
668,834,166,0.166,0.0384492026604712
794,897,103,0.103,0.03869302748888731
750,875,125,0.125,0.038622573835775255
766,883,117,0.117,0.03787943967804313
816,908,92,0.092,0.03884613440558314
796,898,102,0.102,0.038114487601444126
750,875,125,0.125,0.03746985566243529
748,874,126,0.126,0.036953340403735636
826,913,87,0.087,0.03769346239231527
726,863,137,0.137,0.03633555674366653
754,877,123,0.123,0.03434475638531148
744,872,128,0.128,0.035718116583302616
788,894,106,0.106,0.036079978797584775
706,853,147,0.147,0.0363436984103173
742,871,129,0.129,0.0366238900963217
716,858,142,0.142,0.037112787816673515
738,869,131,0.131,0.037716646611690524
742,871,129,0.129,0.037980962716042996
792,896,104,0.104,0.03913976605050266
706,853,147,0.147,0.038049411540850994
818,909,91,0.091,0.038244378803297875
722,861,139,0.139,0.038193063605576755
734,867,133,0.133,0.03884465556591749
770,885,115,0.115,0.038691580958664415
770,885,115,0.115,0.03821370547451079
772,886,114,0.114,0.0384731889218092
736,868,132,0.132,0.03746861762367189
822,911,89,0.089,0.03641340271756053
744,872,128,0.128,0.03687769263982773
752,876,124,0.124,0.03707602191343903
730,865,135,0.135,0.036124364126473664
734,867,133,0.133,0.03575586182810366
678,839,161,0.161,0.03644688985496759
726,863,137,0.137,0.03638950240239501
786,893,107,0.107,0.038003832871094344
736,868,132,0.132,0.0382228107303381
732,866,134,0.134,0.038124302752316
760,880,120,0.12,0.038790679510682824
694,847,153,0.153,0.03854824363812804
776,888,112,0.112,0.038065218100324275
720,860,140,0.14,0.038122928015887736
776,888,112,0.112,0.036966892084106806
742,871,129,0.129,0.03758632790111005
710,855,145,0.145,0.038221238903701306
780,890,110,0.11,0.03840851612202823
742,871,129,0.129,0.0378778659068048
738,869,131,0.131,0.0386804465316236
718,859,141,0.141,0.0390589220803231
726,863,137,0.137,0.03867377404682338
764,882,118,0.118,0.03769903212226927
818,909,91,0.091,0.03771236776560545
760,880,120,0.12,0.03835450373031199
764,882,118,0.118,0.038147934531793
770,885,115,0.115,0.038122223140671846
706,853,147,0.147,0.03745550217200071
684,842,158,0.158,0.03629027335718274
726,863,137,0.137,0.036581595238298174
732,866,134,0.134,0.036847106011584405
806,903,97,0.097,0.03716598799824715
754,877,123,0.123,0.03645147420465946
746,873,127,0.127,0.036520052153617144
700,850,150,0.15,0.03611596627905965
754,877,123,0.123,0.0373723536003381
798,899,101,0.101,0.03630010016448796
780,890,110,0.11,0.036198018806055186
752,876,124,0.124,0.03559375458396971
776,888,112,0.112,0.035199034770950675
790,895,105,0.105,0.035583448953926566
802,901,99,0.099,0.035226809898391366
754,877,123,0.123,0.03439450233615935
768,884,116,0.116,0.03452953593246639
774,887,113,0.113,0.034743835236877206
782,891,109,0.109,0.033481975564733146
748,874,126,0.126,0.035099639441818
774,887,113,0.113,0.03379283726029098
718,859,141,0.141,0.03439380923844874
762,881,119,0.119,0.033625601060688494
794,897,103,0.103,0.034151135640218856
780,890,110,0.11,0.03369552164897323
812,906,94,0.094,0.033680596383288505
750,875,125,0.125,0.03371618505008519
794,897,103,0.103,0.033246783159673214
794,897,103,0.103,0.033675096083432436
738,869,131,0.131,0.03280409464240074
692,846,154,0.154,0.03291921016946435
762,881,119,0.119,0.03226207939349115
798,899,101,0.101,0.03264595437608659
758,879,121,0.121,0.03288741189427674
786,893,107,0.107,0.034060169357806445
758,879,121,0.121,0.03363902241177857
794,897,103,0.103,0.034032468088902534
784,892,108,0.108,0.033759722083806995
792,896,104,0.104,0.03327237757667899
818,909,91,0.091,0.032233222354203464
748,874,126,0.126,0.033229465294629335
864,932,68,0.068,0.03283296714536846
788,894,106,0.106,0.032389003701508046
744,872,128,0.128,0.031344246370717886
812,906,94,0.094,0.03156495646201074
760,880,120,0.12,0.0317413623444736
742,871,129,0.129,0.03126971018314362
740,870,130,0.13,0.03112546518445015
796,898,102,0.102,0.0314798395074904
766,883,117,0.117,0.03154049997590482
764,882,118,0.118,0.03177715871296823
778,889,111,0.111,0.0320494061242789
802,901,99,0.099,0.03123158948495984
780,890,110,0.11,0.031101049097254873
746,873,127,0.127,0.031396447638049725
744,872,128,0.128,0.03068456731364131
830,915,85,0.085,0.03049072627257556
760,880,120,0.12,0.030669300064444543
778,889,111,0.111,0.03230732484906912
726,863,137,0.137,0.030407627704553308
796,898,102,0.102,0.031340943789109586
744,872,128,0.128,0.03164277195930481
788,894,106,0.106,0.03131020295992493
764,882,118,0.118,0.03218704685382545
768,884,116,0.116,0.03298278446309268
716,858,142,0.142,0.03279175410605967
756,878,122,0.122,0.033667418502271174
728,864,136,0.136,0.033706993935629724
778,889,111,0.111,0.032860836654901505
738,869,131,0.131,0.0341396505124867
752,876,124,0.124,0.0338354121632874
770,885,115,0.115,0.034709576344117525
760,880,120,0.12,0.034243939956650135
794,897,103,0.103,0.03365080372616649
802,901,99,0.099,0.03481681873649359
754,877,123,0.123,0.03439625352807343
748,874,126,0.126,0.03465268187969923
764,882,118,0.118,0.034319254424422976
778,889,111,0.111,0.03443348300270736
792,896,104,0.104,0.03387431780993939
810,905,95,0.095,0.0329608862772584
700,850,150,0.15,0.03352723386511207
772,886,114,0.114,0.033924520669505
824,912,88,0.088,0.03323757915757596
740,870,130,0.13,0.03371370838396251
806,903,97,0.097,0.032568901270627976
780,890,110,0.11,0.03272387735545635
760,880,120,0.12,0.032815647756680846
696,848,152,0.152,0.03293253932893276
764,882,118,0.118,0.03285513945482671
788,894,106,0.106,0.03368696943297982
778,889,111,0.111,0.033319658206775786
766,883,117,0.117,0.033822576912119984
764,882,118,0.118,0.03326974414754659
772,886,114,0.114,0.033595225874334576
740,870,130,0.13,0.03258250752277672
818,909,91,0.091,0.032287940997630354
782,891,109,0.109,0.031992732599377634
748,874,126,0.126,0.031453910280019044
752,876,124,0.124,0.031512790676206354
752,876,124,0.124,0.031247465716674923
784,892,108,0.108,0.032451524240896104
728,864,136,0.136,0.031817641615867615
724,862,138,0.138,0.03175009764917195
732,866,134,0.134,0.033250132458284495
736,868,132,0.132,0.0324348513931036
740,870,130,0.13,0.03257564943470061
746,873,127,0.127,0.03359593227319419
772,886,114,0.114,0.033652916496619584
750,875,125,0.125,0.03227910710684955
772,886,114,0.114,0.032920025795698166
778,889,111,0.111,0.03288865084387362
822,911,89,0.089,0.033179831959307196
792,896,104,0.104,0.03306972405128181
796,898,102,0.102,0.031495213598012925
776,888,112,0.112,0.031741927903145555
750,875,125,0.125,0.03176203608047217
782,891,109,0.109,0.030739267433062194
802,901,99,0.099,0.030706528011709453
770,885,115,0.115,0.030112503992393614
720,860,140,0.14,0.0314341830033809
796,898,102,0.102,0.03199270047061145
708,854,146,0.146,0.03162830983661115
714,857,143,0.143,0.032168600408360365
774,887,113,0.113,0.03122265395708382
790,895,105,0.105,0.03217189195938409
804,902,98,0.098,0.032284298608079555
788,894,106,0.106,0.032272379912436006
790,895,105,0.105,0.032192823633551595
814,907,93,0.093,0.03246570921875536
824,912,88,0.088,0.029767951318994165
714,857,143,0.143,0.029888811165466905
824,912,88,0.088,0.029014881797134875
820,910,90,0.09,0.029205615438520908
730,865,135,0.135,0.027946583226323127
732,866,134,0.134,0.028119418166577818
778,889,111,0.111,0.028708062948659064
752,876,124,0.124,0.028661629371345042
760,880,120,0.12,0.028893341341987254
734,867,133,0.133,0.028908583924174308
794,897,103,0.103,0.029675395004451276
790,895,105,0.105,0.029856189063750208
772,886,114,0.114,0.030345978716388344
782,891,109,0.109,0.030100150968879462
712,856,144,0.144,0.02954185800720006
834,917,83,0.083,0.02973071548528969
786,893,107,0.107,0.029706782991066574
824,912,88,0.088,0.030566628910601138
788,894,106,0.106,0.029818685127422213
732,866,134,0.134,0.02984864353854209
680,840,160,0.16,0.02964052661880851
764,882,118,0.118,0.030346867150627076
796,898,102,0.102,0.03031570870615542
768,884,116,0.116,0.02936135491915047
754,877,123,0.123,0.029808972408995032
750,875,125,0.125,0.030226753097958862
784,892,108,0.108,0.029956180699169634
832,916,84,0.084,0.029709540093317627
784,892,108,0.108,0.029722577512264252
786,893,107,0.107,0.029046104143373667
740,870,130,0.13,0.029269563532434404
810,905,95,0.095,0.029504837285727264
762,881,119,0.119,0.029213112937286498
758,879,121,0.121,0.027730568125844002
750,875,125,0.125,0.02885228220000863
760,880,120,0.12,0.02875128830038011
850,925,75,0.075,0.029391468279063703
776,888,112,0.112,0.02882341543212533
800,900,100,0.1,0.02836413848400116
802,901,99,0.099,0.029389978321269154
804,902,98,0.098,0.029232417967170476
810,905,95,0.095,0.028817676097154618
804,902,98,0.098,0.027376318188384176
788,894,106,0.106,0.02699143204744905
764,882,118,0.118,0.02714681148249656
708,854,146,0.146,0.02704436521418393
786,893,107,0.107,0.027008674276061358
752,876,124,0.124,0.02711120451055467
746,873,127,0.127,0.02775993403978646
802,901,99,0.099,0.02761083159968257
718,859,141,0.141,0.02789022486563772
792,896,104,0.104,0.028222702920436857
786,893,107,0.107,0.027321321070194245
754,877,123,0.123,0.027563798925839364
800,900,100,0.1,0.028061809131875635
772,886,114,0.114,0.029300852129235864
742,871,129,0.129,0.02836544526182115
814,907,93,0.093,0.02874386737216264
734,867,133,0.133,0.029163269062526524
746,873,127,0.127,0.029940328096970916
776,888,112,0.112,0.030174014056101442
670,835,165,0.165,0.03051045736949891
768,884,116,0.116,0.0314826114308089
808,904,96,0.096,0.03139739393815398
792,896,104,0.104,0.030371752182021736
782,891,109,0.109,0.030536762862466274
758,879,121,0.121,0.03150694553554058
766,883,117,0.117,0.030813092535361648
750,875,125,0.125,0.03136283176764846
800,900,100,0.1,0.03126355202496052
774,887,113,0.113,0.031056828631088138
766,883,117,0.117,0.03178731606528163
766,883,117,0.117,0.031166109818965195
756,878,122,0.122,0.03238200799562037
750,875,125,0.125,0.03096364718861878
828,914,86,0.086,0.030326213113963604
776,888,112,0.112,0.030871031057089566
756,878,122,0.122,0.031061517847701905
772,886,114,0.114,0.030733085809275508
728,864,136,0.136,0.03024168048426509
760,880,120,0.12,0.030381989331915975
758,879,121,0.121,0.030167432392016053
766,883,117,0.117,0.030189752101898195
738,869,131,0.131,0.03085725374147296
828,914,86,0.086,0.030272127656266093
718,859,141,0.141,0.030650430040434003
758,879,121,0.121,0.03055160748772323
792,896,104,0.104,0.030787574967369436
798,899,101,0.101,0.03080388292297721
776,888,112,0.112,0.029662468567490576
772,886,114,0.114,0.03101940845698118
746,873,127,0.127,0.03096511016972363
774,887,113,0.113,0.03140644082054496
716,858,142,0.142,0.031073913877829908
784,892,108,0.108,0.030303695702925324
742,871,129,0.129,0.030777026258409022
746,873,127,0.127,0.030537134082987905
716,858,142,0.142,0.03091640483401716
768,884,116,0.116,0.03051278058439493
818,909,91,0.091,0.031173815205693244
746,873,127,0.127,0.03058573745749891
746,873,127,0.127,0.03097725228779018
792,896,104,0.104,0.03090048543550074
778,889,111,0.111,0.03211672594025731
754,877,123,0.123,0.031583497047424317
720,860,140,0.14,0.030266803074628115
780,890,110,0.11,0.030904698226600885
750,875,125,0.125,0.03068171715736389
810,905,95,0.095,0.029493028659373522
796,898,102,0.102,0.03014246546663344
750,875,125,0.125,0.029566795034334063
742,871,129,0.129,0.030290703119710088
776,888,112,0.112,0.029589367693290115
742,871,129,0.129,0.029574118833988906
688,844,156,0.156,0.029539662543684245
790,895,105,0.105,0.029967439206317066
796,898,102,0.102,0.03074015798419714
748,874,126,0.126,0.030653971755877137
748,874,126,0.126,0.030698247442021966
712,856,144,0.144,0.031143956769257783
742,871,129,0.129,0.030579154293984175
768,884,116,0.116,0.03270700190216303
784,892,108,0.108,0.031052092861384155
768,884,116,0.116,0.032654061222448946
738,869,131,0.131,0.031042494336143134
742,871,129,0.129,0.03159328555129468
678,839,161,0.161,0.03144476614519954
796,898,102,0.102,0.03209138836339116
770,885,115,0.115,0.03200583489984274
734,867,133,0.133,0.033009760117158296
768,884,116,0.116,0.03227362629771233
714,857,143,0.143,0.032527951546944676
752,876,124,0.124,0.03310426030494273
750,875,125,0.125,0.03269322698749602
734,867,133,0.133,0.03329099310189486
832,916,84,0.084,0.03275061202049255
756,878,122,0.122,0.03241249375604093
770,885,115,0.115,0.03257111942954361
802,901,99,0.099,0.03244944342970848
732,866,134,0.134,0.03184034875780344
760,880,120,0.12,0.03243216498196125
772,886,114,0.114,0.032154597636312246
776,888,112,0.112,0.03200419704243541
790,895,105,0.105,0.031532938679680225
792,896,104,0.104,0.03155541321821511
868,934,66,0.066,0.031779338989406825
832,916,84,0.084,0.0303858996424824
798,899,101,0.101,0.0302956232316792
802,901,99,0.099,0.02982505775988102
780,890,110,0.11,0.02897978182695806
748,874,126,0.126,0.02925868536811322
748,874,126,0.126,0.028514807108789682
792,896,104,0.104,0.02832305773347616
732,866,134,0.134,0.029322699973359703
702,851,149,0.149,0.029188489895313977
750,875,125,0.125,0.030012625383213164
776,888,112,0.112,0.029498634999617933
760,880,120,0.12,0.03025987335294485
790,895,105,0.105,0.03051247254386544
762,881,119,0.119,0.03143663796596229
760,880,120,0.12,0.030942623624578117
842,921,79,0.079,0.03093516200222075
792,896,104,0.104,0.030113292321562766
798,899,101,0.101,0.03054388260282576
834,917,83,0.083,0.02994168256223202
766,883,117,0.117,0.029357514575123787
756,878,122,0.122,0.029245650628581643
756,878,122,0.122,0.028913404423743485
844,922,78,0.078,0.0303122983854264
796,898,102,0.102,0.02856303947418928
804,902,98,0.098,0.028627197882160546
750,875,125,0.125,0.028718330975621938
784,892,108,0.108,0.029301044516265393
788,894,106,0.106,0.0285166077837348
800,900,100,0.1,0.028835928570479154
752,876,124,0.124,0.028747214829549193
756,878,122,0.122,0.028351653644815088
810,905,95,0.095,0.028818263478577136
752,876,124,0.124,0.028537730167619884
792,896,104,0.104,0.028424904903396966
816,908,92,0.092,0.02898699551075697
764,882,118,0.118,0.028759565968997775
744,872,128,0.128,0.028409510117024184
776,888,112,0.112,0.028647795140743254
804,902,98,0.098,0.028927244164049626
728,864,136,0.136,0.029215882714837788
798,899,101,0.101,0.0300215254034847
784,892,108,0.108,0.03013600150682032
776,888,112,0.112,0.0297758303610608
748,874,126,0.126,0.03095467607304454
726,863,137,0.137,0.030195404428988694
812,906,94,0.094,0.030156304838135837
806,903,97,0.097,0.03006502999924123
754,877,123,0.123,0.030249923538416625
750,875,125,0.125,0.030386817337945102
794,897,103,0.103,0.030967432476580143
710,855,145,0.145,0.03094890078343451
714,857,143,0.143,0.03150558137148619
744,872,128,0.128,0.031673155738040804
776,888,112,0.112,0.03151949311606586
778,889,111,0.111,0.0319994339235127
764,882,118,0.118,0.03164080228284001
772,886,114,0.114,0.032128151707351206
756,878,122,0.122,0.031911310525611046
680,840,160,0.16,0.03167318654805422
760,880,120,0.12,0.032996073137968776
754,877,123,0.123,0.032183543426916005
748,874,126,0.126,0.03226420448161662
760,880,120,0.12,0.0318960553817451
738,869,131,0.131,0.032573378683999184
766,883,117,0.117,0.032879016432911155
760,880,120,0.12,0.03327001804113388
752,876,124,0.124,0.03257369540259242
738,869,131,0.131,0.03308005155995488
746,873,127,0.127,0.03264432876184583
734,867,133,0.133,0.03289930012822151
794,897,103,0.103,0.03212964092195034
800,900,100,0.1,0.03261907852999866
796,898,102,0.102,0.031893616259098055
710,855,145,0.145,0.03270551314763725
746,873,127,0.127,0.03240172016061842
730,865,135,0.135,0.032525077888742086
740,870,130,0.13,0.03130659086443484
730,865,135,0.135,0.03230158679187298
744,872,128,0.128,0.03319912519678474
742,871,129,0.129,0.032593578973785044
770,885,115,0.115,0.03333035255782306
750,875,125,0.125,0.033392890132963655
802,901,99,0.099,0.03230987268127501
782,891,109,0.109,0.03298709145002067
784,892,108,0.108,0.03243331004865468
808,904,96,0.096,0.03345762773789465
746,873,127,0.127,0.03345837859809399
754,877,123,0.123,0.03164392750710249
718,859,141,0.141,0.03284302041865885
746,873,127,0.127,0.031711808778345583
812,906,94,0.094,0.03131611124612391
800,900,100,0.1,0.0307466683909297
710,855,145,0.145,0.031357227390632035
798,899,101,0.101,0.030076411901041867
816,908,92,0.092,0.031219298729673026
734,867,133,0.133,0.03041838896088302
838,919,81,0.081,0.029387159602716564
772,886,114,0.114,0.03009202251583338
734,867,133,0.133,0.029203303312882782
832,916,84,0.084,0.029358692158013584
756,878,122,0.122,0.029657384941354396
770,885,115,0.115,0.02977618456631899
726,863,137,0.137,0.02987596875987947
742,871,129,0.129,0.029499001206830144
686,843,157,0.157,0.029630852034315466
730,865,135,0.135,0.029250561133027077
736,868,132,0.132,0.030518345516175032
806,903,97,0.097,0.03046252238471061
730,865,135,0.135,0.030847459699958564
754,877,123,0.123,0.031217205515131356
740,870,130,0.13,0.031562588496133685
806,903,97,0.097,0.03178219863213599
766,883,117,0.117,0.03116349921002984
774,887,113,0.113,0.031042759478092194
758,879,121,0.121,0.031024864234030246
758,879,121,0.121,0.030415606690570713
740,870,130,0.13,0.030179231768473983
792,896,104,0.104,0.030565280396491288
808,904,96,0.096,0.029207498650997876
770,885,115,0.115,0.029856069965288043
814,907,93,0.093,0.028374754508957267
748,874,126,0.126,0.0286272136149928
778,889,111,0.111,0.02847698946110904
832,916,84,0.084,0.027871448983438313
810,905,95,0.095,0.02799840567726642
784,892,108,0.108,0.026897258840501308
718,859,141,0.141,0.02704186942242086
796,898,102,0.102,0.02667182656470686
758,879,121,0.121,0.026939099963754414
730,865,135,0.135,0.02805440340656787
742,871,129,0.129,0.026617450695484875
772,886,114,0.114,0.027176457978785037
796,898,102,0.102,0.02781751839257777
758,879,121,0.121,0.028122186398133634
802,901,99,0.099,0.028612295606173576
710,855,145,0.145,0.028799747207202017
698,849,151,0.151,0.029266651218757034
764,882,118,0.118,0.030475105063989757
768,884,116,0.116,0.029138755325227975
796,898,102,0.102,0.02865504780597985
772,886,114,0.114,0.029950919615104793
770,885,115,0.115,0.030608398163691163
698,849,151,0.151,0.03036980305239558
754,877,123,0.123,0.030181043738499284
744,872,128,0.128,0.030895397778600453
730,865,135,0.135,0.030760891277343036
750,875,125,0.125,0.0311995638795197
794,897,103,0.103,0.03092416924238205
812,906,94,0.094,0.031222655428573488
776,888,112,0.112,0.03092897406220436
756,878,122,0.122,0.030228630958124995
794,897,103,0.103,0.029636589551344513
744,872,128,0.128,0.02921214278228581
780,890,110,0.11,0.028482461710460483
732,866,134,0.134,0.02857447754777968
732,866,134,0.134,0.028300734175369144
798,899,101,0.101,0.02775688779260963
722,861,139,0.139,0.02775893234182149
832,916,84,0.084,0.02785796526353806
734,867,133,0.133,0.02803212770912796
826,913,87,0.087,0.027623148769140245
732,866,134,0.134,0.027226577910594643
770,885,115,0.115,0.027187635718844833
772,886,114,0.114,0.027092271592468024
782,891,109,0.109,0.026526476720348
798,899,101,0.101,0.02625524156074971
774,887,113,0.113,0.026370712800882757
774,887,113,0.113,0.025679030664265155
752,876,124,0.124,0.02581222089473158
754,877,123,0.123,0.025739582933485508
794,897,103,0.103,0.02486798634007573
778,889,111,0.111,0.02517872637696564
780,890,110,0.11,0.02541143717709929
742,871,129,0.129,0.02519493399746716
788,894,106,0.106,0.025935847676359116
766,883,117,0.117,0.02551013803575188
748,874,126,0.126,0.026269464396871625
792,896,104,0.104,0.025848912197165192
804,902,98,0.098,0.025364794249646366
750,875,125,0.125,0.025291026627644896
760,880,120,0.12,0.02626891301665455
798,899,101,0.101,0.025484144909307362
810,905,95,0.095,0.02554727616906166
760,880,120,0.12,0.0255262305540964
790,895,105,0.105,0.024906972852535545
756,878,122,0.122,0.025482115166261792
758,879,121,0.121,0.025005807743407785
756,878,122,0.122,0.025087823182344437
776,888,112,0.112,0.025153891931287944
772,886,114,0.114,0.025358983455225824
830,915,85,0.085,0.02487517107464373
802,901,99,0.099,0.02480519256554544
756,878,122,0.122,0.025369953562505543
754,877,123,0.123,0.02481252510845661
766,883,117,0.117,0.023928130708634855
720,860,140,0.14,0.025618125854060054
782,891,109,0.109,0.025967377363704146
766,883,117,0.117,0.025481913574039936
716,858,142,0.142,0.025693063902668654
850,925,75,0.075,0.025617626645602284
780,890,110,0.11,0.025411719874478877
814,907,93,0.093,0.024922870216891168
774,887,113,0.113,0.02445160557795316
768,884,116,0.116,0.02536642832122743
814,907,93,0.093,0.024695707394741476
782,891,109,0.109,0.02479771937802434
766,883,117,0.117,0.025066243031062186
808,904,96,0.096,0.02505852469522506
728,864,136,0.136,0.02519895075261593
774,887,113,0.113,0.025023852470330895
812,906,94,0.094,0.02436008523777127
746,873,127,0.127,0.025095597799867392
740,870,130,0.13,0.02518216517753899
784,892,108,0.108,0.025449415754526854
782,891,109,0.109,0.02446261940523982
780,890,110,0.11,0.024938724990934132
732,866,134,0.134,0.02575386528018862
780,890,110,0.11,0.024954632450826467
840,920,80,0.08,0.02506397804338485
734,867,133,0.133,0.02505518037080765
796,898,102,0.102,0.025264905642718077
798,899,101,0.101,0.02536262352950871
746,873,127,0.127,0.02518680701125413
726,863,137,0.137,0.024013411542400716
770,885,115,0.115,0.02437568152230233
762,881,119,0.119,0.024772930099628866
748,874,126,0.126,0.024065354865975677
708,854,146,0.146,0.025466060856357216
778,889,111,0.111,0.025201971019618213
814,907,93,0.093,0.025521012811921536
756,878,122,0.122,0.025046018430963157
774,887,113,0.113,0.025671816809102892
786,893,107,0.107,0.025785810477100313
768,884,116,0.116,0.02501455932855606
738,869,131,0.131,0.02610974925942719
710,855,145,0.145,0.02617334420233965
816,908,92,0.092,0.02558739670459181
778,889,111,0.111,0.026516768536530434
756,878,122,0.122,0.025770345085300506
742,871,129,0.129,0.02636639726627618
802,901,99,0.099,0.025790263392962514
748,874,126,0.126,0.0269392396081239
798,899,101,0.101,0.026054895146749912
774,887,113,0.113,0.02643216686695814
720,860,140,0.14,0.02723646118491888
806,903,97,0.097,0.026463146349415184
798,899,101,0.101,0.02595398361142725
770,885,115,0.115,0.025927609806880355
792,896,104,0.104,0.025198006415739656
738,869,131,0.131,0.02607735297549516
688,844,156,0.156,0.0256491495994851
714,857,143,0.143,0.025260317913256586
754,877,123,0.123,0.026216739416122438
792,896,104,0.104,0.026451528993435204
756,878,122,0.122,0.02682146687991917
776,888,112,0.112,0.026846031989902257
792,896,104,0.104,0.0263171303095296
830,915,85,0.085,0.02633599038980901
830,915,85,0.085,0.026173267532140016
798,899,101,0.101,0.02589574721083045
712,856,144,0.144,0.02504773077648133
768,884,116,0.116,0.025089572308585047
740,870,130,0.13,0.024467669423669576
750,875,125,0.125,0.0250925615914166
768,884,116,0.116,0.025236731827724724
742,871,129,0.129,0.02486963658593595
816,908,92,0.092,0.024749355306848884
788,894,106,0.106,0.024923565209843217
678,839,161,0.161,0.025511605757288634
754,877,123,0.123,0.026091824787668885
764,882,118,0.118,0.025557745790109037
742,871,129,0.129,0.025120275716297328
746,873,127,0.127,0.026306706902571024
816,908,92,0.092,0.02742712310887873
774,887,113,0.113,0.027237962732091545
802,901,99,0.099,0.026528599569574
780,890,110,0.11,0.02716164605692029
776,888,112,0.112,0.02672286262270063
790,895,105,0.105,0.02652284099254757
790,895,105,0.105,0.025845262887887657
780,890,110,0.11,0.02586048669926822
762,881,119,0.119,0.025508474006317557
818,909,91,0.091,0.025291844964027404
772,886,114,0.114,0.02390747459232807
746,873,127,0.127,0.02473420295678079
714,857,143,0.143,0.023694567270576953
730,865,135,0.135,0.023957008954137562
722,861,139,0.139,0.025264649032615126
788,894,106,0.106,0.02508727095928043
746,873,127,0.127,0.025321507109329105
772,886,114,0.114,0.025810143918730318
748,874,126,0.126,0.026435654153116047
726,863,137,0.137,0.026126711591146885
746,873,127,0.127,0.025980839274823666
814,907,93,0.093,0.027247052860446274
750,875,125,0.125,0.026470283964648844
784,892,108,0.108,0.026662915370427073
754,877,123,0.123,0.027550920937210323
734,867,133,0.133,0.02609869582671672
812,906,94,0.094,0.02636791193764657
774,887,113,0.113,0.0271385879451409
750,875,125,0.125,0.026452939664013683
742,871,129,0.129,0.02609017475321889
806,903,97,0.097,0.026472016246058046
724,862,138,0.138,0.025859033163636923
822,911,89,0.089,0.026184102260507644
742,871,129,0.129,0.025357976376079023
828,914,86,0.086,0.02567358864378184
726,863,137,0.137,0.025336473452858627
756,878,122,0.122,0.025622450519353152
730,865,135,0.135,0.025707224193029107
754,877,123,0.123,0.025461073068901895
804,902,98,0.098,0.025751112500205637
848,924,76,0.076,0.025651421293616295
730,865,135,0.135,0.026628679423592986
750,875,125,0.125,0.026223201164975764
800,900,100,0.1,0.026571933600120248
764,882,118,0.118,0.02638264374807477
732,866,134,0.134,0.026147238665260374
782,891,109,0.109,0.026095910005271436
774,887,113,0.113,0.02623445812333375
852,926,74,0.074,0.025690112293697893
766,883,117,0.117,0.02645421725604683
844,922,78,0.078,0.025632598070427774
790,895,105,0.105,0.0262431633323431
736,868,132,0.132,0.025921695686876772
762,881,119,0.119,0.024600585526786744
734,867,133,0.133,0.02487570426799357
788,894,106,0.106,0.025388902169652283
752,876,124,0.124,0.02517622528690845
748,874,126,0.126,0.024738288842141628
800,900,100,0.1,0.024264306826516986
782,891,109,0.109,0.02530260560195893
762,881,119,0.119,0.025416636330075563
736,868,132,0.132,0.024924193939194084
714,857,143,0.143,0.025212221816182136
782,891,109,0.109,0.025876035914756356
748,874,126,0.126,0.024944569747895003
756,878,122,0.122,0.02656612320896238
782,891,109,0.109,0.025633154397830368
784,892,108,0.108,0.025572482408955693
738,869,131,0.131,0.024975196513347328
726,863,137,0.137,0.026191802689805626
740,870,130,0.13,0.025447251142002643
784,892,108,0.108,0.026253854806534947
710,855,145,0.145,0.02597991354763508
800,900,100,0.1,0.025879958203062416
776,888,112,0.112,0.026703423728235066
794,897,103,0.103,0.025924840666353702
770,885,115,0.115,0.02612531685270369
806,903,97,0.097,0.026463296103291213
748,874,126,0.126,0.026149461642839014
810,905,95,0.095,0.02514930626936257
752,876,124,0.124,0.02509265275672078
806,903,97,0.097,0.024973407450132074
728,864,136,0.136,0.024891734273172914
718,859,141,0.141,0.02457463369052857
766,883,117,0.117,0.024618181138299406
726,863,137,0.137,0.024457705720327794
800,900,100,0.1,0.023988853045739233
766,883,117,0.117,0.02434399158321321
776,888,112,0.112,0.024570555690675976
772,886,114,0.114,0.024642039205878975
742,871,129,0.129,0.024159753017127514
832,916,84,0.084,0.02437273158505559
714,857,143,0.143,0.024250617577694356
830,915,85,0.085,0.02378962210379541
782,891,109,0.109,0.02440062659792602
738,869,131,0.131,0.024758731739595533
806,903,97,0.097,0.024494001635350288
700,850,150,0.15,0.024994919988326727
714,857,143,0.143,0.024427327275276182
796,898,102,0.102,0.024912779023870825
788,894,106,0.106,0.024415097021497786
798,899,101,0.101,0.024955934402532874
736,868,132,0.132,0.02443705271370709
780,890,110,0.11,0.02505785054899752
734,867,133,0.133,0.02578353588003665
758,879,121,0.121,0.024601251356303692
748,874,126,0.126,0.02527188052702695
796,898,102,0.102,0.024971381099894642
776,888,112,0.112,0.0251302713919431
724,862,138,0.138,0.025526776792481543
768,884,116,0.116,0.02473302808497101
782,891,109,0.109,0.024556215931661428
762,881,119,0.119,0.024851643175818026
750,875,125,0.125,0.02474381652381271
802,901,99,0.099,0.02496340323239565
724,862,138,0.138,0.02555973250605166
764,882,118,0.118,0.025661243595182896
776,888,112,0.112,0.025463686178438364
728,864,136,0.136,0.025582890496589242
722,861,139,0.139,0.02590040188562125
738,869,131,0.131,0.02584558695089072
794,897,103,0.103,0.025157680458389224
808,904,96,0.096,0.026118128635920584
780,890,110,0.11,0.025753205037675798
762,881,119,0.119,0.0260464890897274
734,867,133,0.133,0.025054568606428802
748,874,126,0.126,0.024608795778825878
760,880,120,0.12,0.025556552005931734
678,839,161,0.161,0.02558521016407758
746,873,127,0.127,0.025274752414785325
798,899,101,0.101,0.0259385359082371
750,875,125,0.125,0.025501831657253206
796,898,102,0.102,0.025339006457477806
810,905,95,0.095,0.024960345791652797
788,894,106,0.106,0.02439937023911625
768,884,116,0.116,0.024364991957321763
780,890,110,0.11,0.02435562065150589
776,888,112,0.112,0.024899196290411055
750,875,125,0.125,0.02412442890740931
792,896,104,0.104,0.02347944275382906
776,888,112,0.112,0.023681555515155196
822,911,89,0.089,0.023045236092060804
772,886,114,0.114,0.022812925742939114
722,861,139,0.139,0.022413058996200563
732,866,134,0.134,0.022394231588579713
750,875,125,0.125,0.022836050955578686
782,891,109,0.109,0.02246121884137392
734,867,133,0.133,0.023133732137270272
790,895,105,0.105,0.022609643898904325
732,866,134,0.134,0.023763520078733565
748,874,126,0.126,0.02340762825217098
778,889,111,0.111,0.024020372746512295
728,864,136,0.136,0.024025243477895857
744,872,128,0.128,0.02454525975044817
828,914,86,0.086,0.02411170598771423
768,884,116,0.116,0.02371326015330851
766,883,117,0.117,0.024010808186605573
790,895,105,0.105,0.02360141149442643
752,876,124,0.124,0.02315196657087654
752,876,124,0.124,0.02325315506476909
760,880,120,0.12,0.023517875405959784
754,877,123,0.123,0.02345377233158797
702,851,149,0.149,0.02388767043873668
788,894,106,0.106,0.024010654577985405
768,884,116,0.116,0.023675087679177524
760,880,120,0.12,0.02358748120814562
778,889,111,0.111,0.023779170520603656
712,856,144,0.144,0.024387061588466166
744,872,128,0.128,0.023781030191108585
822,911,89,0.089,0.02469869366195053
766,883,117,0.117,0.023663500853814183
838,919,81,0.081,0.023742074232548475
756,878,122,0.122,0.024511369222775102
768,884,116,0.116,0.024176191681995987
758,879,121,0.121,0.02291710598859936
802,901,99,0.099,0.023940026557073
744,872,128,0.128,0.023824992520734667
740,870,130,0.13,0.02424110196530819
782,891,109,0.109,0.023492221301421524
774,887,113,0.113,0.023795362391509117
754,877,123,0.123,0.023720477987080813
832,916,84,0.084,0.02327853874769062
712,856,144,0.144,0.02420406332332641
726,863,137,0.137,0.023550087783485652
724,862,138,0.138,0.02407498220447451
756,878,122,0.122,0.02284012514445931
830,915,85,0.085,0.023112083678133787
818,909,91,0.091,0.023897735717706384
698,849,151,0.151,0.023649754295125603
726,863,137,0.137,0.02318071819189936
728,864,136,0.136,0.022635227072052656
770,885,115,0.115,0.022768749984912573
812,906,94,0.094,0.023206454413942992
796,898,102,0.102,0.02310499067232013
816,908,92,0.092,0.022669948982074858
802,901,99,0.099,0.02260089686140418
788,894,106,0.106,0.021760559145361184
828,914,86,0.086,0.02214913205523044
754,877,123,0.123,0.021981633090414107
740,870,130,0.13,0.022031819679774346
812,906,94,0.094,0.02216769734956324
806,903,97,0.097,0.021899237297475338
798,899,101,0.101,0.02193454065360129
786,893,107,0.107,0.022162959089502693
808,904,96,0.096,0.02136595192551613
766,883,117,0.117,0.021027721280232073
712,856,144,0.144,0.021526028654538096
754,877,123,0.123,0.022104832497425377
774,887,113,0.113,0.02179500724002719
794,897,103,0.103,0.022252186032943426
756,878,122,0.122,0.022842615756206216
812,906,94,0.094,0.022273535743355753
776,888,112,0.112,0.022498412437736988
694,847,153,0.153,0.02299378928542137
800,900,100,0.1,0.022820947667583823
744,872,128,0.128,0.0236598757840693
758,879,121,0.121,0.023521593607030808
780,890,110,0.11,0.0236620018677786
792,896,104,0.104,0.023518501910381018
710,855,145,0.145,0.0244080501049757
802,901,99,0.099,0.024348725881427526
750,875,125,0.125,0.02442988515365869
744,872,128,0.128,0.024700866118073463
776,888,112,0.112,0.024756482928991318
782,891,109,0.109,0.024405945194885134
756,878,122,0.122,0.024694395913742482
770,885,115,0.115,0.024507037932053208
732,866,134,0.134,0.024624406608752907
778,889,111,0.111,0.024780576109886168
772,886,114,0.114,0.024023324193432928
826,913,87,0.087,0.02384867135155946
696,848,152,0.152,0.02474871468823403
760,880,120,0.12,0.024339214770123362
762,881,119,0.119,0.023891723720356823
810,905,95,0.095,0.023884525019675494
806,903,97,0.097,0.0243461277987808
724,862,138,0.138,0.024041768899187445
754,877,123,0.123,0.02498301855381578
736,868,132,0.132,0.024539987560361624
712,856,144,0.144,0.025454357628710567
750,875,125,0.125,0.024744567573070527
752,876,124,0.124,0.025178461166098714
780,890,110,0.11,0.024997277293354273
796,898,102,0.102,0.025060978381894528
766,883,117,0.117,0.02557148969452828
774,887,113,0.113,0.025783280932344495
728,864,136,0.136,0.025317696790210904
802,901,99,0.099,0.024802609833888708
726,863,137,0.137,0.024901957357302308
782,891,109,0.109,0.024869549514725805
770,885,115,0.115,0.024880062069743872
794,897,103,0.103,0.024643018309026956
760,880,120,0.12,0.024554841592907904
794,897,103,0.103,0.023909281071275473
794,897,103,0.103,0.023701211551204325
856,928,72,0.072,0.02310870033223182
742,871,129,0.129,0.0233401500293985
750,875,125,0.125,0.02373460416123271
768,884,116,0.116,0.02184340959880501
774,887,113,0.113,0.022949206608347594
730,865,135,0.135,0.022066375410184264
802,901,99,0.099,0.022101396545767784
726,863,137,0.137,0.023303058581426738
770,885,115,0.115,0.02297029651142657
734,867,133,0.133,0.024025825132615863
854,927,73,0.073,0.02367489828169346
800,900,100,0.1,0.02338714991696179
704,852,148,0.148,0.023838451023213567
720,860,140,0.14,0.024490452819503843
786,893,107,0.107,0.02294965462014079
762,881,119,0.119,0.023263237954117357
802,901,99,0.099,0.023472947647795082
732,866,134,0.134,0.02369493746664375
762,881,119,0.119,0.023916936793364586
754,877,123,0.123,0.02329617117997259
796,898,102,0.102,0.023266738012433053
782,891,109,0.109,0.02316423932276666
774,887,113,0.113,0.02361542725749314
708,854,146,0.146,0.023137767651118336
752,876,124,0.124,0.02377841659728438
752,876,124,0.124,0.02417203455744311
760,880,120,0.12,0.02390430525969714
766,883,117,0.117,0.024022028291597962
750,875,125,0.125,0.023855238407850265
782,891,109,0.109,0.02420602772384882
732,866,134,0.134,0.024728800278156996
788,894,106,0.106,0.024198179337196053
734,867,133,0.133,0.024238715895451606
798,899,101,0.101,0.025967517343349754
734,867,133,0.133,0.02394722834881395
798,899,101,0.101,0.024409225921146572
716,858,142,0.142,0.024898548883385958
768,884,116,0.116,0.024079621258191766
742,871,129,0.129,0.024595524391159414
754,877,123,0.123,0.02438699332438409
788,894,106,0.106,0.024298643703572452
774,887,113,0.113,0.02440415480546653
748,874,126,0.126,0.024344567241147162
732,866,134,0.134,0.025083050177432595
778,889,111,0.111,0.023447847651317716
742,871,129,0.129,0.023985435668379067
768,884,116,0.116,0.02336671448033303
766,883,117,0.117,0.023742125870659946
736,868,132,0.132,0.02438989145308733
778,889,111,0.111,0.023640229498036205
760,880,120,0.12,0.02465880555845797
764,882,118,0.118,0.024307343890890478
750,875,125,0.125,0.02455411826632917
778,889,111,0.111,0.024262322841212155
790,895,105,0.105,0.024395092114806175
784,892,108,0.108,0.024231703544035553
754,877,123,0.123,0.02458377790823579
756,878,122,0.122,0.024677043544128537
722,861,139,0.139,0.024219367678277193
734,867,133,0.133,0.024488386595621706
762,881,119,0.119,0.0239328122837469
768,884,116,0.116,0.024204682177864013
752,876,124,0.124,0.024487798486836253
796,898,102,0.102,0.023936818734742703
746,873,127,0.127,0.023423768248409034
766,883,117,0.117,0.0237806447353214
752,876,124,0.124,0.02368137620855123
788,894,106,0.106,0.02337704821769148
776,888,112,0.112,0.02280898036714643
764,882,118,0.118,0.02269656308926642
792,896,104,0.104,0.022870584630407392
776,888,112,0.112,0.022630474127829075
734,867,133,0.133,0.022324718420393765
762,881,119,0.119,0.022684464669786394
758,879,121,0.121,0.021922381919808685
718,859,141,0.141,0.022585111642256378
758,879,121,0.121,0.022406494207680226
752,876,124,0.124,0.022061834262683988
750,875,125,0.125,0.02218733762856573
800,900,100,0.1,0.023484058134257794
794,897,103,0.103,0.02293272704910487
716,858,142,0.142,0.023067378805950285
764,882,118,0.118,0.022248485119082034
782,891,109,0.109,0.023172653288580477
708,854,146,0.146,0.022735807272605598
826,913,87,0.087,0.0230948404436931
748,874,126,0.126,0.02353116685990244
766,883,117,0.117,0.023003960519097744
774,887,113,0.113,0.0235454106554389
786,893,107,0.107,0.022700600482523443
788,894,106,0.106,0.022899969388730824
764,882,118,0.118,0.022197322481311857
786,893,107,0.107,0.02217476005014032
800,900,100,0.1,0.022155538295395672
732,866,134,0.134,0.021606788681820036
718,859,141,0.141,0.022190059253945946
718,859,141,0.141,0.02210151317715645
778,889,111,0.111,0.02247866154462099
800,900,100,0.1,0.022211243322119118
780,890,110,0.11,0.022620994359254836
750,875,125,0.125,0.022913957634940745
770,885,115,0.115,0.02277209963928908
720,860,140,0.14,0.022721789103932678
744,872,128,0.128,0.023292962134815753
784,892,108,0.108,0.02367392087355256
754,877,123,0.123,0.02360087463259697
854,927,73,0.073,0.02401727400161326
794,897,103,0.103,0.0235784721178934
738,869,131,0.131,0.024073057757690548
814,907,93,0.093,0.024096812963485717
748,874,126,0.126,0.023344280019402502
736,868,132,0.132,0.023247194584459067
748,874,126,0.126,0.023592011448927225
726,863,137,0.137,0.023943011627532543
700,850,150,0.15,0.023977955693379044
792,896,104,0.104,0.023634667488746344
780,890,110,0.11,0.024224411712028087
780,890,110,0.11,0.024447606353089214
792,896,104,0.104,0.024387791394256054
766,883,117,0.117,0.024159727617166938
774,887,113,0.113,0.0249375963723287
724,862,138,0.138,0.024774328057654203
780,890,110,0.11,0.02470826634950936
748,874,126,0.126,0.02500373941846192
790,895,105,0.105,0.02511768308468163
774,887,113,0.113,0.024822460781782865
732,866,134,0.134,0.024500165317207574
742,871,129,0.129,0.02456050525140017
726,863,137,0.137,0.025102848671376705
752,876,124,0.124,0.02465924304537475
838,919,81,0.081,0.024532221785746516
758,879,121,0.121,0.02421028883010149
774,887,113,0.113,0.024133480775170028
776,888,112,0.112,0.02367088568024337
764,882,118,0.118,0.023461082057096065
702,851,149,0.149,0.023918953260406852
744,872,128,0.128,0.023625937254168092
788,894,106,0.106,0.02336640045233071
780,890,110,0.11,0.0238246212201193
764,882,118,0.118,0.024268913565203547
736,868,132,0.132,0.023787110227160155
712,856,144,0.144,0.023989730393514038
774,887,113,0.113,0.023973684648051857
742,871,129,0.129,0.023882441096007824
782,891,109,0.109,0.023267427515238522
676,838,162,0.162,0.023948412428610028
736,868,132,0.132,0.02455435975827277
808,904,96,0.096,0.0238538477094844
796,898,102,0.102,0.02325814272928983
768,884,116,0.116,0.023680464410223066
778,889,111,0.111,0.024016618822701275
764,882,118,0.118,0.024250946826301516
760,880,120,0.12,0.02388373489305377
716,858,142,0.142,0.022726887528784573
786,893,107,0.107,0.022861388020217418
742,871,129,0.129,0.022381698759272695
764,882,118,0.118,0.023676111590117215
756,878,122,0.122,0.023672494507394733
788,894,106,0.106,0.023002228335477413
788,894,106,0.106,0.022254393365234135
728,864,136,0.136,0.023264871398918332
756,878,122,0.122,0.023485996077768505
780,890,110,0.11,0.02206287910230458
732,866,134,0.134,0.022868814530782402
744,872,128,0.128,0.022471176124177872
784,892,108,0.108,0.022608734829351305
678,839,161,0.161,0.022551823359914125
714,857,143,0.143,0.02278762411046773
728,864,136,0.136,0.023080726072192193
776,888,112,0.112,0.023069667560979723
792,896,104,0.104,0.023267903457395732
806,903,97,0.097,0.024057887005619706
732,866,134,0.134,0.023539051370695233
814,907,93,0.093,0.02276789509411901
750,875,125,0.125,0.023228668437339367
802,901,99,0.099,0.0225019470481202
776,888,112,0.112,0.02252886855509132
700,850,150,0.15,0.022716896842233835
748,874,126,0.126,0.02258143389225006
772,886,114,0.114,0.02256781659182161
764,882,118,0.118,0.022342338173650205
792,896,104,0.104,0.021772433422505854
738,869,131,0.131,0.02209685344994068
788,894,106,0.106,0.021695302782580257
806,903,97,0.097,0.021547525635920464
764,882,118,0.118,0.022320070735178887
754,877,123,0.123,0.021093663443811236
766,883,117,0.117,0.02215328042767942
716,858,142,0.142,0.021789306547492743
796,898,102,0.102,0.02173998055793345
814,907,93,0.093,0.020918251175433396
764,882,118,0.118,0.02141775638703257
774,887,113,0.113,0.02120878144726157
758,879,121,0.121,0.020901088293641807
744,872,128,0.128,0.02071427388023585
756,878,122,0.122,0.020937624792568384
736,868,132,0.132,0.020987288816832005
820,910,90,0.09,0.020996574114076794
716,858,142,0.142,0.02141915501002222
762,881,119,0.119,0.02102360868360847
788,894,106,0.106,0.021092002062126993
754,877,123,0.123,0.021016302860341965
804,902,98,0.098,0.021482729090377687
756,878,122,0.122,0.02110318849235773
784,892,108,0.108,0.021805994600988924
764,882,118,0.118,0.022194720149040222
792,896,104,0.104,0.021769141881726684
762,881,119,0.119,0.021564798103645443
758,879,121,0.121,0.021826646556146443
720,860,140,0.14,0.021580571186728775
774,887,113,0.113,0.02220568027254194
768,884,116,0.116,0.021781885312870144
818,909,91,0.091,0.0223050635792315
832,916,84,0.084,0.0220625427570194
720,860,140,0.14,0.021885634798556566
762,881,119,0.119,0.02150613219384104
770,885,115,0.115,0.021494687686674296
802,901,99,0.099,0.020568982155062258
816,908,92,0.092,0.021086953363381327
828,914,86,0.086,0.020736344947479664
782,891,109,0.109,0.02086870027240366
804,902,98,0.098,0.02089910504873842
778,889,111,0.111,0.019858393856324257
810,905,95,0.095,0.0196660746159032
812,906,94,0.094,0.019521290126256644
758,879,121,0.121,0.02032684894092381
786,893,107,0.107,0.01960690425802022
772,886,114,0.114,0.01977504555415362
760,880,120,0.12,0.02016681664902717
796,898,102,0.102,0.019365975852124392
818,909,91,0.091,0.019412201405502857
714,857,143,0.143,0.019564863867126404
762,881,119,0.119,0.020028085470199585
776,888,112,0.112,0.02017682777531445
772,886,114,0.114,0.02029187966324389
806,903,97,0.097,0.019978545564226804
772,886,114,0.114,0.020088860912248492
784,892,108,0.108,0.020324399730190634
728,864,136,0.136,0.02093654131423682
750,875,125,0.125,0.02080145261157304
792,896,104,0.104,0.02050109699834138
772,886,114,0.114,0.021126517807133496
722,861,139,0.139,0.021336437244899573
762,881,119,0.119,0.021921810518018902
810,905,95,0.095,0.02166980625409633
792,896,104,0.104,0.021535691183060406
660,830,170,0.17,0.022660166558809577
782,891,109,0.109,0.02218378121778369
798,899,101,0.101,0.022353178842924534
756,878,122,0.122,0.02223353461828083
808,904,96,0.096,0.022183257709257304
688,844,156,0.156,0.02239517096336931
800,900,100,0.1,0.022550743155181407
786,893,107,0.107,0.022158078590407967
816,908,92,0.092,0.02225440895371139
764,882,118,0.118,0.022381141091696918
750,875,125,0.125,0.02157823539990932
750,875,125,0.125,0.022050857523456216
758,879,121,0.121,0.021308639442548155
800,900,100,0.1,0.02204219105374068
798,899,101,0.101,0.022146897496655583
740,870,130,0.13,0.02174030843563378
760,880,120,0.12,0.021438100134953855
784,892,108,0.108,0.02148767815809697
808,904,96,0.096,0.02110238345246762
758,879,121,0.121,0.02096070726402104
714,857,143,0.143,0.022038293667137623
786,893,107,0.107,0.02160408999864012
730,865,135,0.135,0.021787700113840403
740,870,130,0.13,0.021778791797347367
768,884,116,0.116,0.02204645709693432
694,847,153,0.153,0.0220876823682338
804,902,98,0.098,0.022811215351335703
758,879,121,0.121,0.02312797452695668
806,903,97,0.097,0.022473805271089078
820,910,90,0.09,0.023095840412192047
810,905,95,0.095,0.02172868769709021
790,895,105,0.105,0.021589003379456698
766,883,117,0.117,0.020824080890975892
780,890,110,0.11,0.02143984913546592
766,883,117,0.117,0.020857179899699985
782,891,109,0.109,0.020357816747389734
748,874,126,0.126,0.020542922584339977
834,917,83,0.083,0.020411334302276374
778,889,111,0.111,0.02035996851231903
782,891,109,0.109,0.019859279532916843
748,874,126,0.126,0.02003094063140452
758,879,121,0.121,0.020129424046725033
742,871,129,0.129,0.019969795944169165
778,889,111,0.111,0.02002609940059483
828,914,86,0.086,0.019720912114717066
772,886,114,0.114,0.019660915366373957
760,880,120,0.12,0.020221067017875613
784,892,108,0.108,0.02023874315805733
810,905,95,0.095,0.019678662978112698
792,896,104,0.104,0.019993089694529773
770,885,115,0.115,0.019719654763117433
676,838,162,0.162,0.02026052427198738
808,904,96,0.096,0.019759891188703478
822,911,89,0.089,0.019515825687907638
770,885,115,0.115,0.020220286237075925
740,870,130,0.13,0.019940076423808933
690,845,155,0.155,0.020229013189673423
718,859,141,0.141,0.01997866937145591
792,896,104,0.104,0.020196750876493752
718,859,141,0.141,0.02089193542767316
770,885,115,0.115,0.020509318289346993
716,858,142,0.142,0.020962741441093384
762,881,119,0.119,0.02134900127723813
768,884,116,0.116,0.021417801802046596
736,868,132,0.132,0.02238317559938878
812,906,94,0.094,0.02248806825466454
746,873,127,0.127,0.02241807599179447
754,877,123,0.123,0.022710420828312636
804,902,98,0.098,0.02275506806652993
716,858,142,0.142,0.022483220693655312
780,890,110,0.11,0.02303687766287476
720,860,140,0.14,0.02312986254505813
762,881,119,0.119,0.021907054436393084
772,886,114,0.114,0.022641220450401307
772,886,114,0.114,0.022414290829561652
756,878,122,0.122,0.022327122006565333
792,896,104,0.104,0.02301497446000576
780,890,110,0.11,0.022854679078795015
792,896,104,0.104,0.022483364841900767
762,881,119,0.119,0.022875954722985627
736,868,132,0.132,0.02262166977021843
618,809,191,0.191,0.023002649775706232
788,894,106,0.106,0.02254621100332588
832,916,84,0.084,0.022456897673197092
770,885,115,0.115,0.023227761265821757
760,880,120,0.12,0.023539662667550146
744,872,128,0.128,0.02296638862695545
742,871,129,0.129,0.023249647349119187
782,891,109,0.109,0.02322466156259179
770,885,115,0.115,0.023068682691082358
750,875,125,0.125,0.02344093226082623
780,890,110,0.11,0.02283094435464591
792,896,104,0.104,0.022087525144219397
752,876,124,0.124,0.02239913980104029
742,871,129,0.129,0.023207030510529875
804,902,98,0.098,0.02276750160660595
790,895,105,0.105,0.021550344633869827
792,896,104,0.104,0.021568254626356066
756,878,122,0.122,0.021997112865559755
728,864,136,0.136,0.02124956679344177
740,870,130,0.13,0.02184494823496789
706,853,147,0.147,0.021608379339799286
774,887,113,0.113,0.021806718772277234
778,889,111,0.111,0.022120250455103813
764,882,118,0.118,0.02171632632240653
708,854,146,0.146,0.02197964192274958
792,896,104,0.104,0.021972516929730773
684,842,158,0.158,0.022124600031413137
702,851,149,0.149,0.022501739083789288
752,876,124,0.124,0.022473082055337726
832,916,84,0.084,0.022610735551454125
766,883,117,0.117,0.02263276137597859
802,901,99,0.099,0.022447489846497776
808,904,96,0.096,0.022850622511468827
736,868,132,0.132,0.023369673446752132
810,905,95,0.095,0.022316176512278615
700,850,150,0.15,0.022415843799710275
824,912,88,0.088,0.021928983299061656
710,855,145,0.145,0.022039886126294733
804,902,98,0.098,0.02165888899192214
722,861,139,0.139,0.02203226341214031
792,896,104,0.104,0.02120785083528608
742,871,129,0.129,0.021952701162546873
776,888,112,0.112,0.02222069169767201
718,859,141,0.141,0.021485776980407535
790,895,105,0.105,0.02118354342598468
710,855,145,0.145,0.02228997473977506
756,878,122,0.122,0.022050285283476113
762,881,119,0.119,0.021688570368103684
780,890,110,0.11,0.022556032352149487
732,866,134,0.134,0.022577561899088324
748,874,126,0.126,0.022627231585793196
744,872,128,0.128,0.023060095618478955
816,908,92,0.092,0.02309173440653831
710,855,145,0.145,0.023800459264777602
770,885,115,0.115,0.0234510081615299
786,893,107,0.107,0.02293519278988242
768,884,116,0.116,0.02286813395563513
780,890,110,0.11,0.022466344953514635
784,892,108,0.108,0.022180045841261743
776,888,112,0.112,0.022393213687464594
828,914,86,0.086,0.02210838120803237
792,896,104,0.104,0.02169458164088428
824,912,88,0.088,0.021126760535873472
778,889,111,0.111,0.020902603187598286
782,891,109,0.109,0.02031473459303379
742,871,129,0.129,0.01994103123806417
770,885,115,0.115,0.020395363791845738
768,884,116,0.116,0.020373143292032183
772,886,114,0.114,0.019772649640217424
788,894,106,0.106,0.020216036459431052
728,864,136,0.136,0.020754958705045283
766,883,117,0.117,0.02144925218448043
780,890,110,0.11,0.02093872617185116
728,864,136,0.136,0.02131816396396607
796,898,102,0.102,0.021765175780281424
756,878,122,0.122,0.021727703230455517
802,901,99,0.099,0.022452912830747664
722,861,139,0.139,0.021882185223512353
730,865,135,0.135,0.021954721322283148
756,878,122,0.122,0.021438397569581866
760,880,120,0.12,0.022446632988750933
778,889,111,0.111,0.022392881536856292
760,880,120,0.12,0.02172163503803313
750,875,125,0.125,0.022112826570868493
780,890,110,0.11,0.02253417304623872
736,868,132,0.132,0.02281365446280688
714,857,143,0.143,0.02297868322767317
746,873,127,0.127,0.02261453043948859
808,904,96,0.096,0.02250837002322078
776,888,112,0.112,0.022091187824495137
752,876,124,0.124,0.022473991223610938
786,893,107,0.107,0.022169075884856285
782,891,109,0.109,0.022576466717757284
774,887,113,0.113,0.02177456286456436
772,886,114,0.114,0.02183777728583664
756,878,122,0.122,0.0216500384490937
782,891,109,0.109,0.021954495846293866
738,869,131,0.131,0.021881456576287747
756,878,122,0.122,0.021635738279670476
758,879,121,0.121,0.021816424597986044
666,833,167,0.167,0.022418977494351566
780,890,110,0.11,0.022170061010867357
778,889,111,0.111,0.02197049435507506
756,878,122,0.122,0.02221890078112483
818,909,91,0.091,0.022505082625895737
746,873,127,0.127,0.02266117734182626
814,907,93,0.093,0.022132006750442086
796,898,102,0.102,0.021516108012758196
786,893,107,0.107,0.022907326855696738
726,863,137,0.137,0.02220542084146291
756,878,122,0.122,0.021835103197954595
788,894,106,0.106,0.02204467686265707
780,890,110,0.11,0.02177260794304311
752,876,124,0.124,0.02131708826776594
720,860,140,0.14,0.02134445201791823
684,842,158,0.158,0.02133899346087128
782,891,109,0.109,0.021054069789126516
758,879,121,0.121,0.021637097452767193
782,891,109,0.109,0.02104883701726794
806,903,97,0.097,0.020925620599649846
810,905,95,0.095,0.02132199653983116
762,881,119,0.119,0.021274588003754615
756,878,122,0.122,0.021434040847234426
740,870,130,0.13,0.0212589678671211
742,871,129,0.129,0.02081999826338142
770,885,115,0.115,0.020580582692287862
790,895,105,0.105,0.021090306831523777
778,889,111,0.111,0.020891822816804052
762,881,119,0.119,0.02064327883068472
762,881,119,0.119,0.020568966793827713
800,900,100,0.1,0.020195672013796864
766,883,117,0.117,0.019893237557262182
822,911,89,0.089,0.020794151403009893
816,908,92,0.092,0.020359345912933348
764,882,118,0.118,0.02023546396382153
762,881,119,0.119,0.02049083561543375
770,885,115,0.115,0.02066894944291562
750,875,125,0.125,0.021048265513032675
712,856,144,0.144,0.021035694452002644
746,873,127,0.127,0.021009651919826865
804,902,98,0.098,0.02061728296149522
780,890,110,0.11,0.02093148109689355
812,906,94,0.094,0.020880795502103866
824,912,88,0.088,0.021156075104139745
750,875,125,0.125,0.020621186269447207
770,885,115,0.115,0.020499818336218594
814,907,93,0.093,0.020697927987203
790,895,105,0.105,0.020656858388334514
714,857,143,0.143,0.020290089616551994
770,885,115,0.115,0.01993378410488367
780,890,110,0.11,0.019495554932393133
762,881,119,0.119,0.020905703698284924
780,890,110,0.11,0.020286105303093792
788,894,106,0.106,0.02019049996789545
780,890,110,0.11,0.019903165715280922
738,869,131,0.131,0.01989721365645528
772,886,114,0.114,0.020071523622609676
772,886,114,0.114,0.019864625930786133
794,897,103,0.103,0.01999074597749859
774,887,113,0.113,0.02013815776165575
712,856,144,0.144,0.020663292478770016
738,869,131,0.131,0.020960578923113645
780,890,110,0.11,0.02079083260986954
684,842,158,0.158,0.02124740785267204
724,862,138,0.138,0.021424756058491767
738,869,131,0.131,0.02280130237992853
748,874,126,0.126,0.02263022161833942
736,868,132,0.132,0.023316760314628482
716,858,142,0.142,0.023899691989645363
794,897,103,0.103,0.024092104288749396
756,878,122,0.122,0.02442901839874685
772,886,114,0.114,0.02456848601717502
784,892,108,0.108,0.024608582333661616
784,892,108,0.108,0.023925138833932578
732,866,134,0.134,0.024416279591619967
698,849,151,0.151,0.023955630221404137
802,901,99,0.099,0.023799988508224488
808,904,96,0.096,0.023353432671166956
726,863,137,0.137,0.0225295418119058
744,872,128,0.128,0.02290190673060715
698,849,151,0.151,0.023028952162712814
708,854,146,0.146,0.022092312621884047
766,883,117,0.117,0.022301426387391986
782,891,109,0.109,0.022495291418395937
726,863,137,0.137,0.02287893710285425
788,894,106,0.106,0.0224709633635357
792,896,104,0.104,0.02306543707475066
792,896,104,0.104,0.02279377975780517
756,878,122,0.122,0.022403206591494383
808,904,96,0.096,0.02269824717566371
748,874,126,0.126,0.02215995528921485
762,881,119,0.119,0.021783145120367407
706,853,147,0.147,0.02172022428829223
762,881,119,0.119,0.021747973637655377
716,858,142,0.142,0.02255755448155105
740,870,130,0.13,0.022172483655624093
750,875,125,0.125,0.02199774212669581
814,907,93,0.093,0.022177938809618353
710,855,145,0.145,0.02249228868726641
770,885,115,0.115,0.02246170707885176
752,876,124,0.124,0.022312264428474008
776,888,112,0.112,0.02212591135967523
700,850,150,0.15,0.022794168925844134
704,852,148,0.148,0.023119646979495884
758,879,121,0.121,0.02335403054021299
768,884,116,0.116,0.0227291112896055
658,829,171,0.171,0.023258533210493624
756,878,122,0.122,0.02356000413186848
738,869,131,0.131,0.02361487355362624
778,889,111,0.111,0.023787999621592462
838,919,81,0.081,0.02436223501712084
788,894,106,0.106,0.023287178811617196
778,889,111,0.111,0.023673076680861414
758,879,121,0.121,0.022894376039970667
776,888,112,0.112,0.02349358423333615
756,878,122,0.122,0.022412318946793675
764,882,118,0.118,0.022470641828142107
816,908,92,0.092,0.02204630999173969
746,873,127,0.127,0.021941739619709553
814,907,93,0.093,0.02131531648989767
846,923,77,0.077,0.020495184792205693
774,887,113,0.113,0.020584324489347636
750,875,125,0.125,0.020735070462338627
804,902,98,0.098,0.020249812044203282
736,868,132,0.132,0.020277146671898665
774,887,113,0.113,0.02014317422825843
788,894,106,0.106,0.019737422368489205
786,893,107,0.107,0.019379463438875973
754,877,123,0.123,0.01922155727446079
778,889,111,0.111,0.01967608574964106
748,874,126,0.126,0.019378410605713724
722,861,139,0.139,0.01992316911648959
770,885,115,0.115,0.020042031363584102
736,868,132,0.132,0.020186214055866004
742,871,129,0.129,0.020386661253869533
788,894,106,0.106,0.020458233595825732
826,913,87,0.087,0.020855972425080836
782,891,109,0.109,0.020940725368447603
752,876,124,0.124,0.021114305938594043
794,897,103,0.103,0.021349424773827196
738,869,131,0.131,0.02150135361496359
826,913,87,0.087,0.021215878589078783
696,848,152,0.152,0.021435974292457104
754,877,123,0.123,0.020767808591015638
834,917,83,0.083,0.02188279311079532
788,894,106,0.106,0.021666268144734203
762,881,119,0.119,0.02173981327936053
830,915,85,0.085,0.021508870698511602
710,855,145,0.145,0.021527313425205648
726,863,137,0.137,0.021252278882078826
776,888,112,0.112,0.020979024624451996
736,868,132,0.132,0.020799241208471358
830,915,85,0.085,0.02084375132340938
806,903,97,0.097,0.020531699795275925
738,869,131,0.131,0.02112897136248648
760,880,120,0.12,0.021599702465347946
758,879,121,0.121,0.021157885609194637
758,879,121,0.121,0.021509781937114895
744,872,128,0.128,0.021096655561588705
758,879,121,0.121,0.021347023360431195
742,871,129,0.129,0.020888099195435644
766,883,117,0.117,0.02140042195795104
804,902,98,0.098,0.02217374534998089
792,896,104,0.104,0.02107363245356828
718,859,141,0.141,0.02204707941878587
742,871,129,0.129,0.02258607042208314
752,876,124,0.124,0.021895355227403344
744,872,128,0.128,0.0225834317849949
758,879,121,0.121,0.022787318837828936
752,876,124,0.124,0.023009814949706196
844,922,78,0.078,0.022521874734200538
744,872,128,0.128,0.022986374783329665
798,899,101,0.101,0.02224021791201085
772,886,114,0.114,0.022339325052686036
796,898,102,0.102,0.02210665169917047
732,866,134,0.134,0.021712963314726948
748,874,126,0.126,0.021456812707707287
728,864,136,0.136,0.02284887310024351
852,926,74,0.074,0.02127401633001864
820,910,90,0.09,0.021068381430581214
776,888,112,0.112,0.021640124887228013
830,915,85,0.085,0.021297089531086385
794,897,103,0.103,0.020970499214716255
766,883,117,0.117,0.021635576769709588
742,871,129,0.129,0.020765429523773492
784,892,108,0.108,0.020383559258654715
780,890,110,0.11,0.020357411087490618
804,902,98,0.098,0.02037303770147264
756,878,122,0.122,0.019999681562185286
768,884,116,0.116,0.019678264928981663
768,884,116,0.116,0.019083311257883907
814,907,93,0.093,0.020172495626844467
786,893,107,0.107,0.01938843509089202
684,842,158,0.158,0.02008712145406753
790,895,105,0.105,0.020109069661237298
770,885,115,0.115,0.020384646276943384
814,907,93,0.093,0.02039143406879157
718,859,141,0.141,0.0209305716464296
768,884,116,0.116,0.02060089236870408
722,861,139,0.139,0.021135530143044888
796,898,102,0.102,0.020858393878675996
732,866,134,0.134,0.02149599436484277
746,873,127,0.127,0.02195496277604252
720,860,140,0.14,0.022310087518766522
774,887,113,0.113,0.02219235827587545
806,903,97,0.097,0.022159958810545503
772,886,114,0.114,0.02166297887917608
790,895,105,0.105,0.022124675156548618
770,885,115,0.115,0.022019763153977693
782,891,109,0.109,0.021584327900782227
802,901,99,0.099,0.02153462925273925
738,869,131,0.131,0.021802783616818488
780,890,110,0.11,0.021841106158681213
784,892,108,0.108,0.020609621849842368
860,930,70,0.07,0.0210068332972005
820,910,90,0.09,0.02083780464809388
738,869,131,0.131,0.020985417149029673
796,898,102,0.102,0.02041697936039418
812,906,94,0.094,0.019756942354142666
746,873,127,0.127,0.019440280040726066
814,907,93,0.093,0.018890428342856466
740,870,130,0.13,0.01909341210965067
802,901,99,0.099,0.018881144852377473
822,911,89,0.089,0.01881548217870295
792,896,104,0.104,0.019315702844411135
764,882,118,0.118,0.01907040996477008
760,880,120,0.12,0.019650302410125733
774,887,113,0.113,0.018995809835381804
766,883,117,0.117,0.019295273463241756
832,916,84,0.084,0.018772787485271693
746,873,127,0.127,0.019153400365263223
806,903,97,0.097,0.01929475965257734
762,881,119,0.119,0.02000373519025743
756,878,122,0.122,0.01939832659997046
816,908,92,0.092,0.019883545013144613
756,878,122,0.122,0.01992564668599516
772,886,114,0.114,0.02038282313849777
710,855,145,0.145,0.020288944385014475
800,900,100,0.1,0.020325421100482344
754,877,123,0.123,0.020824611967429518
814,907,93,0.093,0.02061288463138044
738,869,131,0.131,0.02088516494166106
708,854,146,0.146,0.021044145648367703
728,864,136,0.136,0.021333554497919977
800,900,100,0.1,0.02128840423747897
766,883,117,0.117,0.02190349467098713
806,903,97,0.097,0.021707658402621746
822,911,89,0.089,0.02141502929572016
766,883,117,0.117,0.02200858032144606
788,894,106,0.106,0.020885219880379738
776,888,112,0.112,0.020734300755430014
668,834,166,0.166,0.021146185552701355
778,889,111,0.111,0.020958137559704482
684,842,158,0.158,0.020779160026460887
738,869,131,0.131,0.021050624305382373
742,871,129,0.129,0.020631240656599402
788,894,106,0.106,0.020831879052333534
792,896,104,0.104,0.021068132772110403
776,888,112,0.112,0.02107993448432535
762,881,119,0.119,0.021267279282212257
796,898,102,0.102,0.02125722030457109
790,895,105,0.105,0.020658570881932972
774,887,113,0.113,0.02011228677816689
780,890,110,0.11,0.020325496314093472
786,893,107,0.107,0.02034946213569492
730,865,135,0.135,0.02043589206598699
766,883,117,0.117,0.020346752559766174
772,886,114,0.114,0.02016944588162005
792,896,104,0.104,0.019953499196097256
730,865,135,0.135,0.020539700308814645
834,917,83,0.083,0.019707760639488696
732,866,134,0.134,0.020397023378871382
736,868,132,0.132,0.020146360154263677
742,871,129,0.129,0.020744387838058174
776,888,112,0.112,0.02075586292333901
794,897,103,0.103,0.02054165276978165
758,879,121,0.121,0.020992797767743467
806,903,97,0.097,0.021120665473863483
706,853,147,0.147,0.021477406886406245
786,893,107,0.107,0.02123829838912934
806,903,97,0.097,0.020889100635424256
754,877,123,0.123,0.021214755478315056
748,874,126,0.126,0.020954070031642912
808,904,96,0.096,0.021197890229523182
768,884,116,0.116,0.020620115851052105
750,875,125,0.125,0.020700819730758668
810,905,95,0.095,0.02016531289834529
766,883,117,0.117,0.02005260335281491
788,894,106,0.106,0.02034327227436006
746,873,127,0.127,0.020325395685620605
760,880,120,0.12,0.02025697218440473
752,876,124,0.124,0.020221611008513718
812,906,94,0.094,0.019912840108387172
716,858,142,0.142,0.01972613512072712
780,890,110,0.11,0.020484748884104193
716,858,142,0.142,0.020327099511399865
770,885,115,0.115,0.02004579630959779
746,873,127,0.127,0.020779477347619833
762,881,119,0.119,0.020214732254855334
800,900,100,0.1,0.01995164593681693
740,870,130,0.13,0.020365066016092895
782,891,109,0.109,0.020577480321750045
758,879,121,0.121,0.02064654924441129
692,846,154,0.154,0.02086742987111211
746,873,127,0.127,0.020600435425527395
736,868,132,0.132,0.02116336939763278
768,884,116,0.116,0.021185640611685812
746,873,127,0.127,0.021412683738395572
774,887,113,0.113,0.021287906368263065
748,874,126,0.126,0.021445592171512543
782,891,109,0.109,0.02182287047430873
678,839,161,0.161,0.021923533232882618
792,896,104,0.104,0.022201624685898425
806,903,97,0.097,0.02183017136529088
750,875,125,0.125,0.021747192388400435
778,889,111,0.111,0.021377708976157008
742,871,129,0.129,0.021819408875890078
746,873,127,0.127,0.021017364530824124
778,889,111,0.111,0.022014368367381396
756,878,122,0.122,0.022394010746851562
734,867,133,0.133,0.021518381588160992
746,873,127,0.127,0.022002059360034763
772,886,114,0.114,0.02264164074510336
798,899,101,0.101,0.021663057387806474
716,858,142,0.142,0.022198104073293506
760,880,120,0.12,0.021773542078211902
712,856,144,0.144,0.022136733586899937
804,902,98,0.098,0.02179736089799553
758,879,121,0.121,0.02129831719212234
788,894,106,0.106,0.021415437875315548
778,889,111,0.111,0.021557658530771732
768,884,116,0.116,0.021862738095223905
794,897,103,0.103,0.02075771559868008
698,849,151,0.151,0.021592361008748413
716,858,142,0.142,0.02201651537977159
780,890,110,0.11,0.021502266694791616
764,882,118,0.118,0.021418546666391192
754,877,123,0.123,0.02157945052627474
788,894,106,0.106,0.021707203092984854
764,882,118,0.118,0.02149395618215203
714,857,143,0.143,0.02174219935014844
718,859,141,0.141,0.021476927268318832
766,883,117,0.117,0.02135988166835159
760,880,120,0.12,0.022076914357952775
778,889,111,0.111,0.022356433004140853
812,906,94,0.094,0.022443599179387094
802,901,99,0.099,0.021691377335228027
754,877,123,0.123,0.02151371450908482
788,894,106,0.106,0.021293859757483005
744,872,128,0.128,0.021567041374742985
748,874,126,0.126,0.021607289187610148
744,872,128,0.128,0.021017849428579212
724,862,138,0.138,0.020786015952005982
758,879,121,0.121,0.020270919050090014
768,884,116,0.116,0.021420535381883384
770,885,115,0.115,0.02149737603869289
700,850,150,0.15,0.021645600565709175
768,884,116,0.116,0.021598733386956157
750,875,125,0.125,0.0218946725782007
778,889,111,0.111,0.021824610797688365
710,855,145,0.145,0.021669602047652007
764,882,118,0.118,0.021923382399603723
800,900,100,0.1,0.021699397092685105
686,843,157,0.157,0.021933053562417627
770,885,115,0.115,0.021686976775527
832,916,84,0.084,0.02109175065997988
814,907,93,0.093,0.02156076624710113
736,868,132,0.132,0.021449473686516285
756,878,122,0.122,0.0207441432941705
756,878,122,0.122,0.021364111341536044
710,855,145,0.145,0.021038766780868173
738,869,131,0.131,0.021148362421430648
808,904,96,0.096,0.020839264885522426
768,884,116,0.116,0.020571722350083293
758,879,121,0.121,0.02124777636770159
784,892,108,0.108,0.020766356978565454
784,892,108,0.108,0.02145197293534875
768,884,116,0.116,0.020701541672460733
820,910,90,0.09,0.020932469504885375
768,884,116,0.116,0.02052417530398816
742,871,129,0.129,0.02083757142536342
824,912,88,0.088,0.020144288561306893
758,879,121,0.121,0.02051071122754365
706,853,147,0.147,0.020818956601433455
808,904,96,0.096,0.019784743770025672
796,898,102,0.102,0.020284441592171788
778,889,111,0.111,0.020097339895553887
822,911,89,0.089,0.01979704416450113
708,854,146,0.146,0.019455931077711285
762,881,119,0.119,0.01978092963527888
744,872,128,0.128,0.019386003683321176
740,870,130,0.13,0.019688130075111984
744,872,128,0.128,0.01930392399430275
734,867,133,0.133,0.02013333429954946
784,892,108,0.108,0.01997866264358163
650,825,175,0.175,0.021122675312682988
746,873,127,0.127,0.02069360380899161
778,889,111,0.111,0.021258317679166795
770,885,115,0.115,0.021902034507133065
772,886,114,0.114,0.02232010575942695
764,882,118,0.118,0.021833399211987854
760,880,120,0.12,0.021907116309739648
776,888,112,0.112,0.022228781037963927
826,913,87,0.087,0.02129875736311078
806,903,97,0.097,0.021661855228245257
756,878,122,0.122,0.0210425888504833
720,860,140,0.14,0.020799442476592957
732,866,134,0.134,0.021182355486787856
770,885,115,0.115,0.020297082263976335
750,875,125,0.125,0.020862185345962642
848,924,76,0.076,0.01942183232028037
776,888,112,0.112,0.020976369406096637
782,891,109,0.109,0.01983601998258382
752,876,124,0.124,0.019917968701105564
792,896,104,0.104,0.019494913754053413
766,883,117,0.117,0.019688142208382487
806,903,97,0.097,0.01927704464830458
744,872,128,0.128,0.018981988994404675
758,879,121,0.121,0.018943614502437412
726,863,137,0.137,0.018795619865879416
790,895,105,0.105,0.01810569545440376
758,879,121,0.121,0.019067871605046093
734,867,133,0.133,0.01887977399583906
806,903,97,0.097,0.01885646249074489
746,873,127,0.127,0.018413416241295635
822,911,89,0.089,0.01918951083626598
772,886,114,0.114,0.019194840382784604
748,874,126,0.126,0.01914189798384905
738,869,131,0.131,0.01964814230706543
770,885,115,0.115,0.01958421653881669
760,880,120,0.12,0.019818482141010462
770,885,115,0.115,0.019413290358148514
778,889,111,0.111,0.019352518445812164
792,896,104,0.104,0.019221468074247242
780,890,110,0.11,0.019009392551146448
760,880,120,0.12,0.018838642843067646
746,873,127,0.127,0.01948903646878898
698,849,151,0.151,0.019188875724561513
796,898,102,0.102,0.01893902114685625
810,905,95,0.095,0.01868418719712645
734,867,133,0.133,0.019147470021620393
774,887,113,0.113,0.018646401536650956
742,871,129,0.129,0.01955572046712041
742,871,129,0.129,0.019257867394015193
724,862,138,0.138,0.019307963302358986
752,876,124,0.124,0.019808396097272633
770,885,115,0.115,0.019873398805968463
776,888,112,0.112,0.020446965123526752
754,877,123,0.123,0.01996295174676925
720,860,140,0.14,0.02073418633826077
746,873,127,0.127,0.020240640363655985
818,909,91,0.091,0.020188567890785634
718,859,141,0.141,0.01964146829303354
740,870,130,0.13,0.019841437314637004
716,858,142,0.142,0.02027516772504896
804,902,98,0.098,0.020654482973739504
712,856,144,0.144,0.019590694912709296
730,865,135,0.135,0.02060810224711895
762,881,119,0.119,0.02092156650405377
796,898,102,0.102,0.01993865561578423
710,855,145,0.145,0.02022145550698042
776,888,112,0.112,0.019787165890447794
806,903,97,0.097,0.020479592630639674
744,872,128,0.128,0.019594298431649806
772,886,114,0.114,0.019548072318546474
776,888,112,0.112,0.01955149649642408
764,882,118,0.118,0.019437465501017867
748,874,126,0.126,0.01854366018716246
700,850,150,0.15,0.018805213446728884
730,865,135,0.135,0.018585089839063585
760,880,120,0.12,0.018794750671833754
756,878,122,0.122,0.018437948836013674
766,883,117,0.117,0.01861246758978814
792,896,104,0.104,0.01814426031988114
786,893,107,0.107,0.01864429845754057
792,896,104,0.104,0.018332559638656674
774,887,113,0.113,0.018320997919887304
752,876,124,0.124,0.01909494834393263
732,866,134,0.134,0.01854443122353405
746,873,127,0.127,0.018522109204903246
744,872,128,0.128,0.01878371721226722
786,893,107,0.107,0.01852452844567597
724,862,138,0.138,0.018040556736756117
770,885,115,0.115,0.017505212519317866
730,865,135,0.135,0.01848600144777447
784,892,108,0.108,0.017833809465169905
798,899,101,0.101,0.017768162100575864
712,856,144,0.144,0.01831562152132392
796,898,102,0.102,0.01779879856016487
748,874,126,0.126,0.017917563547380267
812,906,94,0.094,0.017868943058885634
764,882,118,0.118,0.017538428233005107
756,878,122,0.122,0.01758309697546065
772,886,114,0.114,0.01782304102461785
786,893,107,0.107,0.017260692437179388
746,873,127,0.127,0.017746932932175694
724,862,138,0.138,0.017348151087760926
738,869,131,0.131,0.017953267694450915
750,875,125,0.125,0.01751194631308317
734,867,133,0.133,0.01724911271966994
742,871,129,0.129,0.017724863396957516
742,871,129,0.129,0.017739393322728576
772,886,114,0.114,0.01842676514852792
662,831,169,0.169,0.018344111784826964
764,882,118,0.118,0.018719396157190205
740,870,130,0.13,0.01817662218771875
788,894,106,0.106,0.018458846217952667
748,874,126,0.126,0.018790600046515466
768,884,116,0.116,0.019235707754269242
766,883,117,0.117,0.018605177965946497
778,889,111,0.111,0.018161117426119745
680,840,160,0.16,0.018775130364112557
770,885,115,0.115,0.018646911112591626
812,906,94,0.094,0.01805441375821829
742,871,129,0.129,0.018835254444740712
796,898,102,0.102,0.018103908125311135
814,907,93,0.093,0.018083506451919674
772,886,114,0.114,0.017370759948156775
742,871,129,0.129,0.017631883373484016
750,875,125,0.125,0.017697048760019242
730,865,135,0.135,0.017612012192606927
766,883,117,0.117,0.017177371325902642
768,884,116,0.116,0.017191779060289264
764,882,118,0.118,0.01708327436260879
724,862,138,0.138,0.017438117895275353
794,897,103,0.103,0.016686179583892225
780,890,110,0.11,0.017292213183827697
750,875,125,0.125,0.016773566185496747
770,885,115,0.115,0.017028724242933096
772,886,114,0.114,0.016725762570742517
726,863,137,0.137,0.017042562930844725
750,875,125,0.125,0.016603995906189085
762,881,119,0.119,0.016614738770760595
778,889,111,0.111,0.017303350067697464
704,852,148,0.148,0.01726875227596611
754,877,123,0.123,0.017682194015011192
768,884,116,0.116,0.01722505035670474
776,888,112,0.112,0.017503439811989666
760,880,120,0.12,0.017008860980160533
740,870,130,0.13,0.017868708967231216
748,874,126,0.126,0.01750351440999657
762,881,119,0.119,0.017499778031371534
758,879,121,0.121,0.017148645773530008
798,899,101,0.101,0.017208872692659496
778,889,111,0.111,0.017374088308773936
778,889,111,0.111,0.017486463815905153
810,905,95,0.095,0.01675405978690833
764,882,118,0.118,0.016579049720894544
696,848,152,0.152,0.017438742427155377
814,907,93,0.093,0.01617735050339252
758,879,121,0.121,0.016114100453443827
728,864,136,0.136,0.01633998229075223
748,874,126,0.126,0.016250742650590837
824,912,88,0.088,0.016550306566990913
742,871,129,0.129,0.01666080290172249
746,873,127,0.127,0.016770058644935488
756,878,122,0.122,0.016491888425778596
718,859,141,0.141,0.016360871269367635
758,879,121,0.121,0.016361689300742
720,860,140,0.14,0.01697380251530558
738,869,131,0.131,0.017280979063361884
796,898,102,0.102,0.016984827719628812
816,908,92,0.092,0.016932310873642564
744,872,128,0.128,0.017433599665760992
746,873,127,0.127,0.01713593426719308
756,878,122,0.122,0.0172624729340896
790,895,105,0.105,0.016837527210824193
734,867,133,0.133,0.01699167278315872
782,891,109,0.109,0.016528824850916862
738,869,131,0.131,0.017116909785196185
760,880,120,0.12,0.01701366842351854
670,835,165,0.165,0.01713611618243158
796,898,102,0.102,0.016941661538556217
716,858,142,0.142,0.0166765024010092
726,863,137,0.137,0.01719273736514151
772,886,114,0.114,0.017202800845727326
730,865,135,0.135,0.017374832849949597
790,895,105,0.105,0.0167349920142442
746,873,127,0.127,0.01640249817818403
698,849,151,0.151,0.0168567833667621
712,856,144,0.144,0.016808227877132594
808,904,96,0.096,0.01689693619776517
786,893,107,0.107,0.016842914989218114
762,881,119,0.119,0.016786751938052475
748,874,126,0.126,0.016958855110220612
798,899,101,0.101,0.016937818474136293
778,889,111,0.111,0.016865753999911248
798,899,101,0.101,0.016478196918964384
784,892,108,0.108,0.01655780677869916
738,869,131,0.131,0.016427173329517247
780,890,110,0.11,0.01590790917724371
720,860,140,0.14,0.016117508770432325
736,868,132,0.132,0.015933117905166
742,871,129,0.129,0.01658801904320717
824,912,88,0.088,0.015555683917831629
740,870,130,0.13,0.015680078780278564
756,878,122,0.122,0.015759102341718973
778,889,111,0.111,0.016167587317992
748,874,126,0.126,0.015956976281944663
738,869,131,0.131,0.015402451233007014
810,905,95,0.095,0.015783639228902756
792,896,104,0.104,0.015925531552173196
750,875,125,0.125,0.01636112128896639
710,855,145,0.145,0.016228561479598284
792,896,104,0.104,0.01609214265178889
750,875,125,0.125,0.01613155624642968
772,886,114,0.114,0.016128459800966083
808,904,96,0.096,0.01572980483341962
782,891,109,0.109,0.01576807469408959
822,911,89,0.089,0.01527961179241538
778,889,111,0.111,0.015545432006940245
796,898,102,0.102,0.014654536875896155
760,880,120,0.12,0.014541513226460665
726,863,137,0.137,0.014638568062335253
812,906,94,0.094,0.014732263441663236
762,881,119,0.119,0.014225208805408328
684,842,158,0.158,0.014483657152857632
808,904,96,0.096,0.014600609110668301
764,882,118,0.118,0.013887311392929405
776,888,112,0.112,0.014274772804230451
738,869,131,0.131,0.014736733777448534
704,852,148,0.148,0.014252030469942839
710,855,145,0.145,0.014732497067656367
716,858,142,0.142,0.014986492320429534
756,878,122,0.122,0.015626624915748833
802,901,99,0.099,0.015142688828986138
802,901,99,0.099,0.015748949218075722
706,853,147,0.147,0.015586737343110144
762,881,119,0.119,0.015923395642079414
748,874,126,0.126,0.015854471839033067
806,903,97,0.097,0.01574109857250005
802,901,99,0.099,0.016006223146803677
800,900,100,0.1,0.015647804355248807
776,888,112,0.112,0.015353572264313697
764,882,118,0.118,0.015146612235344947
758,879,121,0.121,0.014905596383847296
720,860,140,0.14,0.014765018633101135
816,908,92,0.092,0.01475533063802868
780,890,110,0.11,0.014959362705238163
768,884,116,0.116,0.015067267172038556
798,899,101,0.101,0.014948732961900532
786,893,107,0.107,0.014828855312429369
798,899,101,0.101,0.014449140982702375
770,885,115,0.115,0.014210983370896428
720,860,140,0.14,0.01442929571820423
668,834,166,0.166,0.01428343914495781
742,871,129,0.129,0.014118288484402
744,872,128,0.128,0.014664384230040014
796,898,102,0.102,0.014432077299803496
790,895,105,0.105,0.014731641209218651
790,895,105,0.105,0.014447328339796513
778,889,111,0.111,0.015226928698830307
794,897,103,0.103,0.015096968171186746
742,871,129,0.129,0.01520260361302644
700,850,150,0.15,0.014995706792455167
786,893,107,0.107,0.014811618988402189
760,880,120,0.12,0.014915419965516775
796,898,102,0.102,0.015055383091792465
806,903,97,0.097,0.015132312569767237
706,853,147,0.147,0.014775661950465292
764,882,118,0.118,0.015296015174128114
758,879,121,0.121,0.015108956921845674
706,853,147,0.147,0.015322619117796421
784,892,108,0.108,0.015141317488159984
764,882,118,0.118,0.014774730364326388
744,872,128,0.128,0.015568386389873921
764,882,118,0.118,0.015420247201342135
768,884,116,0.116,0.01562636966817081
834,917,83,0.083,0.015006451660767198
730,865,135,0.135,0.015427452391013502
770,885,115,0.115,0.015044392572250218
728,864,136,0.136,0.015604326808359475
752,876,124,0.124,0.015288168110884726
792,896,104,0.104,0.01570651845773682
744,872,128,0.128,0.016655478933826087
758,879,121,0.121,0.01578286688029766
762,881,119,0.119,0.016347987848799674
762,881,119,0.119,0.015891793773509563
762,881,119,0.119,0.015958251671865584
754,877,123,0.123,0.01600618461892009
740,870,130,0.13,0.015917301903944463
794,897,103,0.103,0.01582149798469618
768,884,116,0.116,0.015840988079085946
764,882,118,0.118,0.015629716815426947
752,876,124,0.124,0.015759785414673388
758,879,121,0.121,0.015925263012293727
812,906,94,0.094,0.016021408706903457
822,911,89,0.089,0.015980609258636834
786,893,107,0.107,0.01587190380040556
736,868,132,0.132,0.01558640714827925
786,893,107,0.107,0.01608359257131815
740,870,130,0.13,0.015323825335130095
764,882,118,0.118,0.014932374521158635
790,895,105,0.105,0.015088448849041015
800,900,100,0.1,0.014541885947808624
818,909,91,0.091,0.01502528870292008
712,856,144,0.144,0.014576675512827934
714,857,143,0.143,0.014322484085336328
782,891,109,0.109,0.014498280298896134
702,851,149,0.149,0.01512113731727004
742,871,129,0.129,0.014821631122846157
784,892,108,0.108,0.014595833933912217
774,887,113,0.113,0.015053618175908922
768,884,116,0.116,0.015126425550784915
790,895,105,0.105,0.015161412054672837
726,863,137,0.137,0.015241187747567893
814,907,93,0.093,0.015369953801389783
778,889,111,0.111,0.01588882914092392
746,873,127,0.127,0.015313960942439735
776,888,112,0.112,0.01529172685649246
800,900,100,0.1,0.015577666965313255
706,853,147,0.147,0.015074758888687938
824,912,88,0.088,0.014744595484342427
788,894,106,0.106,0.014906220810487866
824,912,88,0.088,0.01456869463948533
798,899,101,0.101,0.014447302025742828
740,870,130,0.13,0.014508120944257826
782,891,109,0.109,0.014231723262928426
790,895,105,0.105,0.014134066082071513
772,886,114,0.114,0.014229146489873529
742,871,129,0.129,0.014437248499598354
804,902,98,0.098,0.013838953579310328
794,897,103,0.103,0.01400902054272592
788,894,106,0.106,0.014306469060480595
762,881,119,0.119,0.014117715822532772
764,882,118,0.118,0.014358928454574198
776,888,112,0.112,0.014281206608749927
754,877,123,0.123,0.014812825824599713
806,903,97,0.097,0.014475326002109795
770,885,115,0.115,0.014890777982305736
720,860,140,0.14,0.015160616582259536
732,866,134,0.134,0.014790499391499907
804,902,98,0.098,0.014851210759021342
806,903,97,0.097,0.01515797254163772
776,888,112,0.112,0.015205176062416285
698,849,151,0.151,0.015186144222971052
718,859,141,0.141,0.015332052492536604
750,875,125,0.125,0.01575292116124183
748,874,126,0.126,0.015789882340002805
826,913,87,0.087,0.015743603667244314
746,873,127,0.127,0.015789288734085857
816,908,92,0.092,0.016107290566898882
754,877,123,0.123,0.01648286124318838
734,867,133,0.133,0.01629955598572269
750,875,125,0.125,0.016037551603280006
774,887,113,0.113,0.015678645639680328
710,855,145,0.145,0.016226508416235446
750,875,125,0.125,0.016055295327678323
776,888,112,0.112,0.01621434092242271
736,868,132,0.132,0.016040682200342417
752,876,124,0.124,0.015364442834630608
770,885,115,0.115,0.01561434306204319
770,885,115,0.115,0.01633734549023211
776,888,112,0.112,0.01611630983557552
752,876,124,0.124,0.01624571635853499
768,884,116,0.116,0.016222877053078264
792,896,104,0.104,0.016612287679687143
768,884,116,0.116,0.016198108178563417
736,868,132,0.132,0.016083635636605323
738,869,131,0.131,0.016419234285131097
722,861,139,0.139,0.01627525138342753
768,884,116,0.116,0.016032068882137537
744,872,128,0.128,0.016076384684070945
782,891,109,0.109,0.016421860809903592
736,868,132,0.132,0.016737724139355124
762,881,119,0.119,0.016459235399961473
768,884,116,0.116,0.01647555746510625
784,892,108,0.108,0.01665481467824429
730,865,135,0.135,0.016335937284864484
768,884,116,0.116,0.016018733829259873
776,888,112,0.112,0.016816425563767553
716,858,142,0.142,0.016442773553542792
800,900,100,0.1,0.016102177703753114
786,893,107,0.107,0.015977249806746842
746,873,127,0.127,0.016424369522370398
750,875,125,0.125,0.016483440940268337
770,885,115,0.115,0.015987398541532458
782,891,109,0.109,0.016266518198885024
776,888,112,0.112,0.016341013607569038
708,854,146,0.146,0.016112778736278414
802,901,99,0.099,0.01574763401877135
810,905,95,0.095,0.015717314067296685
722,861,139,0.139,0.016449211361818015
832,916,84,0.084,0.015192804799415172
750,875,125,0.125,0.015381443404126912
842,921,79,0.079,0.015245500625576823
736,868,132,0.132,0.015013339924160391
770,885,115,0.115,0.015360886038281023
740,870,130,0.13,0.014731288459151982
782,891,109,0.109,0.014781334912404418
752,876,124,0.124,0.014871621613390744
774,887,113,0.113,0.014580700783990324
796,898,102,0.102,0.015204868032597005
774,887,113,0.113,0.01465703368280083
818,909,91,0.091,0.014694534689188004
768,884,116,0.116,0.014913166832178831
726,863,137,0.137,0.014364563728217036
822,911,89,0.089,0.014432908623479306
800,900,100,0.1,0.014333023306913674
764,882,118,0.118,0.01416529398644343
738,869,131,0.131,0.014247521681711077
718,859,141,0.141,0.014651541708037258
770,885,115,0.115,0.014865578166209162
744,872,128,0.128,0.01518352883681655
684,842,158,0.158,0.015381737953983248
812,906,94,0.094,0.015204456807579845
736,868,132,0.132,0.015419284635223449
762,881,119,0.119,0.015493162540718914
760,880,120,0.12,0.015689176597632467
766,883,117,0.117,0.015874917511828245
766,883,117,0.117,0.015970368762500586
720,860,140,0.14,0.016288788267411293
738,869,131,0.131,0.01663679826958105
776,888,112,0.112,0.016458533401601017
742,871,129,0.129,0.016337664611637593
752,876,124,0.124,0.016476193459704518
788,894,106,0.106,0.01628706577513367
752,876,124,0.124,0.01622933859517798
740,870,130,0.13,0.01658152704965323
792,896,104,0.104,0.016246599607169628
700,850,150,0.15,0.01610676469001919
730,865,135,0.135,0.01625289677036926
790,895,105,0.105,0.016136599314864726
732,866,134,0.134,0.016267278498969973
790,895,105,0.105,0.016210772079415618
754,877,123,0.123,0.016588624437339605
740,870,130,0.13,0.015845595521852374
790,895,105,0.105,0.015579074072185903
702,851,149,0.149,0.016210071932524443
758,879,121,0.121,0.016124083226546647
764,882,118,0.118,0.01614785473886877
776,888,112,0.112,0.016060796122066675
772,886,114,0.114,0.01623632788285613
784,892,108,0.108,0.016515674729831516
750,875,125,0.125,0.016595367807894945
728,864,136,0.136,0.016499421278946103
780,890,110,0.11,0.01660092434938997
758,879,121,0.121,0.016627018856815994
784,892,108,0.108,0.016540916739962996
744,872,128,0.128,0.01631931914947927
778,889,111,0.111,0.015999523246195167
806,903,97,0.097,0.016110462850891055
788,894,106,0.106,0.01582454082230106
780,890,110,0.11,0.015746797398664057
762,881,119,0.119,0.015040732372552157
798,899,101,0.101,0.015042444688733668
768,884,116,0.116,0.014818306077737362
756,878,122,0.122,0.014777270387858152
800,900,100,0.1,0.014143286482896656
758,879,121,0.121,0.014137835233937949
724,862,138,0.138,0.014159424132201821
742,871,129,0.129,0.013843094686046243
776,888,112,0.112,0.01385998219717294
858,929,71,0.071,0.013780935511458665
762,881,119,0.119,0.013792073437478394
788,894,106,0.106,0.013919747806154192
754,877,123,0.123,0.013467918605078013
806,903,97,0.097,0.013915456743910908
762,881,119,0.119,0.013965253693982958
740,870,130,0.13,0.014042420695535839
718,859,141,0.141,0.014129208512138575
716,858,142,0.142,0.01469648124789819
788,894,106,0.106,0.014945010282564909
764,882,118,0.118,0.014975531898904592
692,846,154,0.154,0.015340670100878924
760,880,120,0.12,0.015621507548727095
784,892,108,0.108,0.016655915920622648
736,868,132,0.132,0.01611369350925088
780,890,110,0.11,0.0160688731726259
790,895,105,0.105,0.01602848256751895
712,856,144,0.144,0.01702229422610253
760,880,120,0.12,0.016255269698798657
762,881,119,0.119,0.016726099183782935
738,869,131,0.131,0.01696859265025705
784,892,108,0.108,0.01632046069856733
768,884,116,0.116,0.016967109528370203
746,873,127,0.127,0.01682025986723602
732,866,134,0.134,0.016625011099502443
782,891,109,0.109,0.01694113995973021
722,861,139,0.139,0.01706290946993977
762,881,119,0.119,0.017068968464620412
786,893,107,0.107,0.01641921455040574
720,860,140,0.14,0.01691898206062615
696,848,152,0.152,0.017627644191496074
762,881,119,0.119,0.016877340965904295
706,853,147,0.147,0.017382309760898353
640,820,180,0.18,0.01739131794217974
802,901,99,0.099,0.017582289329729973
776,888,112,0.112,0.01738305394910276
728,864,136,0.136,0.01787705572973937
728,864,136,0.136,0.017887334081344308
820,910,90,0.09,0.017470202238298954
806,903,97,0.097,0.016985409528948368
722,861,139,0.139,0.01705330936983228
802,901,99,0.099,0.016647610548883675
744,872,128,0.128,0.017047561893239617
780,890,110,0.11,0.016670803610235454
770,885,115,0.115,0.016571897812187673
726,863,137,0.137,0.016161444096826016
788,894,106,0.106,0.016462049080990256
746,873,127,0.127,0.01629998994804919
710,855,145,0.145,0.01656363486405462
776,888,112,0.112,0.01603874589316547
752,876,124,0.124,0.016050308728590607
776,888,112,0.112,0.016065410805866123
752,876,124,0.124,0.01635651697171852
744,872,128,0.128,0.015970897124148904
736,868,132,0.132,0.01615312401764095
744,872,128,0.128,0.015995744729880242
748,874,126,0.126,0.015719525175634772
766,883,117,0.117,0.01594073725119233
752,876,124,0.124,0.015962173887528477
754,877,123,0.123,0.015953772751614453
702,851,149,0.149,0.016614336567930876
786,893,107,0.107,0.01618996130209416
790,895,105,0.105,0.01629882629774511
776,888,112,0.112,0.016317878032103182
762,881,119,0.119,0.016536057996563613
788,894,106,0.106,0.01677247251942754
816,908,92,0.092,0.0165116043058224
776,888,112,0.112,0.016159627863205968
806,903,97,0.097,0.016255412801168857
774,887,113,0.113,0.015882863613776863
758,879,121,0.121,0.015076597778126597
754,877,123,0.123,0.015503957679495216
728,864,136,0.136,0.01544947174936533
794,897,103,0.103,0.015046204263810068
746,873,127,0.127,0.015357791515067219
774,887,113,0.113,0.015124905975535513
766,883,117,0.117,0.015164092738181353
710,855,145,0.145,0.015116073864977807
724,862,138,0.138,0.015584278856404126
798,899,101,0.101,0.01554376802733168
692,846,154,0.154,0.015781355479732157
758,879,121,0.121,0.016159284146502615
818,909,91,0.091,0.015632223763503133
746,873,127,0.127,0.015844179183244704
808,904,96,0.096,0.016106246503069997
744,872,128,0.128,0.015933274026028812
788,894,106,0.106,0.016237821742892265
758,879,121,0.121,0.01577281500585377
780,890,110,0.11,0.016324087444227187
770,885,115,0.115,0.015895932165905832
840,920,80,0.08,0.015510624315589666
788,894,106,0.106,0.015178280965425074
734,867,133,0.133,0.015206761902198196
752,876,124,0.124,0.0149124193796888
788,894,106,0.106,0.014805664454586804
828,914,86,0.086,0.014852820934727787
794,897,103,0.103,0.01471974733006209
780,890,110,0.11,0.014535701007582247
722,861,139,0.139,0.015169404372572899
824,912,88,0.088,0.014047361853998155
794,897,103,0.103,0.014149508537724615
736,868,132,0.132,0.013954178135376423
784,892,108,0.108,0.014373132388107479
794,897,103,0.103,0.0139029609458521
834,917,83,0.083,0.013749195243697613
796,898,102,0.102,0.013772181439679116
714,857,143,0.143,0.013674015690106898
736,868,132,0.132,0.014098982426803559
744,872,128,0.128,0.014223737388849259
768,884,116,0.116,0.014425867313053458
782,891,109,0.109,0.014857328501529992
720,860,140,0.14,0.014797435319051146
724,862,138,0.138,0.015118723519612104
788,894,106,0.106,0.014661406280007214
786,893,107,0.107,0.014755499824881554
752,876,124,0.124,0.015026211989112198
726,863,137,0.137,0.015154508748091758
774,887,113,0.113,0.015436837393790483
756,878,122,0.122,0.015125373508315533
748,874,126,0.126,0.015070820786990225
818,909,91,0.091,0.014888166105374695
742,871,129,0.129,0.0157847764743492
746,873,127,0.127,0.015065395608544349
824,912,88,0.088,0.015163047568872571
750,875,125,0.125,0.015548798498697579
800,900,100,0.1,0.015474090294912457
750,875,125,0.125,0.015117268465459346
734,867,133,0.133,0.015311409926507622
712,856,144,0.144,0.015464481476228684
752,876,124,0.124,0.015356497581582517
738,869,131,0.131,0.01576302671339363
762,881,119,0.119,0.015585050370544196
832,916,84,0.084,0.015683930504135787
766,883,117,0.117,0.015908100362867116
764,882,118,0.118,0.015765472640749068
738,869,131,0.131,0.015487723052501678
830,915,85,0.085,0.015369301229249685
834,917,83,0.083,0.014914575477596372
832,916,84,0.084,0.014643066525924951
788,894,106,0.106,0.014722685263492167
758,879,121,0.121,0.01477818726375699
786,893,107,0.107,0.014151642507873475
756,878,122,0.122,0.014303534105885774
778,889,111,0.111,0.01363084564032033
746,873,127,0.127,0.013781696043442935
764,882,118,0.118,0.014028900085482746
776,888,112,0.112,0.013798120778985321
714,857,143,0.143,0.013894955832045525
756,878,122,0.122,0.014088908568024635
820,910,90,0.09,0.014279912729747593
748,874,126,0.126,0.014343189668375998
738,869,131,0.131,0.014945984554477036
796,898,102,0.102,0.014713391536846757
700,850,150,0.15,0.015275618362706155
722,861,139,0.139,0.014923566569574177
720,860,140,0.14,0.01563169301301241
768,884,116,0.116,0.015355808105319738
784,892,108,0.108,0.01591159175010398
770,885,115,0.115,0.016373080738820135
752,876,124,0.124,0.01641101469658315
782,891,109,0.109,0.016479851837269962
746,873,127,0.127,0.016599565730430185
758,879,121,0.121,0.016705607208423318
782,891,109,0.109,0.016280919933691622
746,873,127,0.127,0.016794646470807494
770,885,115,0.115,0.016061961646657436
742,871,129,0.129,0.016390175960026683
756,878,122,0.122,0.016095195852220058
782,891,109,0.109,0.015734356306493284
712,856,144,0.144,0.01610870872437954
730,865,135,0.135,0.015492696806788445
742,871,129,0.129,0.016528584079816937
766,883,117,0.117,0.016498868509195744
680,840,160,0.16,0.017286348244175315
720,860,140,0.14,0.01673070045141503
796,898,102,0.102,0.016158602802082898
738,869,131,0.131,0.016856650369241832
778,889,111,0.111,0.01668426132109016
740,870,130,0.13,0.017154095977079124
754,877,123,0.123,0.016804027572507037
758,879,121,0.121,0.016713735072873534
790,895,105,0.105,0.016326301969587804
772,886,114,0.114,0.016290527497418224
784,892,108,0.108,0.01672087559197098
742,871,129,0.129,0.016616584101691843
764,882,118,0.118,0.01647830574773252
754,877,123,0.123,0.01581278101867065
828,914,86,0.086,0.0154736247966066
770,885,115,0.115,0.01572665300173685
790,895,105,0.105,0.015178021711297333
752,876,124,0.124,0.01496491752564907
742,871,129,0.129,0.015278070631437003
842,921,79,0.079,0.014330627293325961
804,902,98,0.098,0.01423054437385872
732,866,134,0.134,0.014606769690755755
790,895,105,0.105,0.014479143291711807
776,888,112,0.112,0.014189410432707519
816,908,92,0.092,0.013453971147537231
812,906,94,0.094,0.014079138731583953
710,855,145,0.145,0.014077638243325055
766,883,117,0.117,0.014125470203347505
764,882,118,0.118,0.01389345445483923
782,891,109,0.109,0.013714061759412288
734,867,133,0.133,0.014559544557705521
716,858,142,0.142,0.014570233996491879
768,884,116,0.116,0.01468469918332994
762,881,119,0.119,0.014728177429642528
830,915,85,0.085,0.014706380670890211
782,891,109,0.109,0.014918411278165877
722,861,139,0.139,0.015272343068383635
750,875,125,0.125,0.014856738946400582
802,901,99,0.099,0.014830389526672661
704,852,148,0.148,0.01462851182417944
794,897,103,0.103,0.014599793309345842
768,884,116,0.116,0.014727480109315365
748,874,126,0.126,0.01525376857444644
764,882,118,0.118,0.0146978900115937
784,892,108,0.108,0.014631468156352639
838,919,81,0.081,0.014619364624843001
812,906,94,0.094,0.014442421515937895
812,906,94,0.094,0.01438595769321546
690,845,155,0.155,0.014705645487643778
752,876,124,0.124,0.014504132514353842
734,867,133,0.133,0.014620138164609671
728,864,136,0.136,0.01449805404804647
774,887,113,0.113,0.014960002280771732
804,902,98,0.098,0.014818820771761238
808,904,96,0.096,0.015316363382153213
762,881,119,0.119,0.015222723660524934
802,901,99,0.099,0.014839817050378769
788,894,106,0.106,0.014715856302063911
760,880,120,0.12,0.014663750157691538
780,890,110,0.11,0.014929115158505738
768,884,116,0.116,0.014482400521170348
704,852,148,0.148,0.01481695852894336
806,903,97,0.097,0.015005148975178599
852,926,74,0.074,0.014337042887695134
750,875,125,0.125,0.01512374680629
782,891,109,0.109,0.014886215527541935
794,897,103,0.103,0.014461950713768601
806,903,97,0.097,0.014711136728525162
738,869,131,0.131,0.014937997133471072
756,878,122,0.122,0.014778439450077712
766,883,117,0.117,0.015049401070456951
784,892,108,0.108,0.014449202879332006
752,876,124,0.124,0.015033443304244429
816,908,92,0.092,0.01408933630445972
790,895,105,0.105,0.01471204514009878
724,862,138,0.138,0.014849464433733374
748,874,126,0.126,0.014695981241762638
838,919,81,0.081,0.014508285035844892
770,885,115,0.115,0.01452972006658092
754,877,123,0.123,0.014959300237242132
762,881,119,0.119,0.015028547270223498
708,854,146,0.146,0.014961803954094648
838,919,81,0.081,0.01489863076293841
774,887,113,0.113,0.015091349649708718
710,855,145,0.145,0.015471064777113496
750,875,125,0.125,0.015294312619138509
810,905,95,0.095,0.01564870333019644
820,910,90,0.09,0.015171200606040656
736,868,132,0.132,0.015332938380539417
772,886,114,0.114,0.015444308714009822
768,884,116,0.116,0.01538480043131858
750,875,125,0.125,0.014782259868923574
714,857,143,0.143,0.015067493577953428
810,905,95,0.095,0.014165470416191966
814,907,93,0.093,0.015001652700360864
812,906,94,0.094,0.014508164113387465
782,891,109,0.109,0.01447823839681223
792,896,104,0.104,0.013993277322035282
730,865,135,0.135,0.013483938217163085
758,879,121,0.121,0.013625318734906614
766,883,117,0.117,0.013647294390946627
760,880,120,0.12,0.013204498351085931
760,880,120,0.12,0.01391563861258328
738,869,131,0.131,0.013783249611966312
704,852,148,0.148,0.01433024057932198
738,869,131,0.131,0.015046319482848049
742,871,129,0.129,0.015216423120815307
738,869,131,0.131,0.015425496054813265
716,858,142,0.142,0.016028020807541905
792,896,104,0.104,0.016297711363993585
714,857,143,0.143,0.01651294973026961
736,868,132,0.132,0.01680141435749829
764,882,118,0.118,0.01662585384119302
792,896,104,0.104,0.016672693317756056
760,880,120,0.12,0.01723746662773192
758,879,121,0.121,0.0172296902006492
788,894,106,0.106,0.016752715276554225
788,894,106,0.106,0.016983619440346955
776,888,112,0.112,0.016766352344304323
780,890,110,0.11,0.016776144531555473
776,888,112,0.112,0.0164810588946566
732,866,134,0.134,0.016140049705281854
772,886,114,0.114,0.016203659530729057
792,896,104,0.104,0.01550467893248424
748,874,126,0.126,0.015472739019896835
706,853,147,0.147,0.01582308104634285
700,850,150,0.15,0.01575996913574636
756,878,122,0.122,0.015730194410309196
706,853,147,0.147,0.015717265185900033
746,873,127,0.127,0.016530786744318904
768,884,116,0.116,0.0167082185363397
732,866,134,0.134,0.016669858193956315
754,877,123,0.123,0.016648154596798123
750,875,125,0.125,0.01702819719258696
718,859,141,0.141,0.016931314662098886
788,894,106,0.106,0.01692179283313453
786,893,107,0.107,0.01742647300520912
778,889,111,0.111,0.017784991834312678
768,884,116,0.116,0.017919913299381734
730,865,135,0.135,0.017237061297520995
762,881,119,0.119,0.017253906669095157
754,877,123,0.123,0.017441063051111996
714,857,143,0.143,0.017319017278030514
768,884,116,0.116,0.016831908566877246
770,885,115,0.115,0.0171825560182333
718,859,141,0.141,0.017401802266016602
784,892,108,0.108,0.01724562263954431
744,872,128,0.128,0.017194778339006008
794,897,103,0.103,0.017256967875175177
764,882,118,0.118,0.01704056794941425
806,903,97,0.097,0.01692112859431654
788,894,106,0.106,0.016910464094020427
756,878,122,0.122,0.016420841176062823
732,866,134,0.134,0.01691851113550365
776,888,112,0.112,0.01644284815620631
770,885,115,0.115,0.016395770476199688
772,886,114,0.114,0.015900678667705507
772,886,114,0.114,0.015945182425901292
732,866,134,0.134,0.016371246956288815
786,893,107,0.107,0.01609948378521949
798,899,101,0.101,0.01562409815005958
762,881,119,0.119,0.01579942670185119
816,908,92,0.092,0.014970388106070459
790,895,105,0.105,0.016193769032135607
756,878,122,0.122,0.015550446451641619
754,877,123,0.123,0.01585511332657188
738,869,131,0.131,0.01568495327513665
774,887,113,0.113,0.01579545311257243
752,876,124,0.124,0.015937643406912685
866,933,67,0.067,0.01568296322785318
732,866,134,0.134,0.016294785490259527
770,885,115,0.115,0.016142571184784175
800,900,100,0.1,0.01601596158463508
734,867,133,0.133,0.015849467290565373
788,894,106,0.106,0.015612507455982267
782,891,109,0.109,0.015760727955959737
754,877,123,0.123,0.015629415954463183
828,914,86,0.086,0.015598614370450377
824,912,88,0.088,0.015145827889442444
746,873,127,0.127,0.015310197431594133
786,893,107,0.107,0.01517780395783484
800,900,100,0.1,0.014614734329283237
748,874,126,0.126,0.014760231789201498
718,859,141,0.141,0.014297366049140692
792,896,104,0.104,0.014399598880670965
770,885,115,0.115,0.01491240262798965
744,872,128,0.128,0.015298105861991644
786,893,107,0.107,0.015170480174943804
726,863,137,0.137,0.015523679410107434
772,886,114,0.114,0.015580131275579332
794,897,103,0.103,0.015156690871343017
780,890,110,0.11,0.015435916867107153
776,888,112,0.112,0.015333767149597406
766,883,117,0.117,0.01552970533259213
758,879,121,0.121,0.015117851863149553
738,869,131,0.131,0.015364192543085664
788,894,106,0.106,0.015572169546503574
742,871,129,0.129,0.015210502234753221
764,882,118,0.118,0.016180105673149228
810,905,95,0.095,0.016043676408939063
736,868,132,0.132,0.016539623009972273
750,875,125,0.125,0.016171468008309604
706,853,147,0.147,0.01678775204345584
760,880,120,0.12,0.0161848432328552
788,894,106,0.106,0.01672110414970666
778,889,111,0.111,0.017029812769964337
740,870,130,0.13,0.016485589541029185
730,865,135,0.135,0.01707270822674036
762,881,119,0.119,0.016879232605919243
796,898,102,0.102,0.01687414538487792
806,903,97,0.097,0.01723187714256346
754,877,123,0.123,0.017125153967179358
808,904,96,0.096,0.017240904953330756
724,862,138,0.138,0.016610814700834454
812,906,94,0.094,0.015969758780673145
754,877,123,0.123,0.015732979957945644
748,874,126,0.126,0.016379878137260676
820,910,90,0.09,0.0158034824160859
712,856,144,0.144,0.015894692529924214
718,859,141,0.141,0.016511131247971208
832,916,84,0.084,0.016220065344125033
778,889,111,0.111,0.016349445667117834
736,868,132,0.132,0.016326794234104453
788,894,106,0.106,0.015838547829538585
750,875,125,0.125,0.016525441862642765
726,863,137,0.137,0.016139995739795267
772,886,114,0.114,0.016009458612650632
784,892,108,0.108,0.01556565058697015
808,904,96,0.096,0.01597059836704284
802,901,99,0.099,0.015998048435430973
762,881,119,0.119,0.01634521198272705
824,912,88,0.088,0.015775897493585943
822,911,89,0.089,0.015802023780532182
752,876,124,0.124,0.015379802014213056
850,925,75,0.075,0.01499512710282579
738,869,131,0.131,0.014495533330831676
796,898,102,0.102,0.014483995444141329
756,878,122,0.122,0.014036493442952633
748,874,126,0.126,0.013914456397294998
784,892,108,0.108,0.013614365130197257
772,886,114,0.114,0.013848770993296056
802,901,99,0.099,0.014231502931565046
772,886,114,0.114,0.014815846842713655
718,859,141,0.141,0.014816176674794406
750,875,125,0.125,0.01478206587349996
752,876,124,0.124,0.015290073637384922
698,849,151,0.151,0.015490463667549192
766,883,117,0.117,0.015696558402851224
798,899,101,0.101,0.015254211209714413
768,884,116,0.116,0.01546763138100505
746,873,127,0.127,0.01596408284176141
784,892,108,0.108,0.015807145345490426
778,889,111,0.111,0.01567716509476304
794,897,103,0.103,0.015862383808940648
794,897,103,0.103,0.01574704398307949
796,898,102,0.102,0.01544343150407076
762,881,119,0.119,0.01530708656879142
770,885,115,0.115,0.015392838580533861
756,878,122,0.122,0.01534452992118895
752,876,124,0.124,0.015761650347150862
766,883,117,0.117,0.015234951782040297
764,882,118,0.118,0.01530911782104522
802,901,99,0.099,0.015600976603571326
750,875,125,0.125,0.015524422916583716
756,878,122,0.122,0.015196188203524799
768,884,116,0.116,0.015248514972627162
752,876,124,0.124,0.014920608265791089
750,875,125,0.125,0.015566784968134016
750,875,125,0.125,0.014876979364082218
722,861,139,0.139,0.01548902025911957
742,871,129,0.129,0.01601985823409632
716,858,142,0.142,0.015380283997859805
746,873,127,0.127,0.015817028198856862
754,877,123,0.123,0.016370279097929596
804,902,98,0.098,0.015917922032997012
712,856,144,0.144,0.016185003967024388
730,865,135,0.135,0.01655972692463547
710,855,145,0.145,0.01687851749919355
740,870,130,0.13,0.016900293315760793
780,890,110,0.11,0.01645001770183444
760,880,120,0.12,0.01754915442224592
802,901,99,0.099,0.01664068505074829
764,882,118,0.118,0.01749006381444633
752,876,124,0.124,0.016753248694352806
820,910,90,0.09,0.016235946871340275
778,889,111,0.111,0.016059707096777856
772,886,114,0.114,0.015617688053287566
794,897,103,0.103,0.015720347557216883
760,880,120,0.12,0.015335619874298573
710,855,145,0.145,0.015750281966291368
770,885,115,0.115,0.014993104182183742
788,894,106,0.106,0.01513228600937873
830,915,85,0.085,0.014780252400785685
760,880,120,0.12,0.015195764432661235
800,900,100,0.1,0.015057419883552938
760,880,120,0.12,0.014781202490907162
696,848,152,0.152,0.014424225579481573
754,877,123,0.123,0.014911641578190029
750,875,125,0.125,0.015543454649858176
804,902,98,0.098,0.015307745306752623
796,898,102,0.102,0.015619436248671263
760,880,120,0.12,0.015546440039761364
814,907,93,0.093,0.015194448923692106
742,871,129,0.129,0.015822129190899432
728,864,136,0.136,0.01543325558397919
772,886,114,0.114,0.01570815727673471
798,899,101,0.101,0.015579321776516735
768,884,116,0.116,0.015510201613418758
740,870,130,0.13,0.01570969229377806
774,887,113,0.113,0.01500110565405339
744,872,128,0.128,0.015378095645457506
758,879,121,0.121,0.015310536238830537
782,891,109,0.109,0.015275889246724546
794,897,103,0.103,0.015241926128510386
822,911,89,0.089,0.015041676137130708
800,900,100,0.1,0.015013583411462606
740,870,130,0.13,0.014866791094653308
764,882,118,0.118,0.014834715657867491
746,873,127,0.127,0.014477096306625754
770,885,115,0.115,0.014328845622949303
718,859,141,0.141,0.014733900724910199
742,871,129,0.129,0.01455007240269333
794,897,103,0.103,0.014733544195070863
776,888,112,0.112,0.014822014193050563
760,880,120,0.12,0.015096508715301752
788,894,106,0.106,0.015355386033188551
744,872,128,0.128,0.015384945269674063
700,850,150,0.15,0.01596153604099527
780,890,110,0.11,0.015322978019714356
754,877,123,0.123,0.01590962014440447
778,889,111,0.111,0.016216341801919044
774,887,113,0.113,0.01625732878781855
770,885,115,0.115,0.0160034244582057
710,855,145,0.145,0.016508666074834765
680,840,160,0.16,0.016516753625124694
844,922,78,0.078,0.016313780552707612
818,909,91,0.091,0.016505655688233672
746,873,127,0.127,0.01675956331100315
758,879,121,0.121,0.016535952337086202
744,872,128,0.128,0.01666974086407572
724,862,138,0.138,0.017079957409761846
782,891,109,0.109,0.016905541381798686
814,907,93,0.093,0.016993653840385377
814,907,93,0.093,0.016440336373634637
794,897,103,0.103,0.01611818665731698
740,870,130,0.13,0.016541556776501237
736,868,132,0.132,0.015429457207210362
806,903,97,0.097,0.015589542098343373
742,871,129,0.129,0.015441217346116901
764,882,118,0.118,0.015188927123788745
788,894,106,0.106,0.01572983730211854
772,886,114,0.114,0.015128066464327275
752,876,124,0.124,0.015388166525401176
766,883,117,0.117,0.014864257810171694
732,866,134,0.134,0.015015938381664455
750,875,125,0.125,0.015233591978438198
724,862,138,0.138,0.015249122793320566
782,891,109,0.109,0.015842229509726167
728,864,136,0.136,0.01579346307553351
706,853,147,0.147,0.01634390686126426
768,884,116,0.116,0.016260355960577726
780,890,110,0.11,0.016901088220067324
770,885,115,0.115,0.016400163401849566
744,872,128,0.128,0.016707226197700948
806,903,97,0.097,0.01630955167580396
726,863,137,0.137,0.0170349145969376
682,841,159,0.159,0.01697166249714792
776,888,112,0.112,0.017211987012065947
744,872,128,0.128,0.017340982762165367
752,876,124,0.124,0.016815721908584238
726,863,137,0.137,0.016775997157208622
730,865,135,0.135,0.017206418165005743
792,896,104,0.104,0.01708479893486947
790,895,105,0.105,0.01711308916006237
768,884,116,0.116,0.017198253157548606
748,874,126,0.126,0.01694217842258513
734,867,133,0.133,0.016575386715121567
744,872,128,0.128,0.016405264710076153
794,897,103,0.103,0.01672784938942641
808,904,96,0.096,0.016207887580618262
786,893,107,0.107,0.01570151409553364
790,895,105,0.105,0.015289706933312119
762,881,119,0.119,0.01604806158086285
764,882,118,0.118,0.015526383465155958
808,904,96,0.096,0.015126881520263851
748,874,126,0.126,0.01494492296455428
780,890,110,0.11,0.014544304457493126
800,900,100,0.1,0.015138583207502962
748,874,126,0.126,0.015110810389742255
744,872,128,0.128,0.01491459032939747
750,875,125,0.125,0.014693922393023967
792,896,104,0.104,0.014597421043086797
788,894,106,0.106,0.014358954743016511
794,897,103,0.103,0.014661134948022663
832,916,84,0.084,0.014348626537248492
712,856,144,0.144,0.014997181627899408
738,869,131,0.131,0.014564807971473782
722,861,139,0.139,0.01475084637477994
778,889,111,0.111,0.014848976397886873
796,898,102,0.102,0.01477558818552643
750,875,125,0.125,0.015091752199921756
686,843,157,0.157,0.015188300971873105
722,861,139,0.139,0.014634346338454634
746,873,127,0.127,0.014659576583188028
806,903,97,0.097,0.014204357549082489
812,906,94,0.094,0.014547417977824807
728,864,136,0.136,0.014958217872306705
782,891,109,0.109,0.01522420481359586
740,870,130,0.13,0.015120932585559785
774,887,113,0.113,0.014980049734003843
828,914,86,0.086,0.014884607979096472
734,867,133,0.133,0.015155791757628321
758,879,121,0.121,0.014694110211450607
812,906,94,0.094,0.015156171235255898
738,869,131,0.131,0.01473387155123055
780,890,110,0.11,0.014892232879064977
728,864,136,0.136,0.01478026480320841
810,905,95,0.095,0.014763948907144367
636,818,182,0.182,0.015264892219565809
750,875,125,0.125,0.014971657703164965
786,893,107,0.107,0.014622104895766824
772,886,114,0.114,0.014562643361277878
824,912,88,0.088,0.014806612685322762
734,867,133,0.133,0.014605183282867074
756,878,122,0.122,0.014408131501171737
760,880,120,0.12,0.014914772242307663
760,880,120,0.12,0.014881365751847625
708,854,146,0.146,0.014869920960627496
774,887,113,0.113,0.014650379111990332
712,856,144,0.144,0.015220312421675772
772,886,114,0.114,0.014819596104323865
774,887,113,0.113,0.015206993011757732
750,875,125,0.125,0.01492413727613166
784,892,108,0.108,0.015584314026869833
688,844,156,0.156,0.015832648566924037
788,894,106,0.106,0.015365018922835589
764,882,118,0.118,0.015585445267148315
802,901,99,0.099,0.015424929075874389
746,873,127,0.127,0.015777511578518897
730,865,135,0.135,0.015221982539165764
780,890,110,0.11,0.015479111654218286
734,867,133,0.133,0.015868569104466587
778,889,111,0.111,0.015714187040925025
772,886,114,0.114,0.015356589819770306
748,874,126,0.126,0.01578905025869608
742,871,129,0.129,0.015581254230812192
722,861,139,0.139,0.01567755606211722
822,911,89,0.089,0.01530357997585088
766,883,117,0.117,0.015762106449343265
776,888,112,0.112,0.015638869179412724
774,887,113,0.113,0.015417482811026275
794,897,103,0.103,0.015126342480070889
806,903,97,0.097,0.014656281871721149
746,873,127,0.127,0.015365116825327277
694,847,153,0.153,0.015087306708097457
816,908,92,0.092,0.014251754568889738
790,895,105,0.105,0.014471569669432938
722,861,139,0.139,0.014408483873121441
736,868,132,0.132,0.014799801041837781
756,878,122,0.122,0.014661224721930922
790,895,105,0.105,0.01439504923671484
728,864,136,0.136,0.014882925225887448
772,886,114,0.114,0.014929767117835582
758,879,121,0.121,0.01478780669439584
766,883,117,0.117,0.01443229592870921
744,872,128,0.128,0.014566413198597729
846,923,77,0.077,0.014588551866821944
752,876,124,0.124,0.014602995447348803
792,896,104,0.104,0.014939484240487218
738,869,131,0.131,0.014569522831588983
812,906,94,0.094,0.013971181694418192
780,890,110,0.11,0.014240501978900283
758,879,121,0.121,0.014043016278184951
788,894,106,0.106,0.01408127861469984
720,860,140,0.14,0.01450642386963591
748,874,126,0.126,0.014794096098747104
808,904,96,0.096,0.014721407258883119
750,875,125,0.125,0.014845431396737694
808,904,96,0.096,0.014449440653435886
770,885,115,0.115,0.01480978816235438
818,909,91,0.091,0.01380375059787184
820,910,90,0.09,0.013942062083631754
786,893,107,0.107,0.013952172354329377
812,906,94,0.094,0.013820215898565948
742,871,129,0.129,0.014261368470266461
794,897,103,0.103,0.01368991281464696
766,883,117,0.117,0.013285179613623768
762,881,119,0.119,0.013911297319456934
834,917,83,0.083,0.01340912145934999
712,856,144,0.144,0.013506479281466454
786,893,107,0.107,0.013564611779525877
802,901,99,0.099,0.013503401782829315
734,867,133,0.133,0.013713580849114806
750,875,125,0.125,0.013997598451096565
744,872,128,0.128,0.014130634542554617
778,889,111,0.111,0.013676232018508016
754,877,123,0.123,0.014492941554170103
802,901,99,0.099,0.014443739244248717
764,882,118,0.118,0.014071842738427221
796,898,102,0.102,0.014404010886792093
808,904,96,0.096,0.01419090561242774
718,859,141,0.141,0.014284697235096245
774,887,113,0.113,0.01381868526339531
758,879,121,0.121,0.013892073376104236
798,899,101,0.101,0.01347122066700831
798,899,101,0.101,0.01394130973611027
734,867,133,0.133,0.014048631655983627
758,879,121,0.121,0.014228730594739319
770,885,115,0.115,0.01392677067918703
772,886,114,0.114,0.013926038430072367
766,883,117,0.117,0.014036191523075104
782,891,109,0.109,0.01416918337577954
768,884,116,0.116,0.014119023963343353
748,874,126,0.126,0.014653094661422074
738,869,131,0.131,0.014699847813695668
814,907,93,0.093,0.014640843311790377
698,849,151,0.151,0.01538223875546828
754,877,123,0.123,0.01542051956197247
790,895,105,0.105,0.014999054690822959
744,872,128,0.128,0.015429013270884752
820,910,90,0.09,0.015046418869867921
764,882,118,0.118,0.015212739700917155
732,866,134,0.134,0.015290251751895995
834,917,83,0.083,0.01521667006239295
796,898,102,0.102,0.015261331314221024
772,886,114,0.114,0.015353674506768585
750,875,125,0.125,0.014751954440958798
740,870,130,0.13,0.014323855201713741
776,888,112,0.112,0.014393645379692316
794,897,103,0.103,0.014203545286785812
748,874,126,0.126,0.014506000873632728
720,860,140,0.14,0.014666146190371364
790,895,105,0.105,0.014478006480261683
700,850,150,0.15,0.014753412801772356
790,895,105,0.105,0.014628801698796452
824,912,88,0.088,0.014764651675242931
760,880,120,0.12,0.014692979789339006
724,862,138,0.138,0.01482865328527987
744,872,128,0.128,0.01453368830587715
798,899,101,0.101,0.014752262372523545
714,857,143,0.143,0.01436550019076094
754,877,123,0.123,0.014587119611911475
800,900,100,0.1,0.014247512810397893
732,866,134,0.134,0.014360581254120916
670,835,165,0.165,0.015141216971445829
724,862,138,0.138,0.015132790406234562
770,885,115,0.115,0.014663437138311565
812,906,94,0.094,0.015447628775145859
784,892,108,0.108,0.015618563659489154
748,874,126,0.126,0.01565156225953251
726,863,137,0.137,0.015485490148887037
812,906,94,0.094,0.015473896285984666
802,901,99,0.099,0.01481993194296956
784,892,108,0.108,0.01520541023556143
790,895,105,0.105,0.014687028173822909
784,892,108,0.108,0.014663838916923851
802,901,99,0.099,0.014408860456198453
744,872,128,0.128,0.014399004265200346
760,880,120,0.12,0.013759801323525608
730,865,135,0.135,0.01412005870603025
822,911,89,0.089,0.013742930972017347
766,883,117,0.117,0.013765886396635323
806,903,97,0.097,0.013474051322322338
786,893,107,0.107,0.013426406711805611
726,863,137,0.137,0.013332424924243242
806,903,97,0.097,0.013352801841218025
810,905,95,0.095,0.013178548784460873
764,882,118,0.118,0.013305430094245821
764,882,118,0.118,0.013113533400464804
730,865,135,0.135,0.013752257961314171
750,875,125,0.125,0.013556670210789889
812,906,94,0.094,0.013284429944120348
776,888,112,0.112,0.013363063290249557
730,865,135,0.135,0.013503361552488059
680,840,160,0.16,0.01380770897306502
762,881,119,0.119,0.013760940888896584
772,886,114,0.114,0.01439133932767436
740,870,130,0.13,0.014585002078674733
696,848,152,0.152,0.014701690593734383
766,883,117,0.117,0.014736101511400193
760,880,120,0.12,0.015649166529066862
800,900,100,0.1,0.015728849137201906
778,889,111,0.111,0.015527278592810034
792,896,104,0.104,0.015131894377525896
756,878,122,0.122,0.015625858599785717
834,917,83,0.083,0.01482512957137078
824,912,88,0.088,0.014903692281339318
798,899,101,0.101,0.014872699458617716
764,882,118,0.118,0.014367624969687312
740,870,130,0.13,0.014547191822435707
714,857,143,0.143,0.014586309772916138
736,868,132,0.132,0.014278518848121166
798,899,101,0.101,0.014169750499073416
776,888,112,0.112,0.01440171601716429
706,853,147,0.147,0.014431607311125845
796,898,102,0.102,0.014301948258653283
744,872,128,0.128,0.014235187360551209
734,867,133,0.133,0.015165920987725259
796,898,102,0.102,0.01494209960475564
794,897,103,0.103,0.015035048780031502
792,896,104,0.104,0.014795248463749886
758,879,121,0.121,0.015049655566457659
778,889,111,0.111,0.01504353787470609
780,890,110,0.11,0.015149244971573352
808,904,96,0.096,0.014430685663595795
748,874,126,0.126,0.014570744941942394
818,909,91,0.091,0.014932474190369248
732,866,134,0.134,0.015144064200576395
710,855,145,0.145,0.01512633091537282
676,838,162,0.162,0.015017246791161596
750,875,125,0.125,0.015175089171156288
782,891,109,0.109,0.015338390372693538
720,860,140,0.14,0.015394842667505146
822,911,89,0.089,0.015458749861456454
726,863,137,0.137,0.0154652762520127
756,878,122,0.122,0.01505533777596429
810,905,95,0.095,0.01517436015792191
746,873,127,0.127,0.014683634801767766
732,866,134,0.134,0.01529642510227859
758,879,121,0.121,0.01491547714965418
804,902,98,0.098,0.015314903482794762
784,892,108,0.108,0.015080961466766895
766,883,117,0.117,0.014661634276621044
780,890,110,0.11,0.014590690366923809
838,919,81,0.081,0.015024497852660716
806,903,97,0.097,0.01394231191650033
776,888,112,0.112,0.014144284385256469
778,889,111,0.111,0.014452840336598455
704,852,148,0.148,0.014113728486001492
788,894,106,0.106,0.013790286644361913
776,888,112,0.112,0.014050505729857832
790,895,105,0.105,0.01373493872815743
772,886,114,0.114,0.014186974668409675
792,896,104,0.104,0.01382454500067979
752,876,124,0.124,0.014063758604228496
734,867,133,0.133,0.014073824168648571
754,877,123,0.123,0.014111084236297757
736,868,132,0.132,0.014211306862998754
782,891,109,0.109,0.01451230828743428
766,883,117,0.117,0.014173971694894136
790,895,105,0.105,0.01376343898754567
768,884,116,0.116,0.014657764304429293
776,888,112,0.112,0.014578892690129578
762,881,119,0.119,0.014773276249878108
690,845,155,0.155,0.014860732627101242
760,880,120,0.12,0.014726717195473612
750,875,125,0.125,0.014992471071891486
698,849,151,0.151,0.015590946168638766
754,877,123,0.123,0.015023134496062993
768,884,116,0.116,0.015878304914571345
742,871,129,0.129,0.015634013338014483
740,870,130,0.13,0.01606421070219949
722,861,139,0.139,0.015808735452592374
738,869,131,0.131,0.01623267257027328
754,877,123,0.123,0.016983977559022607
786,893,107,0.107,0.017233491927385332
790,895,105,0.105,0.017307449757121503
774,887,113,0.113,0.01725552770588547
828,914,86,0.086,0.016720746280625462
764,882,118,0.118,0.016691780608613045
784,892,108,0.108,0.016773084875196218
760,880,120,0.12,0.016644832576625048
730,865,135,0.135,0.01579135977802798
754,877,123,0.123,0.01598972021555528
802,901,99,0.099,0.0156333027202636
772,886,114,0.114,0.015250120020471514
738,869,131,0.131,0.015277075087651611
806,903,97,0.097,0.015043140229769051
808,904,96,0.096,0.014619295816868544
776,888,112,0.112,0.014639293655287475
724,862,138,0.138,0.014678746461868286
740,870,130,0.13,0.01470659132534638
764,882,118,0.118,0.014510759712662549
740,870,130,0.13,0.014647934700362384
746,873,127,0.127,0.014331449439749122
804,902,98,0.098,0.014483241965994239
796,898,102,0.102,0.014486054179258644
776,888,112,0.112,0.015041365978308022
780,890,110,0.11,0.014530875775497406
730,865,135,0.135,0.015634139927104114
784,892,108,0.108,0.015421472723595798
794,897,103,0.103,0.015568808313459158
784,892,108,0.108,0.015441393355838955
818,909,91,0.091,0.015139625260606408
788,894,106,0.106,0.015497910786420106
718,859,141,0.141,0.015461674194782973
790,895,105,0.105,0.015209336880594492
746,873,127,0.127,0.015341059582307935
776,888,112,0.112,0.015444272393360735
808,904,96,0.096,0.01566078212019056
674,837,163,0.163,0.015319194798357784
758,879,121,0.121,0.015422834469936787
780,890,110,0.11,0.015975096001289785
782,891,109,0.109,0.015496415597386659
770,885,115,0.115,0.015386442124377937
790,895,105,0.105,0.015444046466611325
752,876,124,0.124,0.015865973037667572
798,899,101,0.101,0.015362071715295314
790,895,105,0.105,0.015621775530278683
778,889,111,0.111,0.015355324336793274
742,871,129,0.129,0.01550454797456041
764,882,118,0.118,0.015166266969405115
790,895,105,0.105,0.015457368358038365
760,880,120,0.12,0.015296509835869073
784,892,108,0.108,0.014760909203439952
736,868,132,0.132,0.015307830873876811
742,871,129,0.129,0.015089885749388486
730,865,135,0.135,0.015089089056942612
750,875,125,0.125,0.015480178771540523
758,879,121,0.121,0.015280596988508479
798,899,101,0.101,0.014881872172467411
752,876,124,0.124,0.015426222085021436
796,898,102,0.102,0.01501972980517894
800,900,100,0.1,0.015099102706182747
788,894,106,0.106,0.015415283542126417
726,863,137,0.137,0.015413127856329083
698,849,151,0.151,0.015094398212619126
760,880,120,0.12,0.015261904551647604
786,893,107,0.107,0.01501053033163771
710,855,145,0.145,0.01561770709976554
774,887,113,0.113,0.01598397880420089
750,875,125,0.125,0.015572560293134302
748,874,126,0.126,0.016132971692830324
736,868,132,0.132,0.016442465651780366
784,892,108,0.108,0.016543446087278427
782,891,109,0.109,0.01715377675322816
714,857,143,0.143,0.01654802442807704
766,883,117,0.117,0.016142336091026662
698,849,151,0.151,0.017353011067956687
790,895,105,0.105,0.016554495939519256
766,883,117,0.117,0.016618095569312572
818,909,91,0.091,0.01641890311613679
808,904,96,0.096,0.016664853737689556
746,873,127,0.127,0.016439193870872258
776,888,112,0.112,0.016480551277287304
772,886,114,0.114,0.016104658784810454
758,879,121,0.121,0.0163621297609061
766,883,117,0.117,0.016010170807130634
738,869,131,0.131,0.015684763985220344
798,899,101,0.101,0.015924009191803635
788,894,106,0.106,0.015521375056821853
776,888,112,0.112,0.015390218415297568
786,893,107,0.107,0.014769409185741097
804,902,98,0.098,0.01486227933038026
720,860,140,0.14,0.014842225928325205
762,881,119,0.119,0.01453210012242198
770,885,115,0.115,0.014659484407864512
720,860,140,0.14,0.014728213808033616
748,874,126,0.126,0.014391579972114415
702,851,149,0.149,0.015287338484544307
758,879,121,0.121,0.014856268816627561
746,873,127,0.127,0.014877862534020096
812,906,94,0.094,0.014793299200478942
726,863,137,0.137,0.015054500693455338
826,913,87,0.087,0.014931309124920517
752,876,124,0.124,0.015645328314043583
766,883,117,0.117,0.015493830020539463
722,861,139,0.139,0.015681223127059638
778,889,111,0.111,0.015238248235546053
756,878,122,0.122,0.015486561328172683
726,863,137,0.137,0.0157044147439301
788,894,106,0.106,0.01534505240758881
770,885,115,0.115,0.015903144336305557
788,894,106,0.106,0.015421705883461981
794,897,103,0.103,0.015869750076904894
776,888,112,0.112,0.015212895122822374
776,888,112,0.112,0.015328753088600934
778,889,111,0.111,0.015330470164306461
820,910,90,0.09,0.015185260077938438
818,909,91,0.091,0.014707135094795376
820,910,90,0.09,0.014353250819258392
748,874,126,0.126,0.014645650092512369
760,880,120,0.12,0.014704506678972393
770,885,115,0.115,0.013938411886803805
770,885,115,0.115,0.013981315431650728
740,870,130,0.13,0.01439106657123193
836,918,82,0.082,0.013873315500561149
778,889,111,0.111,0.014120588175021112
726,863,137,0.137,0.013880436678417027
762,881,119,0.119,0.013858881273306907
696,848,152,0.152,0.014067571799270808
794,897,103,0.103,0.014313510967418551
732,866,134,0.134,0.014154206302482635
760,880,120,0.12,0.014377145928330719
804,902,98,0.098,0.01435715705808252
758,879,121,0.121,0.014861112351994962
712,856,144,0.144,0.014725381604861467
716,858,142,0.142,0.014874182703904807
726,863,137,0.137,0.014883338475599885
830,915,85,0.085,0.014943823692388832
814,907,93,0.093,0.014707319620065391
732,866,134,0.134,0.015387363964226098
782,891,109,0.109,0.014942334073130042
712,856,144,0.144,0.01512963630631566
754,877,123,0.123,0.015412779174745083
818,909,91,0.091,0.015249554851092398
730,865,135,0.135,0.015300783910788596
708,854,146,0.146,0.015407874254975468
810,905,95,0.095,0.015872451280243696
782,891,109,0.109,0.015373386016115546
742,871,129,0.129,0.015793773418292405
748,874,126,0.126,0.015565752421040089
770,885,115,0.115,0.014881623588036746
724,862,138,0.138,0.015145757901947946
756,878,122,0.122,0.014908863705582916
726,863,137,0.137,0.014912226720713078
764,882,118,0.118,0.014800814292393626
704,852,148,0.148,0.015084891311824321
770,885,115,0.115,0.015233768842183054
810,905,95,0.095,0.014690491795539856
798,899,101,0.101,0.014969550106674433
800,900,100,0.1,0.01507006956031546
754,877,123,0.123,0.01505100018857047
806,903,97,0.097,0.01453930895915255
740,870,130,0.13,0.015002291969954968
806,903,97,0.097,0.01473411723645404
788,894,106,0.106,0.014551903502084315
768,884,116,0.116,0.014519427459686995
738,869,131,0.131,0.014652608170174062
762,881,119,0.119,0.014241785047575832
822,911,89,0.089,0.014396191840991378
762,881,119,0.119,0.014462515080347658
758,879,121,0.121,0.014871216201223433
748,874,126,0.126,0.014658384044654667
764,882,118,0.118,0.014481679730117322
756,878,122,0.122,0.014246676665265114
710,855,145,0.145,0.015006045649759471
726,863,137,0.137,0.015229537063278257
806,903,97,0.097,0.015283652344718575
760,880,120,0.12,0.015178475846536458
774,887,113,0.113,0.015592945523560046
766,883,117,0.117,0.015379139785654843
820,910,90,0.09,0.015299567447043956
746,873,127,0.127,0.01517013941379264
778,889,111,0.111,0.01527361478144303
744,872,128,0.128,0.015481301119551063
762,881,119,0.119,0.015507547090761364
764,882,118,0.118,0.015157121868804097
790,895,105,0.105,0.01552511566132307
756,878,122,0.122,0.01527587142912671
776,888,112,0.112,0.015600255751051008
778,889,111,0.111,0.01566246515978128
740,870,130,0.13,0.015134564273525029
736,868,132,0.132,0.015298319570720196
744,872,128,0.128,0.015446250326931477
786,893,107,0.107,0.015102617523167283
790,895,105,0.105,0.015453984557185323
772,886,114,0.114,0.015425839832983911
784,892,108,0.108,0.015279279872775078
730,865,135,0.135,0.015430198015179485
768,884,116,0.116,0.015259612831287087
750,875,125,0.125,0.015007842229679227
770,885,115,0.115,0.01566880449466407
730,865,135,0.135,0.015406380342319607
774,887,113,0.113,0.015499530429486185
728,864,136,0.136,0.015633179378695787
784,892,108,0.108,0.01583341508731246
780,890,110,0.11,0.015478044629096984
716,858,142,0.142,0.01596592659316957
728,864,136,0.136,0.015505703166127205
746,873,127,0.127,0.015312511533964426
790,895,105,0.105,0.01581262141466141
788,894,106,0.106,0.015477591117378325
786,893,107,0.107,0.01593993288092315
752,876,124,0.124,0.015930072489660232
794,897,103,0.103,0.01522511920472607
774,887,113,0.113,0.01580046211462468
784,892,108,0.108,0.015512456585653126
766,883,117,0.117,0.01553269072715193
764,882,118,0.118,0.01590014381799847
754,877,123,0.123,0.01560796733573079
770,885,115,0.115,0.01543369492329657
746,873,127,0.127,0.015445567801594734
762,881,119,0.119,0.01519599939789623
756,878,122,0.122,0.015780317573808135
732,866,134,0.134,0.015518438803963364
806,903,97,0.097,0.014983405171427875
782,891,109,0.109,0.015149427099153399
782,891,109,0.109,0.015321797446813435
744,872,128,0.128,0.015188104848843068
736,868,132,0.132,0.015236571143381297
790,895,105,0.105,0.014971992013044656
720,860,140,0.14,0.01546365044079721
764,882,118,0.118,0.015283091930672526
812,906,94,0.094,0.015059550053440035
762,881,119,0.119,0.015124500411096961
782,891,109,0.109,0.015065367443487049
720,860,140,0.14,0.015051948846317827
756,878,122,0.122,0.015115755866747349
766,883,117,0.117,0.014891936695203185
792,896,104,0.104,0.014834488838911057
752,876,124,0.124,0.014412564199417829
770,885,115,0.115,0.014988048715982586
790,895,105,0.105,0.014967513428535313
748,874,126,0.126,0.014831806413829326
768,884,116,0.116,0.014835483537521213
688,844,156,0.156,0.014926635841839016
768,884,116,0.116,0.014915253330022096
764,882,118,0.118,0.014823289714287967
782,891,109,0.109,0.015227923089172691
776,888,112,0.112,0.014675843454897404
720,860,140,0.14,0.01561761595774442
772,886,114,0.114,0.015452518407721072
708,854,146,0.146,0.01593023219425231
784,892,108,0.108,0.01528233801946044
780,890,110,0.11,0.015320138716138899
776,888,112,0.112,0.015449110496789218
770,885,115,0.115,0.015966962781269103
754,877,123,0.123,0.016108410621993245
736,868,132,0.132,0.01576753849256784
766,883,117,0.117,0.015658812147565187
762,881,119,0.119,0.015492363173048944
772,886,114,0.114,0.01576080326642841
752,876,124,0.124,0.016296242476440966
744,872,128,0.128,0.015714257689192893
810,905,95,0.095,0.015456514678895474
750,875,125,0.125,0.016128700779750944
780,890,110,0.11,0.015549879357218742
776,888,112,0.112,0.015948317889124156
746,873,127,0.127,0.015103561186231672
722,861,139,0.139,0.015249827843159437
832,916,84,0.084,0.014371015774086117
728,864,136,0.136,0.014578722041565925
776,888,112,0.112,0.014535669379401952
732,866,134,0.134,0.01517338188039139
750,875,125,0.125,0.014561311328783631
720,860,140,0.14,0.01490473456075415
782,891,109,0.109,0.015143688045907766
802,901,99,0.099,0.015044640454929321
738,869,131,0.131,0.015229825937654822
788,894,106,0.106,0.015029232510365545
798,899,101,0.101,0.015306362829171121
768,884,116,0.116,0.015801036674994974
716,858,142,0.142,0.015893903497606516
750,875,125,0.125,0.015508365258574486
800,900,100,0.1,0.01574312731716782
706,853,147,0.147,0.01602192535623908
802,901,99,0.099,0.015730417147278786
788,894,106,0.106,0.016341210326179863
810,905,95,0.095,0.014857028413098305
788,894,106,0.106,0.014932485441211611
774,887,113,0.113,0.015364530516788363
776,888,112,0.112,0.015374490033369511
778,889,111,0.111,0.01444895180175081
800,900,100,0.1,0.014616991912014782
792,896,104,0.104,0.015284250803291797
740,870,130,0.13,0.015169609791599214
732,866,134,0.134,0.01456575822783634
802,901,99,0.099,0.014110278651118278
746,873,127,0.127,0.014263911306858062
852,926,74,0.074,0.013973277291748673
804,902,98,0.098,0.014156905693467706
780,890,110,0.11,0.013856941398698837
702,851,149,0.149,0.014300978695973753
756,878,122,0.122,0.014344982799142598
800,900,100,0.1,0.014225489461794496
780,890,110,0.11,0.014443207790609449
762,881,119,0.119,0.014336367785464972
752,876,124,0.124,0.014942787122912705
710,855,145,0.145,0.01466809559892863
778,889,111,0.111,0.014697188083082437
796,898,102,0.102,0.014107906468678266
800,900,100,0.1,0.014428516280371695
742,871,129,0.129,0.014528899767436087
768,884,116,0.116,0.01469148393906653
782,891,109,0.109,0.01496177168469876
750,875,125,0.125,0.014617753244470805
790,895,105,0.105,0.014975026313681155
776,888,112,0.112,0.01474172892048955
