log_avg_ept_score,log_avg_succ_req,log_avg_blk_req,log_avg_BP_req,log_avg_entropy
60,530,470,0.47,2.30163597202301
36,518,482,0.482,2.301651050567627
30,515,485,0.485,2.3016483044624327
118,559,441,0.441,2.301640946626663
-22,489,511,0.511,2.301645070552826
40,520,480,0.48,2.3016411032676696
44,522,478,0.478,2.3016303803920746
144,572,428,0.428,2.301624467134476
50,525,475,0.475,2.301645837545395
124,562,438,0.438,2.3016305627822877
96,548,452,0.452,2.301638250350952
48,524,476,0.476,2.3016403741836546
102,551,449,0.449,2.3016286323070525
74,537,463,0.463,2.301635593891144
78,539,461,0.461,2.3016328353881836
74,537,463,0.463,2.3016242640018465
16,508,492,0.492,2.301642240047455
42,521,479,0.479,2.3016373641490935
54,527,473,0.473,2.3016283686161043
28,514,486,0.486,2.3016313972473146
80,540,460,0.46,2.3016276388168335
4,502,498,0.498,2.301628310918808
26,513,487,0.487,2.3016232764720916
92,546,454,0.454,2.3016218962669375
104,552,448,0.448,2.301616169452667
78,539,461,0.461,2.3016059169769285
20,510,490,0.49,2.301609388589859
44,522,478,0.478,2.301614073753357
102,551,449,0.449,2.301616720199585
8,504,496,0.496,2.3016159241199494
34,517,483,0.483,2.301619641304016
50,525,475,0.475,2.3016121480464937
68,534,466,0.466,2.3016121377944945
30,515,485,0.485,2.3016027204990386
84,542,458,0.458,2.3016001513004305
110,555,445,0.445,2.3016007652282715
44,522,478,0.478,2.301597586631775
42,521,479,0.479,2.3016113004684446
60,530,470,0.47,2.301584790468216
-10,495,505,0.505,2.30159353351593
50,525,475,0.475,2.3015812306404113
66,533,467,0.467,2.301587939977646
56,528,472,0.472,2.3015782096385955
36,518,482,0.482,2.301580432891846
10,505,495,0.495,2.301570367574692
28,514,486,0.486,2.301577687740326
10,505,495,0.495,2.301570721387863
-12,494,506,0.506,2.3015866112709045
28,514,486,0.486,2.3015672497749327
70,535,465,0.465,2.3015508017539976
52,526,474,0.474,2.3015645751953127
30,515,485,0.485,2.3015614693164825
30,515,485,0.485,2.3015545012950898
68,534,466,0.466,2.3015398755073546
16,508,492,0.492,2.3015415802001953
68,534,466,0.466,2.301545522212982
86,543,457,0.457,2.301536951780319
44,522,478,0.478,2.3015422716140748
56,528,472,0.472,2.301544350862503
48,524,476,0.476,2.301532653093338
88,544,456,0.456,2.3015326929092406
20,510,490,0.49,2.301540291070938
8,504,496,0.496,2.301532189130783
106,553,447,0.447,2.3015265283584596
26,513,487,0.487,2.301524624586105
98,549,451,0.451,2.301509488105774
0,500,500,0.5,2.3015429701805115
34,517,483,0.483,2.30151935338974
42,521,479,0.479,2.3015088691711427
60,530,470,0.47,2.301506898880005
60,530,470,0.47,2.3015135934352875
76,538,462,0.462,2.3014936220645903
56,528,472,0.472,2.301502542972565
46,523,477,0.477,2.301495521068573
102,551,449,0.449,2.301485510110855
60,530,470,0.47,2.3014914000034334
24,512,488,0.488,2.3014914782047273
68,534,466,0.466,2.301476432085037
70,535,465,0.465,2.301481317281723
72,536,464,0.464,2.3014786877632143
-50,475,525,0.525,2.3014809715747835
62,531,469,0.469,2.3014752299785615
90,545,455,0.455,2.301463254213333
82,541,459,0.459,2.3014652576446535
120,560,440,0.44,2.3014640827178954
92,546,454,0.454,2.3014633288383486
74,537,463,0.463,2.3014563081264496
60,530,470,0.47,2.301466692686081
74,537,463,0.463,2.3014412417411805
34,517,483,0.483,2.3014502062797546
74,537,463,0.463,2.3014410450458525
76,538,462,0.462,2.3014460411071775
18,509,491,0.491,2.3014506919384004
64,532,468,0.468,2.3014271268844606
92,546,454,0.454,2.3014501111507415
-30,485,515,0.515,2.301441439151764
62,531,469,0.469,2.301436144351959
58,529,471,0.471,2.3014220585823058
84,542,458,0.458,2.3014268724918368
76,538,462,0.462,2.3014206204414367
46,523,477,0.477,2.301409836769104
44,522,478,0.478,2.301398210525513
58,529,471,0.471,2.3014105768203734
92,546,454,0.454,2.3013924350738524
80,540,460,0.46,2.301401272058487
96,548,452,0.452,2.301383586168289
66,533,467,0.467,2.3013864846229555
90,545,455,0.455,2.3013746354579925
64,532,468,0.468,2.3014035325050353
24,512,488,0.488,2.3013813273906707
-22,489,511,0.511,2.301399191617966
52,526,474,0.474,2.3013724138736724
112,556,444,0.444,2.3013737227916717
108,554,446,0.446,2.301366606473923
66,533,467,0.467,2.30135809469223
92,546,454,0.454,2.3013664667606353
70,535,465,0.465,2.301359802007675
46,523,477,0.477,2.301348776817322
88,544,456,0.456,2.301360183238983
48,524,476,0.476,2.3013393852710724
90,545,455,0.455,2.301323623895645
56,528,472,0.472,2.301340465545654
76,538,462,0.462,2.301325640439987
32,516,484,0.484,2.3013274538517
84,542,458,0.458,2.3013100121021273
76,538,462,0.462,2.301314717054367
104,552,448,0.448,2.3013082020282747
92,546,454,0.454,2.301284592151642
8,504,496,0.496,2.3012798218727113
50,525,475,0.475,2.3012892892360686
4,502,498,0.498,2.301283782720566
-2,499,501,0.501,2.3012842679023744
106,553,447,0.447,2.301275603055954
10,505,495,0.495,2.3012608571052553
52,526,474,0.474,2.3012644159793854
66,533,467,0.467,2.3012364785671235
48,524,476,0.476,2.301241405725479
-4,498,502,0.502,2.30124498796463
56,528,472,0.472,2.3012608032226565
26,513,487,0.487,2.3012288327217103
86,543,457,0.457,2.3012262506484986
74,537,463,0.463,2.3012256042957304
54,527,473,0.473,2.3012136352062225
98,549,451,0.451,2.3012027637958528
118,559,441,0.441,2.301213287353516
58,529,471,0.471,2.3012104315757753
6,503,497,0.497,2.301212228059769
86,543,457,0.457,2.301203759431839
2,501,499,0.499,2.3011973707675932
46,523,477,0.477,2.30118062543869
70,535,465,0.465,2.3011645584106444
76,538,462,0.462,2.3011566083431245
110,555,445,0.445,2.301144382238388
92,546,454,0.454,2.3011443095207214
108,554,446,0.446,2.3011465723514557
102,551,449,0.449,2.30113223028183
-16,492,508,0.508,2.301161182165146
12,506,494,0.494,2.301139387845993
48,524,476,0.476,2.3011137976646423
60,530,470,0.47,2.3011206564903257
90,545,455,0.455,2.3011089160442353
84,542,458,0.458,2.301109259366989
16,508,492,0.492,2.3010752973556516
92,546,454,0.454,2.3010921022892
84,542,458,0.458,2.3010811383724215
66,533,467,0.467,2.3010710580348968
62,531,469,0.469,2.3010641825199127
28,514,486,0.486,2.3010516271591186
94,547,453,0.453,2.301083306312561
78,539,461,0.461,2.301069097518921
66,533,467,0.467,2.3010499069690704
102,551,449,0.449,2.3010322384834287
70,535,465,0.465,2.301044788599014
108,554,446,0.446,2.301033209323883
78,539,461,0.461,2.301046243429184
118,559,441,0.441,2.3010009424686433
106,553,447,0.447,2.3010174300670623
-4,498,502,0.502,2.3009832322597505
60,530,470,0.47,2.300987102985382
82,541,459,0.459,2.3009672887325285
10,505,495,0.495,2.3009501016139984
88,544,456,0.456,2.3009706377983092
14,507,493,0.493,2.3009396653175354
48,524,476,0.476,2.300941828250885
58,529,471,0.471,2.3009321858882905
46,523,477,0.477,2.3009130187034605
64,532,468,0.468,2.3009332485198977
76,538,462,0.462,2.300920640707016
36,518,482,0.482,2.3008865621089933
74,537,463,0.463,2.3008849329948426
62,531,469,0.469,2.300885261297226
12,506,494,0.494,2.300903644323349
110,555,445,0.445,2.3009107377529143
-26,487,513,0.513,2.3008586411476135
104,552,448,0.448,2.3008695130348205
60,530,470,0.47,2.3008613669872284
4,502,498,0.498,2.300884584188461
54,527,473,0.473,2.3008395347595214
34,517,483,0.483,2.300825571298599
116,558,442,0.442,2.300806715488434
38,519,481,0.481,2.3008300185203554
116,558,442,0.442,2.300798444271088
58,529,471,0.471,2.3008040606975557
122,561,439,0.439,2.3007887568473815
48,524,476,0.476,2.3007754533290865
96,548,452,0.452,2.300729677438736
60,530,470,0.47,2.3007225470542907
90,545,455,0.455,2.3007247202396393
78,539,461,0.461,2.30072941160202
84,542,458,0.458,2.3007380628585814
40,520,480,0.48,2.3007012155056
46,523,477,0.477,2.3006825981140135
66,533,467,0.467,2.300679162979126
62,531,469,0.469,2.300695604324341
44,522,478,0.478,2.3006771211624146
52,526,474,0.474,2.3006477146148683
4,502,498,0.498,2.3006656205654146
24,512,488,0.488,2.300655117511749
56,528,472,0.472,2.3006387696266173
58,529,471,0.471,2.300626714706421
84,542,458,0.458,2.3006141612529754
126,563,437,0.437,2.300618477344513
74,537,463,0.463,2.3005927348136903
26,513,487,0.487,2.3006051313877105
52,526,474,0.474,2.300565229892731
56,528,472,0.472,2.300602281332016
126,563,437,0.437,2.3005563123226165
72,536,464,0.464,2.3005744683742524
118,559,441,0.441,2.300595297574997
82,541,459,0.459,2.300518820762634
92,546,454,0.454,2.300512470245361
42,521,479,0.479,2.300524072647095
38,519,481,0.481,2.3005174911022186
138,569,431,0.431,2.3004753448963164
-12,494,506,0.506,2.3004854476451873
86,543,457,0.457,2.3004949126243592
132,566,434,0.434,2.3004700281620027
10,505,495,0.495,2.3004753527641295
106,553,447,0.447,2.3004684269428255
80,540,460,0.46,2.3004523394107816
26,513,487,0.487,2.3004415564537046
88,544,456,0.456,2.300417316675186
54,527,473,0.473,2.3004014167785645
54,527,473,0.473,2.3004004864692686
12,506,494,0.494,2.3003755128383636
104,552,448,0.448,2.3004169659614564
42,521,479,0.479,2.3003989925384523
40,520,480,0.48,2.3003997502326965
114,557,443,0.443,2.300334300041199
100,550,450,0.45,2.300373437643051
120,560,440,0.44,2.300315586090088
110,555,445,0.445,2.3003051371574403
56,528,472,0.472,2.3003162200450897
60,530,470,0.47,2.30029252910614
32,516,484,0.484,2.3002243874073027
70,535,465,0.465,2.3002762689590455
66,533,467,0.467,2.300230227470398
66,533,467,0.467,2.3002635431289673
76,538,462,0.462,2.300199567079544
60,530,470,0.47,2.3001922562122346
48,524,476,0.476,2.300244901418686
20,510,490,0.49,2.3002104861736297
46,523,477,0.477,2.300163582086563
32,516,484,0.484,2.3001633358001707
74,537,463,0.463,2.3001577043533326
44,522,478,0.478,2.300107066631317
52,526,474,0.474,2.3001360261440276
64,532,468,0.468,2.3001344683170317
168,584,416,0.416,2.3001072583198545
124,562,438,0.438,2.3000330328941345
48,524,476,0.476,2.3000712661743163
120,560,440,0.44,2.300010636329651
68,534,466,0.466,2.3000407299995422
120,560,440,0.44,2.299902418136597
114,557,443,0.443,2.2998717753887177
74,537,463,0.463,2.2999490969181062
136,568,432,0.432,2.2999880962371826
20,510,490,0.49,2.299911693572998
60,530,470,0.47,2.2998522751331327
36,518,482,0.482,2.299928788900375
34,517,483,0.483,2.299867146253586
48,524,476,0.476,2.299818188428879
48,524,476,0.476,2.2998817062377928
76,538,462,0.462,2.2997764384746553
108,554,446,0.446,2.2998732013702394
92,546,454,0.454,2.299722680568695
12,506,494,0.494,2.2997181718349458
88,544,456,0.456,2.299771825313568
64,532,468,0.468,2.2997764406204224
122,561,439,0.439,2.2997113156318663
50,525,475,0.475,2.299661372423172
82,541,459,0.459,2.299608265161514
68,534,466,0.466,2.299660766839981
58,529,471,0.471,2.2996420841217042
124,562,438,0.438,2.2995441865921022
148,574,426,0.426,2.2995953984260558
38,519,481,0.481,2.29959655547142
28,514,486,0.486,2.2995308809280397
94,547,453,0.453,2.2995433111190797
28,514,486,0.486,2.299572854042053
84,542,458,0.458,2.2994433965682983
152,576,424,0.424,2.2994741611480713
80,540,460,0.46,2.2993752908706666
92,546,454,0.454,2.2994255867004396
78,539,461,0.461,2.2993106434345245
94,547,453,0.453,2.299353871583939
90,545,455,0.455,2.2992913827896118
102,551,449,0.449,2.2993480360507963
86,543,457,0.457,2.2993963234424593
114,557,443,0.443,2.299235954284668
90,545,455,0.455,2.2992553584575655
120,560,440,0.44,2.2992139790058137
56,528,472,0.472,2.299185699939728
74,537,463,0.463,2.299197337627411
26,513,487,0.487,2.2991725361347197
50,525,475,0.475,2.298973549604416
56,528,472,0.472,2.2990988574028015
94,547,453,0.453,2.2989251108169557
118,559,441,0.441,2.299069334983826
84,542,458,0.458,2.298965822458267
22,511,489,0.489,2.298833882331848
88,544,456,0.456,2.299063230752945
30,515,485,0.485,2.2988466951847077
66,533,467,0.467,2.298890780925751
136,568,432,0.432,2.2989238455295564
98,549,451,0.451,2.298802735328674
62,531,469,0.469,2.2987261686325073
94,547,453,0.453,2.2988139345645906
90,545,455,0.455,2.298730860710144
54,527,473,0.473,2.2987549450397493
90,545,455,0.455,2.2987429840564726
108,554,446,0.446,2.298637869119644
128,564,436,0.436,2.298695555448532
96,548,452,0.452,2.2986458995342254
124,562,438,0.438,2.2984263684749604
90,545,455,0.455,2.298604337692261
128,564,436,0.436,2.298471120595932
128,564,436,0.436,2.298421109676361
104,552,448,0.448,2.298376979827881
132,566,434,0.434,2.2984225690364837
72,536,464,0.464,2.298348056793213
98,549,451,0.451,2.298241309642792
66,533,467,0.467,2.2982782130241395
128,564,436,0.436,2.2983565299510955
48,524,476,0.476,2.2980873782634736
38,519,481,0.481,2.298041575670242
52,526,474,0.474,2.2982048759460447
128,564,436,0.436,2.2979553861618043
76,538,462,0.462,2.298061008691788
6,503,497,0.497,2.2980137779712675
80,540,460,0.46,2.297944024324417
52,526,474,0.474,2.2979383220672607
70,535,465,0.465,2.2979886136054994
86,543,457,0.457,2.2978430123329163
68,534,466,0.466,2.298001569271088
34,517,483,0.483,2.2978433079719545
100,550,450,0.45,2.29773864364624
64,532,468,0.468,2.2978963885307313
46,523,477,0.477,2.297787369966507
56,528,472,0.472,2.297768213748932
52,526,474,0.474,2.2974142866134644
96,548,452,0.452,2.297590296268463
80,540,460,0.46,2.297549329996109
30,515,485,0.485,2.297629138946533
106,553,447,0.447,2.2974352796077726
38,519,481,0.481,2.2973816547393797
134,567,433,0.433,2.297448618888855
124,562,438,0.438,2.2975224697589876
64,532,468,0.468,2.297263444185257
96,548,452,0.452,2.2971951746940613
60,530,470,0.47,2.297149594306946
60,530,470,0.47,2.297263190031052
54,527,473,0.473,2.297165918827057
138,569,431,0.431,2.2970703835487365
130,565,435,0.435,2.297137164354324
96,548,452,0.452,2.2969599742889404
84,542,458,0.458,2.296702891588211
78,539,461,0.461,2.296768101453781
74,537,463,0.463,2.2967891426086426
122,561,439,0.439,2.2967194068431853
96,548,452,0.452,2.2965552837848664
54,527,473,0.473,2.296505672931671
134,567,433,0.433,2.2967370631694792
74,537,463,0.463,2.296595057725906
108,554,446,0.446,2.2964021043777465
78,539,461,0.461,2.2963472242355345
100,550,450,0.45,2.2964939999580385
120,560,440,0.44,2.2962697508335115
110,555,445,0.445,2.296008234500885
72,536,464,0.464,2.2962593867778778
70,535,465,0.465,2.296210525035858
138,569,431,0.431,2.296176563024521
134,567,433,0.433,2.295713739156723
84,542,458,0.458,2.2958163287639617
52,526,474,0.474,2.2959162199497225
92,546,454,0.454,2.295973497867584
78,539,461,0.461,2.295810725688934
120,560,440,0.44,2.295641492128372
140,570,430,0.43,2.295767969608307
106,553,447,0.447,2.295672561883926
66,533,467,0.467,2.295331839323044
106,553,447,0.447,2.295228833436966
106,553,447,0.447,2.295409962892532
104,552,448,0.448,2.295325554847717
90,545,455,0.455,2.2951588134765624
116,558,442,0.442,2.295033523321152
88,544,456,0.456,2.2950890142917633
42,521,479,0.479,2.294862855195999
78,539,461,0.461,2.2947485852241516
74,537,463,0.463,2.29490922665596
22,511,489,0.489,2.2950511844158172
110,555,445,0.445,2.2949570517539977
152,576,424,0.424,2.2947018687725067
108,554,446,0.446,2.2945646784305573
90,545,455,0.455,2.2943000667095186
140,570,430,0.43,2.2944692604541777
90,545,455,0.455,2.294138990402222
152,576,424,0.424,2.2940911877155306
124,562,438,0.438,2.294064409017563
68,534,466,0.466,2.2942823667526246
88,544,456,0.456,2.293932689189911
108,554,446,0.446,2.293849941253662
78,539,461,0.461,2.2939009339809417
98,549,451,0.451,2.2939462919235227
16,508,492,0.492,2.293587636232376
134,567,433,0.433,2.293254271507263
188,594,406,0.406,2.293254272222519
84,542,458,0.458,2.2933899805545805
124,562,438,0.438,2.2929485366344453
98,549,451,0.451,2.2929234461784365
122,561,439,0.439,2.292952373504639
124,562,438,0.438,2.2930288298130037
64,532,468,0.468,2.2927885909080503
132,566,434,0.434,2.2924859228134156
80,540,460,0.46,2.2929273216724395
140,570,430,0.43,2.2925516569614413
70,535,465,0.465,2.2923921823501585
96,548,452,0.452,2.2921081449985503
34,517,483,0.483,2.292187229156494
110,555,445,0.445,2.2916791656017304
90,545,455,0.455,2.29202726149559
154,577,423,0.423,2.2915847070217135
106,553,447,0.447,2.2913411602973937
122,561,439,0.439,2.2917138776779176
92,546,454,0.454,2.2912026319503784
164,582,418,0.418,2.291192876338959
80,540,460,0.46,2.2913355419635772
164,582,418,0.418,2.291037311077118
144,572,428,0.428,2.291041180849075
78,539,461,0.461,2.290356978416443
164,582,418,0.418,2.2903478751182558
114,557,443,0.443,2.2907849135398863
76,538,462,0.462,2.2901138627529143
124,562,438,0.438,2.2896798512935637
88,544,456,0.456,2.289791918039322
132,566,434,0.434,2.2899027836322783
144,572,428,0.428,2.2897813589572906
158,579,421,0.421,2.2893291974067687
136,568,432,0.432,2.2889548041820524
100,550,450,0.45,2.2891708793640135
92,546,454,0.454,2.2895313494205474
128,564,436,0.436,2.2885186958312986
96,548,452,0.452,2.2887147879600525
120,560,440,0.44,2.288156856775284
68,534,466,0.466,2.2883341715335845
110,555,445,0.445,2.28869576215744
92,546,454,0.454,2.288381587982178
116,558,442,0.442,2.287823674917221
72,536,464,0.464,2.287952197551727
162,581,419,0.419,2.2876050684452056
138,569,431,0.431,2.2871712210178377
112,556,444,0.444,2.2872989490032194
98,549,451,0.451,2.2867954547405245
134,567,433,0.433,2.2868913011550904
126,563,437,0.437,2.286832340478897
118,559,441,0.441,2.2864966058731078
114,557,443,0.443,2.286881136894226
110,555,445,0.445,2.286052201747894
98,549,451,0.451,2.285814492702484
122,561,439,0.439,2.286036212205887
150,575,425,0.425,2.28571360373497
192,596,404,0.404,2.285284011363983
76,538,462,0.462,2.284738224744797
146,573,427,0.427,2.2842375173568725
126,563,437,0.437,2.285153463602066
122,561,439,0.439,2.2843590111732484
130,565,435,0.435,2.2840431385040283
168,584,416,0.416,2.2847726192474367
190,595,405,0.405,2.2838352024555206
132,566,434,0.434,2.2826854605674742
102,551,449,0.449,2.282278575658798
174,587,413,0.413,2.2828799531459807
114,557,443,0.443,2.2836766719818113
124,562,438,0.438,2.2823965196609497
100,550,450,0.45,2.2816037418842314
74,537,463,0.463,2.2815565288066866
130,565,435,0.435,2.2824053320884703
30,515,485,0.485,2.2812632579803465
180,590,410,0.41,2.281321684837341
152,576,424,0.424,2.2811033618450165
100,550,450,0.45,2.280602800369263
114,557,443,0.443,2.2813040971755982
112,556,444,0.444,2.2796195569038393
120,560,440,0.44,2.2788742377758027
128,564,436,0.436,2.2805978100299837
196,598,402,0.402,2.2790875737667085
160,580,420,0.42,2.2786829578876495
100,550,450,0.45,2.279110037565231
116,558,442,0.442,2.2782271370887757
158,579,421,0.421,2.278645451307297
112,556,444,0.444,2.2768189404010775
88,544,456,0.456,2.2773995687961577
76,538,462,0.462,2.2768291795253752
72,536,464,0.464,2.2762673108577727
100,550,450,0.45,2.275428283691406
180,590,410,0.41,2.2758059096336365
156,578,422,0.422,2.275786943435669
164,582,418,0.418,2.276483613491058
140,570,430,0.43,2.2749296622276307
208,604,396,0.396,2.2733059487342833
200,600,400,0.4,2.273688089132309
100,550,450,0.45,2.2737909014225006
128,564,436,0.436,2.273304395914078
136,568,432,0.432,2.2732168278694154
104,552,448,0.448,2.2728254923820495
104,552,448,0.448,2.2711661031246186
144,572,428,0.428,2.2709481818675994
124,562,438,0.438,2.2708613612651827
160,580,420,0.42,2.271364047765732
142,571,429,0.429,2.270302484512329
174,587,413,0.413,2.269138159036636
170,585,415,0.415,2.2682376117706298
128,564,436,0.436,2.269802797079086
126,563,437,0.437,2.267935751438141
162,581,419,0.419,2.2675111413002016
166,583,417,0.417,2.2675618779659272
128,564,436,0.436,2.2664754955768585
122,561,439,0.439,2.2661391047239303
114,557,443,0.443,2.2670942707061768
228,614,386,0.386,2.264783127069473
96,548,452,0.452,2.2639993946552277
196,598,402,0.402,2.2643406546115874
200,600,400,0.4,2.2626935231685636
208,604,396,0.396,2.263562980890274
262,631,369,0.369,2.263573219060898
146,573,427,0.427,2.26347690653801
144,572,428,0.428,2.26144699716568
174,587,413,0.413,2.2596008901596067
204,602,398,0.398,2.2604554302692415
138,569,431,0.431,2.26080978512764
170,585,415,0.415,2.25948929810524
174,587,413,0.413,2.257016090631485
196,598,402,0.402,2.2577079844474794
154,577,423,0.423,2.258723291158676
148,574,426,0.426,2.2550722159147263
238,619,381,0.381,2.2547005873918535
122,561,439,0.439,2.257526311159134
166,583,417,0.417,2.2560295276641846
142,571,429,0.429,2.2558725168704985
210,605,395,0.395,2.2525310114622115
150,575,425,0.425,2.250354118108749
206,603,397,0.397,2.2508677701950073
204,602,398,0.398,2.250335396528244
224,612,388,0.388,2.247714550733566
190,595,405,0.405,2.2495128784179688
220,610,390,0.39,2.249829566717148
166,583,417,0.417,2.2483576867580415
226,613,387,0.387,2.2475068359375
174,587,413,0.413,2.246326928138733
206,603,397,0.397,2.2441773636341096
140,570,430,0.43,2.243472036600113
206,603,397,0.397,2.240739027738571
118,559,441,0.441,2.243180415034294
220,610,390,0.39,2.240062898993492
182,591,409,0.409,2.239191071391106
144,572,428,0.428,2.2376722702980043
238,619,381,0.381,2.240675723671913
224,612,388,0.388,2.238515773653984
128,564,436,0.436,2.2380023164749145
182,591,409,0.409,2.235407613992691
112,556,444,0.444,2.2355916570425034
174,587,413,0.413,2.23412303853035
192,596,404,0.404,2.2314790425300597
212,606,394,0.394,2.230695477247238
164,582,418,0.418,2.2293031595945356
174,587,413,0.413,2.230002872467041
254,627,373,0.373,2.2298153985738756
226,613,387,0.387,2.2255924602746964
210,605,395,0.395,2.2252824565172196
188,594,406,0.406,2.2223979313373565
198,599,401,0.401,2.2233235448598863
184,592,408,0.408,2.2172063555717467
238,619,381,0.381,2.2204113036394117
194,597,403,0.403,2.2207296135425567
172,586,414,0.414,2.222292310118675
150,575,425,0.425,2.2126235011816027
276,638,362,0.362,2.2167173954248427
222,611,389,0.389,2.2157941155433654
236,618,382,0.382,2.2160094344615935
166,583,417,0.417,2.211436024427414
266,633,367,0.367,2.211103801727295
210,605,395,0.395,2.2122568265199662
180,590,410,0.41,2.2121295393705367
242,621,379,0.379,2.2072362941503525
202,601,399,0.399,2.2031360371112823
230,615,385,0.385,2.2050757105350494
210,605,395,0.395,2.199866732954979
178,589,411,0.411,2.200859462738037
168,584,416,0.416,2.1993302454948425
166,583,417,0.417,2.1922086453437806
234,617,383,0.383,2.1961706329584123
350,675,325,0.325,2.188423333764076
218,609,391,0.391,2.1940256230831148
258,629,371,0.371,2.187489013671875
260,630,370,0.37,2.183510934710503
286,643,357,0.357,2.183176915168762
208,604,396,0.396,2.185161021113396
152,576,424,0.424,2.1874057784080505
232,616,384,0.384,2.184330682516098
218,609,391,0.391,2.1793969943523406
308,654,346,0.346,2.1768870115280152
224,612,388,0.388,2.174943556189537
250,625,375,0.375,2.171480121254921
200,600,400,0.4,2.1705570784807207
262,631,369,0.369,2.169443891882896
292,646,354,0.354,2.164005401015282
252,626,374,0.374,2.17011993765831
246,623,377,0.377,2.157535791516304
342,671,329,0.329,2.1548559255599975
252,626,374,0.374,2.1632079783678053
308,654,346,0.346,2.1627296825647355
322,661,339,0.339,2.15644010412693
246,623,377,0.377,2.147287731170654
336,668,332,0.332,2.1446747698783875
260,630,370,0.37,2.143140968322754
286,643,357,0.357,2.142533129453659
256,628,372,0.372,2.1352055008411406
254,627,373,0.373,2.138737171649933
298,649,351,0.351,2.137862032055855
300,650,350,0.35,2.135025629758835
292,646,354,0.354,2.126258473277092
280,640,360,0.36,2.13262107360363
300,650,350,0.35,2.121793658852577
274,637,363,0.363,2.127367541074753
312,656,344,0.344,2.11271758544445
294,647,353,0.353,2.1156069108247757
350,675,325,0.325,2.114676836133003
398,699,301,0.301,2.1060935740470885
294,647,353,0.353,2.099965772986412
316,658,342,0.342,2.1057829049825667
282,641,359,0.359,2.0986354476213456
264,632,368,0.368,2.101533597588539
342,671,329,0.329,2.0918279192447664
286,643,357,0.357,2.0924049407243728
328,664,336,0.336,2.086936290860176
328,664,336,0.336,2.093857124686241
342,671,329,0.329,2.0743063291311263
340,670,330,0.33,2.0695084903240204
354,677,323,0.323,2.0779226336479186
352,676,324,0.324,2.0727559291124344
408,704,296,0.296,2.0524455244541167
358,679,321,0.321,2.053227924585342
360,680,320,0.32,2.051052026629448
284,642,358,0.358,2.0499662187099457
336,668,332,0.332,2.0449477498531343
398,699,301,0.301,2.0328855134248736
354,677,323,0.323,2.0395496681928633
374,687,313,0.313,2.0416676540374756
336,668,332,0.332,2.032915523767471
384,692,308,0.308,2.0250189131498337
276,638,362,0.362,2.024065676689148
358,679,321,0.321,2.0192145991325376
302,651,349,0.349,2.0162999378442765
336,668,332,0.332,2.009133232116699
352,676,324,0.324,2.009331988811493
330,665,335,0.335,2.0034141305685043
416,708,292,0.292,1.997408216714859
352,676,324,0.324,1.9958420983552934
396,698,302,0.302,1.987105855345726
448,724,276,0.276,1.9804365125894547
280,640,360,0.36,1.978150634407997
380,690,310,0.31,1.9829792098999024
424,712,288,0.288,1.9755423241257668
352,676,324,0.324,1.975617359638214
414,707,293,0.293,1.9496767123937606
386,693,307,0.307,1.965431103348732
344,672,328,0.328,1.951372841477394
410,705,295,0.295,1.941895531654358
394,697,303,0.303,1.9262774223089218
454,727,273,0.273,1.9304489600658417
436,718,282,0.282,1.9242818066477776
428,714,286,0.286,1.9178733594417572
364,682,318,0.318,1.9161529068946839
390,695,305,0.305,1.9152885097265244
402,701,299,0.299,1.9127866529226303
400,700,300,0.3,1.8911980489492417
496,748,252,0.252,1.8916877839565278
410,705,295,0.295,1.8911824884414672
440,720,280,0.28,1.8893435908555984
464,732,268,0.268,1.885964526295662
484,742,258,0.258,1.8593889569044113
488,744,256,0.256,1.8553788151741029
436,718,282,0.282,1.8658743976950645
510,755,245,0.245,1.8456851823329925
420,710,290,0.29,1.8439882307648658
508,754,246,0.246,1.807606335401535
480,740,260,0.26,1.8367321239709855
428,714,286,0.286,1.8325973345041275
444,722,278,0.278,1.831867702960968
476,738,262,0.262,1.8100676698088647
404,702,298,0.298,1.8151820330619812
504,752,248,0.248,1.8000793641805648
440,720,280,0.28,1.7894630974531174
508,754,246,0.246,1.7800707693099975
510,755,245,0.245,1.7689054917693139
436,718,282,0.282,1.7818916144967079
550,775,225,0.225,1.743042441904545
444,722,278,0.278,1.7733798682689668
484,742,258,0.258,1.7538267941474914
496,748,252,0.252,1.7519056718349457
542,771,229,0.229,1.751600061893463
508,754,246,0.246,1.7230442828536034
478,739,261,0.261,1.716219003379345
564,782,218,0.218,1.7120099385976792
454,727,273,0.273,1.723113918364048
514,757,243,0.243,1.7052901705503465
486,743,257,0.257,1.7141116767525673
548,774,226,0.226,1.6990584878325463
480,740,260,0.26,1.6960583010315895
472,736,264,0.264,1.6910411365032196
500,750,250,0.25,1.684127470970154
544,772,228,0.228,1.66801754373312
568,784,216,0.216,1.6427688987255096
568,784,216,0.216,1.6453302021622658
506,753,247,0.247,1.6529682118296622
458,729,271,0.271,1.6517583633065223
546,773,227,0.227,1.6398836353421211
530,765,235,0.235,1.6188834146261215
578,789,211,0.211,1.603239854514599
554,777,223,0.223,1.6222792907357215
532,766,234,0.234,1.5957874407172203
552,776,224,0.224,1.5898129670023917
528,764,236,0.236,1.604590136885643
582,791,209,0.209,1.587576442360878
524,762,238,0.238,1.5928126904964448
516,758,242,0.242,1.574255711197853
540,770,230,0.23,1.5700224373340608
518,759,241,0.241,1.5525085106492043
586,793,207,0.207,1.536118070602417
618,809,191,0.191,1.543185967206955
572,786,214,0.214,1.5398542329668998
628,814,186,0.186,1.5222543728351594
614,807,193,0.193,1.5361538227200509
606,803,197,0.197,1.489628939628601
530,765,235,0.235,1.5109683466553687
578,789,211,0.211,1.5050942891836165
568,784,216,0.216,1.5027794937491417
580,790,210,0.21,1.5011063808202743
608,804,196,0.196,1.4708610260486603
558,779,221,0.221,1.4609305964112282
614,807,193,0.193,1.4613593638539315
582,791,209,0.209,1.4705554387569428
638,819,181,0.181,1.453853430211544
606,803,197,0.197,1.449694418013096
594,797,203,0.203,1.4688682006001472
606,803,197,0.197,1.4445276896953583
602,801,199,0.199,1.405495775461197
608,804,196,0.196,1.4128274042010307
530,765,235,0.235,1.4543781187534333
648,824,176,0.176,1.4125960416793824
644,822,178,0.178,1.3977140455842019
606,803,197,0.197,1.4016486099362373
586,793,207,0.207,1.405319442331791
654,827,173,0.173,1.3870489526987075
662,831,169,0.169,1.3808931957483292
652,826,174,0.174,1.3740046900510787
646,823,177,0.177,1.3554059020280838
616,808,192,0.192,1.36562782651186
606,803,197,0.197,1.3811051756739616
654,827,173,0.173,1.334217182993889
674,837,163,0.163,1.3620757828950882
524,762,238,0.238,1.3665104004740716
554,777,223,0.223,1.329600729227066
620,810,190,0.19,1.3363163226246835
602,801,199,0.199,1.301836953997612
594,797,203,0.203,1.3560414096713067
648,824,176,0.176,1.3027267441749573
648,824,176,0.176,1.3100277587771416
602,801,199,0.199,1.2977308566570283
644,822,178,0.178,1.2968508979678155
644,822,178,0.178,1.3014728389382362
592,796,204,0.204,1.324318695485592
606,803,197,0.197,1.284114796280861
620,810,190,0.19,1.313709662258625
664,832,168,0.168,1.2545289960503578
580,790,210,0.21,1.2803878151774406
638,819,181,0.181,1.273744518518448
596,798,202,0.202,1.27612268525362
598,799,201,0.201,1.287976840019226
578,789,211,0.211,1.272124350667
600,800,200,0.2,1.2712880792617798
630,815,185,0.185,1.2514200857281685
626,813,187,0.187,1.2409369178414345
600,800,200,0.2,1.2505481432676315
614,807,193,0.193,1.2592414707541466
610,805,195,0.195,1.2484391852021217
646,823,177,0.177,1.228168172478676
648,824,176,0.176,1.26405146920681
670,835,165,0.165,1.253079158604145
628,814,186,0.186,1.231222065627575
668,834,166,0.166,1.2352786269783973
620,810,190,0.19,1.1999040731787682
642,821,179,0.179,1.2220050430893898
654,827,173,0.173,1.2155997109413148
634,817,183,0.183,1.2218367665410041
718,859,141,0.141,1.2045218696594238
660,830,170,0.17,1.2116756848692893
706,853,147,0.147,1.196966037929058
598,799,201,0.201,1.1875208029150963
596,798,202,0.202,1.2159007531404495
682,841,159,0.159,1.1681151332855224
638,819,181,0.181,1.2185602388381958
648,824,176,0.176,1.2116586372852325
652,826,174,0.174,1.2053584221601485
622,811,189,0.189,1.1854002359509468
680,840,160,0.16,1.1733904945254325
640,820,180,0.18,1.1815682733654975
674,837,163,0.163,1.1622220710515976
660,830,170,0.17,1.164548641681671
676,838,162,0.162,1.1811512431502342
636,818,182,0.182,1.1455680342912673
706,853,147,0.147,1.1551140810251237
670,835,165,0.165,1.127070614695549
648,824,176,0.176,1.1739347437620162
618,809,191,0.191,1.1615653475522996
696,848,152,0.152,1.1234193549156188
628,814,186,0.186,1.1514801895022393
632,816,184,0.184,1.1528649885058404
666,833,167,0.167,1.151184929728508
650,825,175,0.175,1.1310771828889847
726,863,137,0.137,1.0996245698928833
644,822,178,0.178,1.1517895694375038
702,851,149,0.149,1.1268796086311341
688,844,156,0.156,1.1195673678517342
656,828,172,0.172,1.1272402961850165
724,862,138,0.138,1.1314393671751022
714,857,143,0.143,1.1276293367147445
670,835,165,0.165,1.1434331929683685
638,819,181,0.181,1.1180880000591278
714,857,143,0.143,1.1021553550958634
678,839,161,0.161,1.1229459400177002
722,861,139,0.139,1.1139813469052315
662,831,169,0.169,1.1087694700360298
706,853,147,0.147,1.0826379293203354
738,869,131,0.131,1.0961225389242173
688,844,156,0.156,1.0709928292036057
680,840,160,0.16,1.0701488998830317
676,838,162,0.162,1.0802559736967088
728,864,136,0.136,1.061235941886902
676,838,162,0.162,1.0876292697191239
684,842,158,0.158,1.0620572054982185
676,838,162,0.162,1.0823861252069473
668,834,166,0.166,1.0298839139938354
706,853,147,0.147,1.0614213945865631
630,815,185,0.185,1.0897855732440949
698,849,151,0.151,1.0393880395889281
690,845,155,0.155,1.057657415986061
660,830,170,0.17,1.0705027357935906
650,825,175,0.175,1.05007651039958
702,851,149,0.149,1.0583786378502846
700,850,150,0.15,1.028836955010891
650,825,175,0.175,1.0920422918200492
598,799,201,0.201,1.0607312661111354
734,867,133,0.133,1.0433724566698075
650,825,175,0.175,1.0486915964186192
648,824,176,0.176,1.0571113229990006
674,837,163,0.163,1.071497434258461
710,855,145,0.145,1.0457306035757066
692,846,154,0.154,1.068020077496767
726,863,137,0.137,1.033262806892395
694,847,153,0.153,1.0440965534150601
702,851,149,0.149,1.0189289179742336
716,858,142,0.142,1.0425069652199745
754,877,123,0.123,1.0169537812769414
738,869,131,0.131,1.0331773451864719
706,853,147,0.147,1.0162882217764855
664,832,168,0.168,1.044752286851406
642,821,179,0.179,1.0115698267817497
658,829,171,0.171,1.041757267475128
698,849,151,0.151,1.0100412048101426
714,857,143,0.143,1.0226732012033461
756,878,122,0.122,1.0204855177998542
680,840,160,0.16,1.026299240142107
648,824,176,0.176,1.02931001457572
700,850,150,0.15,1.0035513815581798
684,842,158,0.158,1.0186932213902473
762,881,119,0.119,0.9852208036780358
716,858,142,0.142,0.9943368754386902
636,818,182,0.182,1.0096087401509286
754,877,123,0.123,0.9563111201524734
620,810,190,0.19,1.011592365860939
776,888,112,0.112,0.9528091606199741
712,856,144,0.144,0.9468892065882683
666,833,167,0.167,0.9652586119771004
704,852,148,0.148,0.9550708240270614
680,840,160,0.16,0.9696885665357113
612,806,194,0.194,1.014709640532732
712,856,144,0.144,0.963435795545578
712,856,144,0.144,0.943533185184002
714,857,143,0.143,0.9554125638008117
656,828,172,0.172,0.9689051252901554
748,874,126,0.126,0.963523338496685
682,841,159,0.159,0.9810145759582519
724,862,138,0.138,0.9550028627514839
720,860,140,0.14,0.9625044098198414
752,876,124,0.124,0.9333330774605274
736,868,132,0.132,0.9669799045026303
670,835,165,0.165,0.9822787782251835
622,811,189,0.189,1.0087866258025169
686,843,157,0.157,0.9819778932929039
654,827,173,0.173,0.9835940628051758
740,870,130,0.13,0.9574742246270179
700,850,150,0.15,0.9651246897876262
704,852,148,0.148,0.966311941921711
692,846,154,0.154,0.9667107646763324
688,844,156,0.156,0.9678262436389923
702,851,149,0.149,0.983227336704731
712,856,144,0.144,0.9600427598059177
734,867,133,0.133,0.9637253412008285
670,835,165,0.165,0.9641698266267776
720,860,140,0.14,0.9437308781445026
670,835,165,0.165,0.9548420478403569
702,851,149,0.149,0.9642573472857475
730,865,135,0.135,0.966663335442543
676,838,162,0.162,0.9354301124811173
672,836,164,0.164,0.9511701177954673
726,863,137,0.137,0.9533935184776783
758,879,121,0.121,0.9642882151305675
710,855,145,0.145,0.9448920504450798
640,820,180,0.18,0.9439584286808967
720,860,140,0.14,0.9421536767184734
714,857,143,0.143,0.9528808884322644
686,843,157,0.157,0.9368131115436554
718,859,141,0.141,0.9776547402143478
694,847,153,0.153,0.9329486436843872
728,864,136,0.136,0.9370786725580692
750,875,125,0.125,0.9059009833335876
690,845,155,0.155,0.9544689065814018
710,855,145,0.145,0.9373109039962292
772,886,114,0.114,0.9103614695966243
630,815,185,0.185,0.9649278305470943
684,842,158,0.158,0.9450412330329419
684,842,158,0.158,0.9265297346115112
692,846,154,0.154,0.9391865620315075
658,829,171,0.171,0.9377437095940113
694,847,153,0.153,0.9338595163971186
754,877,123,0.123,0.8841891735196113
728,864,136,0.136,0.9103684454262256
720,860,140,0.14,0.900819827735424
710,855,145,0.145,0.8960368733406067
696,848,152,0.152,0.9430586457848549
734,867,133,0.133,0.9158556467592717
738,869,131,0.131,0.9074703042507172
584,792,208,0.208,0.9357799507975578
670,835,165,0.165,0.9540481203198433
672,836,164,0.164,0.9243236348330974
704,852,148,0.148,0.9007528086006641
692,846,154,0.154,0.9175215409100056
724,862,138,0.138,0.9209821804761886
726,863,137,0.137,0.8928133760094643
674,837,163,0.163,0.9180501690208912
736,868,132,0.132,0.8967820350527763
712,856,144,0.144,0.9177443801760673
706,853,147,0.147,0.9099984028637409
688,844,156,0.156,0.9137623616158962
724,862,138,0.138,0.9139609751105309
704,852,148,0.148,0.9223568666949868
714,857,143,0.143,0.9358535215258599
738,869,131,0.131,0.8732233248054981
618,809,191,0.191,0.9311299804151059
740,870,130,0.13,0.8929807210862637
700,850,150,0.15,0.9033956835865975
652,826,174,0.174,0.9292420745939016
694,847,153,0.153,0.9104673213660717
724,862,138,0.138,0.9045958495885134
706,853,147,0.147,0.8867540643811226
686,843,157,0.157,0.9053695500791072
714,857,143,0.143,0.8782056162655354
714,857,143,0.143,0.9038752196133136
636,818,182,0.182,0.9112641232609748
726,863,137,0.137,0.8882368916571141
782,891,109,0.109,0.8756292850375176
698,849,151,0.151,0.8981491459012032
672,836,164,0.164,0.8827373706400394
720,860,140,0.14,0.8591620883941651
678,839,161,0.161,0.9196317378878593
646,823,177,0.177,0.9027218562662601
746,873,127,0.127,0.8835879195034504
708,854,146,0.146,0.9313319570124149
738,869,131,0.131,0.9012979221642017
680,840,160,0.16,0.8876563861072063
650,825,175,0.175,0.9066241098195315
656,828,172,0.172,0.9001584185659885
690,845,155,0.155,0.881328872859478
690,845,155,0.155,0.9237264432907104
630,815,185,0.185,0.8794502581357956
712,856,144,0.144,0.8517941725552082
750,875,125,0.125,0.8721406834423542
684,842,158,0.158,0.877530825972557
686,843,157,0.157,0.8944262771010398
720,860,140,0.14,0.8641690328717232
752,876,124,0.124,0.8692060244977474
686,843,157,0.157,0.863777617841959
682,841,159,0.159,0.8739272629022599
646,823,177,0.177,0.8745610648691654
718,859,141,0.141,0.8558932064697147
746,873,127,0.127,0.821647346124053
672,836,164,0.164,0.878943552941084
692,846,154,0.154,0.8654378351867199
718,859,141,0.141,0.8752629825025797
696,848,152,0.152,0.8738231928646565
712,856,144,0.144,0.8576103212237358
704,852,148,0.148,0.8481157959103585
746,873,127,0.127,0.8327279240339994
664,832,168,0.168,0.8644183987081051
676,838,162,0.162,0.8593075493276119
752,876,124,0.124,0.8226813086271286
712,856,144,0.144,0.8657996116876602
694,847,153,0.153,0.8237122600376606
696,848,152,0.152,0.8535211338102817
702,851,149,0.149,0.8598400612771511
688,844,156,0.156,0.873633954167366
674,837,163,0.163,0.8612695667743683
694,847,153,0.153,0.8690979971289635
678,839,161,0.161,0.8439960461854935
646,823,177,0.177,0.8539875086843968
708,854,146,0.146,0.8452790084332228
730,865,135,0.135,0.8490380234718323
666,833,167,0.167,0.8820760608315468
736,868,132,0.132,0.811550631582737
718,859,141,0.141,0.8465493307560682
708,854,146,0.146,0.8577857432961464
714,857,143,0.143,0.8382716243565083
648,824,176,0.176,0.83147171241045
762,881,119,0.119,0.799348970875144
726,863,137,0.137,0.8538593741804361
628,814,186,0.186,0.8626821481883525
728,864,136,0.136,0.8056756752580404
710,855,145,0.145,0.8097954281270504
724,862,138,0.138,0.8274301745891571
644,822,178,0.178,0.8673436525911092
702,851,149,0.149,0.8340080463737249
736,868,132,0.132,0.7874266877770424
708,854,146,0.146,0.8037961611300707
656,828,172,0.172,0.8525512427687645
724,862,138,0.138,0.8461283782124519
748,874,126,0.126,0.8138197059035301
762,881,119,0.119,0.811487099274993
716,858,142,0.142,0.8560591083914042
672,836,164,0.164,0.8097224990725518
712,856,144,0.144,0.7884466206133366
672,836,164,0.164,0.8331881257146597
738,869,131,0.131,0.8088502401560544
714,857,143,0.143,0.8075281322449446
738,869,131,0.131,0.8012954689860344
792,896,104,0.104,0.8057997969537973
652,826,174,0.174,0.810211402721703
766,883,117,0.117,0.77282712610811
726,863,137,0.137,0.8107688660770654
726,863,137,0.137,0.7671736413687468
730,865,135,0.135,0.784592378243804
716,858,142,0.142,0.8318179126381874
708,854,146,0.146,0.7976216403692961
612,806,194,0.194,0.8354781543016434
784,892,108,0.108,0.7065559362024069
738,869,131,0.131,0.7825410952866078
688,844,156,0.156,0.7845302177965641
694,847,153,0.153,0.7702998471111059
750,875,125,0.125,0.787707734182477
698,849,151,0.151,0.7755287530273199
718,859,141,0.141,0.7518529885560274
744,872,128,0.128,0.775162143997848
788,894,106,0.106,0.755825108461082
744,872,128,0.128,0.7697451182603836
744,872,128,0.128,0.7421767393946648
702,851,149,0.149,0.7716553940922022
738,869,131,0.131,0.7396050314754248
682,841,159,0.159,0.7832053655683995
742,871,129,0.129,0.7774454449713231
722,861,139,0.139,0.7797482929676771
756,878,122,0.122,0.7938730759620667
742,871,129,0.129,0.753984861716628
676,838,162,0.162,0.7729829542338849
718,859,141,0.141,0.7673249710649251
652,826,174,0.174,0.7884456127583981
694,847,153,0.153,0.8283934336006641
698,849,151,0.151,0.7710901803225279
788,894,106,0.106,0.7464425954222679
648,824,176,0.176,0.7734730460941791
760,880,120,0.12,0.7588703349530697
710,855,145,0.145,0.7544190202355385
738,869,131,0.131,0.7687348175868391
762,881,119,0.119,0.7464405759423971
742,871,129,0.129,0.7323041598796844
744,872,128,0.128,0.7667524780407547
696,848,152,0.152,0.7645362971425056
706,853,147,0.147,0.7437627402991056
762,881,119,0.119,0.7098056407868862
730,865,135,0.135,0.7478372440934181
724,862,138,0.138,0.7562841570824385
726,863,137,0.137,0.7667243079841137
666,833,167,0.167,0.7505911120325327
728,864,136,0.136,0.7470165544226766
662,831,169,0.169,0.7717332728505134
760,880,120,0.12,0.7739230647087098
742,871,129,0.129,0.7242450528517366
666,833,167,0.167,0.7822419723719358
746,873,127,0.127,0.766805263966322
746,873,127,0.127,0.7325473896712065
702,851,149,0.149,0.7314003268182278
744,872,128,0.128,0.711911875963211
740,870,130,0.13,0.7601117809265852
704,852,148,0.148,0.7902871236801148
742,871,129,0.129,0.6983744568526745
724,862,138,0.138,0.7254149173200131
798,899,101,0.101,0.6731481554359198
700,850,150,0.15,0.7352432680428028
732,866,134,0.134,0.745857080720365
712,856,144,0.144,0.7119319928139448
738,869,131,0.131,0.7302437860667705
692,846,154,0.154,0.7229179060012102
770,885,115,0.115,0.7616862699091435
732,866,134,0.134,0.7382147776260972
722,861,139,0.139,0.7312524299323558
698,849,151,0.151,0.7265940741300583
720,860,140,0.14,0.7544848284497857
666,833,167,0.167,0.7331546525657177
732,866,134,0.134,0.7375481503754854
820,910,90,0.09,0.6942452223300933
660,830,170,0.17,0.7162925401479006
714,857,143,0.143,0.7070807881355285
696,848,152,0.152,0.7511385331898928
688,844,156,0.156,0.7616532493829727
766,883,117,0.117,0.7184266195222735
740,870,130,0.13,0.7284445239827037
732,866,134,0.134,0.7351003586947918
652,826,174,0.174,0.7443478250205516
680,840,160,0.16,0.75806554608047
708,854,146,0.146,0.6914283534884453
692,846,154,0.154,0.7176701108664274
694,847,153,0.153,0.7391882206350565
700,850,150,0.15,0.7221379400864244
742,871,129,0.129,0.7105344994217158
712,856,144,0.144,0.6959325843974948
718,859,141,0.141,0.7214404211565852
712,856,144,0.144,0.711620049379766
710,855,145,0.145,0.7327972256839276
804,902,98,0.098,0.6580560033470392
790,895,105,0.105,0.6566817502602935
640,820,180,0.18,0.752238338753581
730,865,135,0.135,0.7367486357018351
762,881,119,0.119,0.7100482538864017
710,855,145,0.145,0.7298905178233981
706,853,147,0.147,0.7110362282842397
696,848,152,0.152,0.7175620368793607
720,860,140,0.14,0.7144363361150027
718,859,141,0.141,0.7217710523083806
656,828,172,0.172,0.7479680723696948
652,826,174,0.174,0.7592661901414395
784,892,108,0.108,0.6647338659614325
708,854,146,0.146,0.6805349919945002
790,895,105,0.105,0.705466221600771
686,843,157,0.157,0.727837461926043
740,870,130,0.13,0.6876059157252312
718,859,141,0.141,0.693090750746429
716,858,142,0.142,0.7017289460673928
728,864,136,0.136,0.7135262881815434
718,859,141,0.141,0.7183661015480757
714,857,143,0.143,0.7037838475480676
714,857,143,0.143,0.680368278697133
678,839,161,0.161,0.7486143200099469
704,852,148,0.148,0.7106979286372661
736,868,132,0.132,0.7289125533327461
714,857,143,0.143,0.7539377491772175
730,865,135,0.135,0.7320673980116844
732,866,134,0.134,0.6940736757218837
636,818,182,0.182,0.7444624217003584
704,852,148,0.148,0.7162837139256298
728,864,136,0.136,0.7194955670684576
738,869,131,0.131,0.7071732594370842
674,837,163,0.163,0.7285699134171009
760,880,120,0.12,0.732467309936881
670,835,165,0.165,0.7472562092617154
738,869,131,0.131,0.7146711356937885
720,860,140,0.14,0.6975319417268038
762,881,119,0.119,0.687815005093813
692,846,154,0.154,0.7137485702484846
710,855,145,0.145,0.6739667939059436
738,869,131,0.131,0.7175528800264
692,846,154,0.154,0.6978379241675139
712,856,144,0.144,0.6967634764611721
750,875,125,0.125,0.6818171914964914
706,853,147,0.147,0.7163607298135758
704,852,148,0.148,0.7107405902594328
696,848,152,0.152,0.7079090654961765
672,836,164,0.164,0.7093591452911496
790,895,105,0.105,0.7066312405467033
702,851,149,0.149,0.7252657799571752
712,856,144,0.144,0.7284352052882314
672,836,164,0.164,0.7132694385051728
768,884,116,0.116,0.7149363563582302
680,840,160,0.16,0.7624614894092083
714,857,143,0.143,0.6926121325492859
804,902,98,0.098,0.6744553730860352
714,857,143,0.143,0.7186839052140713
760,880,120,0.12,0.6726840228587389
668,834,166,0.166,0.7508604008182883
710,855,145,0.145,0.7073745661973954
702,851,149,0.149,0.6923606779053807
764,882,118,0.118,0.6741156431287527
744,872,128,0.128,0.7095917424708604
744,872,128,0.128,0.6696416101828218
626,813,187,0.187,0.7486041101291776
754,877,123,0.123,0.7286226550191641
718,859,141,0.141,0.7056338989883661
640,820,180,0.18,0.7420102530121804
736,868,132,0.132,0.6786256608068943
716,858,142,0.142,0.7005789491683244
766,883,117,0.117,0.6366691684424877
684,842,158,0.158,0.6769476677328348
742,871,129,0.129,0.6869293322525919
722,861,139,0.139,0.6765591800287366
684,842,158,0.158,0.716710021212697
726,863,137,0.137,0.6750387733131648
700,850,150,0.15,0.6786972058564424
684,842,158,0.158,0.7052116356343031
688,844,156,0.156,0.6888378832191229
768,884,116,0.116,0.7130637199431658
748,874,126,0.126,0.68782545119524
666,833,167,0.167,0.7321382236927748
760,880,120,0.12,0.6996722060143947
716,858,142,0.142,0.704191775418818
738,869,131,0.131,0.7003371871262789
712,856,144,0.144,0.6892337691262365
806,903,97,0.097,0.6328297259137035
732,866,134,0.134,0.6578804250955582
694,847,153,0.153,0.7120504822432995
724,862,138,0.138,0.6798523199707269
808,904,96,0.096,0.627588301576674
700,850,150,0.15,0.68096395213902
754,877,123,0.123,0.6721746824830771
794,897,103,0.103,0.6490887799113989
748,874,126,0.126,0.6774431133121253
750,875,125,0.125,0.6240106563940644
682,841,159,0.159,0.7126850846782327
782,891,109,0.109,0.666013187840581
710,855,145,0.145,0.6784732779711485
740,870,130,0.13,0.6414252047240734
726,863,137,0.137,0.6819243533089757
760,880,120,0.12,0.6526621385365725
666,833,167,0.167,0.6802925765663386
734,867,133,0.133,0.693441765204072
760,880,120,0.12,0.6689915077909827
700,850,150,0.15,0.6962913917675614
762,881,119,0.119,0.6612442039549351
736,868,132,0.132,0.6559080240949988
682,841,159,0.159,0.6659235489219427
716,858,142,0.142,0.6619088404923678
748,874,126,0.126,0.6234941225796938
704,852,148,0.148,0.6588292058482766
756,878,122,0.122,0.6382496015056968
776,888,112,0.112,0.6423235030770302
748,874,126,0.126,0.6698836700879037
660,830,170,0.17,0.7018021633550525
682,841,159,0.159,0.6821150434017181
714,857,143,0.143,0.6302243721485138
742,871,129,0.129,0.6455980879291892
748,874,126,0.126,0.6119371478706598
758,879,121,0.121,0.6645034552142024
708,854,146,0.146,0.6890854733288289
722,861,139,0.139,0.6229342051036656
744,872,128,0.128,0.6560406541377306
704,852,148,0.148,0.6685749847516418
754,877,123,0.123,0.6606642790809274
732,866,134,0.134,0.6506790463849902
716,858,142,0.142,0.6825090613439679
670,835,165,0.165,0.6731191237345338
772,886,114,0.114,0.6083949025571346
712,856,144,0.144,0.6596900167390705
738,869,131,0.131,0.6716264970898628
696,848,152,0.152,0.6550798764377832
684,842,158,0.158,0.6753832439482212
656,828,172,0.172,0.6643015880733728
722,861,139,0.139,0.6372041785493493
710,855,145,0.145,0.6415739259272814
678,839,161,0.161,0.6597923112288118
712,856,144,0.144,0.6515905433818698
726,863,137,0.137,0.6534438608661294
682,841,159,0.159,0.6589061227962375
786,893,107,0.107,0.603415533348918
730,865,135,0.135,0.6814067956060171
754,877,123,0.123,0.6360883631259203
758,879,121,0.121,0.6305768696665763
720,860,140,0.14,0.6398795926868915
760,880,120,0.12,0.6381726045385003
752,876,124,0.124,0.6732806779406965
726,863,137,0.137,0.6542363855391741
748,874,126,0.126,0.6142127938717604
692,846,154,0.154,0.6648350813314319
694,847,153,0.153,0.6442015296667815
700,850,150,0.15,0.6395852561593056
736,868,132,0.132,0.6439038701131939
752,876,124,0.124,0.6346875114738941
760,880,120,0.12,0.5926649406552315
652,826,174,0.174,0.6497505304962397
702,851,149,0.149,0.6213389990255237
764,882,118,0.118,0.6145175553634763
696,848,152,0.152,0.6132026974484325
796,898,102,0.102,0.6320537124052644
738,869,131,0.131,0.6347427756413817
760,880,120,0.12,0.6371037069857121
760,880,120,0.12,0.6329820116683841
768,884,116,0.116,0.6045807614922524
724,862,138,0.138,0.6151883886726573
724,862,138,0.138,0.6202526825368404
768,884,116,0.116,0.5909849341958762
752,876,124,0.124,0.6240103360041976
744,872,128,0.128,0.614718106418848
730,865,135,0.135,0.6523034202605485
716,858,142,0.142,0.5848726441562175
726,863,137,0.137,0.6245271005034446
696,848,152,0.152,0.6220269580967724
776,888,112,0.112,0.5907434641718864
696,848,152,0.152,0.6526150230467319
722,861,139,0.139,0.632120598860085
748,874,126,0.126,0.6195283556580543
736,868,132,0.132,0.6506037529855967
710,855,145,0.145,0.6417455956861376
700,850,150,0.15,0.6756525471359491
698,849,151,0.151,0.596297231880948
732,866,134,0.134,0.635373086951673
708,854,146,0.146,0.6245395685657859
728,864,136,0.136,0.6256474567726255
730,865,135,0.135,0.6169511060267687
750,875,125,0.125,0.6392186544686556
702,851,149,0.149,0.632561218097806
784,892,108,0.108,0.5960286200791597
766,883,117,0.117,0.5988790690787137
754,877,123,0.123,0.6240301979258657
664,832,168,0.168,0.6811122935451567
658,829,171,0.171,0.6323573123440146
722,861,139,0.139,0.6133424502275884
740,870,130,0.13,0.6357319322824478
700,850,150,0.15,0.645124358728528
704,852,148,0.148,0.6280906948000192
728,864,136,0.136,0.6290481132902205
714,857,143,0.143,0.6334680755510926
652,826,174,0.174,0.6798016019910574
732,866,134,0.134,0.6396566606238484
760,880,120,0.12,0.583624361127615
682,841,159,0.159,0.6596552359163761
720,860,140,0.14,0.6048809002637863
770,885,115,0.115,0.6004723386373371
648,824,176,0.176,0.6338803216442466
712,856,144,0.144,0.6053418998271227
766,883,117,0.117,0.6116528625078499
716,858,142,0.142,0.5927192644849419
730,865,135,0.135,0.6059773378446698
672,836,164,0.164,0.6352174375653267
718,859,141,0.141,0.564225269023329
754,877,123,0.123,0.6009269075915218
700,850,150,0.15,0.6412762910351157
698,849,151,0.151,0.6020666698217392
710,855,145,0.145,0.6715030114799738
730,865,135,0.135,0.6015793073996901
722,861,139,0.139,0.6177597822770476
714,857,143,0.143,0.574737759836018
756,878,122,0.122,0.6255302970856428
754,877,123,0.123,0.594949106618762
744,872,128,0.128,0.6021874649748206
710,855,145,0.145,0.6058264922425151
748,874,126,0.126,0.5414372571744025
692,846,154,0.154,0.6620971134305
724,862,138,0.138,0.587777827732265
728,864,136,0.136,0.61726312571764
714,857,143,0.143,0.6437927475571632
718,859,141,0.141,0.6106998609676957
738,869,131,0.131,0.6000351911783218
750,875,125,0.125,0.5922031440883875
772,886,114,0.114,0.5245307021737099
734,867,133,0.133,0.5854493788704276
760,880,120,0.12,0.5971806971654295
778,889,111,0.111,0.586654931858182
740,870,130,0.13,0.5988537801615894
716,858,142,0.142,0.5930792520940303
724,862,138,0.138,0.6135905266106129
696,848,152,0.152,0.6365418643690646
676,838,162,0.162,0.5930108290016651
674,837,163,0.163,0.6005796871371567
786,893,107,0.107,0.5601544018238783
662,831,169,0.169,0.619904617652297
748,874,126,0.126,0.6069964560121298
772,886,114,0.114,0.5310668925493955
722,861,139,0.139,0.6046733703911304
690,845,155,0.155,0.6282936290800571
684,842,158,0.158,0.5974293034747243
684,842,158,0.158,0.642483770750463
686,843,157,0.157,0.6326137718707323
792,896,104,0.104,0.565514723084867
828,914,86,0.086,0.5596856066286564
738,869,131,0.131,0.612930628977716
762,881,119,0.119,0.5686340861842036
738,869,131,0.131,0.5926099232286215
730,865,135,0.135,0.6233584221862256
752,876,124,0.124,0.5750995429828764
780,890,110,0.11,0.5764239942058921
740,870,130,0.13,0.565551988158375
746,873,127,0.127,0.5456718874163926
732,866,134,0.134,0.6132861154340208
752,876,124,0.124,0.6194419867917895
770,885,115,0.115,0.5553267892226577
662,831,169,0.169,0.5827314180247486
704,852,148,0.148,0.6089914778470993
734,867,133,0.133,0.5855898348689079
746,873,127,0.127,0.5572357486784458
752,876,124,0.124,0.5480824662595988
756,878,122,0.122,0.5695556625053286
700,850,150,0.15,0.5849226351305843
702,851,149,0.149,0.5967538458108902
784,892,108,0.108,0.5654816600978374
656,828,172,0.172,0.5962376497611404
774,887,113,0.113,0.5558502686023712
740,870,130,0.13,0.591605423130095
798,899,101,0.101,0.5803068552091718
718,859,141,0.141,0.5594913692995905
720,860,140,0.14,0.6066560560762883
690,845,155,0.155,0.6433801877647638
734,867,133,0.133,0.5800059438198805
696,848,152,0.152,0.5763961316235363
628,814,186,0.186,0.6147556392624974
686,843,157,0.157,0.6076504762172699
750,875,125,0.125,0.5604733278378844
752,876,124,0.124,0.5858243575729429
760,880,120,0.12,0.5973509776815772
712,856,144,0.144,0.6168706839606166
708,854,146,0.146,0.5880432421974838
704,852,148,0.148,0.595941666714847
736,868,132,0.132,0.6039899768382311
734,867,133,0.133,0.5576907299086451
768,884,116,0.116,0.5205530658252537
718,859,141,0.141,0.5562527535296976
778,889,111,0.111,0.5933443324118852
710,855,145,0.145,0.5889228570610284
632,816,184,0.184,0.5946670950204134
638,819,181,0.181,0.6028337484747172
672,836,164,0.164,0.5997019230052829
690,845,155,0.155,0.6020206813029945
696,848,152,0.152,0.5596185207217932
766,883,117,0.117,0.5688672208189964
800,900,100,0.1,0.5178032738752664
708,854,146,0.146,0.5752212626449764
682,841,159,0.159,0.5777271345332264
754,877,123,0.123,0.5167338218539953
682,841,159,0.159,0.6077092279344797
794,897,103,0.103,0.544811371460557
740,870,130,0.13,0.5686856673583388
714,857,143,0.143,0.578030929658562
718,859,141,0.141,0.5580215352885425
710,855,145,0.145,0.5338769687525928
834,917,83,0.083,0.5469385676756501
728,864,136,0.136,0.5692079134359955
734,867,133,0.133,0.560143202342093
718,859,141,0.141,0.5586205344162881
718,859,141,0.141,0.6048201438263059
766,883,117,0.117,0.5494447231516242
702,851,149,0.149,0.5326179657056928
736,868,132,0.132,0.5815081927049905
710,855,145,0.145,0.5424111643321812
740,870,130,0.13,0.5785746701657772
770,885,115,0.115,0.5545076967105269
704,852,148,0.148,0.5966782204657793
714,857,143,0.143,0.5639426364451647
726,863,137,0.137,0.5971260352702812
698,849,151,0.151,0.5725945828258991
774,887,113,0.113,0.5677167299687862
704,852,148,0.148,0.5686247999854386
766,883,117,0.117,0.567725680179894
732,866,134,0.134,0.5820652308315039
762,881,119,0.119,0.5269892379753292
780,890,110,0.11,0.5241309597492217
712,856,144,0.144,0.5764573947191238
742,871,129,0.129,0.5830674756541848
704,852,148,0.148,0.5616625040881336
662,831,169,0.169,0.5793642937280238
830,915,85,0.085,0.5253775802478194
746,873,127,0.127,0.5550512910187244
676,838,162,0.162,0.5873597637712955
704,852,148,0.148,0.5585444948226214
650,825,175,0.175,0.603588797364384
788,894,106,0.106,0.5394306441843509
698,849,151,0.151,0.5984647464416921
728,864,136,0.136,0.5670428485423327
698,849,151,0.151,0.5524768077209592
754,877,123,0.123,0.5481162714958191
760,880,120,0.12,0.5180441291630268
704,852,148,0.148,0.5621499126330018
704,852,148,0.148,0.5764702600240708
734,867,133,0.133,0.5571645965874195
776,888,112,0.112,0.5739177283123136
796,898,102,0.102,0.5149374907240272
778,889,111,0.111,0.5067054286152124
776,888,112,0.112,0.5460905250832438
672,836,164,0.164,0.5975986425057054
678,839,161,0.161,0.5625810370109975
756,878,122,0.122,0.5805423768311739
726,863,137,0.137,0.5703061032965779
748,874,126,0.126,0.5546428168676794
742,871,129,0.129,0.5411082229092717
742,871,129,0.129,0.5387604487165809
724,862,138,0.138,0.5587848427891732
760,880,120,0.12,0.553040954567492
718,859,141,0.141,0.5821723908707499
776,888,112,0.112,0.5706846814826131
764,882,118,0.118,0.560472111787647
670,835,165,0.165,0.5899150647222996
674,837,163,0.163,0.5347056817263365
694,847,153,0.153,0.5768583274930715
722,861,139,0.139,0.5431237630918622
750,875,125,0.125,0.5657116250768304
688,844,156,0.156,0.5964300616048276
690,845,155,0.155,0.5861952995806933
746,873,127,0.127,0.5387316858917475
760,880,120,0.12,0.5590403655879199
706,853,147,0.147,0.52980910269171
700,850,150,0.15,0.5603199680037797
786,893,107,0.107,0.513434261597693
726,863,137,0.137,0.5571286775320768
712,856,144,0.144,0.5492613619752228
766,883,117,0.117,0.49419431801140307
722,861,139,0.139,0.5482099871784448
678,839,161,0.161,0.594631779178977
718,859,141,0.141,0.5896171481236816
706,853,147,0.147,0.579966218791902
688,844,156,0.156,0.5716871393695474
750,875,125,0.125,0.5814815037325025
782,891,109,0.109,0.5263813144564629
710,855,145,0.145,0.5549977723583579
710,855,145,0.145,0.5615208430439234
698,849,151,0.151,0.5555988795962185
668,834,166,0.166,0.5537397702150046
758,879,121,0.121,0.5766716282479465
712,856,144,0.144,0.5565802695266903
764,882,118,0.118,0.5227832156829536
754,877,123,0.123,0.5518441840037703
724,862,138,0.138,0.5629806107571349
712,856,144,0.144,0.5123265081122518
712,856,144,0.144,0.5593212834261357
718,859,141,0.141,0.5479104908835143
748,874,126,0.126,0.5118024489618838
702,851,149,0.149,0.5654961397461593
708,854,146,0.146,0.5844176444932818
722,861,139,0.139,0.5320445760563016
686,843,157,0.157,0.5614968793615699
696,848,152,0.152,0.5539685968160629
730,865,135,0.135,0.5422626855745911
706,853,147,0.147,0.561417647011578
740,870,130,0.13,0.5463116690702736
748,874,126,0.126,0.5388732167966663
750,875,125,0.125,0.5239280134104193
788,894,106,0.106,0.5067027476355433
756,878,122,0.122,0.509194137558341
724,862,138,0.138,0.5533994051143527
746,873,127,0.127,0.533408200994134
714,857,143,0.143,0.5240707449875772
684,842,158,0.158,0.5637774136289955
726,863,137,0.137,0.5219561340510845
784,892,108,0.108,0.5080898113399744
786,893,107,0.107,0.4846373671889305
726,863,137,0.137,0.5529810659885407
686,843,157,0.157,0.5387337104734033
758,879,121,0.121,0.4985935777425766
734,867,133,0.133,0.49214522225409746
716,858,142,0.142,0.542177619472146
776,888,112,0.112,0.5137993797883391
758,879,121,0.121,0.5239798876494169
766,883,117,0.117,0.5137900518886745
724,862,138,0.138,0.5218604041337966
786,893,107,0.107,0.4730282182916999
774,887,113,0.113,0.543877695761621
728,864,136,0.136,0.5259181836768985
800,900,100,0.1,0.5148868708554656
708,854,146,0.146,0.5648653103969992
756,878,122,0.122,0.4984822338633239
750,875,125,0.125,0.4966412889324129
770,885,115,0.115,0.5192573112994432
710,855,145,0.145,0.5501475023627281
724,862,138,0.138,0.5716941651925445
788,894,106,0.106,0.49366389713063835
694,847,153,0.153,0.5526015671417117
770,885,115,0.115,0.475757402960211
774,887,113,0.113,0.5124846595264971
684,842,158,0.158,0.546579058919102
750,875,125,0.125,0.5092012936025858
722,861,139,0.139,0.5304870251379907
660,830,170,0.17,0.5435585486516357
686,843,157,0.157,0.5323262173309922
738,869,131,0.131,0.5275148118399083
748,874,126,0.126,0.4880157137587667
700,850,150,0.15,0.5272300147265195
698,849,151,0.151,0.5406089306380599
714,857,143,0.143,0.5006098102666438
732,866,134,0.134,0.49882298412173987
780,890,110,0.11,0.490141648940742
628,814,186,0.186,0.5464284608848393
774,887,113,0.113,0.4856510447189212
702,851,149,0.149,0.5218024078682065
744,872,128,0.128,0.5436023493334651
780,890,110,0.11,0.49687438313663007
728,864,136,0.136,0.5228921849913896
742,871,129,0.129,0.5207162003275007
798,899,101,0.101,0.49730719306319954
740,870,130,0.13,0.5040631660819054
762,881,119,0.119,0.4903891662880778
710,855,145,0.145,0.5008913413248957
722,861,139,0.139,0.5113660317845643
726,863,137,0.137,0.5306386488638818
752,876,124,0.124,0.4917391209155321
768,884,116,0.116,0.4949682365395129
714,857,143,0.143,0.5194163659028709
770,885,115,0.115,0.4914750808365643
712,856,144,0.144,0.49627876000851395
744,872,128,0.128,0.5171786129996181
712,856,144,0.144,0.5015511971972882
746,873,127,0.127,0.47376877596229316
736,868,132,0.132,0.4726510133612901
768,884,116,0.116,0.4771904781088233
732,866,134,0.134,0.4942988326419145
702,851,149,0.149,0.5500553280375898
714,857,143,0.143,0.5331352450177074
784,892,108,0.108,0.48409751800447703
748,874,126,0.126,0.5110394748263061
780,890,110,0.11,0.45977752183005216
740,870,130,0.13,0.5027730345316231
778,889,111,0.111,0.4775389097929001
724,862,138,0.138,0.4775308926142752
750,875,125,0.125,0.5055484213270247
712,856,144,0.144,0.5329351883158088
804,902,98,0.098,0.4964555648975074
762,881,119,0.119,0.4935488572716713
736,868,132,0.132,0.49756871493160726
724,862,138,0.138,0.535077987268567
798,899,101,0.101,0.46209083932917566
748,874,126,0.126,0.5195485425032675
744,872,128,0.128,0.5135743497349322
722,861,139,0.139,0.4956507947482169
818,909,91,0.091,0.4413608020544052
776,888,112,0.112,0.4747351595461369
790,895,105,0.105,0.5080970569103956
704,852,148,0.148,0.5014788274616003
704,852,148,0.148,0.5456636556684971
692,846,154,0.154,0.5065584116578102
778,889,111,0.111,0.448590996786952
726,863,137,0.137,0.4887655441276729
738,869,131,0.131,0.49129660964384675
766,883,117,0.117,0.5034086061865092
710,855,145,0.145,0.5015495164841414
802,901,99,0.099,0.4652626241520047
706,853,147,0.147,0.4831573442518711
710,855,145,0.145,0.5167235137857497
742,871,129,0.129,0.4653192616291344
758,879,121,0.121,0.47793032773211597
730,865,135,0.135,0.4850036713294685
722,861,139,0.139,0.5101188490353524
726,863,137,0.137,0.49822236179560425
724,862,138,0.138,0.5390623426735401
734,867,133,0.133,0.5227436478585005
714,857,143,0.143,0.506276752255857
728,864,136,0.136,0.48696346024051307
714,857,143,0.143,0.5419204853698611
738,869,131,0.131,0.5113543873354792
758,879,121,0.121,0.481606147211045
782,891,109,0.109,0.4603036821894348
782,891,109,0.109,0.5092044455222785
716,858,142,0.142,0.49168341038003566
776,888,112,0.112,0.4680394408255816
740,870,130,0.13,0.4773623269125819
760,880,120,0.12,0.5063843685314059
690,845,155,0.155,0.5198214819692075
792,896,104,0.104,0.4761107094436884
712,856,144,0.144,0.4913275080472231
710,855,145,0.145,0.5124680345468223
674,837,163,0.163,0.5083134851641953
726,863,137,0.137,0.4712863172837533
744,872,128,0.128,0.48698595439642667
748,874,126,0.126,0.507500803001225
758,879,121,0.121,0.5136721216216683
746,873,127,0.127,0.5001538855358958
768,884,116,0.116,0.5022411132697016
722,861,139,0.139,0.4981872175373137
760,880,120,0.12,0.507233982635662
782,891,109,0.109,0.46593581420369445
824,912,88,0.088,0.4593423474729061
678,839,161,0.161,0.5039423770271242
746,873,127,0.127,0.4756232790723443
764,882,118,0.118,0.4890833211168647
736,868,132,0.132,0.5152557178810239
696,848,152,0.152,0.5004020491093397
670,835,165,0.165,0.5232224978879094
764,882,118,0.118,0.5041257100105285
758,879,121,0.121,0.4857834602855146
760,880,120,0.12,0.5061576019823552
720,860,140,0.14,0.513345593765378
724,862,138,0.138,0.49055161558836696
712,856,144,0.144,0.5055125311613083
748,874,126,0.126,0.505028499590233
764,882,118,0.118,0.46983371195942164
856,928,72,0.072,0.45376903196424245
776,888,112,0.112,0.4966605380550027
744,872,128,0.128,0.5091158898696303
708,854,146,0.146,0.5260994708314538
824,912,88,0.088,0.4411648394986987
706,853,147,0.147,0.49665831637382507
746,873,127,0.127,0.5081296452060342
734,867,133,0.133,0.5237885149009526
750,875,125,0.125,0.46824892043694855
722,861,139,0.139,0.4761191642452031
668,834,166,0.166,0.5150045540332794
788,894,106,0.106,0.4640675369873643
760,880,120,0.12,0.4782809074819088
706,853,147,0.147,0.4634250506386161
774,887,113,0.113,0.4664982679914683
784,892,108,0.108,0.44147999246791003
664,832,168,0.168,0.4971389958523214
724,862,138,0.138,0.4886325664371252
754,877,123,0.123,0.4822187635079026
794,897,103,0.103,0.4924272698946297
736,868,132,0.132,0.5299940555468201
740,870,130,0.13,0.46729604350030424
732,866,134,0.134,0.5180379240326584
686,843,157,0.157,0.5180178107321263
742,871,129,0.129,0.48855062462668863
774,887,113,0.113,0.4944005021750927
734,867,133,0.133,0.49127806243672967
708,854,146,0.146,0.49073899774812163
698,849,151,0.151,0.49693533742427826
786,893,107,0.107,0.49154469750076535
766,883,117,0.117,0.4534866594336927
786,893,107,0.107,0.4703844862394035
680,840,160,0.16,0.5276336036026478
746,873,127,0.127,0.4788364434465766
744,872,128,0.128,0.4425170623566955
730,865,135,0.135,0.4746437679901719
698,849,151,0.151,0.49960376078262925
726,863,137,0.137,0.4987693770285696
714,857,143,0.143,0.5058103155829012
642,821,179,0.179,0.49757491680048405
720,860,140,0.14,0.5046980666518212
792,896,104,0.104,0.4493877781480551
792,896,104,0.104,0.48274688579142094
712,856,144,0.144,0.510018753964454
718,859,141,0.141,0.4944901405163109
688,844,156,0.156,0.537760304108262
750,875,125,0.125,0.4722823377735913
760,880,120,0.12,0.43285802079737185
676,838,162,0.162,0.5356693336106837
728,864,136,0.136,0.5034088015817105
724,862,138,0.138,0.484049303714186
726,863,137,0.137,0.5053071332089603
688,844,156,0.156,0.5185199149083346
710,855,145,0.145,0.48164640574157236
732,866,134,0.134,0.4768782397247851
736,868,132,0.132,0.46553127467259764
744,872,128,0.128,0.46666672568023204
726,863,137,0.137,0.4898802014812827
712,856,144,0.144,0.5182450371161104
746,873,127,0.127,0.4401409971788526
772,886,114,0.114,0.47259454520978034
712,856,144,0.144,0.48269982017576696
726,863,137,0.137,0.5088439076542854
750,875,125,0.125,0.48273389841616154
728,864,136,0.136,0.49815292862802746
720,860,140,0.14,0.4893055169954896
624,812,188,0.188,0.5269344061296434
756,878,122,0.122,0.4732754969894886
720,860,140,0.14,0.47897324940562247
706,853,147,0.147,0.4834127234136686
766,883,117,0.117,0.4700818303860724
804,902,98,0.098,0.45510235395655035
794,897,103,0.103,0.44181532575935123
704,852,148,0.148,0.5227264157906175
776,888,112,0.112,0.4800057909525931
768,884,116,0.116,0.4560196069348603
742,871,129,0.129,0.4851009221114218
728,864,136,0.136,0.4612041546795517
722,861,139,0.139,0.48825208635255696
746,873,127,0.127,0.4594033162519336
708,854,146,0.146,0.4798558680713177
678,839,161,0.161,0.48367578472942113
760,880,120,0.12,0.4849578685052693
718,859,141,0.141,0.49265883877873423
722,861,139,0.139,0.4965556190274656
712,856,144,0.144,0.47741286844015124
734,867,133,0.133,0.4905650364048779
760,880,120,0.12,0.49553097574785354
720,860,140,0.14,0.48936085069924595
736,868,132,0.132,0.47600877801235764
748,874,126,0.126,0.4800457864180207
740,870,130,0.13,0.4627349088937044
716,858,142,0.142,0.4784026367217302
752,876,124,0.124,0.5026880056336522
698,849,151,0.151,0.5094596966616809
766,883,117,0.117,0.47091890617832544
758,879,121,0.121,0.47438779620081184
714,857,143,0.143,0.5047209036685526
748,874,126,0.126,0.49653920002281665
718,859,141,0.141,0.5103100773990155
748,874,126,0.126,0.47861155270412564
716,858,142,0.142,0.4682681678943336
738,869,131,0.131,0.49686969408020376
708,854,146,0.146,0.4668501976877451
766,883,117,0.117,0.5193827226627618
694,847,153,0.153,0.4944003882743418
696,848,152,0.152,0.5087199991345406
730,865,135,0.135,0.48314209922403095
770,885,115,0.115,0.4603439309895039
718,859,141,0.141,0.4820627279318869
778,889,111,0.111,0.45865332179144025
688,844,156,0.156,0.47347200463712213
716,858,142,0.142,0.4824846137687564
722,861,139,0.139,0.48297699934244154
792,896,104,0.104,0.45398322397843005
684,842,158,0.158,0.4857728507402353
786,893,107,0.107,0.4511667401902378
738,869,131,0.131,0.49493590417131783
714,857,143,0.143,0.5110050895251333
774,887,113,0.113,0.4501823498494923
700,850,150,0.15,0.4617485161758959
788,894,106,0.106,0.4260109863132238
788,894,106,0.106,0.45680303587391974
772,886,114,0.114,0.5242192270047963
722,861,139,0.139,0.5159157234355807
708,854,146,0.146,0.48579323023930193
722,861,139,0.139,0.4971417187564075
804,902,98,0.098,0.468204531788826
754,877,123,0.123,0.4948737947829068
678,839,161,0.161,0.5311794005148113
738,869,131,0.131,0.5078913787687197
704,852,148,0.148,0.4925119236111641
736,868,132,0.132,0.49664424670487645
764,882,118,0.118,0.4363210982233286
722,861,139,0.139,0.49458671699091794
762,881,119,0.119,0.4883781969919801
688,844,156,0.156,0.47000357627496125
724,862,138,0.138,0.4603798664547503
800,900,100,0.1,0.46862106390623376
776,888,112,0.112,0.45617387545853855
710,855,145,0.145,0.4750780109986663
692,846,154,0.154,0.4826461057215929
746,873,127,0.127,0.4926969314701855
704,852,148,0.148,0.48413918406516315
778,889,111,0.111,0.4461772938258946
738,869,131,0.131,0.4918035417385399
740,870,130,0.13,0.466674759671092
722,861,139,0.139,0.47832659745961426
770,885,115,0.115,0.4524672067761421
674,837,163,0.163,0.5522148265503347
704,852,148,0.148,0.44453298394382
754,877,123,0.123,0.4951956817619503
738,869,131,0.131,0.4978818566724658
724,862,138,0.138,0.46816316663473845
792,896,104,0.104,0.4545914220549166
754,877,123,0.123,0.48406831090711055
766,883,117,0.117,0.46933828166499736
740,870,130,0.13,0.4901060039848089
804,902,98,0.098,0.4548469892181456
690,845,155,0.155,0.49741133249923586
802,901,99,0.099,0.4301391802318394
786,893,107,0.107,0.4415444417335093
708,854,146,0.146,0.45639374502375724
774,887,113,0.113,0.4351631984747946
738,869,131,0.131,0.47159727769810705
750,875,125,0.125,0.47855112338624894
726,863,137,0.137,0.4833666713386774
764,882,118,0.118,0.45224622857943175
746,873,127,0.127,0.48082125692814587
714,857,143,0.143,0.48635691532492636
730,865,135,0.135,0.49265686539560555
752,876,124,0.124,0.4353813817538321
766,883,117,0.117,0.467197648011148
706,853,147,0.147,0.4672364667952061
738,869,131,0.131,0.4506789516583085
744,872,128,0.128,0.4330385619662702
742,871,129,0.129,0.42056311704218385
766,883,117,0.117,0.45780160374194384
708,854,146,0.146,0.46314145265705886
706,853,147,0.147,0.48700551012530924
742,871,129,0.129,0.47618813869729637
806,903,97,0.097,0.43189480267558245
716,858,142,0.142,0.4554885245412588
726,863,137,0.137,0.44870338363945483
808,904,96,0.096,0.437287782818079
732,866,134,0.134,0.4210599401332438
660,830,170,0.17,0.489062781214714
722,861,139,0.139,0.4509078388400376
754,877,123,0.123,0.43811086198315025
812,906,94,0.094,0.4303579941168427
680,840,160,0.16,0.4366404285095632
764,882,118,0.118,0.42073471415787933
740,870,130,0.13,0.43697926509566604
774,887,113,0.113,0.42781398446671665
698,849,151,0.151,0.45521103738993407
762,881,119,0.119,0.4172162520587444
684,842,158,0.158,0.48104606856778265
720,860,140,0.14,0.4645889343880117
730,865,135,0.135,0.4807124566026032
764,882,118,0.118,0.4532024118481204
790,895,105,0.105,0.42940540573000907
758,879,121,0.121,0.4405883581433445
738,869,131,0.131,0.4698723994717002
724,862,138,0.138,0.427444401640445
712,856,144,0.144,0.4908987228833139
778,889,111,0.111,0.49055541379749773
744,872,128,0.128,0.46415572182228787
702,851,149,0.149,0.46957064580917357
730,865,135,0.135,0.43118077120929954
674,837,163,0.163,0.48078281358629466
732,866,134,0.134,0.4467722220346332
704,852,148,0.148,0.45184616205841305
758,879,121,0.121,0.49048375159408897
684,842,158,0.158,0.45525259731709955
734,867,133,0.133,0.4659778669886291
714,857,143,0.143,0.47144610227644446
742,871,129,0.129,0.38751399439387024
672,836,164,0.164,0.4789162522442639
690,845,155,0.155,0.45188990704715254
670,835,165,0.165,0.4598410173440352
750,875,125,0.125,0.461611819408834
776,888,112,0.112,0.4318469313979149
742,871,129,0.129,0.4086341893915087
764,882,118,0.118,0.43867396192625163
768,884,116,0.116,0.413737675966695
794,897,103,0.103,0.4562032232359052
760,880,120,0.12,0.4346718852855265
726,863,137,0.137,0.45447855684161187
746,873,127,0.127,0.453841300945729
808,904,96,0.096,0.4476363706309348
738,869,131,0.131,0.4162862283140421
708,854,146,0.146,0.479676302138716
784,892,108,0.108,0.3978115477338433
794,897,103,0.103,0.44174839520454406
758,879,121,0.121,0.430519606936723
756,878,122,0.122,0.43075990701280537
760,880,120,0.12,0.4496359724588692
748,874,126,0.126,0.41998512741178273
824,912,88,0.088,0.43569549641385674
792,896,104,0.104,0.4121997332200408
736,868,132,0.132,0.4404049421772361
792,896,104,0.104,0.4037020011469722
756,878,122,0.122,0.4015401516207494
710,855,145,0.145,0.4458061871491373
728,864,136,0.136,0.4618035387210548
808,904,96,0.096,0.43072902558743953
714,857,143,0.143,0.459925787193235
720,860,140,0.14,0.46574944369122384
778,889,111,0.111,0.38616090672649445
732,866,134,0.134,0.4444928609104827
766,883,117,0.117,0.4118928195461631
734,867,133,0.133,0.47092603048868475
752,876,124,0.124,0.44049887455627323
766,883,117,0.117,0.4057267519645393
734,867,133,0.133,0.45057260087504986
732,866,134,0.134,0.44655600587651134
664,832,168,0.168,0.4522848583087325
716,858,142,0.142,0.4299744451455772
774,887,113,0.113,0.4185314346961677
758,879,121,0.121,0.42954265873134134
738,869,131,0.131,0.45713358000293375
744,872,128,0.128,0.5029022674672305
756,878,122,0.122,0.4419960234388709
706,853,147,0.147,0.4766231334321201
756,878,122,0.122,0.4293955365680158
742,871,129,0.129,0.41934330005943776
720,860,140,0.14,0.4272094376180321
632,816,184,0.184,0.5211191431209445
736,868,132,0.132,0.42394650861248373
738,869,131,0.131,0.46134398997947573
806,903,97,0.097,0.38592299370467664
784,892,108,0.108,0.42635356802493335
710,855,145,0.145,0.42609510495513675
728,864,136,0.136,0.43418654560670256
746,873,127,0.127,0.42460547791048886
694,847,153,0.153,0.4504500434063375
774,887,113,0.113,0.4417156651429832
716,858,142,0.142,0.4363619566820562
770,885,115,0.115,0.4366179827582091
766,883,117,0.117,0.41433485675789417
732,866,134,0.134,0.4339503868035972
718,859,141,0.141,0.4342744394466281
784,892,108,0.108,0.42390977136045693
666,833,167,0.167,0.4720454744361341
786,893,107,0.107,0.42439332883805037
732,866,134,0.134,0.4773026398718357
796,898,102,0.102,0.4057181156612933
712,856,144,0.144,0.4640387445129454
786,893,107,0.107,0.4338452915772796
710,855,145,0.145,0.44564205610565844
700,850,150,0.15,0.46357608533650635
736,868,132,0.132,0.4489932447373867
718,859,141,0.141,0.4572419715821743
750,875,125,0.125,0.4413043048493564
788,894,106,0.106,0.4230998855009675
736,868,132,0.132,0.43970638783276084
784,892,108,0.108,0.4320232918839902
718,859,141,0.141,0.4705981572791934
806,903,97,0.097,0.41695428039878607
770,885,115,0.115,0.4216493056714535
790,895,105,0.105,0.43808720929548145
730,865,135,0.135,0.43719058476760986
734,867,133,0.133,0.42297151985391973
722,861,139,0.139,0.4604903257843107
768,884,116,0.116,0.4054233817644417
720,860,140,0.14,0.4357771705240011
768,884,116,0.116,0.4343271243087947
632,816,184,0.184,0.47428568949922917
670,835,165,0.165,0.4475261117890477
720,860,140,0.14,0.45534825425222514
772,886,114,0.114,0.41435327665135263
778,889,111,0.111,0.44678441333957014
708,854,146,0.146,0.4389466129187495
774,887,113,0.113,0.4257518026679754
736,868,132,0.132,0.41607396939769387
712,856,144,0.144,0.44556009233556687
764,882,118,0.118,0.4559977168031037
754,877,123,0.123,0.43804681415483354
708,854,146,0.146,0.454617320548743
700,850,150,0.15,0.47720073940604923
832,916,84,0.084,0.4201143845021725
750,875,125,0.125,0.4128165958672762
666,833,167,0.167,0.4804356150571257
752,876,124,0.124,0.4448120678141713
694,847,153,0.153,0.44873566694185135
758,879,121,0.121,0.45203562698885796
742,871,129,0.129,0.48777106082066896
706,853,147,0.147,0.49018739988468585
732,866,134,0.134,0.420897713534534
770,885,115,0.115,0.43013508631847797
696,848,152,0.152,0.4557824602872133
738,869,131,0.131,0.45570037407428027
802,901,99,0.099,0.40881489672884347
718,859,141,0.141,0.4535713963825256
676,838,162,0.162,0.4578727795481682
736,868,132,0.132,0.4298241341039538
790,895,105,0.105,0.44687375671043994
702,851,149,0.149,0.47094769394397734
772,886,114,0.114,0.4187695930059999
706,853,147,0.147,0.4428688106946647
744,872,128,0.128,0.4267046333886683
680,840,160,0.16,0.4468795304521918
756,878,122,0.122,0.4378641459420323
780,890,110,0.11,0.444282698944211
738,869,131,0.131,0.4347996116504073
770,885,115,0.115,0.41275449584051965
786,893,107,0.107,0.40841958529874683
742,871,129,0.129,0.4407978208810091
694,847,153,0.153,0.44368153913505376
710,855,145,0.145,0.4369034564420581
764,882,118,0.118,0.39178765510208907
798,899,101,0.101,0.4393558411709964
782,891,109,0.109,0.4312230667695403
736,868,132,0.132,0.4062358763385564
750,875,125,0.125,0.429423600461334
760,880,120,0.12,0.4579411295875907
718,859,141,0.141,0.4273378948550671
760,880,120,0.12,0.41917456408590076
712,856,144,0.144,0.44187051327992233
688,844,156,0.156,0.4424284296967089
760,880,120,0.12,0.3928542901612818
670,835,165,0.165,0.416067194391042
726,863,137,0.137,0.4221920466646552
752,876,124,0.124,0.4379606996923685
760,880,120,0.12,0.4105724177658558
786,893,107,0.107,0.4191186095094308
736,868,132,0.132,0.44319897959008814
800,900,100,0.1,0.3772028184197843
750,875,125,0.125,0.42433961990103125
764,882,118,0.118,0.40066728020831943
748,874,126,0.126,0.4248139804191887
756,878,122,0.122,0.3860629812553525
798,899,101,0.101,0.3932882390581071
768,884,116,0.116,0.42832114493101836
708,854,146,0.146,0.44983940372802317
762,881,119,0.119,0.4006502623483539
732,866,134,0.134,0.41254235041514037
764,882,118,0.118,0.409450107306242
754,877,123,0.123,0.43212012932635846
806,903,97,0.097,0.3897752694990486
720,860,140,0.14,0.41706942866183816
700,850,150,0.15,0.4139108957871795
664,832,168,0.168,0.4502627545055002
698,849,151,0.151,0.4242260997928679
670,835,165,0.165,0.4452896933462471
790,895,105,0.105,0.42481879906356335
742,871,129,0.129,0.435624443102628
668,834,166,0.166,0.4724699672311544
782,891,109,0.109,0.42326572962664066
702,851,149,0.149,0.45372328032180664
756,878,122,0.122,0.4183913910873234
802,901,99,0.099,0.39480922688171266
712,856,144,0.144,0.43525209712609647
650,825,175,0.175,0.4394360333420336
688,844,156,0.156,0.4391672099791467
670,835,165,0.165,0.4286944053992629
730,865,135,0.135,0.4521793207637966
774,887,113,0.113,0.43961948292702435
664,832,168,0.168,0.4530409336872399
696,848,152,0.152,0.4258730867188424
758,879,121,0.121,0.40557648484036324
782,891,109,0.109,0.4080820861430839
772,886,114,0.114,0.390987239446491
750,875,125,0.125,0.4324837474226952
760,880,120,0.12,0.41389562951400877
814,907,93,0.093,0.3829786945078522
732,866,134,0.134,0.43135897601768375
770,885,115,0.115,0.40577604204788803
760,880,120,0.12,0.4150270557142794
682,841,159,0.159,0.43747841007262467
784,892,108,0.108,0.4060227305740118
730,865,135,0.135,0.4075410552807152
726,863,137,0.137,0.39546533520892263
750,875,125,0.125,0.4488923079073429
742,871,129,0.129,0.4274885644949973
746,873,127,0.127,0.40029809646867215
792,896,104,0.104,0.4078943838402629
722,861,139,0.139,0.4486486688349396
752,876,124,0.124,0.42635882349312304
728,864,136,0.136,0.42132440706528723
720,860,140,0.14,0.43451947764120996
802,901,99,0.099,0.4002144733592868
718,859,141,0.141,0.4193653239011765
716,858,142,0.142,0.4593168122563511
780,890,110,0.11,0.3831678686402738
798,899,101,0.101,0.375912222975865
736,868,132,0.132,0.4591199902780354
762,881,119,0.119,0.3709112358726561
774,887,113,0.113,0.39455615041963754
786,893,107,0.107,0.3873223481923342
710,855,145,0.145,0.4272344369366765
738,869,131,0.131,0.41810789903625845
786,893,107,0.107,0.36847471455298364
746,873,127,0.127,0.40143172850087283
770,885,115,0.115,0.41410002294927833
716,858,142,0.142,0.4114503714684397
688,844,156,0.156,0.431631626913324
662,831,169,0.169,0.4603498621508479
768,884,116,0.116,0.3882452445998788
764,882,118,0.118,0.39071384792029856
730,865,135,0.135,0.43385914946720006
712,856,144,0.144,0.42262698137387633
760,880,120,0.12,0.42257441190630196
734,867,133,0.133,0.4398992739133537
708,854,146,0.146,0.4471439957153052
730,865,135,0.135,0.4219469502903521
692,846,154,0.154,0.41628775960579517
730,865,135,0.135,0.3971932200528681
766,883,117,0.117,0.4189762886501849
750,875,125,0.125,0.4012630543485284
740,870,130,0.13,0.4057669525258243
736,868,132,0.132,0.38339396253973246
736,868,132,0.132,0.3988859271891415
762,881,119,0.119,0.38847982995584607
728,864,136,0.136,0.37506861666217445
774,887,113,0.113,0.43366186116216704
714,857,143,0.143,0.41769128014519813
676,838,162,0.162,0.39880732967704535
728,864,136,0.136,0.41867258460447193
708,854,146,0.146,0.41077343772351743
730,865,135,0.135,0.4031395870037377
786,893,107,0.107,0.4047916140332818
756,878,122,0.122,0.371232090651989
812,906,94,0.094,0.41297197790443896
732,866,134,0.134,0.43911790454387667
838,919,81,0.081,0.39502662879787387
766,883,117,0.117,0.36622899216413496
736,868,132,0.132,0.4245685457289219
700,850,150,0.15,0.4645348842237145
766,883,117,0.117,0.37738221004605293
652,826,174,0.174,0.41988217380829157
786,893,107,0.107,0.3845980552453548
736,868,132,0.132,0.4075523201299366
732,866,134,0.134,0.3991765682734549
704,852,148,0.148,0.4153437838032842
696,848,152,0.152,0.468008665679954
732,866,134,0.134,0.4098299299292266
704,852,148,0.148,0.4456508642993867
734,867,133,0.133,0.44022247816994786
720,860,140,0.14,0.3740349627621472
690,845,155,0.155,0.4282439313717186
742,871,129,0.129,0.3796060121841729
716,858,142,0.142,0.41824163104686884
768,884,116,0.116,0.3997947826758027
746,873,127,0.127,0.392908083550632
772,886,114,0.114,0.42219582325778904
714,857,143,0.143,0.4092425037771463
708,854,146,0.146,0.4093520079990849
726,863,137,0.137,0.4164310490284115
752,876,124,0.124,0.43470721927657724
714,857,143,0.143,0.43049658787250517
754,877,123,0.123,0.4003587416820228
662,831,169,0.169,0.42929856112599374
722,861,139,0.139,0.4249652613708749
786,893,107,0.107,0.4061147080399096
702,851,149,0.149,0.4468016835451126
718,859,141,0.141,0.39778257178887727
792,896,104,0.104,0.4137751772943884
834,917,83,0.083,0.358205104643479
746,873,127,0.127,0.41297939767688513
742,871,129,0.129,0.4004625133480877
678,839,161,0.161,0.4436121349595487
720,860,140,0.14,0.43425001914799216
764,882,118,0.118,0.4023507316708565
692,846,154,0.154,0.42749834143882615
724,862,138,0.138,0.4273813660629094
750,875,125,0.125,0.432451629254967
722,861,139,0.139,0.39740910452511163
756,878,122,0.122,0.4018080796487629
696,848,152,0.152,0.44156929818540813
736,868,132,0.132,0.4338345715776086
724,862,138,0.138,0.42933145028725267
638,819,181,0.181,0.4435970288589597
748,874,126,0.126,0.41253736679255965
754,877,123,0.123,0.41298669335618615
724,862,138,0.138,0.42924023685231805
762,881,119,0.119,0.38168017120379955
760,880,120,0.12,0.40998561153933405
712,856,144,0.144,0.4375693636126816
760,880,120,0.12,0.39497720689699056
752,876,124,0.124,0.36755761769134554
754,877,123,0.123,0.41678979666158555
756,878,122,0.122,0.39849077589437365
752,876,124,0.124,0.3915319829173386
700,850,150,0.15,0.43755874637141823
766,883,117,0.117,0.3517772146863863
748,874,126,0.126,0.4355410525389016
732,866,134,0.134,0.40914265117887405
850,925,75,0.075,0.3872687963563949
682,841,159,0.159,0.4092494250871241
774,887,113,0.113,0.4021446704827249
690,845,155,0.155,0.43471424645558
790,895,105,0.105,0.3839846076909453
768,884,116,0.116,0.38221956305485216
770,885,115,0.115,0.41413057267293335
756,878,122,0.122,0.3934725850429386
720,860,140,0.14,0.4319204916600138
778,889,111,0.111,0.4313197432924062
782,891,109,0.109,0.38197514685988426
740,870,130,0.13,0.38016909336298704
774,887,113,0.113,0.3682764733415097
720,860,140,0.14,0.4036493861619383
730,865,135,0.135,0.40061495583504436
778,889,111,0.111,0.382692008394748
778,889,111,0.111,0.40506413383223117
776,888,112,0.112,0.3710651252102107
780,890,110,0.11,0.3593249913491309
728,864,136,0.136,0.4093954806420952
688,844,156,0.156,0.4462589864879847
698,849,151,0.151,0.42735488183237613
804,902,98,0.098,0.35203324596304447
752,876,124,0.124,0.38304906222224233
792,896,104,0.104,0.324383069191128
740,870,130,0.13,0.4123483852259815
802,901,99,0.099,0.3516292249597609
754,877,123,0.123,0.3891892244908959
744,872,128,0.128,0.3843454466480762
752,876,124,0.124,0.40933212416991593
724,862,138,0.138,0.37998715437576175
762,881,119,0.119,0.37373229805752634
826,913,87,0.087,0.35606558676995337
748,874,126,0.126,0.39181623090803624
798,899,101,0.101,0.32506189431622623
736,868,132,0.132,0.3604087161794305
760,880,120,0.12,0.3454976025633514
810,905,95,0.095,0.346689827834256
766,883,117,0.117,0.37629877917468546
764,882,118,0.118,0.4023328907899559
812,906,94,0.094,0.3550268320031464
732,866,134,0.134,0.35631101063266396
766,883,117,0.117,0.3773814268037677
744,872,128,0.128,0.36915445813164116
728,864,136,0.136,0.3809505562763661
724,862,138,0.138,0.35132731354935093
762,881,119,0.119,0.36655015069339425
712,856,144,0.144,0.3731060544103384
752,876,124,0.124,0.36581912960112095
746,873,127,0.127,0.3986116576222703
666,833,167,0.167,0.4079482330773026
724,862,138,0.138,0.40212727067992093
734,867,133,0.133,0.378529431598261
748,874,126,0.126,0.35931370466575024
774,887,113,0.113,0.3606036765649915
680,840,160,0.16,0.4280265804808587
762,881,119,0.119,0.3638358213044703
774,887,113,0.113,0.3841877338960767
696,848,152,0.152,0.38161745859496293
776,888,112,0.112,0.3795897063277662
752,876,124,0.124,0.34641998605430124
756,878,122,0.122,0.3578381677530706
806,903,97,0.097,0.3743105019200593
748,874,126,0.126,0.3763618777822703
786,893,107,0.107,0.3703896964378655
754,877,123,0.123,0.3612826040443033
806,903,97,0.097,0.36962234928039833
748,874,126,0.126,0.4048428357113153
764,882,118,0.118,0.3760957044661045
740,870,130,0.13,0.3893539208397269
730,865,135,0.135,0.40117096300423144
730,865,135,0.135,0.38842040790244936
748,874,126,0.126,0.3844115758985281
786,893,107,0.107,0.3612257265113294
738,869,131,0.131,0.39373581294715404
732,866,134,0.134,0.3738864415176213
726,863,137,0.137,0.37525051353499295
718,859,141,0.141,0.4239799267165363
780,890,110,0.11,0.3553886463791132
690,845,155,0.155,0.3976287745423615
740,870,130,0.13,0.3906322466228157
760,880,120,0.12,0.375618593916297
742,871,129,0.129,0.36608071547094734
666,833,167,0.167,0.3805716197229922
732,866,134,0.134,0.35676705195382236
808,904,96,0.096,0.3599887539688498
704,852,148,0.148,0.37763339818455277
686,843,157,0.157,0.3876946670860052
724,862,138,0.138,0.36646775440499185
694,847,153,0.153,0.37450047423131766
700,850,150,0.15,0.4056913274861872
746,873,127,0.127,0.35864849148783834
828,914,86,0.086,0.3417876062374562
774,887,113,0.113,0.3834879824053496
748,874,126,0.126,0.3650430457293987
772,886,114,0.114,0.3816911381483078
760,880,120,0.12,0.38136110673099755
754,877,123,0.123,0.3894048898238689
734,867,133,0.133,0.3681821824144572
740,870,130,0.13,0.38092054683715104
768,884,116,0.116,0.36643432101234796
796,898,102,0.102,0.37383188359625635
754,877,123,0.123,0.3642489442303777
780,890,110,0.11,0.3723512296471745
806,903,97,0.097,0.35099258621642365
742,871,129,0.129,0.39243956364691257
720,860,140,0.14,0.3982577863633633
774,887,113,0.113,0.3598822993058711
706,853,147,0.147,0.38300510516390207
772,886,114,0.114,0.34641083409357815
702,851,149,0.149,0.37305506550427525
750,875,125,0.125,0.372064271228388
748,874,126,0.126,0.37374221259448676
740,870,130,0.13,0.3864352723713964
752,876,124,0.124,0.35159857390634713
718,859,141,0.141,0.365624557973817
762,881,119,0.119,0.3931314049847424
768,884,116,0.116,0.3724496436454356
724,862,138,0.138,0.3906414553746581
754,877,123,0.123,0.37936192739382385
764,882,118,0.118,0.3550009875411633
736,868,132,0.132,0.376920521793887
796,898,102,0.102,0.3517617754787207
748,874,126,0.126,0.3672390846759081
714,857,143,0.143,0.33814305780827997
694,847,153,0.153,0.39205606798827647
748,874,126,0.126,0.35390647339820863
718,859,141,0.141,0.3589910293221474
746,873,127,0.127,0.4028359496705234
736,868,132,0.132,0.3463410530593246
708,854,146,0.146,0.38761990221589804
768,884,116,0.116,0.3502149608898908
808,904,96,0.096,0.3615168796610087
738,869,131,0.131,0.3919555725287646
728,864,136,0.136,0.3834893692638725
810,905,95,0.095,0.3418214194048196
748,874,126,0.126,0.37706915828585624
748,874,126,0.126,0.3551888631694019
724,862,138,0.138,0.3788366505820304
758,879,121,0.121,0.36519362360332164
828,914,86,0.086,0.3621594282295555
762,881,119,0.119,0.367876217328012
740,870,130,0.13,0.35528970406763255
772,886,114,0.114,0.3681862275544554
788,894,106,0.106,0.3514579580873251
740,870,130,0.13,0.3619562870990485
704,852,148,0.148,0.3724346729815006
700,850,150,0.15,0.38674286513589323
744,872,128,0.128,0.35869747557491066
716,858,142,0.142,0.3738488564547151
764,882,118,0.118,0.3677369582019746
820,910,90,0.09,0.33574598097614944
756,878,122,0.122,0.3708618515897542
718,859,141,0.141,0.4160448450893164
700,850,150,0.15,0.389410315528512
738,869,131,0.131,0.36598572762869297
746,873,127,0.127,0.3581925249658525
810,905,95,0.095,0.34691070712544025
730,865,135,0.135,0.4025757745616138
728,864,136,0.136,0.3764572167675942
688,844,156,0.156,0.37103394375741483
736,868,132,0.132,0.36037229383178054
780,890,110,0.11,0.32358601528592407
706,853,147,0.147,0.40549312948994337
688,844,156,0.156,0.40472670644707975
744,872,128,0.128,0.4112446789778769
710,855,145,0.145,0.37150240599177775
732,866,134,0.134,0.371162231406197
780,890,110,0.11,0.3664344127997756
804,902,98,0.098,0.3525571561791003
794,897,103,0.103,0.37051034572161734
764,882,118,0.118,0.3461242058053613
764,882,118,0.118,0.3496376719176769
748,874,126,0.126,0.37268441848829387
724,862,138,0.138,0.3782047184668481
738,869,131,0.131,0.36432834723219276
722,861,139,0.139,0.38790555926412346
728,864,136,0.136,0.35572317738831044
742,871,129,0.129,0.35125527836941184
714,857,143,0.143,0.3714089999757707
738,869,131,0.131,0.37109836614876984
758,879,121,0.121,0.3558311102371663
722,861,139,0.139,0.38693540640175345
698,849,151,0.151,0.38204465512093155
746,873,127,0.127,0.3686772821461782
778,889,111,0.111,0.3442107245437801
712,856,144,0.144,0.38700512157194317
734,867,133,0.133,0.38098022393509745
782,891,109,0.109,0.346395754262805
812,906,94,0.094,0.36409950157254933
742,871,129,0.129,0.3768905110601336
746,873,127,0.127,0.33069578188844023
698,849,151,0.151,0.36475611447542905
790,895,105,0.105,0.34453531135059895
758,879,121,0.121,0.3567513846233487
702,851,149,0.149,0.35948505996726454
724,862,138,0.138,0.3767620996106416
744,872,128,0.128,0.3395839772578329
704,852,148,0.148,0.3943747331574559
758,879,121,0.121,0.3434276307746768
746,873,127,0.127,0.35508624416962264
788,894,106,0.106,0.33549003138020633
776,888,112,0.112,0.35456702546961605
702,851,149,0.149,0.3904990656860173
770,885,115,0.115,0.3719326136019081
746,873,127,0.127,0.3371419175863266
768,884,116,0.116,0.3640464726258069
758,879,121,0.121,0.33115875771641734
754,877,123,0.123,0.35338752167392523
790,895,105,0.105,0.35419532567076384
744,872,128,0.128,0.36034163596574215
746,873,127,0.127,0.35031220187153667
762,881,119,0.119,0.32683760214038193
770,885,115,0.115,0.3453776634372771
734,867,133,0.133,0.35586783781275155
754,877,123,0.123,0.33904581580124793
676,838,162,0.162,0.4072757592620328
706,853,147,0.147,0.36340890802815556
704,852,148,0.148,0.368635071631521
736,868,132,0.132,0.3792496109325439
738,869,131,0.131,0.3810787347937003
664,832,168,0.168,0.3845059256143868
800,900,100,0.1,0.3256163601987064
808,904,96,0.096,0.32516756234318017
726,863,137,0.137,0.35286902117915453
778,889,111,0.111,0.3566823735050857
742,871,129,0.129,0.3673793953638524
804,902,98,0.098,0.3250439320914447
708,854,146,0.146,0.3742268826086074
736,868,132,0.132,0.3731243262644857
780,890,110,0.11,0.33935385828092696
752,876,124,0.124,0.34309153867326675
674,837,163,0.163,0.3798684830777347
744,872,128,0.128,0.380087566845119
756,878,122,0.122,0.3478619352579117
790,895,105,0.105,0.3354403893034905
732,866,134,0.134,0.3761088579688221
706,853,147,0.147,0.3475848442465067
714,857,143,0.143,0.3619815026726574
750,875,125,0.125,0.3594865037770942
778,889,111,0.111,0.36750345976278187
788,894,106,0.106,0.36162644761428236
718,859,141,0.141,0.38611679360456763
760,880,120,0.12,0.3856168069858104
740,870,130,0.13,0.3632426995318383
732,866,134,0.134,0.35149455566890536
730,865,135,0.135,0.37171762380562723
734,867,133,0.133,0.37915832760743795
788,894,106,0.106,0.35125430784374473
778,889,111,0.111,0.3626242821831256
754,877,123,0.123,0.3622633219752461
688,844,156,0.156,0.37662677574530246
794,897,103,0.103,0.3487177597768605
764,882,118,0.118,0.35219767353497444
808,904,96,0.096,0.3285392616391182
710,855,145,0.145,0.3862501587532461
750,875,125,0.125,0.3661190378116444
840,920,80,0.08,0.3062278223186731
750,875,125,0.125,0.33786378903873265
748,874,126,0.126,0.35333778111450376
732,866,134,0.134,0.37236767426691947
728,864,136,0.136,0.3838061332553625
782,891,109,0.109,0.36496950903721154
662,831,169,0.169,0.4269922613408417
784,892,108,0.108,0.343398930599913
706,853,147,0.147,0.3844061350300908
724,862,138,0.138,0.34249333241581914
774,887,113,0.113,0.3454105950593948
752,876,124,0.124,0.3549547024043277
800,900,100,0.1,0.3380673655420542
714,857,143,0.143,0.36494598659314215
756,878,122,0.122,0.33756913016177714
786,893,107,0.107,0.32853323661908507
766,883,117,0.117,0.33891991855576636
764,882,118,0.118,0.3210189151330851
630,815,185,0.185,0.38434429922513663
840,920,80,0.08,0.355091543328017
742,871,129,0.129,0.3814216739330441
756,878,122,0.122,0.35275745115056634
776,888,112,0.112,0.33512561235576865
776,888,112,0.112,0.3358053926359862
752,876,124,0.124,0.35774327198881656
694,847,153,0.153,0.380871553670615
700,850,150,0.15,0.3385780543722212
732,866,134,0.134,0.35917253482155503
736,868,132,0.132,0.3498293890468776
724,862,138,0.138,0.34962552939727903
776,888,112,0.112,0.3275319036189467
778,889,111,0.111,0.3141989440266043
684,842,158,0.158,0.4019113906882703
784,892,108,0.108,0.31296411241404715
744,872,128,0.128,0.3509840147458017
782,891,109,0.109,0.3500790587738156
754,877,123,0.123,0.3443814443871379
766,883,117,0.117,0.3534231887208298
762,881,119,0.119,0.3634364348575473
742,871,129,0.129,0.35087999894842503
682,841,159,0.159,0.39860141308605673
716,858,142,0.142,0.3795380414370447
688,844,156,0.156,0.40111945270933214
726,863,137,0.137,0.35652120304666457
820,910,90,0.09,0.3274832623396069
790,895,105,0.105,0.3343790815901011
774,887,113,0.113,0.34881219918839634
646,823,177,0.177,0.3880396367348731
806,903,97,0.097,0.34402954651042816
624,812,188,0.188,0.38363290825299917
758,879,121,0.121,0.36104741630144416
768,884,116,0.116,0.309194509094581
722,861,139,0.139,0.364592577053234
746,873,127,0.127,0.3365832290165126
766,883,117,0.117,0.3759236733894795
710,855,145,0.145,0.39197593059390784
736,868,132,0.132,0.33520188360102476
778,889,111,0.111,0.31890438015013933
726,863,137,0.137,0.3736906471019611
756,878,122,0.122,0.32970650850050154
792,896,104,0.104,0.3330539581924677
728,864,136,0.136,0.3543267997391522
756,878,122,0.122,0.36705507093295453
742,871,129,0.129,0.357371585519053
782,891,109,0.109,0.3391335064657032
772,886,114,0.114,0.358282071787864
760,880,120,0.12,0.3719208286909852
756,878,122,0.122,0.3343577696736902
718,859,141,0.141,0.37631542307138444
706,853,147,0.147,0.36619651127792896
772,886,114,0.114,0.3114583865364548
756,878,122,0.122,0.31871099584922197
778,889,111,0.111,0.3197219050657004
786,893,107,0.107,0.32728249159641565
708,854,146,0.146,0.3492377769909799
760,880,120,0.12,0.33090897028078325
796,898,102,0.102,0.33146180846914647
802,901,99,0.099,0.30909502058010546
712,856,144,0.144,0.33468017146363854
784,892,108,0.108,0.33792752324044706
742,871,129,0.129,0.364426436342299
762,881,119,0.119,0.3300381202511489
730,865,135,0.135,0.3515092931464314
756,878,122,0.122,0.30203957535512743
772,886,114,0.114,0.3351628366429359
728,864,136,0.136,0.3640322285620496
774,887,113,0.113,0.3079723042668775
712,856,144,0.144,0.306341251780279
636,818,182,0.182,0.3688538200557232
746,873,127,0.127,0.33612020343355836
704,852,148,0.148,0.35335689775645734
758,879,121,0.121,0.3180644112136215
754,877,123,0.123,0.3283748508747667
822,911,89,0.089,0.30050517902523277
734,867,133,0.133,0.33961311137489975
736,868,132,0.132,0.34791820526961237
814,907,93,0.093,0.3030551852248609
804,902,98,0.098,0.32634014860354366
758,879,121,0.121,0.3271658174991608
788,894,106,0.106,0.33959659619629384
762,881,119,0.119,0.3694369237534702
734,867,133,0.133,0.33470383162051437
698,849,151,0.151,0.33427172116935255
768,884,116,0.116,0.3535930773802102
730,865,135,0.135,0.38978006663918496
744,872,128,0.128,0.33526955760084093
742,871,129,0.129,0.30420636098273096
744,872,128,0.128,0.329524112701416
706,853,147,0.147,0.3233766623865813
806,903,97,0.097,0.3023814667742699
748,874,126,0.126,0.34489195943716916
708,854,146,0.146,0.3842387952003628
792,896,104,0.104,0.29656444111838937
690,845,155,0.155,0.3728400893248618
696,848,152,0.152,0.3753034951966256
690,845,155,0.155,0.3924472377439961
730,865,135,0.135,0.3586503923665732
796,898,102,0.102,0.3112243621386588
752,876,124,0.124,0.32859403719194236
790,895,105,0.105,0.36189519609883425
800,900,100,0.1,0.32756046902388336
758,879,121,0.121,0.3647157180868089
764,882,118,0.118,0.34401979490555823
826,913,87,0.087,0.3341240591350943
722,861,139,0.139,0.3384499507155269
732,866,134,0.134,0.32292373001948
718,859,141,0.141,0.3275133095588535
742,871,129,0.129,0.3386302730422467
748,874,126,0.126,0.3293141334489919
738,869,131,0.131,0.32299615904316303
712,856,144,0.144,0.3392211415125057
682,841,159,0.159,0.37159663756378
708,854,146,0.146,0.3573766332073137
750,875,125,0.125,0.3092946198601276
746,873,127,0.127,0.32827172259800136
764,882,118,0.118,0.34971695121377705
750,875,125,0.125,0.3550470916647464
752,876,124,0.124,0.33514821290038527
754,877,123,0.123,0.3166931240670383
750,875,125,0.125,0.3309504514634609
802,901,99,0.099,0.3289630112089217
740,870,130,0.13,0.28809179317299277
728,864,136,0.136,0.3485514304023236
706,853,147,0.147,0.31820821103453634
764,882,118,0.118,0.32363113888166845
690,845,155,0.155,0.33809852227568626
724,862,138,0.138,0.3306960965376347
764,882,118,0.118,0.3348340723104775
732,866,134,0.134,0.33090951170958577
728,864,136,0.136,0.2997640237538144
712,856,144,0.144,0.3528350199870765
688,844,156,0.156,0.3553182173520327
720,860,140,0.14,0.330348344810307
706,853,147,0.147,0.33797341232560574
746,873,127,0.127,0.3130080022364855
790,895,105,0.105,0.28964676436129955
800,900,100,0.1,0.3344422802114859
744,872,128,0.128,0.31337993521150204
694,847,153,0.153,0.3387415245808661
748,874,126,0.126,0.3548052871245891
726,863,137,0.137,0.34452592304907736
682,841,159,0.159,0.387600529063493
766,883,117,0.117,0.3342675687307492
740,870,130,0.13,0.33251698431558907
780,890,110,0.11,0.3305106473136693
744,872,128,0.128,0.3141564245354384
728,864,136,0.136,0.31760487639158963
768,884,116,0.116,0.3181171411126852
742,871,129,0.129,0.3552473127972335
696,848,152,0.152,0.30005900803394614
708,854,146,0.146,0.3060320801455528
788,894,106,0.106,0.3137420057654381
686,843,157,0.157,0.34732556125335395
742,871,129,0.129,0.3231533156139776
774,887,113,0.113,0.3351045050155371
706,853,147,0.147,0.3333822286091745
788,894,106,0.106,0.31230097173154353
758,879,121,0.121,0.3188178441803902
698,849,151,0.151,0.34280550472065807
778,889,111,0.111,0.31747160070575775
766,883,117,0.117,0.2917946550063789
780,890,110,0.11,0.32150050416681913
774,887,113,0.113,0.33702632090449336
742,871,129,0.129,0.32769726038817315
662,831,169,0.169,0.35294863788597286
780,890,110,0.11,0.30379294385761024
768,884,116,0.116,0.3205911227166653
764,882,118,0.118,0.3211365682790056
710,855,145,0.145,0.3290684445891529
740,870,130,0.13,0.33758003819361326
814,907,93,0.093,0.3123716319045052
766,883,117,0.117,0.3260852756742388
748,874,126,0.126,0.33702003112249074
804,902,98,0.098,0.29510114434733986
820,910,90,0.09,0.2921217716000974
798,899,101,0.101,0.28814692649059
744,872,128,0.128,0.3190785899255425
716,858,142,0.142,0.36005473844520747
738,869,131,0.131,0.341210522246547
756,878,122,0.122,0.3078811489790678
660,830,170,0.17,0.3671479158625007
700,850,150,0.15,0.335657552562654
768,884,116,0.116,0.3211293903319165
754,877,123,0.123,0.34960636002384127
712,856,144,0.144,0.31874020006135106
718,859,141,0.141,0.28784948006272315
742,871,129,0.129,0.338244058419019
762,881,119,0.119,0.3047767839189619
730,865,135,0.135,0.3180484964149073
736,868,132,0.132,0.35364212169824166
722,861,139,0.139,0.3226108937561512
800,900,100,0.1,0.2772771434206516
726,863,137,0.137,0.32825038861110806
744,872,128,0.128,0.33695898365136234
742,871,129,0.129,0.31780881810374556
698,849,151,0.151,0.3167317066043615
728,864,136,0.136,0.33345543016679585
696,848,152,0.152,0.3248773480989039
740,870,130,0.13,0.28600922037893906
744,872,128,0.128,0.32462379326485097
740,870,130,0.13,0.31958429997833443
732,866,134,0.134,0.31440907379239796
726,863,137,0.137,0.3169304834939539
730,865,135,0.135,0.3147334944028407
780,890,110,0.11,0.31902407930791377
800,900,100,0.1,0.30359942926373334
836,918,82,0.082,0.2998211139049381
730,865,135,0.135,0.3110801898855716
732,866,134,0.134,0.3235247906409204
780,890,110,0.11,0.31041707045212386
796,898,102,0.102,0.32729238613694905
666,833,167,0.167,0.34981268328987064
816,908,92,0.092,0.2836800906844437
788,894,106,0.106,0.3187975304722786
716,858,142,0.142,0.32818461519666015
722,861,139,0.139,0.32086080276872964
758,879,121,0.121,0.33180405536154284
788,894,106,0.106,0.29951500421389937
670,835,165,0.165,0.3714840237945318
738,869,131,0.131,0.2976053826920688
706,853,147,0.147,0.32221121438220146
782,891,109,0.109,0.3074445430529304
804,902,98,0.098,0.2729324467182159
782,891,109,0.109,0.32714874104037883
720,860,140,0.14,0.31758994984440503
708,854,146,0.146,0.34374921217560767
772,886,114,0.114,0.30638806987181305
796,898,102,0.102,0.29990791882760826
712,856,144,0.144,0.3242073336141184
826,913,87,0.087,0.30730639091692863
732,866,134,0.134,0.3287876145746559
784,892,108,0.108,0.3073292378438637
750,875,125,0.125,0.3459768308699131
726,863,137,0.137,0.2997185705685988
776,888,112,0.112,0.28901435676869003
736,868,132,0.132,0.32229899330204353
778,889,111,0.111,0.29703873516526075
718,859,141,0.141,0.34785063088778406
744,872,128,0.128,0.3112133691869676
752,876,124,0.124,0.2824500996014103
676,838,162,0.162,0.3430293345041573
738,869,131,0.131,0.31505104699358344
782,891,109,0.109,0.31621137746423483
692,846,154,0.154,0.3309550826922059
728,864,136,0.136,0.29111015806905927
742,871,129,0.129,0.31149538844358177
764,882,118,0.118,0.2905031235413626
766,883,117,0.117,0.3164401350170374
750,875,125,0.125,0.29953793741669504
706,853,147,0.147,0.3119749659281224
786,893,107,0.107,0.29802366201393304
686,843,157,0.157,0.33490962932258844
746,873,127,0.127,0.3153641068637371
716,858,142,0.142,0.3027842158209533
694,847,153,0.153,0.34692554662004116
768,884,116,0.116,0.3199602274280041
712,856,144,0.144,0.33200412279367447
762,881,119,0.119,0.2982541918726638
686,843,157,0.157,0.3446031500711106
726,863,137,0.137,0.3546889272145927
774,887,113,0.113,0.32573768717981877
716,858,142,0.142,0.34820276279747486
684,842,158,0.158,0.3236719308348838
680,840,160,0.16,0.32498361566290257
774,887,113,0.113,0.2913994548209012
682,841,159,0.159,0.341525845721364
746,873,127,0.127,0.33132950886338947
718,859,141,0.141,0.33828522147145124
754,877,123,0.123,0.2867634900100529
766,883,117,0.117,0.34914792750775814
712,856,144,0.144,0.3411151220202446
706,853,147,0.147,0.32627643474563955
748,874,126,0.126,0.2983023776113987
736,868,132,0.132,0.34388269040733577
740,870,130,0.13,0.30833640396688133
738,869,131,0.131,0.32983955313358454
750,875,125,0.125,0.3124770519528538
732,866,134,0.134,0.3257927667945623
704,852,148,0.148,0.31784988576360046
748,874,126,0.126,0.32075787664204836
742,871,129,0.129,0.3125608367146924
798,899,101,0.101,0.29510853306390344
750,875,125,0.125,0.3094121145922691
794,897,103,0.103,0.2983848008271307
754,877,123,0.123,0.3130874570133165
734,867,133,0.133,0.3067426131106913
800,900,100,0.1,0.3053125139437616
760,880,120,0.12,0.29427361864876
730,865,135,0.135,0.3567393480520695
746,873,127,0.127,0.32729101457167414
762,881,119,0.119,0.32276517675071953
736,868,132,0.132,0.30695017901435495
760,880,120,0.12,0.3072833069683984
722,861,139,0.139,0.3328763078711927
714,857,143,0.143,0.31475220251269637
770,885,115,0.115,0.29544151992630213
786,893,107,0.107,0.29133021029736844
680,840,160,0.16,0.33864455328602344
682,841,159,0.159,0.3042233453700319
742,871,129,0.129,0.29981711426377294
744,872,128,0.128,0.2846224328763783
762,881,119,0.119,0.3058137434236705
732,866,134,0.134,0.3078621734417975
816,908,92,0.092,0.3034984879083931
778,889,111,0.111,0.288697213571053
820,910,90,0.09,0.268380085832905
726,863,137,0.137,0.2884598499210551
724,862,138,0.138,0.30946141416579487
738,869,131,0.131,0.2928544030720368
772,886,114,0.114,0.3192430849894881
726,863,137,0.137,0.3134322730838321
736,868,132,0.132,0.31657909387443217
762,881,119,0.119,0.29775010398961604
710,855,145,0.145,0.32750356842391193
722,861,139,0.139,0.29506401864439247
718,859,141,0.141,0.33957553359679876
772,886,114,0.114,0.2928360688565299
796,898,102,0.102,0.28169471691560466
720,860,140,0.14,0.3084960737321526
766,883,117,0.117,0.2925125506129116
732,866,134,0.134,0.29530110841430723
682,841,159,0.159,0.330325188877061
762,881,119,0.119,0.3278455347325653
760,880,120,0.12,0.30681638850551096
806,903,97,0.097,0.2996684168286156
766,883,117,0.117,0.29448526790738105
742,871,129,0.129,0.29665222800150515
712,856,144,0.144,0.3033842882178724
760,880,120,0.12,0.32102571092545984
742,871,129,0.129,0.3172462227419019
766,883,117,0.117,0.2926478908499703
754,877,123,0.123,0.2944171474575996
784,892,108,0.108,0.30288262530975046
750,875,125,0.125,0.30027726604230703
786,893,107,0.107,0.2974719427786767
752,876,124,0.124,0.31049523494578896
724,862,138,0.138,0.30298722880519924
738,869,131,0.131,0.31867817675322296
714,857,143,0.143,0.33192171436920764
766,883,117,0.117,0.31336897203698755
740,870,130,0.13,0.31474309795163574
738,869,131,0.131,0.30379673585295675
714,857,143,0.143,0.2878816153770313
788,894,106,0.106,0.3041116361543536
706,853,147,0.147,0.3111750216633081
780,890,110,0.11,0.2858199153561145
774,887,113,0.113,0.29984266134072096
828,914,86,0.086,0.26567640038579704
752,876,124,0.124,0.35213180467206984
768,884,116,0.116,0.2817533569633961
742,871,129,0.129,0.3255759334862232
822,911,89,0.089,0.27966668261773886
752,876,124,0.124,0.2877845532298088
758,879,121,0.121,0.2668864606069401
720,860,140,0.14,0.3276484745051712
716,858,142,0.142,0.2813648908492178
754,877,123,0.123,0.29813581680879
718,859,141,0.141,0.32599998053722085
706,853,147,0.147,0.2981961417738348
766,883,117,0.117,0.2688299788404256
772,886,114,0.114,0.29266305730678144
792,896,104,0.104,0.2843325103316456
756,878,122,0.122,0.307577498097904
814,907,93,0.093,0.2729940303526819
744,872,128,0.128,0.27433160461857914
738,869,131,0.131,0.29485249252989887
712,856,144,0.144,0.30264296880364416
796,898,102,0.102,0.30092828705720603
786,893,107,0.107,0.2871269962566439
736,868,132,0.132,0.3022363753374666
762,881,119,0.119,0.2863953636791557
786,893,107,0.107,0.2996202401146293
784,892,108,0.108,0.2951487635727972
810,905,95,0.095,0.27039690883643924
786,893,107,0.107,0.3028635383937508
774,887,113,0.113,0.2856281606797129
742,871,129,0.129,0.3236346894018352
742,871,129,0.129,0.31621773924399166
730,865,135,0.135,0.330651098956354
748,874,126,0.126,0.3097688633874059
808,904,96,0.096,0.2524795327410102
744,872,128,0.128,0.3167183570610359
724,862,138,0.138,0.2915589932780713
772,886,114,0.114,0.3016997564919293
780,890,110,0.11,0.269891818436794
744,872,128,0.128,0.2801293159639463
712,856,144,0.144,0.31299493575422094
790,895,105,0.105,0.27249787252675745
710,855,145,0.145,0.2987429317953065
780,890,110,0.11,0.28248516270518303
646,823,177,0.177,0.31681208866648375
780,890,110,0.11,0.28184858067147434
756,878,122,0.122,0.2681459037037566
782,891,109,0.109,0.2653840679228306
726,863,137,0.137,0.3041372147338989
702,851,149,0.149,0.2980356537308544
764,882,118,0.118,0.29812580365873875
732,866,134,0.134,0.3174523936975747
704,852,148,0.148,0.33427697995863853
742,871,129,0.129,0.3037979450263083
732,866,134,0.134,0.2964571470376104
786,893,107,0.107,0.27382486309763043
768,884,116,0.116,0.3093473486639559
726,863,137,0.137,0.3057795946174301
718,859,141,0.141,0.3213217133898288
710,855,145,0.145,0.3023228682661429
810,905,95,0.095,0.2959187780767679
774,887,113,0.113,0.28992637739051136
698,849,151,0.151,0.306396137136966
784,892,108,0.108,0.29807890589348973
756,878,122,0.122,0.2966383276255801
768,884,116,0.116,0.30600839225575327
736,868,132,0.132,0.2797286394471303
786,893,107,0.107,0.2981030531581491
668,834,166,0.166,0.3242854638095014
752,876,124,0.124,0.3029528804719448
820,910,90,0.09,0.27014923392049967
738,869,131,0.131,0.30968432515859606
722,861,139,0.139,0.30049504399020227
732,866,134,0.134,0.27890925996936855
740,870,130,0.13,0.32255248560383915
768,884,116,0.116,0.27947822523117066
708,854,146,0.146,0.32825450305268167
758,879,121,0.121,0.2995762480702251
808,904,96,0.096,0.25837683111056686
720,860,140,0.14,0.296314730560407
752,876,124,0.124,0.3107089035473764
686,843,157,0.157,0.3190704820305109
810,905,95,0.095,0.2634422653857619
858,929,71,0.071,0.2400448001548648
732,866,134,0.134,0.30270792816206815
810,905,95,0.095,0.27028025055676697
722,861,139,0.139,0.3100637539383024
756,878,122,0.122,0.2937882741186768
760,880,120,0.12,0.2847959233080037
722,861,139,0.139,0.2851646159924567
808,904,96,0.096,0.2970444561447948
734,867,133,0.133,0.28886772227566687
700,850,150,0.15,0.29101764144189657
754,877,123,0.123,0.27386177084874364
736,868,132,0.132,0.2718137688850984
716,858,142,0.142,0.30059753663931044
786,893,107,0.107,0.2773464544294402
704,852,148,0.148,0.3056403188277036
796,898,102,0.102,0.29139627715945243
766,883,117,0.117,0.2860912873884663
746,873,127,0.127,0.30779115507937965
746,873,127,0.127,0.3128565132338554
778,889,111,0.111,0.27477600595913826
804,902,98,0.098,0.27387034728052095
748,874,126,0.126,0.3157988019641489
826,913,87,0.087,0.27015075800940397
732,866,134,0.134,0.28865288134012373
708,854,146,0.146,0.31289557017199693
756,878,122,0.122,0.2920481976512819
742,871,129,0.129,0.26679798802593724
720,860,140,0.14,0.2592439382635057
728,864,136,0.136,0.274295408481732
754,877,123,0.123,0.2728080568192527
752,876,124,0.124,0.27010178318619726
772,886,114,0.114,0.26040001057565676
724,862,138,0.138,0.26049211614741946
706,853,147,0.147,0.30639404674619436
718,859,141,0.141,0.30571815110743045
814,907,93,0.093,0.2585255725113675
762,881,119,0.119,0.2673324921443127
750,875,125,0.125,0.3011221397034824
670,835,165,0.165,0.31008796352799983
730,865,135,0.135,0.27828880841098724
728,864,136,0.136,0.2785512195974588
762,881,119,0.119,0.29369744469039144
752,876,124,0.124,0.2841022092066705
796,898,102,0.102,0.25353520779311656
810,905,95,0.095,0.2883616061033681
778,889,111,0.111,0.272345384334214
748,874,126,0.126,0.275287535735406
776,888,112,0.112,0.28567590505070983
746,873,127,0.127,0.27801434956118465
772,886,114,0.114,0.3105217359261587
664,832,168,0.168,0.3114696841770783
758,879,121,0.121,0.2950307427514344
756,878,122,0.122,0.28111456125974654
786,893,107,0.107,0.27267390011250975
786,893,107,0.107,0.29377224201429636
736,868,132,0.132,0.30488535774266345
740,870,130,0.13,0.26903529135510323
742,871,129,0.129,0.3087050222661346
730,865,135,0.135,0.3095291408663616
684,842,158,0.158,0.31441076975129545
804,902,98,0.098,0.26496144364587965
772,886,114,0.114,0.27669012135453525
718,859,141,0.141,0.3000880684107542
708,854,146,0.146,0.3133336745034903
784,892,108,0.108,0.2613212439501658
772,886,114,0.114,0.27005819978564977
722,861,139,0.139,0.2910922369640321
752,876,124,0.124,0.30241476397030054
790,895,105,0.105,0.2735419402560219
722,861,139,0.139,0.3105470259003341
750,875,125,0.125,0.32588799846824257
752,876,124,0.124,0.28599929381161926
722,861,139,0.139,0.28048772856546567
740,870,130,0.13,0.2856188425943255
790,895,105,0.105,0.26210253906529396
726,863,137,0.137,0.29033591181598606
760,880,120,0.12,0.28607743082754317
808,904,96,0.096,0.28294710435997694
750,875,125,0.125,0.27365840910188854
758,879,121,0.121,0.28787597081903366
790,895,105,0.105,0.28703565208613874
762,881,119,0.119,0.27261575842648744
748,874,126,0.126,0.2657849976811558
712,856,144,0.144,0.30038303543441
768,884,116,0.116,0.2988035560697317
766,883,117,0.117,0.29503115436155347
790,895,105,0.105,0.2893133650356904
790,895,105,0.105,0.2940182954425691
700,850,150,0.15,0.2808091757954098
760,880,120,0.12,0.28497295271977785
744,872,128,0.128,0.32137927776016295
774,887,113,0.113,0.29474738234002146
726,863,137,0.137,0.29998003073735163
724,862,138,0.138,0.31477486953232436
726,863,137,0.137,0.29744183593802154
738,869,131,0.131,0.2668606319501996
772,886,114,0.114,0.2849831867814064
746,873,127,0.127,0.30043512777122666
742,871,129,0.129,0.2685797201450914
782,891,109,0.109,0.27063119417242704
742,871,129,0.129,0.2904324557613581
768,884,116,0.116,0.27126788956485687
764,882,118,0.118,0.2966979450583458
752,876,124,0.124,0.29145392511505636
802,901,99,0.099,0.2673036014144309
760,880,120,0.12,0.2639713828768581
796,898,102,0.102,0.2781414806549437
778,889,111,0.111,0.2642097366116941
822,911,89,0.089,0.2674640226904303
746,873,127,0.127,0.26685068062180656
716,858,142,0.142,0.2932497137933969
788,894,106,0.106,0.2868267069067806
752,876,124,0.124,0.26347957214713097
744,872,128,0.128,0.2967359979795292
748,874,126,0.126,0.26788190321158617
760,880,120,0.12,0.28793273092061283
794,897,103,0.103,0.2640913502536714
696,848,152,0.152,0.28687464830745013
676,838,162,0.162,0.2879485163455829
794,897,103,0.103,0.2663443743046373
742,871,129,0.129,0.272299027944915
736,868,132,0.132,0.2835413063983433
740,870,130,0.13,0.2827935371664353
800,900,100,0.1,0.269035141649656
792,896,104,0.104,0.26633013142924755
736,868,132,0.132,0.31885559637472033
768,884,116,0.116,0.2504242753889412
766,883,117,0.117,0.2580560630951077
766,883,117,0.117,0.2775491080759093
800,900,100,0.1,0.28955403868947177
760,880,120,0.12,0.3013044265480712
792,896,104,0.104,0.26772038732841613
712,856,144,0.144,0.30956929369829594
720,860,140,0.14,0.3036820738418028
744,872,128,0.128,0.28314471579901873
736,868,132,0.132,0.2609244208801538
748,874,126,0.126,0.2970530002787709
776,888,112,0.112,0.28181908446294257
690,845,155,0.155,0.29109881158592177
748,874,126,0.126,0.28879892712272703
730,865,135,0.135,0.28462720339279624
812,906,94,0.094,0.25196337048150597
798,899,101,0.101,0.28284011097298933
744,872,128,0.128,0.25536248213611545
810,905,95,0.095,0.2766623996682465
840,920,80,0.08,0.2245585036771372
754,877,123,0.123,0.2681938687171787
778,889,111,0.111,0.27829619401320815
796,898,102,0.102,0.2759284463599324
670,835,165,0.165,0.3194547914583236
778,889,111,0.111,0.27494195398315785
712,856,144,0.144,0.29186578330374324
726,863,137,0.137,0.25495762417279183
702,851,149,0.149,0.3200718532595783
756,878,122,0.122,0.297446484958753
838,919,81,0.081,0.22965591663029045
696,848,152,0.152,0.279545834726654
724,862,138,0.138,0.2773901666980237
810,905,95,0.095,0.2772303630169481
760,880,120,0.12,0.2910979282213375
786,893,107,0.107,0.2811404660295229
802,901,99,0.099,0.267808612219058
716,858,142,0.142,0.3009882028400898
788,894,106,0.106,0.27831840915605427
746,873,127,0.127,0.28026625692099333
776,888,112,0.112,0.25878972447477283
828,914,86,0.086,0.25777310773381035
766,883,117,0.117,0.28353036402724685
758,879,121,0.121,0.30397487644106147
752,876,124,0.124,0.2752514886902645
740,870,130,0.13,0.2814619616298005
770,885,115,0.115,0.2958556440770626
766,883,117,0.117,0.28392578678554853
776,888,112,0.112,0.27949181307200344
734,867,133,0.133,0.2923593299407512
692,846,154,0.154,0.316764330489561
780,890,110,0.11,0.2569102388911997
746,873,127,0.127,0.26876180912088604
694,847,153,0.153,0.28793165361136197
728,864,136,0.136,0.2971094761807472
776,888,112,0.112,0.3062719070836902
698,849,151,0.151,0.29047007688134907
706,853,147,0.147,0.2755788043094799
756,878,122,0.122,0.2755364658311009
756,878,122,0.122,0.27384166897647083
732,866,134,0.134,0.285905250236392
716,858,142,0.142,0.28102250008098784
786,893,107,0.107,0.27479862711764874
780,890,110,0.11,0.25490284014679493
758,879,121,0.121,0.2776038555735722
786,893,107,0.107,0.2584027056656778
716,858,142,0.142,0.2738064235113561
768,884,116,0.116,0.28928092497773467
788,894,106,0.106,0.2707396736610681
736,868,132,0.132,0.27974016015604136
752,876,124,0.124,0.28089233678393066
812,906,94,0.094,0.249604330082424
786,893,107,0.107,0.25348664515838026
704,852,148,0.148,0.3076118588303216
728,864,136,0.136,0.29145136539265515
728,864,136,0.136,0.29716509448271244
782,891,109,0.109,0.2534642969071865
698,849,151,0.151,0.2738406636044383
736,868,132,0.132,0.264607233064482
780,890,110,0.11,0.2885081842048094
768,884,116,0.116,0.2739759827973321
800,900,100,0.1,0.27441874188929793
706,853,147,0.147,0.2699824806319084
646,823,177,0.177,0.33298903723806145
766,883,117,0.117,0.2924517167862505
758,879,121,0.121,0.26399927972257137
742,871,129,0.129,0.29163086278177797
750,875,125,0.125,0.26888977954816073
794,897,103,0.103,0.2784571779249236
758,879,121,0.121,0.2696614738255739
802,901,99,0.099,0.2666065610162914
738,869,131,0.131,0.2514416580516845
754,877,123,0.123,0.27926902438141404
786,893,107,0.107,0.273832854680717
816,908,92,0.092,0.24895140283368528
768,884,116,0.116,0.26592972652986646
712,856,144,0.144,0.28781689046463
712,856,144,0.144,0.29361261741258204
778,889,111,0.111,0.29096667522378267
760,880,120,0.12,0.27936648293118926
746,873,127,0.127,0.2836488168202341
764,882,118,0.118,0.2589558351216838
826,913,87,0.087,0.25254840760678055
722,861,139,0.139,0.28762603652477264
804,902,98,0.098,0.2564097387101501
778,889,111,0.111,0.23265634777583183
792,896,104,0.104,0.27434148990921675
726,863,137,0.137,0.2994006879907101
716,858,142,0.142,0.269017570765689
730,865,135,0.135,0.2718196814469993
788,894,106,0.106,0.26232598145958036
784,892,108,0.108,0.27121153811272236
776,888,112,0.112,0.25527543959161264
742,871,129,0.129,0.2706988357845694
726,863,137,0.137,0.28066744382679465
756,878,122,0.122,0.2754407244864851
744,872,128,0.128,0.28571991761680693
730,865,135,0.135,0.31140732070989907
730,865,135,0.135,0.2790759064955637
792,896,104,0.104,0.26733005204144866
712,856,144,0.144,0.260640715948306
766,883,117,0.117,0.24948388125933707
768,884,116,0.116,0.26243409616779534
744,872,128,0.128,0.25780766246235
666,833,167,0.167,0.3015792786264792
830,915,85,0.085,0.22690346637368203
764,882,118,0.118,0.2686655068104155
758,879,121,0.121,0.268609427947551
684,842,158,0.158,0.2824195766746998
726,863,137,0.137,0.28484693754464385
692,846,154,0.154,0.29070070398971437
752,876,124,0.124,0.27136348027503115
724,862,138,0.138,0.2875193903762847
770,885,115,0.115,0.267425817348063
754,877,123,0.123,0.27598288607317956
758,879,121,0.121,0.25963658396340905
756,878,122,0.122,0.29939506712323055
706,853,147,0.147,0.28437222811579704
726,863,137,0.137,0.2681225343998522
776,888,112,0.112,0.2675422968715429
794,897,103,0.103,0.27459413099195806
760,880,120,0.12,0.26674775026086717
702,851,149,0.149,0.29077925816271455
730,865,135,0.135,0.28184628901071845
756,878,122,0.122,0.25107263940479607
854,927,73,0.073,0.24051512014493345
768,884,116,0.116,0.27111598270013926
752,876,124,0.124,0.2522234794721007
738,869,131,0.131,0.24706061573512852
824,912,88,0.088,0.24286173215927556
726,863,137,0.137,0.30011501092649995
752,876,124,0.124,0.2473395903594792
738,869,131,0.131,0.25820431076548994
710,855,145,0.145,0.2907671958054416
776,888,112,0.112,0.2596357225412503
730,865,135,0.135,0.2721582626644522
806,903,97,0.097,0.246326397288125
814,907,93,0.093,0.23766840344481172
820,910,90,0.09,0.2628948862934485
782,891,109,0.109,0.2626264989594929
746,873,127,0.127,0.25863002507621424
818,909,91,0.091,0.27200862814392895
780,890,110,0.11,0.2803937868392095
786,893,107,0.107,0.26681585574615746
784,892,108,0.108,0.286513502266258
696,848,152,0.152,0.30534585325187075
698,849,151,0.151,0.27818686272390186
766,883,117,0.117,0.25261138617340473
760,880,120,0.12,0.25726193013228477
756,878,122,0.122,0.27660812764987347
800,900,100,0.1,0.2608192471563816
788,894,106,0.106,0.2527636148491874
794,897,103,0.103,0.2450280993739143
796,898,102,0.102,0.25078350523673
754,877,123,0.123,0.27122849687188866
770,885,115,0.115,0.28129466411843895
688,844,156,0.156,0.2857755136694759
690,845,155,0.155,0.2809830211177468
740,870,130,0.13,0.283316296858713
754,877,123,0.123,0.2821490197805688
776,888,112,0.112,0.23066622456908226
768,884,116,0.116,0.23876960652600973
772,886,114,0.114,0.2698333080029115
770,885,115,0.115,0.2684699190771207
696,848,152,0.152,0.29696205804357306
698,849,151,0.151,0.3054223472997546
792,896,104,0.104,0.2543357176189311
746,873,127,0.127,0.2748346394235268
788,894,106,0.106,0.23694576534815132
704,852,148,0.148,0.2638258301289752
728,864,136,0.136,0.2640170233529061
792,896,104,0.104,0.2289583687898703
824,912,88,0.088,0.246065864097327
750,875,125,0.125,0.25846507732383905
744,872,128,0.128,0.2839036849075928
712,856,144,0.144,0.2656668333429843
726,863,137,0.137,0.2885926206279546
634,817,183,0.183,0.288706694716122
722,861,139,0.139,0.2369264474431984
774,887,113,0.113,0.24826957085449247
746,873,127,0.127,0.2400192938707769
704,852,148,0.148,0.289120856942609
716,858,142,0.142,0.29360258584469556
740,870,130,0.13,0.27663230400788597
810,905,95,0.095,0.26109126434475183
772,886,114,0.114,0.2572436906322837
748,874,126,0.126,0.24896350830886513
754,877,123,0.123,0.2848948009442538
736,868,132,0.132,0.26767424134444445
744,872,128,0.128,0.2777390623902902
722,861,139,0.139,0.27375392442569135
752,876,124,0.124,0.264046462001279
736,868,132,0.132,0.27334695547632876
728,864,136,0.136,0.26124728325847535
806,903,97,0.097,0.24449055657535793
746,873,127,0.127,0.2605928214322776
754,877,123,0.123,0.2687886923793703
714,857,143,0.143,0.2947387502505444
682,841,159,0.159,0.3021602606009692
726,863,137,0.137,0.29884601427055896
764,882,118,0.118,0.2477432273030281
778,889,111,0.111,0.25834715490881355
712,856,144,0.144,0.28680104879755525
736,868,132,0.132,0.2487389401309192
770,885,115,0.115,0.2750007678670809
784,892,108,0.108,0.27937705639377236
776,888,112,0.112,0.260229975276161
772,886,114,0.114,0.2524556149803102
718,859,141,0.141,0.29283336192090065
728,864,136,0.136,0.2577320586517453
720,860,140,0.14,0.2967237893110141
752,876,124,0.124,0.2970579906674102
738,869,131,0.131,0.25226905998587607
728,864,136,0.136,0.2896793766662013
784,892,108,0.108,0.25999795438488943
788,894,106,0.106,0.2720547489505261
744,872,128,0.128,0.28024291680473834
756,878,122,0.122,0.2569344600336626
718,859,141,0.141,0.2676104062013328
780,890,110,0.11,0.249087638001889
702,851,149,0.149,0.26561683052708396
800,900,100,0.1,0.2361590641097864
766,883,117,0.117,0.2566627144487575
774,887,113,0.113,0.25030188641883433
724,862,138,0.138,0.268642028237693
756,878,122,0.122,0.2532254280075431
742,871,129,0.129,0.27662170463521035
738,869,131,0.131,0.24698959448491223
756,878,122,0.122,0.2736248747734353
732,866,134,0.134,0.2913990955911577
772,886,114,0.114,0.24398193615674973
768,884,116,0.116,0.2400204890910536
748,874,126,0.126,0.26670815601292996
786,893,107,0.107,0.232831384901423
784,892,108,0.108,0.26569907027762385
808,904,96,0.096,0.24710977971740067
772,886,114,0.114,0.23557739737071096
774,887,113,0.113,0.27506897631660104
748,874,126,0.126,0.26718302827328444
790,895,105,0.105,0.2748223882112652
738,869,131,0.131,0.2801210461640731
724,862,138,0.138,0.29042601898591963
744,872,128,0.128,0.26384784103464337
736,868,132,0.132,0.2906595948962495
712,856,144,0.144,0.26027351036760954
766,883,117,0.117,0.24561979138292372
778,889,111,0.111,0.2789634459766094
728,864,136,0.136,0.24919890922680496
776,888,112,0.112,0.256362679367885
732,866,134,0.134,0.2734299355112016
786,893,107,0.107,0.23735002080351114
756,878,122,0.122,0.25498105663317255
770,885,115,0.115,0.24830126179475337
790,895,105,0.105,0.2535115372966975
688,844,156,0.156,0.27177938297204673
704,852,148,0.148,0.2968620721846819
756,878,122,0.122,0.26829868797957895
766,883,117,0.117,0.2578272596909665
770,885,115,0.115,0.2696642814809456
768,884,116,0.116,0.2812361078634858
754,877,123,0.123,0.2478456579875201
684,842,158,0.158,0.27353588725533334
704,852,148,0.148,0.2871659353747964
794,897,103,0.103,0.27226649041846396
662,831,169,0.169,0.2698835622351617
752,876,124,0.124,0.25346349614765495
762,881,119,0.119,0.2755520895663649
748,874,126,0.126,0.23418430200312287
682,841,159,0.159,0.2791486292015761
794,897,103,0.103,0.24402324790041893
790,895,105,0.105,0.23659003183897584
720,860,140,0.14,0.27134275661502033
784,892,108,0.108,0.2263728981949389
704,852,148,0.148,0.2974563456494361
726,863,137,0.137,0.26307085117232054
746,873,127,0.127,0.25188170783314856
740,870,130,0.13,0.2803780503515154
794,897,103,0.103,0.24337620255164802
758,879,121,0.121,0.2768353956853971
754,877,123,0.123,0.2724789802962914
692,846,154,0.154,0.28616125172935425
818,909,91,0.091,0.25882564959768206
778,889,111,0.111,0.24919914940278978
728,864,136,0.136,0.2908407941991463
814,907,93,0.093,0.22783180766552685
768,884,116,0.116,0.2720457119466737
742,871,129,0.129,0.28874178121984007
746,873,127,0.127,0.25569424021616577
776,888,112,0.112,0.2561715252920985
770,885,115,0.115,0.26740691771917047
760,880,120,0.12,0.26399035478755833
742,871,129,0.129,0.2531220833845437
804,902,98,0.098,0.23520262139383705
738,869,131,0.131,0.2606476394403726
766,883,117,0.117,0.2881455207715044
750,875,125,0.125,0.23504854309547227
732,866,134,0.134,0.2511748919112142
686,843,157,0.157,0.28007613007165494
738,869,131,0.131,0.27450817491672935
722,861,139,0.139,0.26824455987672263
698,849,151,0.151,0.27699958672840147
770,885,115,0.115,0.26430925180763004
832,916,84,0.084,0.24210540785640478
796,898,102,0.102,0.2562341236616485
788,894,106,0.106,0.262360863330774
750,875,125,0.125,0.26603342216927556
730,865,135,0.135,0.26393980712071063
720,860,140,0.14,0.2652254562401213
812,906,94,0.094,0.23723042627144605
770,885,115,0.115,0.25362337806262075
752,876,124,0.124,0.2752559358116705
702,851,149,0.149,0.2776572554763406
778,889,111,0.111,0.22496493015065788
752,876,124,0.124,0.2518379298872314
776,888,112,0.112,0.23085704754851757
794,897,103,0.103,0.23728481984883548
764,882,118,0.118,0.25065747687686235
758,879,121,0.121,0.2544075414426625
760,880,120,0.12,0.24429710953775793
786,893,107,0.107,0.25882423952315003
692,846,154,0.154,0.2567831862824969
770,885,115,0.115,0.25141708636283877
806,903,97,0.097,0.25813099012430757
746,873,127,0.127,0.2642000165209174
760,880,120,0.12,0.239600772280246
760,880,120,0.12,0.25155880639143285
774,887,113,0.113,0.2512740278467536
756,878,122,0.122,0.22863451532740145
744,872,128,0.128,0.25323029029765165
772,886,114,0.114,0.24799092125613242
734,867,133,0.133,0.26142149028973655
804,902,98,0.098,0.21472711819503457
764,882,118,0.118,0.2372813344220631
744,872,128,0.128,0.26589772790530697
758,879,121,0.121,0.22085137134417893
760,880,120,0.12,0.2407997679822147
790,895,105,0.105,0.23759628154989332
754,877,123,0.123,0.2777225219411775
768,884,116,0.116,0.2438730582203716
798,899,101,0.101,0.2481296283621341
748,874,126,0.126,0.26302587601915
778,889,111,0.111,0.2602834776286036
800,900,100,0.1,0.2252517351806164
788,894,106,0.106,0.21651258686836808
774,887,113,0.113,0.24527806073694955
790,895,105,0.105,0.2423344411365688
856,928,72,0.072,0.2347578527010046
798,899,101,0.101,0.24693956817884463
702,851,149,0.149,0.2476539174001664
774,887,113,0.113,0.22866808411013334
774,887,113,0.113,0.2308988647153601
714,857,143,0.143,0.25744760350091384
736,868,132,0.132,0.24593390274606644
686,843,157,0.157,0.2680973963718861
778,889,111,0.111,0.25646030249539764
836,918,82,0.082,0.21924252785835416
728,864,136,0.136,0.2650564972842112
748,874,126,0.126,0.2639435809738934
706,853,147,0.147,0.2735147943366319
748,874,126,0.126,0.27181674231868236
736,868,132,0.132,0.2535973775545135
756,878,122,0.122,0.24098424204997718
756,878,122,0.122,0.2805885328473523
714,857,143,0.143,0.28071038847160523
762,881,119,0.119,0.2646589567083865
788,894,106,0.106,0.2649725582767278
746,873,127,0.127,0.26336186707392334
762,881,119,0.119,0.24281725467368961
786,893,107,0.107,0.244686395926401
758,879,121,0.121,0.2434748909510672
788,894,106,0.106,0.26015777281299235
704,852,148,0.148,0.2655825574717019
758,879,121,0.121,0.2505852744540898
742,871,129,0.129,0.2569424316883087
800,900,100,0.1,0.2610058531984687
734,867,133,0.133,0.2572681628186256
724,862,138,0.138,0.2681253626327962
714,857,143,0.143,0.27443314701365307
806,903,97,0.097,0.2241975844511762
696,848,152,0.152,0.28065934241563084
654,827,173,0.173,0.2703519029226154
776,888,112,0.112,0.25343024377524853
730,865,135,0.135,0.2810773033509031
784,892,108,0.108,0.2838331795427948
748,874,126,0.126,0.2508974543400109
772,886,114,0.114,0.2567515590004623
752,876,124,0.124,0.2587607847028412
750,875,125,0.125,0.28485760280303657
788,894,106,0.106,0.24723576335981487
798,899,101,0.101,0.22858302839891986
692,846,154,0.154,0.2629094749391079
802,901,99,0.099,0.23769595045689493
724,862,138,0.138,0.2745392812429927
788,894,106,0.106,0.23539708647690713
728,864,136,0.136,0.2346880256868899
732,866,134,0.134,0.2560348164271563
782,891,109,0.109,0.2382386098904535
770,885,115,0.115,0.2592935125660151
784,892,108,0.108,0.22751334659196437
774,887,113,0.113,0.22905195039184764
824,912,88,0.088,0.23206923978962005
736,868,132,0.132,0.24331279746256768
732,866,134,0.134,0.2486607746742666
724,862,138,0.138,0.2580622129123658
764,882,118,0.118,0.23072560131922365
808,904,96,0.096,0.24075663740374148
764,882,118,0.118,0.2279659879403189
710,855,145,0.145,0.26897852930612864
720,860,140,0.14,0.2489312068875879
726,863,137,0.137,0.2852237977157347
736,868,132,0.132,0.2504802156705409
700,850,150,0.15,0.23950007026735692
792,896,104,0.104,0.2296096608573571
752,876,124,0.124,0.2532565653454512
744,872,128,0.128,0.2619552341289818
798,899,101,0.101,0.24342357464507222
752,876,124,0.124,0.22653599212225525
690,845,155,0.155,0.2535078509263694
740,870,130,0.13,0.23813829767517747
742,871,129,0.129,0.24526729923672974
790,895,105,0.105,0.28486148043349385
728,864,136,0.136,0.2591635163724422
710,855,145,0.145,0.2867431921493262
804,902,98,0.098,0.21770389534626156
726,863,137,0.137,0.2707451918367296
806,903,97,0.097,0.2286643787678331
784,892,108,0.108,0.23591968817450107
786,893,107,0.107,0.23946124131511898
762,881,119,0.119,0.25682097136043014
752,876,124,0.124,0.2521845739893615
730,865,135,0.135,0.2759835044965148
690,845,155,0.155,0.28093280335795134
736,868,132,0.132,0.2798844499606639
840,920,80,0.08,0.19956730094458908
744,872,128,0.128,0.27683911645784975
756,878,122,0.122,0.2374942050073296
770,885,115,0.115,0.24843574864091353
788,894,106,0.106,0.2539214316094294
716,858,142,0.142,0.2638853773958981
748,874,126,0.126,0.23777841702476143
770,885,115,0.115,0.2506788172200322
736,868,132,0.132,0.2632326580148656
760,880,120,0.12,0.2684294480052777
730,865,135,0.135,0.27338595006708055
732,866,134,0.134,0.2577456866428256
776,888,112,0.112,0.2568132620011456
764,882,118,0.118,0.28859990026708693
712,856,144,0.144,0.25876314993575217
804,902,98,0.098,0.23364218722749502
718,859,141,0.141,0.25267271308321504
758,879,121,0.121,0.2545891781290993
758,879,121,0.121,0.24327728019794448
702,851,149,0.149,0.2802673020176589
824,912,88,0.088,0.23201475041732192
682,841,159,0.159,0.27352023870963604
742,871,129,0.129,0.2483368224306032
768,884,116,0.116,0.25152467837929726
770,885,115,0.115,0.24163769378885627
780,890,110,0.11,0.255361282359343
754,877,123,0.123,0.2636537944935262
754,877,123,0.123,0.23272988148778678
696,848,152,0.152,0.27790190660208464
808,904,96,0.096,0.2233228346100077
744,872,128,0.128,0.2584355443213135
756,878,122,0.122,0.28690154589596206
690,845,155,0.155,0.2731604925934225
716,858,142,0.142,0.29582951140357183
656,828,172,0.172,0.2824857869176194
760,880,120,0.12,0.26135323217511175
724,862,138,0.138,0.23960664359200745
722,861,139,0.139,0.2662975863153115
760,880,120,0.12,0.25922384883183985
788,894,106,0.106,0.21594313883595168
754,877,123,0.123,0.24695842143520713
710,855,145,0.145,0.2779207936031744
812,906,94,0.094,0.2395070910602808
742,871,129,0.129,0.24666117734601722
736,868,132,0.132,0.2522503600474447
780,890,110,0.11,0.22860899537988008
712,856,144,0.144,0.25223632491286846
734,867,133,0.133,0.24612272629421203
706,853,147,0.147,0.2478628051202977
750,875,125,0.125,0.27259140320029107
740,870,130,0.13,0.2357590219313279
720,860,140,0.14,0.26693738006055356
774,887,113,0.113,0.23263360592536628
764,882,118,0.118,0.2517712985044345
772,886,114,0.114,0.24761189583688975
706,853,147,0.147,0.27315640950948
706,853,147,0.147,0.2680010947594419
778,889,111,0.111,0.23982077279686928
710,855,145,0.145,0.264790368413087
814,907,93,0.093,0.2450665296530351
770,885,115,0.115,0.23500623447727412
768,884,116,0.116,0.22508527521928773
762,881,119,0.119,0.2560341160260141
666,833,167,0.167,0.2870619949973188
782,891,109,0.109,0.2716358896677848
776,888,112,0.112,0.21139940650993957
770,885,115,0.115,0.2725991455409676
794,897,103,0.103,0.23026745033077894
696,848,152,0.152,0.27831862797262147
774,887,113,0.113,0.2238352294554934
802,901,99,0.099,0.22518387086316943
752,876,124,0.124,0.24304982455819846
796,898,102,0.102,0.22386939604487271
800,900,100,0.1,0.21285579540394248
796,898,102,0.102,0.2691704083606601
746,873,127,0.127,0.2512348981499672
736,868,132,0.132,0.254715666314587
778,889,111,0.111,0.24630539920646696
786,893,107,0.107,0.22783223268203437
774,887,113,0.113,0.23481117539294064
738,869,131,0.131,0.22338065528916196
818,909,91,0.091,0.2070012074727565
772,886,114,0.114,0.25289875531662254
804,902,98,0.098,0.24344370072241872
838,919,81,0.081,0.20582905429881065
776,888,112,0.112,0.24385356108564885
682,841,159,0.159,0.24510993661917746
732,866,134,0.134,0.21526909119356424
726,863,137,0.137,0.22989897658489644
830,915,85,0.085,0.23885388703178614
736,868,132,0.132,0.22117640909273178
740,870,130,0.13,0.2294101136866957
768,884,116,0.116,0.25455375322140755
742,871,129,0.129,0.24062785408925266
754,877,123,0.123,0.22621173778362572
724,862,138,0.138,0.249299421351403
710,855,145,0.145,0.21681992726027965
722,861,139,0.139,0.2638946978133172
716,858,142,0.142,0.2593864329112694
784,892,108,0.108,0.21582659433595835
728,864,136,0.136,0.24729693199507893
786,893,107,0.107,0.21664837382361293
692,846,154,0.154,0.22999223722238094
778,889,111,0.111,0.21637258701771497
742,871,129,0.129,0.2626533192358911
724,862,138,0.138,0.26055673871003093
766,883,117,0.117,0.24162864496931433
794,897,103,0.103,0.22831782127544284
736,868,132,0.132,0.2364242018740624
756,878,122,0.122,0.23166040373500438
712,856,144,0.144,0.25352854071510955
756,878,122,0.122,0.2524520400287584
702,851,149,0.149,0.24872521731210873
750,875,125,0.125,0.23726917117461563
788,894,106,0.106,0.232177610012237
756,878,122,0.122,0.23652279691398143
820,910,90,0.09,0.2277496105376631
776,888,112,0.112,0.2455428169965744
792,896,104,0.104,0.24781930705625563
766,883,117,0.117,0.23009346345521045
784,892,108,0.108,0.20130791840702295
762,881,119,0.119,0.2294302328741178
834,917,83,0.083,0.20499380571348594
690,845,155,0.155,0.2554491814444773
768,884,116,0.116,0.24200262437108905
748,874,126,0.126,0.24584682168811559
742,871,129,0.129,0.24969230805104597
762,881,119,0.119,0.2581478959843516
732,866,134,0.134,0.2385987230250612
742,871,129,0.129,0.2562929749004543
724,862,138,0.138,0.23934675436094402
756,878,122,0.122,0.2392933630682528
798,899,101,0.101,0.2394318571696058
788,894,106,0.106,0.235513092989102
782,891,109,0.109,0.21947193648293614
700,850,150,0.15,0.23846597251459026
804,902,98,0.098,0.23828562307544052
744,872,128,0.128,0.25236856208648534
756,878,122,0.122,0.22711903348565102
800,900,100,0.1,0.22628863031463697
760,880,120,0.12,0.23059514572098852
758,879,121,0.121,0.2330865284157917
756,878,122,0.122,0.21215710000507534
766,883,117,0.117,0.22071110293548554
762,881,119,0.119,0.24926874591596423
786,893,107,0.107,0.23824647125415505
782,891,109,0.109,0.230236371752806
744,872,128,0.128,0.2462137386649847
758,879,121,0.121,0.24251574907545
798,899,101,0.101,0.23504434678331018
788,894,106,0.106,0.21938566203264054
760,880,120,0.12,0.2563347148355097
764,882,118,0.118,0.23992222398705781
782,891,109,0.109,0.2216034295326099
800,900,100,0.1,0.22448816506564617
760,880,120,0.12,0.23727015029732137
786,893,107,0.107,0.23162316836509853
772,886,114,0.114,0.23462684599217026
730,865,135,0.135,0.24372920538671314
760,880,120,0.12,0.22236894787475467
760,880,120,0.12,0.2274450319977477
794,897,103,0.103,0.2312552310777828
678,839,161,0.161,0.2415127237988636
794,897,103,0.103,0.23586753482627681
754,877,123,0.123,0.237515222431859
682,841,159,0.159,0.24215973221231252
758,879,121,0.121,0.24603460031270516
760,880,120,0.12,0.23908828999008983
740,870,130,0.13,0.22434850598685444
768,884,116,0.116,0.23819375271676108
786,893,107,0.107,0.21558318907301874
778,889,111,0.111,0.23085819568391888
748,874,126,0.126,0.24415791351720692
738,869,131,0.131,0.23891311084013434
726,863,137,0.137,0.22471597811207175
764,882,118,0.118,0.2243585489995312
748,874,126,0.126,0.2384448839640245
764,882,118,0.118,0.21287280833721162
732,866,134,0.134,0.2581415056679398
700,850,150,0.15,0.25247835949715225
822,911,89,0.089,0.18414066149201244
748,874,126,0.126,0.24042298786062746
740,870,130,0.13,0.19306786554132122
836,918,82,0.082,0.18646093842759728
740,870,130,0.13,0.25425742005556823
770,885,115,0.115,0.2399647044977173
704,852,148,0.148,0.23752282979898154
786,893,107,0.107,0.22698669618181885
692,846,154,0.154,0.20620272187748923
782,891,109,0.109,0.24893543736077844
760,880,120,0.12,0.227654298260808
734,867,133,0.133,0.23793923602811992
782,891,109,0.109,0.21499341206904501
784,892,108,0.108,0.20359226284269244
750,875,125,0.125,0.21909591077361257
798,899,101,0.101,0.22630101581662893
792,896,104,0.104,0.2514441982605495
694,847,153,0.153,0.23588592006918044
674,837,163,0.163,0.24006750351749362
746,873,127,0.127,0.21293082998413593
782,891,109,0.109,0.21807371327420697
772,886,114,0.114,0.2199860269902274
686,843,157,0.157,0.25482465460198
782,891,109,0.109,0.24650043811276556
764,882,118,0.118,0.23663275489606894
748,874,126,0.126,0.21351111241430043
798,899,101,0.101,0.1983045537248254
830,915,85,0.085,0.2107790435105562
764,882,118,0.118,0.2195012796986848
728,864,136,0.136,0.2224302052811254
724,862,138,0.138,0.2356669525578618
784,892,108,0.108,0.21041053426545114
750,875,125,0.125,0.24726895156223327
796,898,102,0.102,0.22408560054562987
730,865,135,0.135,0.24713521483028308
778,889,111,0.111,0.2254381197928451
752,876,124,0.124,0.24167302710749208
728,864,136,0.136,0.2353088878163835
776,888,112,0.112,0.2312256328985095
748,874,126,0.126,0.2379344846755266
758,879,121,0.121,0.2054811232513748
758,879,121,0.121,0.2147703635049984
748,874,126,0.126,0.20150723703322002
776,888,112,0.112,0.24409280418232082
706,853,147,0.147,0.24160502062365413
706,853,147,0.147,0.25274137331638485
770,885,115,0.115,0.21612279134150594
780,890,110,0.11,0.2385752348396927
732,866,134,0.134,0.22045939166937023
762,881,119,0.119,0.20416487008985132
738,869,131,0.131,0.2537997358213179
810,905,95,0.095,0.2438826838405803
782,891,109,0.109,0.20289135375898332
782,891,109,0.109,0.21293468866497278
720,860,140,0.14,0.2257233704160899
712,856,144,0.144,0.259838652972132
706,853,147,0.147,0.20259203660674394
818,909,91,0.091,0.20923648356087507
734,867,133,0.133,0.22368770616222172
778,889,111,0.111,0.22357306605111807
746,873,127,0.127,0.2350046333502978
788,894,106,0.106,0.21835382214654236
786,893,107,0.107,0.20769452189840376
738,869,131,0.131,0.24926087756454945
776,888,112,0.112,0.23404412529384716
680,840,160,0.16,0.24966102584358305
762,881,119,0.119,0.21989728538505732
788,894,106,0.106,0.24239613824151457
682,841,159,0.159,0.2451732676960528
790,895,105,0.105,0.21953358505060896
792,896,104,0.104,0.23669688760000282
732,866,134,0.134,0.23427663578558713
780,890,110,0.11,0.23277115930709988
746,873,127,0.127,0.21574534099688752
796,898,102,0.102,0.20235195596236735
778,889,111,0.111,0.2092817138331011
768,884,116,0.116,0.22579265630966983
716,858,142,0.142,0.2698343089488335
760,880,120,0.12,0.23767563468916342
758,879,121,0.121,0.23023707415815442
756,878,122,0.122,0.23592210708372294
788,894,106,0.106,0.24201275638490916
748,874,126,0.126,0.23299018237553537
762,881,119,0.119,0.22091810857551172
776,888,112,0.112,0.22886245613731443
758,879,121,0.121,0.23839948902325706
802,901,99,0.099,0.20485437844134868
706,853,147,0.147,0.22267285834020004
788,894,106,0.106,0.20446127344854176
784,892,108,0.108,0.20015988477505745
756,878,122,0.122,0.18870230991020798
704,852,148,0.148,0.24723378910496832
810,905,95,0.095,0.21105449855001643
708,854,146,0.146,0.27107560501247646
770,885,115,0.115,0.23791816514357925
722,861,139,0.139,0.2327549677528441
750,875,125,0.125,0.24710866297222675
686,843,157,0.157,0.2597063411194831
802,901,99,0.099,0.19909915835317224
688,844,156,0.156,0.24644338834355586
744,872,128,0.128,0.2382590179303661
808,904,96,0.096,0.20481952380575238
786,893,107,0.107,0.22879019021987915
716,858,142,0.142,0.2296753123719245
746,873,127,0.127,0.22588800446130336
770,885,115,0.115,0.22833674822747707
758,879,121,0.121,0.23179163236822933
730,865,135,0.135,0.25242680034972725
720,860,140,0.14,0.23045127894403414
732,866,134,0.134,0.2098399535259232
742,871,129,0.129,0.22536676560807972
722,861,139,0.139,0.25472611500602216
748,874,126,0.126,0.21956716665718704
714,857,143,0.143,0.2474683228257345
742,871,129,0.129,0.24075247973389924
810,905,95,0.095,0.21050137833412735
812,906,94,0.094,0.21309128560870885
746,873,127,0.127,0.24447532142046838
772,886,114,0.114,0.20495051178662108
728,864,136,0.136,0.24014217259874568
724,862,138,0.138,0.2458595812190324
774,887,113,0.113,0.20656948183849455
786,893,107,0.107,0.20343846678221597
820,910,90,0.09,0.19131259945873172
764,882,118,0.118,0.21855689734686165
726,863,137,0.137,0.24960220001172273
766,883,117,0.117,0.22497579180449248
692,846,154,0.154,0.24864038677699865
722,861,139,0.139,0.24089523800928145
758,879,121,0.121,0.22052068988326937
710,855,145,0.145,0.24474252706393598
724,862,138,0.138,0.24231391039118172
778,889,111,0.111,0.23849227270204573
774,887,113,0.113,0.23525271274428813
756,878,122,0.122,0.2316678870008327
756,878,122,0.122,0.22534716124087573
796,898,102,0.102,0.20041683557722717
766,883,117,0.117,0.21476857794821264
780,890,110,0.11,0.2186540797930211
774,887,113,0.113,0.21893630360346286
668,834,166,0.166,0.255922084229067
744,872,128,0.128,0.21788200723938644
786,893,107,0.107,0.23643159565888344
782,891,109,0.109,0.2078048861254938
804,902,98,0.098,0.2164466826892458
738,869,131,0.131,0.251473649703199
716,858,142,0.142,0.2553197220945731
732,866,134,0.134,0.21359596141660586
742,871,129,0.129,0.22261223783064635
710,855,145,0.145,0.2218516666237265
786,893,107,0.107,0.2145468264184892
706,853,147,0.147,0.22817764152307063
752,876,124,0.124,0.24119986941386015
782,891,109,0.109,0.21720417010132223
768,884,116,0.116,0.2129637471716851
756,878,122,0.122,0.23209182746615262
802,901,99,0.099,0.20618980493023992
766,883,117,0.117,0.24148002086486667
756,878,122,0.122,0.24554930012999102
754,877,123,0.123,0.21923928843531756
752,876,124,0.124,0.23951092757377773
762,881,119,0.119,0.21247155192587525
808,904,96,0.096,0.2331409213617444
714,857,143,0.143,0.2666227622872684
764,882,118,0.118,0.2202867898538243
780,890,110,0.11,0.21815228940360248
728,864,136,0.136,0.222042210271582
742,871,129,0.129,0.2265440873503685
732,866,134,0.134,0.21726525782374664
766,883,117,0.117,0.19872531662019902
736,868,132,0.132,0.20971626075170935
794,897,103,0.103,0.22662222769018261
700,850,150,0.15,0.24475848958548158
792,896,104,0.104,0.2041899126842618
696,848,152,0.152,0.24378621780173854
756,878,122,0.122,0.22955148387514054
760,880,120,0.12,0.24535285530483816
748,874,126,0.126,0.22354578035697342
764,882,118,0.118,0.21238074769172818
816,908,92,0.092,0.21335130393435248
790,895,105,0.105,0.22565903786942362
806,903,97,0.097,0.21413450949452817
770,885,115,0.115,0.21187326812930404
814,907,93,0.093,0.21836505799088626
726,863,137,0.137,0.23640076948143543
774,887,113,0.113,0.21929934228537604
776,888,112,0.112,0.20719609796069563
716,858,142,0.142,0.2548234258061275
770,885,115,0.115,0.21276821348350494
748,874,126,0.126,0.24872114101424814
862,931,69,0.069,0.2150504696625285
828,914,86,0.086,0.18658651882689445
782,891,109,0.109,0.21614882121607662
742,871,129,0.129,0.22932163518760354
738,869,131,0.131,0.25766590835526587
750,875,125,0.125,0.25297387849073855
720,860,140,0.14,0.2296542218606919
746,873,127,0.127,0.21367379448050633
728,864,136,0.136,0.24264535799482836
764,882,118,0.118,0.22698818294610829
706,853,147,0.147,0.2614356951117516
796,898,102,0.102,0.24412739669997244
776,888,112,0.112,0.2340723908233922
754,877,123,0.123,0.2205776253649965
708,854,146,0.146,0.24552371942345053
662,831,169,0.169,0.2726786455484107
762,881,119,0.119,0.24614422125252894
752,876,124,0.124,0.21894291335670277
784,892,108,0.108,0.209848525416106
758,879,121,0.121,0.23516020289622247
762,881,119,0.119,0.2134354776972905
702,851,149,0.149,0.2442804062999785
730,865,135,0.135,0.21463895104266703
716,858,142,0.142,0.23860835234820843
764,882,118,0.118,0.22810161570226772
766,883,117,0.117,0.20732652340247296
752,876,124,0.124,0.2256015834105201
760,880,120,0.12,0.20591517413500696
696,848,152,0.152,0.23039555373461917
776,888,112,0.112,0.2305737281749025
708,854,146,0.146,0.21950122837629168
726,863,137,0.137,0.2080114688803442
728,864,136,0.136,0.23718159689754248
790,895,105,0.105,0.21253147180238738
714,857,143,0.143,0.22791056659584866
786,893,107,0.107,0.1987126898849383
774,887,113,0.113,0.19242684261873363
800,900,100,0.1,0.2070617617024109
768,884,116,0.116,0.24894408625550568
756,878,122,0.122,0.22038745617866515
772,886,114,0.114,0.21990921113267542
762,881,119,0.119,0.23588138003926723
716,858,142,0.142,0.21055462356004864
774,887,113,0.113,0.2462776916110888
762,881,119,0.119,0.2181234021051787
780,890,110,0.11,0.2331833447990939
770,885,115,0.115,0.2482293950812891
746,873,127,0.127,0.21776445532683283
736,868,132,0.132,0.22889131207671015
756,878,122,0.122,0.2168928849445656
752,876,124,0.124,0.2308873183177784
804,902,98,0.098,0.21751857374305836
804,902,98,0.098,0.20605263939732685
770,885,115,0.115,0.2163990614777431
776,888,112,0.112,0.2219366606613621
760,880,120,0.12,0.21692714629601687
752,876,124,0.124,0.22558165193349122
788,894,106,0.106,0.21926695161219686
750,875,125,0.125,0.20706309134420006
756,878,122,0.122,0.21964830757398157
728,864,136,0.136,0.21522241365956143
722,861,139,0.139,0.23418903547525405
792,896,104,0.104,0.20796847417810932
764,882,118,0.118,0.21800258780270815
732,866,134,0.134,0.23369497216120363
704,852,148,0.148,0.2322978843562305
762,881,119,0.119,0.23569498484581708
744,872,128,0.128,0.2282759077064693
796,898,102,0.102,0.20994886553939432
750,875,125,0.125,0.23972992928232997
744,872,128,0.128,0.2098046712409705
760,880,120,0.12,0.21570139233674854
842,921,79,0.079,0.20330749073717744
802,901,99,0.099,0.20317591131222434
742,871,129,0.129,0.21893875392293558
778,889,111,0.111,0.21437565943272785
786,893,107,0.107,0.19566985750431196
718,859,141,0.141,0.23088497447688133
750,875,125,0.125,0.232033662638627
796,898,102,0.102,0.19973052127473057
864,932,68,0.068,0.1949015671755187
828,914,86,0.086,0.19118680542055516
776,888,112,0.112,0.20401609292440118
710,855,145,0.145,0.2178921093903482
736,868,132,0.132,0.2138304662038572
704,852,148,0.148,0.23219362721033393
732,866,134,0.134,0.24236010072287173
782,891,109,0.109,0.2155727783292532
750,875,125,0.125,0.22414702200423925
776,888,112,0.112,0.24041284564137458
716,858,142,0.142,0.21329345076624304
782,891,109,0.109,0.21979764974955468
766,883,117,0.117,0.2133122018354479
800,900,100,0.1,0.20376204339042306
696,848,152,0.152,0.2460349384844303
782,891,109,0.109,0.20707377573940902
742,871,129,0.129,0.20984879345074295
766,883,117,0.117,0.22194481262378393
764,882,118,0.118,0.21540494027920068
686,843,157,0.157,0.21139321595430374
822,911,89,0.089,0.2215438269735314
758,879,121,0.121,0.22646481610555202
756,878,122,0.122,0.20685780621692537
748,874,126,0.126,0.19748582006292417
706,853,147,0.147,0.2119289021275472
742,871,129,0.129,0.22228199776355176
780,890,110,0.11,0.22590084205241873
824,912,88,0.088,0.2150911073256284
748,874,126,0.126,0.227605247461237
766,883,117,0.117,0.23941609643679113
778,889,111,0.111,0.225591246785596
776,888,112,0.112,0.20345810099877418
762,881,119,0.119,0.24312782457424328
818,909,91,0.091,0.17850371554866434
734,867,133,0.133,0.21435557191004045
746,873,127,0.127,0.22780211199540645
802,901,99,0.099,0.19908448061998935
764,882,118,0.118,0.20059396672993898
772,886,114,0.114,0.19543063059449195
760,880,120,0.12,0.21749521485809237
736,868,132,0.132,0.23657161728944628
764,882,118,0.118,0.21929060199740344
748,874,126,0.126,0.205502120686695
830,915,85,0.085,0.20593414474313612
708,854,146,0.146,0.2519449942680076
764,882,118,0.118,0.19478537355456502
688,844,156,0.156,0.22567649694439024
750,875,125,0.125,0.20409737008064985
742,871,129,0.129,0.21215253812563606
712,856,144,0.144,0.22744323604740202
736,868,132,0.132,0.2252454768116586
738,869,131,0.131,0.18139492620062084
724,862,138,0.138,0.2081030603107065
780,890,110,0.11,0.2299565781308338
812,906,94,0.094,0.20563167298864574
742,871,129,0.129,0.22973868541046977
744,872,128,0.128,0.20776686798327137
698,849,151,0.151,0.24812888420652598
752,876,124,0.124,0.20904837752506136
752,876,124,0.124,0.24103479574806988
770,885,115,0.115,0.2042177817011252
790,895,105,0.105,0.21274834574759008
766,883,117,0.117,0.2054470849595964
830,915,85,0.085,0.20024376038461925
732,866,134,0.134,0.19676377720478921
772,886,114,0.114,0.22765535096731038
746,873,127,0.127,0.2609930765982717
718,859,141,0.141,0.22486625059647486
782,891,109,0.109,0.20548697411827743
798,899,101,0.101,0.19464818950369955
786,893,107,0.107,0.208994484949857
746,873,127,0.127,0.20245095569035038
750,875,125,0.125,0.21949074617307635
790,895,105,0.105,0.20570712781650946
706,853,147,0.147,0.23196381380595266
800,900,100,0.1,0.18948951812647283
702,851,149,0.149,0.22305626314738766
752,876,124,0.124,0.21215353449899704
756,878,122,0.122,0.20320988419465721
730,865,135,0.135,0.18984068677108734
752,876,124,0.124,0.20901783233787866
844,922,78,0.078,0.18005653248820455
716,858,142,0.142,0.22443100440502167
686,843,157,0.157,0.21436511503253133
756,878,122,0.122,0.20198902832716703
728,864,136,0.136,0.20987879187089856
754,877,123,0.123,0.2161408505057916
814,907,93,0.093,0.19493240391719155
832,916,84,0.084,0.18033928404422478
792,896,104,0.104,0.21669842746900395
760,880,120,0.12,0.18910266204737128
800,900,100,0.1,0.1896899641389027
772,886,114,0.114,0.20736462431866676
750,875,125,0.125,0.21737869193032383
776,888,112,0.112,0.1854804775044322
768,884,116,0.116,0.20979686108557508
784,892,108,0.108,0.2049670790694654
798,899,101,0.101,0.2019976707533933
766,883,117,0.117,0.18588066827098373
808,904,96,0.096,0.1729981398973614
774,887,113,0.113,0.19848584861680865
750,875,125,0.125,0.18449473404325545
654,827,173,0.173,0.24044239284005017
756,878,122,0.122,0.1964382909173146
740,870,130,0.13,0.21675680775940417
770,885,115,0.115,0.1895130965486169
764,882,118,0.118,0.2327752796858549
722,861,139,0.139,0.2054261583192274
734,867,133,0.133,0.20320570782292635
788,894,106,0.106,0.22138564296625554
798,899,101,0.101,0.18732180971931667
758,879,121,0.121,0.19558732645306737
710,855,145,0.145,0.21454691128060221
690,845,155,0.155,0.21138603810453788
756,878,122,0.122,0.18346838616114108
744,872,128,0.128,0.22615308944322168
778,889,111,0.111,0.19594735938496888
720,860,140,0.14,0.23847735702618958
756,878,122,0.122,0.19860329498839566
706,853,147,0.147,0.23155417605489492
756,878,122,0.122,0.19725956715550275
668,834,166,0.166,0.2272475509038195
722,861,139,0.139,0.22175740068173036
790,895,105,0.105,0.20317049832642078
770,885,115,0.115,0.21023725178092717
734,867,133,0.133,0.2313404634827748
756,878,122,0.122,0.21588638811837882
786,893,107,0.107,0.18011915542185306
654,827,173,0.173,0.23669430788001045
768,884,116,0.116,0.1987442502088379
848,924,76,0.076,0.18367184838699177
788,894,106,0.106,0.18967477850802242
746,873,127,0.127,0.20201432609651238
750,875,125,0.125,0.20120592160057277
750,875,125,0.125,0.22099715750524773
806,903,97,0.097,0.21691765998443588
762,881,119,0.119,0.20068866569455712
686,843,157,0.157,0.23935914169624448
692,846,154,0.154,0.23269351248908787
810,905,95,0.095,0.1691779314968735
732,866,134,0.134,0.18961446732468903
748,874,126,0.126,0.21121794434217736
724,862,138,0.138,0.20329462360497563
738,869,131,0.131,0.21943580270186067
788,894,106,0.106,0.18904338177805766
816,908,92,0.092,0.20030045655369758
752,876,124,0.124,0.19160807272605598
754,877,123,0.123,0.20644785236008464
752,876,124,0.124,0.21620702822040766
776,888,112,0.112,0.22100959520135074
760,880,120,0.12,0.20363970065210016
738,869,131,0.131,0.2135591634158045
716,858,142,0.142,0.2256061674915254
660,830,170,0.17,0.23588045833446086
730,865,135,0.135,0.19895063964370638
790,895,105,0.105,0.20554135967697948
738,869,131,0.131,0.21667395338485948
770,885,115,0.115,0.2266249412363395
734,867,133,0.133,0.19247469605412335
832,916,84,0.084,0.19921370352897794
738,869,131,0.131,0.2028064875267446
712,856,144,0.144,0.2341736675244756
784,892,108,0.108,0.1935371941002086
804,902,98,0.098,0.19188811497052666
784,892,108,0.108,0.20647184197884053
848,924,76,0.076,0.17280477268248798
754,877,123,0.123,0.19297444633301347
774,887,113,0.113,0.2147117520342581
768,884,116,0.116,0.20206811357755214
772,886,114,0.114,0.19859529002336784
828,914,86,0.086,0.17405303191486746
814,907,93,0.093,0.18842136731324718
754,877,123,0.123,0.19328591889888047
744,872,128,0.128,0.21410052453167736
832,916,84,0.084,0.18327302305400373
708,854,146,0.146,0.2194401788758114
778,889,111,0.111,0.21625841356674208
778,889,111,0.111,0.20156463116779924
738,869,131,0.131,0.22194540420081466
772,886,114,0.114,0.20073729267623275
704,852,148,0.148,0.2165946517828852
762,881,119,0.119,0.2133416639175266
732,866,134,0.134,0.22478813661355526
796,898,102,0.102,0.19014904655131978
768,884,116,0.116,0.18054148564534261
780,890,110,0.11,0.22588216712884604
738,869,131,0.131,0.20278880825731904
646,823,177,0.177,0.23626248729927465
758,879,121,0.121,0.2086555896778591
772,886,114,0.114,0.2025997689263895
750,875,125,0.125,0.20650697701238097
748,874,126,0.126,0.22392669225914869
778,889,111,0.111,0.19647733422229066
770,885,115,0.115,0.19145147843449375
740,870,130,0.13,0.20809046723996288
744,872,128,0.128,0.22047770335152744
744,872,128,0.128,0.20214519562851638
736,868,132,0.132,0.2094791393727064
694,847,153,0.153,0.2277674107560888
790,895,105,0.105,0.20975362027436495
798,899,101,0.101,0.19101951111853122
808,904,96,0.096,0.19406685418076813
772,886,114,0.114,0.20220135285984725
746,873,127,0.127,0.20843262731283904
792,896,104,0.104,0.20922475330904125
726,863,137,0.137,0.21055414564535022
780,890,110,0.11,0.18610757973510772
734,867,133,0.133,0.21739706837851555
804,902,98,0.098,0.1621743931248784
762,881,119,0.119,0.17040375742921607
790,895,105,0.105,0.1894129359414801
822,911,89,0.089,0.21292948323814198
772,886,114,0.114,0.16802536111557856
786,893,107,0.107,0.17851842732634396
778,889,111,0.111,0.2017251023040153
772,886,114,0.114,0.23174988577421754
770,885,115,0.115,0.2078786064502783
720,860,140,0.14,0.20503218520246447
784,892,108,0.108,0.17970167839340864
722,861,139,0.139,0.218140917357523
800,900,100,0.1,0.1795979798170738
750,875,125,0.125,0.1899154500728473
746,873,127,0.127,0.19690337219648063
762,881,119,0.119,0.18814627523254604
750,875,125,0.125,0.19505283229029738
782,891,109,0.109,0.19084889827721055
746,873,127,0.127,0.2150728337978944
718,859,141,0.141,0.20912318617850542
780,890,110,0.11,0.19525387695990504
740,870,130,0.13,0.18464910025894643
750,875,125,0.125,0.2044061036889907
816,908,92,0.092,0.19023805867973714
806,903,97,0.097,0.1710534401095938
772,886,114,0.114,0.20267172040604056
726,863,137,0.137,0.22017114157043396
736,868,132,0.132,0.22187744983052834
766,883,117,0.117,0.18602346899779512
726,863,137,0.137,0.22272251580422744
626,813,187,0.187,0.20975609471974893
782,891,109,0.109,0.1928692201934755
764,882,118,0.118,0.19727587101701646
752,876,124,0.124,0.18978590620029717
702,851,149,0.149,0.19777834518020973
774,887,113,0.113,0.1842674395281938
786,893,107,0.107,0.19474988501239568
748,874,126,0.126,0.1949657989902189
822,911,89,0.089,0.18346823765523732
804,902,98,0.098,0.19031329598557203
780,890,110,0.11,0.19843762327823788
752,876,124,0.124,0.19555600776802748
764,882,118,0.118,0.18591048974450677
732,866,134,0.134,0.20354929649690165
782,891,109,0.109,0.18044203371554612
760,880,120,0.12,0.18043031807988882
804,902,98,0.098,0.20303345286572586
704,852,148,0.148,0.23541410471592097
748,874,126,0.126,0.19790114965941757
724,862,138,0.138,0.22746543351677245
710,855,145,0.145,0.240274876243202
776,888,112,0.112,0.21140586914587767
756,878,122,0.122,0.2099352365657687
722,861,139,0.139,0.22363426705636083
750,875,125,0.125,0.20136161507409997
712,856,144,0.144,0.21390981152653693
800,900,100,0.1,0.20007256370596588
718,859,141,0.141,0.21790616407385097
746,873,127,0.127,0.20359966483712197
742,871,129,0.129,0.20558376728836447
710,855,145,0.145,0.20099494105461055
828,914,86,0.086,0.17445281434245408
792,896,104,0.104,0.19205134391598402
702,851,149,0.149,0.24813679941929878
736,868,132,0.132,0.21282896824507042
756,878,122,0.122,0.21531316201109438
686,843,157,0.157,0.22237044719047844
732,866,134,0.134,0.21884111348725854
794,897,103,0.103,0.20088390264101327
704,852,148,0.148,0.21880950974486768
720,860,140,0.14,0.22061664552241564
712,856,144,0.144,0.21263677332829684
792,896,104,0.104,0.1716032488020137
730,865,135,0.135,0.2159718859883724
758,879,121,0.121,0.18542855186457746
768,884,116,0.116,0.1984435416740598
736,868,132,0.132,0.2049091533557512
692,846,154,0.154,0.22690786849241704
720,860,140,0.14,0.1907694748416543
738,869,131,0.131,0.20999787188344635
744,872,128,0.128,0.2139102664538659
730,865,135,0.135,0.20431317334109916
744,872,128,0.128,0.19602842137170956
734,867,133,0.133,0.20248711937945335
718,859,141,0.141,0.20304096985785144
782,891,109,0.109,0.1966680695071118
676,838,162,0.162,0.21961877890583129
748,874,126,0.126,0.2038365155304782
674,837,163,0.163,0.2413838736899197
786,893,107,0.107,0.1856705530267209
778,889,111,0.111,0.20742555896565318
706,853,147,0.147,0.21535623343940824
736,868,132,0.132,0.20352701096003875
776,888,112,0.112,0.1827154630208388
720,860,140,0.14,0.19293613315443509
786,893,107,0.107,0.19736391818430274
758,879,121,0.121,0.1970669186352752
738,869,131,0.131,0.22463229546509683
798,899,101,0.101,0.2059989976189099
786,893,107,0.107,0.1807649546256289
728,864,136,0.136,0.22591347156185657
730,865,135,0.135,0.21611239870090504
748,874,126,0.126,0.21486068126512692
748,874,126,0.126,0.22621768855676055
782,891,109,0.109,0.22339245804585517
788,894,106,0.106,0.20320641358941793
764,882,118,0.118,0.20763102380931378
824,912,88,0.088,0.1947094662170857
774,887,113,0.113,0.21753313591796905
730,865,135,0.135,0.23549512941204012
782,891,109,0.109,0.198049281839747
740,870,130,0.13,0.19987020033225417
770,885,115,0.115,0.19097024421673267
730,865,135,0.135,0.20445965081313625
756,878,122,0.122,0.19838158510345966
778,889,111,0.111,0.1839547045249492
772,886,114,0.114,0.19591384500195272
662,831,169,0.169,0.21737379879038782
756,878,122,0.122,0.18998793711327017
720,860,140,0.14,0.22572650851123036
772,886,114,0.114,0.18687403647508471
746,873,127,0.127,0.21874094176013023
820,910,90,0.09,0.17270040248706936
764,882,118,0.118,0.2043522556256503
712,856,144,0.144,0.2226130136605352
778,889,111,0.111,0.20306845201924442
740,870,130,0.13,0.21042831638408824
758,879,121,0.121,0.20026340615190566
734,867,133,0.133,0.22224643791466953
726,863,137,0.137,0.22513837340846657
804,902,98,0.098,0.18648767909547315
764,882,118,0.118,0.22043490914627908
752,876,124,0.124,0.21675994139257818
724,862,138,0.138,0.18175673351623117
732,866,134,0.134,0.19807989814318716
752,876,124,0.124,0.20930840773973614
750,875,125,0.125,0.20372386485850438
754,877,123,0.123,0.2075060126055032
726,863,137,0.137,0.22313438622374088
840,920,80,0.08,0.18574964976590128
776,888,112,0.112,0.1888281650226563
708,854,146,0.146,0.1972071521980688
786,893,107,0.107,0.1857959739472717
780,890,110,0.11,0.1951135484490078
722,861,139,0.139,0.2138061241051182
776,888,112,0.112,0.1970549238305539
810,905,95,0.095,0.1803837902182713
700,850,150,0.15,0.2151369375246577
764,882,118,0.118,0.1805560675850138
806,903,97,0.097,0.190541126369033
790,895,105,0.105,0.2146258181910962
764,882,118,0.118,0.21601109019760042
830,915,85,0.085,0.17804248105542503
816,908,92,0.092,0.20682656969083474
736,868,132,0.132,0.20692698535881937
726,863,137,0.137,0.20655575350951402
686,843,157,0.157,0.20492717895191162
748,874,126,0.126,0.19138101490493864
792,896,104,0.104,0.2035058463974856
752,876,124,0.124,0.21883565095346422
790,895,105,0.105,0.21169209336210043
714,857,143,0.143,0.21312119359872303
774,887,113,0.113,0.21213426524959506
782,891,109,0.109,0.1844902622513473
798,899,101,0.101,0.20860783373657615
820,910,90,0.09,0.17592196533363313
766,883,117,0.117,0.18467268371768294
724,862,138,0.138,0.20566043226839975
744,872,128,0.128,0.20320230822358282
754,877,123,0.123,0.21990708541404455
726,863,137,0.137,0.20599797159573063
802,901,99,0.099,0.18630258113658055
832,916,84,0.084,0.18511995951645077
848,924,76,0.076,0.1992067540222779
708,854,146,0.146,0.18811522428598254
768,884,116,0.116,0.21382537657488138
796,898,102,0.102,0.20752098298212512
810,905,95,0.095,0.20741501971520485
800,900,100,0.1,0.19917034180043267
810,905,95,0.095,0.1778669996941462
754,877,123,0.123,0.178532812602818
724,862,138,0.138,0.19527936105011032
760,880,120,0.12,0.21722594355046748
682,841,159,0.159,0.2247350861383602
736,868,132,0.132,0.2085726495347917
686,843,157,0.157,0.20989845035178586
756,878,122,0.122,0.1979201720273122
738,869,131,0.131,0.16753422699682413
792,896,104,0.104,0.1964285837044008
734,867,133,0.133,0.2240904154861346
826,913,87,0.087,0.1760223246164387
792,896,104,0.104,0.17710441314149647
792,896,104,0.104,0.1907332102144137
756,878,122,0.122,0.20627829383639618
716,858,142,0.142,0.17521282674465327
772,886,114,0.114,0.20062498963065445
708,854,146,0.146,0.1888351080613211
760,880,120,0.12,0.203691687037237
776,888,112,0.112,0.1929819568376988
798,899,101,0.101,0.1933986876779236
792,896,104,0.104,0.19285651363339276
728,864,136,0.136,0.20584375623520465
818,909,91,0.091,0.177079394669272
760,880,120,0.12,0.20467798245977611
798,899,101,0.101,0.17944388501206412
708,854,146,0.146,0.22588161298830528
746,873,127,0.127,0.19829104745667428
754,877,123,0.123,0.20498495583422482
736,868,132,0.132,0.21831385017838328
714,857,143,0.143,0.20640268029365688
728,864,136,0.136,0.21046640042215586
770,885,115,0.115,0.2215643141856417
786,893,107,0.107,0.20950517519935966
736,868,132,0.132,0.2082986483259592
716,858,142,0.142,0.20486974260490387
728,864,136,0.136,0.2201149257835932
750,875,125,0.125,0.18474257477000355
742,871,129,0.129,0.2122010658690706
768,884,116,0.116,0.20101778681296856
784,892,108,0.108,0.20877689150720835
742,871,129,0.129,0.19458465146552772
762,881,119,0.119,0.1953706336261239
760,880,120,0.12,0.19531621038960292
752,876,124,0.124,0.20914195430418475
750,875,125,0.125,0.19213721184711904
706,853,147,0.147,0.2355953769851476
776,888,112,0.112,0.20514550532680004
810,905,95,0.095,0.1812597531285137
746,873,127,0.127,0.19623676985572092
664,832,168,0.168,0.2259270585970953
752,876,124,0.124,0.19116144512523897
786,893,107,0.107,0.1982363122138195
716,858,142,0.142,0.20722621819097548
740,870,130,0.13,0.19681851536314934
718,859,141,0.141,0.23216992972418665
698,849,151,0.151,0.21079747743997723
716,858,142,0.142,0.19057346474006773
750,875,125,0.125,0.21085039182985202
786,893,107,0.107,0.20075605882052333
750,875,125,0.125,0.22535833249241113
704,852,148,0.148,0.21964673468656837
748,874,126,0.126,0.2068821571362205
780,890,110,0.11,0.19069821685459465
740,870,130,0.13,0.21811936366884038
740,870,130,0.13,0.21304198733251542
782,891,109,0.109,0.21000627983920275
696,848,152,0.152,0.2227804328640923
792,896,104,0.104,0.1817636262937449
776,888,112,0.112,0.20244715612335132
768,884,116,0.116,0.22785212761629373
776,888,112,0.112,0.19305365793127566
828,914,86,0.086,0.18309380503185094
736,868,132,0.132,0.22610171580594032
766,883,117,0.117,0.18274893024004996
802,901,99,0.099,0.19962103163450956
752,876,124,0.124,0.215866161451675
768,884,116,0.116,0.20298816114105284
752,876,124,0.124,0.1839920534036355
732,866,134,0.134,0.2218275536634028
762,881,119,0.119,0.20278927149809897
790,895,105,0.105,0.17835590620571748
748,874,126,0.126,0.1836005874038674
760,880,120,0.12,0.20794227451318875
722,861,139,0.139,0.1993961132969707
778,889,111,0.111,0.19798829988762737
676,838,162,0.162,0.20698994129756465
740,870,130,0.13,0.1951756204436533
738,869,131,0.131,0.20414752030791714
732,866,134,0.134,0.18518666410446166
750,875,125,0.125,0.19960668088681996
780,890,110,0.11,0.18816151962988079
770,885,115,0.115,0.19220858200546354
704,852,148,0.148,0.21291581257851794
806,903,97,0.097,0.17414956041704863
752,876,124,0.124,0.21843940484942867
744,872,128,0.128,0.22712298595812172
718,859,141,0.141,0.20669162083603443
784,892,108,0.108,0.1960766480853781
796,898,102,0.102,0.19130461169127375
706,853,147,0.147,0.203619046947686
816,908,92,0.092,0.1858799963230267
756,878,122,0.122,0.21348451942391694
766,883,117,0.117,0.20870324874296783
780,890,110,0.11,0.17892829659231937
692,846,154,0.154,0.19060329310782254
730,865,135,0.135,0.21064027331909166
722,861,139,0.139,0.21151368836534676
758,879,121,0.121,0.182853084302973
782,891,109,0.109,0.2009554048879072
730,865,135,0.135,0.1978676375085488
802,901,99,0.099,0.1633080060603097
820,910,90,0.09,0.17255665542557835
846,923,77,0.077,0.15571887136879378
748,874,126,0.126,0.20156517190299927
722,861,139,0.139,0.21129887777520343
746,873,127,0.127,0.20475215994287282
770,885,115,0.115,0.17688771954271942
754,877,123,0.123,0.20070703364443035
742,871,129,0.129,0.19344974264223128
766,883,117,0.117,0.18766357843391598
736,868,132,0.132,0.20551076413225383
756,878,122,0.122,0.18352354838047177
828,914,86,0.086,0.19236830240488054
762,881,119,0.119,0.2051322213965468
744,872,128,0.128,0.1924250815678388
732,866,134,0.134,0.201712068377994
822,911,89,0.089,0.169899843336083
744,872,128,0.128,0.20166694290004672
688,844,156,0.156,0.18242462733760476
728,864,136,0.136,0.1791934559000656
726,863,137,0.137,0.20449242799240164
768,884,116,0.116,0.19091033070068805
736,868,132,0.132,0.19581237031705678
790,895,105,0.105,0.18687617746647447
696,848,152,0.152,0.21671099821291864
694,847,153,0.153,0.22208395342715084
776,888,112,0.112,0.19264284961577505
736,868,132,0.132,0.2000679995373357
764,882,118,0.118,0.18539064586581663
738,869,131,0.131,0.2060113969221711
716,858,142,0.142,0.21273051967052742
738,869,131,0.131,0.21352977680880578
720,860,140,0.14,0.20485766267986036
758,879,121,0.121,0.19799733800254762
762,881,119,0.119,0.18522956543741748
754,877,123,0.123,0.1964776197290048
786,893,107,0.107,0.21331971579790115
770,885,115,0.115,0.1958346842536703
732,866,134,0.134,0.22199909612396732
762,881,119,0.119,0.17771777647337877
710,855,145,0.145,0.21966821648273618
762,881,119,0.119,0.20990575234685094
762,881,119,0.119,0.21102261152677237
786,893,107,0.107,0.20637457650806754
734,867,133,0.133,0.22464772241190076
730,865,135,0.135,0.20082472392334602
756,878,122,0.122,0.22884936454892157
764,882,118,0.118,0.18955463873595
770,885,115,0.115,0.1949507125830278
746,873,127,0.127,0.18945697194058447
778,889,111,0.111,0.1789655066453852
816,908,92,0.092,0.1751952705401927
704,852,148,0.148,0.21348637454630806
762,881,119,0.119,0.1812403932248708
744,872,128,0.128,0.21005923139955848
770,885,115,0.115,0.18402334757242353
812,906,94,0.094,0.17208525251271203
752,876,124,0.124,0.20036464608972893
794,897,103,0.103,0.1655058885216713
724,862,138,0.138,0.1881543753519654
766,883,117,0.117,0.17846071650460363
794,897,103,0.103,0.16991039207030553
774,887,113,0.113,0.19825987485423685
734,867,133,0.133,0.1868505940940231
730,865,135,0.135,0.1861302748187445
718,859,141,0.141,0.2054161758692935
756,878,122,0.122,0.17878124528098852
772,886,114,0.114,0.17683898063842207
764,882,118,0.118,0.18115466928994284
760,880,120,0.12,0.1851863157041371
710,855,145,0.145,0.18778911965852604
724,862,138,0.138,0.21303848912240939
778,889,111,0.111,0.18038952735043132
740,870,130,0.13,0.1981100768712349
770,885,115,0.115,0.17843867849372327
772,886,114,0.114,0.19202034096652643
780,890,110,0.11,0.19521153443027287
782,891,109,0.109,0.19592225248506293
734,867,133,0.133,0.20570669131726027
738,869,131,0.131,0.19343275175988675
772,886,114,0.114,0.18599297193437814
718,859,141,0.141,0.1852377161826007
772,886,114,0.114,0.1834592548860237
722,861,139,0.139,0.18472511727316304
788,894,106,0.106,0.16630198124353773
746,873,127,0.127,0.20263899496896193
760,880,120,0.12,0.17686793188098818
756,878,122,0.122,0.20511518682865426
780,890,110,0.11,0.19402756996406242
726,863,137,0.137,0.17959873763564974
672,836,164,0.164,0.21483229380194097
712,856,144,0.144,0.18266677685955074
716,858,142,0.142,0.20139854550966993
744,872,128,0.128,0.19000260234717278
802,901,99,0.099,0.17217134381923824
708,854,146,0.146,0.20964948898321017
806,903,97,0.097,0.18571816686075182
760,880,120,0.12,0.19323399116285145
732,866,134,0.134,0.1737455927580595
806,903,97,0.097,0.16486900514969602
760,880,120,0.12,0.18053406476415693
808,904,96,0.096,0.15938937420258298
794,897,103,0.103,0.18995080802869052
772,886,114,0.114,0.1816340691447258
744,872,128,0.128,0.17059362427797167
808,904,96,0.096,0.15932835375797003
708,854,146,0.146,0.1943490509041585
744,872,128,0.128,0.18377683076262474
758,879,121,0.121,0.18845823484659194
768,884,116,0.116,0.18925376699469051
762,881,119,0.119,0.19335510660987348
694,847,153,0.153,0.2018061991422437
786,893,107,0.107,0.18199780472530983
772,886,114,0.114,0.2151158402793808
748,874,126,0.126,0.1999879487780854
780,890,110,0.11,0.17110709443083033
726,863,137,0.137,0.1940094128861092
814,907,93,0.093,0.17916930336877704
734,867,133,0.133,0.17526296425471083
708,854,146,0.146,0.18489123261906207
752,876,124,0.124,0.17972233840334229
726,863,137,0.137,0.20936190977680963
732,866,134,0.134,0.1902758410796523
782,891,109,0.109,0.21108863771287725
758,879,121,0.121,0.16772498026723043
758,879,121,0.121,0.16754160511912777
788,894,106,0.106,0.14814022637461313
730,865,135,0.135,0.18530278896261007
814,907,93,0.093,0.17722211700398474
780,890,110,0.11,0.17179420364648104
740,870,130,0.13,0.18629181890189647
798,899,101,0.101,0.1758660843851976
746,873,127,0.127,0.19619221792090685
774,887,113,0.113,0.1798739012586884
792,896,104,0.104,0.18177727696113288
712,856,144,0.144,0.20762451549712568
748,874,126,0.126,0.21106333446502684
732,866,134,0.134,0.18277874399721622
760,880,120,0.12,0.18785924704093487
764,882,118,0.118,0.1693981270380318
692,846,154,0.154,0.19575549095217137
762,881,119,0.119,0.21426358522241934
806,903,97,0.097,0.16873033066248172
720,860,140,0.14,0.18985239219665528
744,872,128,0.128,0.19477651742333546
782,891,109,0.109,0.17684470220841467
782,891,109,0.109,0.17665941017586737
810,905,95,0.095,0.17036707222275435
740,870,130,0.13,0.19017389030708
734,867,133,0.133,0.19066313512250782
782,891,109,0.109,0.16981416357075796
776,888,112,0.112,0.17845015773526393
712,856,144,0.144,0.18884730973374098
752,876,124,0.124,0.1909400615990162
762,881,119,0.119,0.18358151764050126
776,888,112,0.112,0.1952890155191999
718,859,141,0.141,0.18401647101528942
702,851,149,0.149,0.1909153413772583
732,866,134,0.134,0.19272873264737428
756,878,122,0.122,0.19647779731266202
756,878,122,0.122,0.17999624188197777
768,884,116,0.116,0.18434665932459757
768,884,116,0.116,0.18067002324853093
710,855,145,0.145,0.20674567108228803
788,894,106,0.106,0.16054347371845507
772,886,114,0.114,0.169687510878779
746,873,127,0.127,0.1915255398643203
764,882,118,0.118,0.15774646792002023
744,872,128,0.128,0.19404444953706115
770,885,115,0.115,0.17735317104356363
816,908,92,0.092,0.15783539102552457
764,882,118,0.118,0.18434019594546408
766,883,117,0.117,0.1529290235338267
740,870,130,0.13,0.19854737252579072
762,881,119,0.119,0.1570429777689278
816,908,92,0.092,0.17527088089217432
790,895,105,0.105,0.18491402390785516
768,884,116,0.116,0.17093732392508537
758,879,121,0.121,0.17341045858431609
752,876,124,0.124,0.1791210671076551
796,898,102,0.102,0.16614688064903022
762,881,119,0.119,0.19243743500392885
736,868,132,0.132,0.19722572481213138
740,870,130,0.13,0.18210284207295627
724,862,138,0.138,0.18599954727292062
808,904,96,0.096,0.21475792403286323
734,867,133,0.133,0.19029131820006295
806,903,97,0.097,0.18186623935122043
738,869,131,0.131,0.20021041732793673
728,864,136,0.136,0.19140382935106753
754,877,123,0.123,0.16484044961165636
766,883,117,0.117,0.17904863694310189
702,851,149,0.149,0.19267261312622577
674,837,163,0.163,0.19297647924441844
780,890,110,0.11,0.16671084807277656
794,897,103,0.103,0.166170406521298
750,875,125,0.125,0.173945126933977
774,887,113,0.113,0.16643096377747132
792,896,104,0.104,0.1724577034935355
738,869,131,0.131,0.17709060485381634
808,904,96,0.096,0.18157657641614788
776,888,112,0.112,0.17857155417185278
726,863,137,0.137,0.16547495804401113
786,893,107,0.107,0.15764475517405663
758,879,121,0.121,0.17357542511448265
722,861,139,0.139,0.19130150859290734
682,841,159,0.159,0.20313235043082387
752,876,124,0.124,0.17118913454841822
756,878,122,0.122,0.17907145772874355
772,886,114,0.114,0.1687135296817869
800,900,100,0.1,0.18733484511543066
752,876,124,0.124,0.1794960850905627
794,897,103,0.103,0.1625814509424381
790,895,105,0.105,0.18137932397663825
732,866,134,0.134,0.18316444523166864
774,887,113,0.113,0.21251939122704788
702,851,149,0.149,0.17961699397861958
782,891,109,0.109,0.17341328728105873
818,909,91,0.091,0.18427615746390075
792,896,104,0.104,0.1609717280800687
714,857,143,0.143,0.1933537256270647
758,879,121,0.121,0.19382967399666085
746,873,127,0.127,0.17402560129296035
684,842,158,0.158,0.21276860541803763
754,877,123,0.123,0.20448877304745838
700,850,150,0.15,0.19195087695587426
726,863,137,0.137,0.16930375288706273
806,903,97,0.097,0.15544144654553382
748,874,126,0.126,0.19836901542823762
698,849,151,0.151,0.18335014016646892
774,887,113,0.113,0.1458603310007602
710,855,145,0.145,0.18870710511179642
810,905,95,0.095,0.176092737573199
788,894,106,0.106,0.19664737904397772
732,866,134,0.134,0.1885559438308701
720,860,140,0.14,0.19184532973961904
708,854,146,0.146,0.16835206397995353
706,853,147,0.147,0.18799600025825203
674,837,163,0.163,0.19300487945228814
788,894,106,0.106,0.1656075329114683
722,861,139,0.139,0.15967606706684456
768,884,116,0.116,0.1775363271003589
714,857,143,0.143,0.18464069781498985
772,886,114,0.114,0.17309126745257528
814,907,93,0.093,0.17508423295011744
804,902,98,0.098,0.17645355419907718
784,892,108,0.108,0.17744503323640676
768,884,116,0.116,0.17717721246741713
782,891,109,0.109,0.17605942844226957
680,840,160,0.16,0.18182302496861666
756,878,122,0.122,0.18167800355888902
820,910,90,0.09,0.1532373081878759
698,849,151,0.151,0.19871390639338643
778,889,111,0.111,0.1989350320957601
766,883,117,0.117,0.18157933769375087
770,885,115,0.115,0.16585325048258528
716,858,142,0.142,0.18136872202623636
726,863,137,0.137,0.18418239509966225
684,842,158,0.158,0.20680897776782511
730,865,135,0.135,0.1861507718153298
760,880,120,0.12,0.17879903800506144
752,876,124,0.124,0.18997049982100725
734,867,133,0.133,0.1964044471979141
748,874,126,0.126,0.18110411869268864
786,893,107,0.107,0.17255471858941018
762,881,119,0.119,0.1961729899328202
836,918,82,0.082,0.15953168181236832
796,898,102,0.102,0.17710976457758806
748,874,126,0.126,0.18305125902686267
702,851,149,0.149,0.19915934546641073
776,888,112,0.112,0.17075867178244516
770,885,115,0.115,0.15721522590192036
766,883,117,0.117,0.15521961997356265
784,892,108,0.108,0.16296537673519923
770,885,115,0.115,0.17918091567326336
682,841,159,0.159,0.1838768336959183
726,863,137,0.137,0.16997458325792103
724,862,138,0.138,0.18751430855924264
812,906,94,0.094,0.14441194042912683
752,876,124,0.124,0.17293870433419942
774,887,113,0.113,0.16752755756443366
754,877,123,0.123,0.1873723221095279
726,863,137,0.137,0.19347809364181012
744,872,128,0.128,0.1670378461740911
792,896,104,0.104,0.1652810459509492
802,901,99,0.099,0.1852669379338622
742,871,129,0.129,0.19715422437246888
774,887,113,0.113,0.1606076769712381
836,918,82,0.082,0.1319355147757451
780,890,110,0.11,0.1960928432852961
760,880,120,0.12,0.17145592111721636
778,889,111,0.111,0.1683436401360668
760,880,120,0.12,0.16714744544541463
716,858,142,0.142,0.1957044269805774
778,889,111,0.111,0.1708422941272147
826,913,87,0.087,0.1636697747875005
764,882,118,0.118,0.1824865074036643
794,897,103,0.103,0.16647580323182046
752,876,124,0.124,0.1789042879259214
818,909,91,0.091,0.15183734454028308
800,900,100,0.1,0.16952585627743974
770,885,115,0.115,0.15932959597208537
766,883,117,0.117,0.1502953670602292
706,853,147,0.147,0.181831278009573
758,879,121,0.121,0.14453719498356804
752,876,124,0.124,0.16384645597403868
732,866,134,0.134,0.18245398572762497
762,881,119,0.119,0.166648236786481
764,882,118,0.118,0.16590301506593824
766,883,117,0.117,0.1697342928345315
794,897,103,0.103,0.1692419370552525
712,856,144,0.144,0.19414540166500957
716,858,142,0.142,0.17572550917696209
772,886,114,0.114,0.1661217904528603
746,873,127,0.127,0.1858562369919382
760,880,120,0.12,0.17713166907289996
750,875,125,0.125,0.16325123367458583
748,874,126,0.126,0.18617804312147201
790,895,105,0.105,0.15365426940098406
760,880,120,0.12,0.1748260794794187
770,885,115,0.115,0.19086843344755472
750,875,125,0.125,0.17353125654393808
810,905,95,0.095,0.1635821904274635
846,923,77,0.077,0.16303804191784002
778,889,111,0.111,0.18067311678407713
774,887,113,0.113,0.18887450378434734
776,888,112,0.112,0.18113902935874648
782,891,109,0.109,0.15955501031677705
776,888,112,0.112,0.170581061209552
728,864,136,0.136,0.18632235834933816
840,920,80,0.08,0.15816718563716858
686,843,157,0.157,0.18913778850715607
796,898,102,0.102,0.15277700649108739
770,885,115,0.115,0.16780149762285873
772,886,114,0.114,0.18370818775193765
812,906,94,0.094,0.1750447293445468
782,891,109,0.109,0.15738504771329462
770,885,115,0.115,0.15452742940117606
664,832,168,0.168,0.18274582859966904
710,855,145,0.145,0.17310873109009117
776,888,112,0.112,0.16281111256149597
874,937,63,0.063,0.13460601456742732
738,869,131,0.131,0.15790143511549104
710,855,145,0.145,0.17672421607468278
760,880,120,0.12,0.16947904965281488
732,866,134,0.134,0.16694860804546624
692,846,154,0.154,0.1973903927905485
766,883,117,0.117,0.17718672136776148
768,884,116,0.116,0.16223759619658812
720,860,140,0.14,0.20150504795461893
750,875,125,0.125,0.18358686286956072
710,855,145,0.145,0.17925822532735766
772,886,114,0.114,0.1874474782506004
806,903,97,0.097,0.14904058952094057
762,881,119,0.119,0.18265308646205813
750,875,125,0.125,0.1695019492774736
818,909,91,0.091,0.19062036456586792
704,852,148,0.148,0.1711376244208077
822,911,89,0.089,0.16781325892964377
778,889,111,0.111,0.1592161725219339
796,898,102,0.102,0.14221657455014064
728,864,136,0.136,0.18315594706172122
760,880,120,0.12,0.15817976371804252
710,855,145,0.145,0.18639918487891555
716,858,142,0.142,0.1593394264568342
814,907,93,0.093,0.14532707862812094
794,897,103,0.103,0.17164682721858845
788,894,106,0.106,0.1589722711914219
772,886,114,0.114,0.14863322378695012
806,903,97,0.097,0.15561114210356028
774,887,113,0.113,0.15859129459504037
762,881,119,0.119,0.1582350315945223
752,876,124,0.124,0.1591574786012061
828,914,86,0.086,0.1489279098501429
744,872,128,0.128,0.16832178610283882
752,876,124,0.124,0.17050426595658064
692,846,154,0.154,0.1865153132500127
800,900,100,0.1,0.16758353246282787
738,869,131,0.131,0.17957472558971493
764,882,118,0.118,0.17432966999383642
788,894,106,0.106,0.14241858251485973
772,886,114,0.114,0.1771221166786272
750,875,125,0.125,0.18450910688750446
790,895,105,0.105,0.17186330043151973
784,892,108,0.108,0.17021287416573613
738,869,131,0.131,0.18319495027745142
748,874,126,0.126,0.17628623035317287
752,876,124,0.124,0.1765147667916026
692,846,154,0.154,0.18831271593924612
758,879,121,0.121,0.18016811035433783
786,893,107,0.107,0.15033039375022053
706,853,147,0.147,0.18148039412405342
742,871,129,0.129,0.18149521068809554
774,887,113,0.113,0.17761992441373878
714,857,143,0.143,0.16758028565812855
712,856,144,0.144,0.17156718432204798
750,875,125,0.125,0.18991329330671577
722,861,139,0.139,0.17257403783663175
766,883,117,0.117,0.17564068733551538
746,873,127,0.127,0.16874376403260977
738,869,131,0.131,0.16830294759757816
740,870,130,0.13,0.15927869476936757
768,884,116,0.116,0.16250055007636546
818,909,91,0.091,0.16881958541553468
770,885,115,0.115,0.159828721024096
720,860,140,0.14,0.16039608387555926
740,870,130,0.13,0.1834323580614291
736,868,132,0.132,0.16571575251128526
802,901,99,0.099,0.1752520499287639
808,904,96,0.096,0.16609302303404547
858,929,71,0.071,0.15575044314051048
710,855,145,0.145,0.20391090881900165
754,877,123,0.123,0.17163157143816352
782,891,109,0.109,0.17937905217311345
738,869,131,0.131,0.17035720641165972
802,901,99,0.099,0.15815711090841797
788,894,106,0.106,0.14260190105298534
732,866,134,0.134,0.15953136993572115
752,876,124,0.124,0.16611836733389646
668,834,166,0.166,0.20489099548291415
760,880,120,0.12,0.15306552175525576
802,901,99,0.099,0.17291246963990853
692,846,154,0.154,0.17103892105724663
752,876,124,0.124,0.17295063181966544
776,888,112,0.112,0.18142444630526006
750,875,125,0.125,0.15223503823485227
776,888,112,0.112,0.18577505278447642
788,894,106,0.106,0.15110642741853372
810,905,95,0.095,0.1545696253441274
724,862,138,0.138,0.1729438162955921
750,875,125,0.125,0.18421570397447795
764,882,118,0.118,0.16652465213928372
748,874,126,0.126,0.15525334121612833
744,872,128,0.128,0.17060503554996104
768,884,116,0.116,0.1495732218674384
806,903,97,0.097,0.1610349682434462
782,891,109,0.109,0.1517312050918117
820,910,90,0.09,0.1570065613479819
794,897,103,0.103,0.1555154651463963
752,876,124,0.124,0.18716408841917292
772,886,114,0.114,0.15666214327281341
746,873,127,0.127,0.1591478360965848
736,868,132,0.132,0.17112406560429372
758,879,121,0.121,0.16024290094943716
788,894,106,0.106,0.14994310564966873
774,887,113,0.113,0.1488547508260235
724,862,138,0.138,0.16309581579337828
714,857,143,0.143,0.1985936174892122
746,873,127,0.127,0.15174189733108506
746,873,127,0.127,0.17105206455470762
746,873,127,0.127,0.1693763901805505
754,877,123,0.123,0.1746783394953236
818,909,91,0.091,0.16274451028602197
760,880,120,0.12,0.18599612466280815
780,890,110,0.11,0.1765974858000409
740,870,130,0.13,0.14967910690273856
758,879,121,0.121,0.15650061183329672
764,882,118,0.118,0.1558740488856565
748,874,126,0.126,0.1564230387774296
708,854,146,0.146,0.19112614430906252
748,874,126,0.126,0.14585467746935318
760,880,120,0.12,0.16785590754635632
710,855,145,0.145,0.16301542066968977
786,893,107,0.107,0.1573652452689712
772,886,114,0.114,0.1445675949892029
742,871,129,0.129,0.1771380352715496
666,833,167,0.167,0.17762333784624934
762,881,119,0.119,0.14425897059496492
792,896,104,0.104,0.1487123921904713
778,889,111,0.111,0.18352857558010147
856,928,72,0.072,0.14150746538536624
724,862,138,0.138,0.1915099755669944
784,892,108,0.108,0.12340343934763223
670,835,165,0.165,0.18479549597622827
776,888,112,0.112,0.17853609560150654
774,887,113,0.113,0.17102244800282643
768,884,116,0.116,0.16890666138706728
692,846,154,0.154,0.16584095607674681
778,889,111,0.111,0.17432069577532822
732,866,134,0.134,0.17240871058707125
788,894,106,0.106,0.16047222404042258
752,876,124,0.124,0.15633310995600186
686,843,157,0.157,0.18364009449793958
798,899,101,0.101,0.15200589710613713
748,874,126,0.126,0.15431976593029686
794,897,103,0.103,0.15099980686994968
728,864,136,0.136,0.17538905247440562
718,859,141,0.141,0.18197343761846424
762,881,119,0.119,0.16916461451305076
754,877,123,0.123,0.16114825469860808
758,879,121,0.121,0.17849610380176456
768,884,116,0.116,0.15175855614151806
724,862,138,0.138,0.14021243405155837
756,878,122,0.122,0.14721356204664335
782,891,109,0.109,0.14510707037243992
808,904,96,0.096,0.14453539555706083
728,864,136,0.136,0.1505374711410841
748,874,126,0.126,0.16198179705208168
770,885,115,0.115,0.15879685840802268
758,879,121,0.121,0.15903254831163213
708,854,146,0.146,0.16188579643238335
758,879,121,0.121,0.1964736337326467
790,895,105,0.105,0.14720296936074737
770,885,115,0.115,0.14897749647125602
748,874,126,0.126,0.15926041635265573
782,891,109,0.109,0.16171950498409568
748,874,126,0.126,0.16633664767676964
784,892,108,0.108,0.18055462943250314
766,883,117,0.117,0.16006642047315836
728,864,136,0.136,0.17209407537151128
700,850,150,0.15,0.17764512601168828
732,866,134,0.134,0.16545512228365988
786,893,107,0.107,0.15637994731590152
728,864,136,0.136,0.15048616645066068
748,874,126,0.126,0.1605963498420897
824,912,88,0.088,0.15622994207311422
814,907,93,0.093,0.16179156753234566
746,873,127,0.127,0.15869432828004937
724,862,138,0.138,0.18204455208126455
774,887,113,0.113,0.18087203109031544
752,876,124,0.124,0.16552319711912422
740,870,130,0.13,0.16422979015973396
760,880,120,0.12,0.18649286552332342
742,871,129,0.129,0.15998632871592416
